0 	0.3003405 	0 	0 	0.091159261
0.00024292793 	0.3003336 	-7.5914978e-14 	1.8219595e-13 	0.091164548
0.00048585586 	0.3003267 	-1.5182996e-13 	3.6439189e-13 	0.091169834
0.00072878378 	0.3003198 	-2.2774493e-13 	5.4658784e-13 	0.091175121
0.00097171171 	0.3003129 	-3.0365991e-13 	7.2878378e-13 	0.091180407
0.0012146396 	0.300306 	-3.7957489e-13 	9.1097973e-13 	0.091185694
0.0014575676 	0.3002991 	-4.5548987e-13 	1.0931757e-12 	0.09119098
0.0017004955 	0.3002922 	-5.3140484e-13 	1.2753716e-12 	0.091196267
0.0019434234 	0.3002853 	-6.0731982e-13 	1.4575676e-12 	0.091201553
0.0021863514 	0.30027308 	-7.1817568e-13 	1.3252956e-12 	0.091236466
0.0024292793 	0.30025925 	-8.3963964e-13 	1.0975507e-12 	0.091280373
0.0026722072 	0.30024541 	-9.611036e-13 	8.6980574e-13 	0.09132428
0.0029151351 	0.30023158 	-1.0825676e-12 	6.4206081e-13 	0.091368188
0.0031580631 	0.30021774 	-1.2040315e-12 	4.1431588e-13 	0.091412095
0.003400991 	0.30020391 	-1.3254955e-12 	1.8657095e-13 	0.091456002
0.0036439189 	0.30019007 	-1.4469595e-12 	-4.1173987e-14 	0.091499909
0.0038868468 	0.30017623 	-1.5684234e-12 	-2.6891892e-13 	0.091543817
0.0041297748 	0.3001635 	-1.6168891e-12 	-5.2099662e-13 	0.091581983
0.0043727027 	0.30015171 	-1.6017061e-12 	-7.9429054e-13 	0.091615143
0.0046156306 	0.30013993 	-1.5865231e-12 	-1.0675845e-12 	0.091648304
0.0048585586 	0.30012815 	-1.5713401e-12 	-1.3408784e-12 	0.091681464
0.0051014865 	0.30011636 	-1.5561571e-12 	-1.6141723e-12 	0.091714625
0.0053444144 	0.30010458 	-1.5409741e-12 	-1.8874662e-12 	0.091747785
0.0055873423 	0.3000928 	-1.5257911e-12 	-2.1607601e-12 	0.091780946
0.0058302703 	0.30008101 	-1.5106081e-12 	-2.4340541e-12 	0.091814106
0.0060731982 	0.30006992 	-1.4542511e-12 	-2.6432996e-12 	0.091843082
0.0063161261 	0.30006043 	-1.3024212e-12 	-2.7040315e-12 	0.091862355
0.0065590541 	0.30005094 	-1.1505912e-12 	-2.7647635e-12 	0.091881627
0.006801982 	0.30004145 	-9.9876126e-13 	-2.8254955e-12 	0.0919009
0.0070449099 	0.30003196 	-8.4693131e-13 	-2.8862275e-12 	0.091920172
0.0072878378 	0.30002247 	-6.9510135e-13 	-2.9469595e-12 	0.091939445
0.0075307658 	0.30001298 	-5.432714e-13 	-3.0076914e-12 	0.091958718
0.0077736937 	0.30000349 	-3.9144145e-13 	-3.0684234e-12 	0.09197799
0.0080166216 	0.29999398 	-2.4272805e-13 	-3.1187669e-12 	0.091997182
0.0082595495 	0.29998433 	-1.3644708e-13 	-3.0276689e-12 	0.092015282
0.0085024775 	0.29997468 	-3.0166111e-14 	-2.9365709e-12 	0.092033382
0.0087454054 	0.29996502 	7.6114859e-14 	-2.845473e-12 	0.092051482
0.0089883333 	0.29995537 	1.8239583e-13 	-2.754375e-12 	0.092069582
0.0092312613 	0.29994571 	2.886768e-13 	-2.663277e-12 	0.092087682
0.0094741892 	0.29993606 	3.9495777e-13 	-2.5721791e-12 	0.092105781
0.0097171171 	0.2999264 	5.0123874e-13 	-2.4810811e-12 	0.092123881
0.009960045 	0.29991675 	6.0751971e-13 	-2.3899831e-12 	0.092141981
0.010202973 	0.29990687 	5.6157095e-13 	-2.3496284e-12 	0.092160148
0.010445901 	0.29989694 	4.8565597e-13 	-2.3192624e-12 	0.092178328
0.010688829 	0.29988701 	4.0974099e-13 	-2.2888964e-12 	0.092196509
0.010931757 	0.29987709 	3.3382601e-13 	-2.2585304e-12 	0.092214689
0.011174685 	0.29986716 	2.5791104e-13 	-2.2281644e-12 	0.092232869
0.011417613 	0.29985724 	1.8199606e-13 	-2.1977984e-12 	0.092251049
0.011660541 	0.29984731 	1.0608108e-13 	-2.1674324e-12 	0.09226923
0.011903468 	0.29983738 	3.0166103e-14 	-2.1370664e-12 	0.09228741
0.012146396 	0.29982762 	-8.7755666e-23 	-2.042652e-12 	0.0923042
0.012389324 	0.29981797 	1.1801229e-22 	-1.9060051e-12 	0.092320075
0.012632252 	0.29980831 	3.2378025e-22 	-1.7693581e-12 	0.092335949
0.01287518 	0.29979866 	5.2954821e-22 	-1.6327111e-12 	0.092351823
0.013118108 	0.299789 	7.3531617e-22 	-1.4960642e-12 	0.092367697
0.013361036 	0.29977935 	9.4108413e-22 	-1.3594172e-12 	0.092383572
0.013603964 	0.29976969 	1.1468521e-21 	-1.2227703e-12 	0.092399446
0.013846892 	0.29976004 	1.35262e-21 	-1.0861233e-12 	0.09241532
0.01408982 	0.29975046 	1.6841218e-14 	-9.3263514e-13 	0.092430487
0.014332748 	0.29974102 	6.2390204e-14 	-7.504392e-13 	0.092444449
0.014575676 	0.29973157 	1.0793919e-13 	-5.6824325e-13 	0.09245841
0.014818604 	0.29972213 	1.5348818e-13 	-3.860473e-13 	0.092472372
0.015061532 	0.29971269 	1.9903716e-13 	-2.0385136e-13 	0.092486333
0.015304459 	0.29970324 	2.4458615e-13 	-2.1655412e-14 	0.092500295
0.015547387 	0.2996938 	2.9013513e-13 	1.6054053e-13 	0.092514256
0.015790315 	0.29968436 	3.3568412e-13 	3.4273648e-13 	0.092528218
0.016033243 	0.29967492 	3.6045608e-13 	4.8961148e-13 	0.092542051
0.016276171 	0.29966552 	2.5417511e-13 	4.136965e-13 	0.092555073
0.016519099 	0.29965613 	1.4789414e-13 	3.3778153e-13 	0.092568096
0.016762027 	0.29964674 	4.1613173e-14 	2.6186655e-13 	0.092581118
0.017004955 	0.29963734 	-6.4667796e-14 	1.8595157e-13 	0.09259414
0.017247883 	0.29962795 	-1.7094876e-13 	1.1003659e-13 	0.092607162
0.017490811 	0.29961855 	-2.7722973e-13 	3.4121617e-14 	0.092620185
0.017733739 	0.29960916 	-3.835107e-13 	-4.179336e-14 	0.092633207
0.017976667 	0.29959976 	-4.8979167e-13 	-1.1770834e-13 	0.092646229
0.018219595 	0.2995904 	-6.097973e-13 	-1.9362331e-13 	0.092658578
0.018462523 	0.29958105 	-7.3126126e-13 	-2.6953829e-13 	0.092670855
0.01870545 	0.29957169 	-8.5272523e-13 	-3.4545327e-13 	0.092683133
0.018948378 	0.29956234 	-9.7418919e-13 	-4.2136824e-13 	0.09269541
0.019191306 	0.29955298 	-1.0956532e-12 	-4.9728322e-13 	0.092707687
0.019434234 	0.29954362 	-1.2171171e-12 	-5.731982e-13 	0.092719965
0.019677162 	0.29953427 	-1.3385811e-12 	-6.4911317e-13 	0.092732242
0.01992009 	0.29952491 	-1.460045e-12 	-7.2502815e-13 	0.092744519
0.020163018 	0.29951559 	-1.5458488e-12 	-6.817362e-13 	0.092756287
0.020405946 	0.29950629 	-1.6141723e-12 	-5.8001013e-13 	0.092767805
0.020648874 	0.29949699 	-1.6824958e-12 	-4.7828406e-13 	0.092779322
0.020891802 	0.29948769 	-1.7508193e-12 	-3.7655799e-13 	0.09279084
0.02113473 	0.29947839 	-1.8191427e-12 	-2.7483192e-13 	0.092802357
0.021377658 	0.29946909 	-1.8874662e-12 	-1.7310585e-13 	0.092813875
0.021620586 	0.29945979 	-1.9557897e-12 	-7.1379785e-14 	0.092825392
0.021863514 	0.2994505 	-2.0241132e-12 	3.0346285e-14 	0.09283691
0.022106441 	0.29944122 	-2.0764704e-12 	1.1011881e-13 	0.092848132
0.022349369 	0.29943196 	-2.1083547e-12 	1.6174099e-13 	0.092858977
0.022592297 	0.29942271 	-2.140239e-12 	2.1336317e-13 	0.092869821
0.022835225 	0.29941345 	-2.1721233e-12 	2.6498536e-13 	0.092880665
0.023078153 	0.2994042 	-2.2040076e-12 	3.1660754e-13 	0.092891509
0.023321081 	0.29939494 	-2.2358919e-12 	3.6822972e-13 	0.092902353
0.023564009 	0.29938569 	-2.2677762e-12 	4.1985191e-13 	0.092913197
0.023806937 	0.29937643 	-2.2996605e-12 	4.7147409e-13 	0.092924041
0.024049865 	0.29936719 	-2.2770051e-12 	5.3462753e-13 	0.092934765
0.024292793 	0.29935796 	-2.0431869e-12 	6.424268e-13 	0.092945025
0.024535721 	0.29934874 	-1.8093688e-12 	7.5022607e-13 	0.092955284
0.024778649 	0.29933952 	-1.5755507e-12 	8.5802534e-13 	0.092965543
0.025021577 	0.2993303 	-1.3417325e-12 	9.6582461e-13 	0.092975802
0.025264505 	0.29932108 	-1.1079144e-12 	1.0736239e-12 	0.092986062
0.025507432 	0.29931185 	-8.7409628e-13 	1.1814232e-12 	0.092996321
0.02575036 	0.29930263 	-6.4027815e-13 	1.2892224e-12 	0.09300658
0.025993288 	0.29929341 	-4.0646002e-13 	1.3970217e-12 	0.09301684
0.026236216 	0.29928422 	3.5523651e-14 	1.7203683e-12 	0.093026572
0.026479144 	0.29927502 	4.8342202e-13 	2.0498393e-12 	0.09303629
0.026722072 	0.29926583 	9.3132038e-13 	2.3793103e-12 	0.093046008
0.026965 	0.29925663 	1.3792188e-12 	2.7087813e-12 	0.093055726
0.027207928 	0.29924744 	1.8271171e-12 	3.0382523e-12 	0.093065444
0.027450856 	0.29923825 	2.2750155e-12 	3.3677233e-12 	0.093075162
0.027693784 	0.29922905 	2.7229139e-12 	3.6971943e-12 	0.09308488
0.027936712 	0.29921986 	3.1708122e-12 	4.0266653e-12 	0.093094598
0.02817964 	0.29921069 	3.3952838e-12 	4.1753739e-12 	0.093103936
0.028422568 	0.29920152 	3.5410405e-12 	4.2603986e-12 	0.09311314
0.028665495 	0.29919235 	3.6867973e-12 	4.3454234e-12 	0.093122344
0.028908423 	0.29918318 	3.8325541e-12 	4.4304482e-12 	0.093131548
0.029151351 	0.29917402 	3.9783108e-12 	4.515473e-12 	0.093140752
0.029394279 	0.29916485 	4.1240676e-12 	4.6004977e-12 	0.093149956
0.029637207 	0.29915568 	4.2698243e-12 	4.6855225e-12 	0.09315916
0.029880135 	0.29914651 	4.4155811e-12 	4.7705473e-12 	0.093168365
0.030123063 	0.29913736 	4.4067399e-12 	4.66867e-12 	0.093177322
0.030365991 	0.29912821 	4.2473184e-12 	4.384748e-12 	0.093186039
0.030608919 	0.29911907 	4.087897e-12 	4.100826e-12 	0.093194757
0.030851847 	0.29910992 	3.9284755e-12 	3.816904e-12 	0.093203474
0.031094775 	0.29910077 	3.7690541e-12 	3.532982e-12 	0.093212191
0.031337703 	0.29909163 	3.6096326e-12 	3.24906e-12 	0.093220908
0.031580631 	0.29908248 	3.4502111e-12 	2.9651379e-12 	0.093229626
0.031823559 	0.29907334 	3.2907897e-12 	2.6812159e-12 	0.093238343
0.032066486 	0.2990642 	3.1313682e-12 	2.4072669e-12 	0.093246934
0.032309414 	0.29905507 	2.9719468e-12 	2.1597841e-12 	0.093255188
0.032552342 	0.29904594 	2.8125253e-12 	1.9123012e-12 	0.093263443
0.03279527 	0.29903682 	2.6531039e-12 	1.6648184e-12 	0.093271697
0.033038198 	0.29902769 	2.4936824e-12 	1.4173356e-12 	0.093279952
0.033281126 	0.29901857 	2.334261e-12 	1.1698528e-12 	0.093288207
0.033524054 	0.29900944 	2.1748395e-12 	9.2236993e-13 	0.093296461
0.033766982 	0.29900031 	2.0154181e-12 	6.7488711e-13 	0.093304716
0.03400991 	0.29899119 	1.8557489e-12 	4.3440315e-13 	0.093312952
0.034252838 	0.29898208 	1.6902542e-12 	3.5848818e-13 	0.093320765
0.034495766 	0.29897297 	1.5247596e-12 	2.825732e-13 	0.093328578
0.034738694 	0.29896386 	1.3592649e-12 	2.0665822e-13 	0.093336391
0.034981622 	0.29895475 	1.1937703e-12 	1.3074324e-13 	0.093344203
0.03522455 	0.29894565 	1.0282756e-12 	5.4828266e-14 	0.093352016
0.035467477 	0.29893654 	8.6278097e-13 	-2.1086711e-14 	0.093359829
0.035710405 	0.29892743 	6.9728632e-13 	-9.7001689e-14 	0.093367642
0.035953333 	0.29891832 	5.3179167e-13 	-1.7291667e-13 	0.093375455
0.036196261 	0.29890922 	4.5952111e-13 	-1.838201e-13 	0.093382926
0.036439189 	0.29890013 	4.0941723e-13 	-1.792652e-13 	0.093390315
0.036682117 	0.29889104 	3.5931334e-13 	-1.7471031e-13 	0.093397705
0.036925045 	0.29888195 	3.0920946e-13 	-1.7015541e-13 	0.093405095
0.037167973 	0.29887286 	2.5910557e-13 	-1.6560051e-13 	0.093412484
0.037410901 	0.29886376 	2.0900169e-13 	-1.6104561e-13 	0.093419874
0.037653829 	0.29885467 	1.588978e-13 	-1.5649071e-13 	0.093427264
0.037896757 	0.29884558 	1.0879391e-13 	-1.5193581e-13 	0.093434653
0.038139685 	0.29883649 	1.1892905e-13 	-2.0849297e-13 	0.093441812
0.038382613 	0.29882742 	1.7358784e-13 	-3.1021904e-13 	0.093448799
0.038625541 	0.29881834 	2.2824662e-13 	-4.119451e-13 	0.093455785
0.038868468 	0.29880926 	2.829054e-13 	-5.1367117e-13 	0.093462772
0.039111396 	0.29880018 	3.3756419e-13 	-6.1539724e-13 	0.093469759
0.039354324 	0.2987911 	3.9222297e-13 	-7.1712331e-13 	0.093476746
0.039597252 	0.29878203 	4.4688176e-13 	-8.1884938e-13 	0.093483733
0.03984018 	0.29877295 	5.0154054e-13 	-9.2057545e-13 	0.09349072
0.040083108 	0.29876387 	4.8296031e-13 	-1.0290541e-12 	0.093497575
0.040326036 	0.29875481 	3.2353886e-13 	-1.150518e-12 	0.093504175
0.040568964 	0.29874574 	1.641174e-13 	-1.271982e-12 	0.093510775
0.040811892 	0.29873668 	4.6959513e-15 	-1.3934459e-12 	0.093517376
0.04105482 	0.29872761 	-1.547255e-13 	-1.5149099e-12 	0.093523976
0.041297748 	0.29871854 	-3.1414695e-13 	-1.6363739e-12 	0.093530576
0.041540676 	0.29870948 	-4.7356841e-13 	-1.7578378e-12 	0.093537176
0.041783604 	0.29870041 	-6.3298986e-13 	-1.8793018e-12 	0.093543777
0.042026532 	0.29869135 	-8.0401886e-13 	-1.9838519e-12 	0.093550339
0.042269459 	0.29868229 	-1.0697213e-12 	-1.9504493e-12 	0.09355659
0.042512387 	0.29867324 	-1.3354237e-12 	-1.9170467e-12 	0.093562841
0.042755315 	0.29866418 	-1.6011261e-12 	-1.8836441e-12 	0.093569092
0.042998243 	0.29865513 	-1.8668285e-12 	-1.8502416e-12 	0.093575343
0.043241171 	0.29864607 	-2.132531e-12 	-1.816839e-12 	0.093581594
0.043484099 	0.29863702 	-2.3982334e-12 	-1.7834364e-12 	0.093587845
0.043727027 	0.29862796 	-2.6639358e-12 	-1.7500338e-12 	0.093594096
0.043969955 	0.29861891 	-2.9296382e-12 	-1.7166312e-12 	0.093600347
0.044212883 	0.29860986 	-2.9079488e-12 	-1.63533e-12 	0.093606304
0.044455811 	0.29860081 	-2.8456985e-12 	-1.5472686e-12 	0.093612219
0.044698739 	0.29859176 	-2.7834482e-12 	-1.4592072e-12 	0.093618134
0.044941667 	0.29858272 	-2.7211979e-12 	-1.3711458e-12 	0.093624049
0.045184595 	0.29857367 	-2.6589476e-12 	-1.2830845e-12 	0.093629964
0.045427523 	0.29856462 	-2.5966974e-12 	-1.1950231e-12 	0.093635879
0.04567045 	0.29855557 	-2.5344471e-12 	-1.1069617e-12 	0.093641794
0.045913378 	0.29854652 	-2.4721968e-12 	-1.0189003e-12 	0.093647709
0.046156306 	0.29853747 	-2.3112782e-12 	-1.0148536e-12 	0.093653537
0.046399234 	0.29852843 	-2.0956796e-12 	-1.057366e-12 	0.093659317
0.046642162 	0.29851938 	-1.8800811e-12 	-1.0998784e-12 	0.093665097
0.04688509 	0.29851034 	-1.6644825e-12 	-1.1423908e-12 	0.093670877
0.047128018 	0.29850129 	-1.448884e-12 	-1.1849032e-12 	0.093676656
0.047370946 	0.29849224 	-1.2332855e-12 	-1.2274155e-12 	0.093682436
0.047613874 	0.2984832 	-1.0176869e-12 	-1.2699279e-12 	0.093688216
0.047856802 	0.29847415 	-8.020884e-13 	-1.3124403e-12 	0.093693996
0.04809973 	0.29846509 	-6.7250676e-13 	-1.4073108e-12 	0.093699777
0.048342658 	0.29845601 	-6.6643356e-13 	-1.5773604e-12 	0.093705561
0.048585586 	0.29844693 	-6.6036036e-13 	-1.7474099e-12 	0.093711345
0.048828514 	0.29843784 	-6.5428716e-13 	-1.9174595e-12 	0.093717129
0.049071441 	0.29842876 	-6.4821397e-13 	-2.087509e-12 	0.093722913
0.049314369 	0.29841968 	-6.4214077e-13 	-2.2575586e-12 	0.093728696
0.049557297 	0.2984106 	-6.3606757e-13 	-2.4276081e-12 	0.09373448
0.049800225 	0.29840151 	-6.2999437e-13 	-2.5976576e-12 	0.093740264
0.050043153 	0.29839242 	-6.3390034e-13 	-2.7512551e-12 	0.093746326
0.050286081 	0.29838325 	-6.8400422e-13 	-2.8286883e-12 	0.093753674
0.050529009 	0.29837408 	-7.3410811e-13 	-2.9061216e-12 	0.093761022
0.050771937 	0.29836491 	-7.8421199e-13 	-2.9835549e-12 	0.09376837
0.051014865 	0.29835574 	-8.3431588e-13 	-3.0609882e-12 	0.093775718
0.051257793 	0.29834658 	-8.8441976e-13 	-3.1384215e-12 	0.093783067
0.051500721 	0.29833741 	-9.3452365e-13 	-3.2158547e-12 	0.093790415
0.051743649 	0.29832824 	-9.8462753e-13 	-3.293288e-12 	0.093797763
0.051986577 	0.29831907 	-1.0347314e-12 	-3.3707213e-12 	0.093805111
0.052229505 	0.29830949 	-9.6147663e-13 	-3.3319679e-12 	0.093816229
0.052472432 	0.29829988 	-8.8100676e-13 	-3.2864189e-12 	0.093827567
0.05271536 	0.29829027 	-8.0053688e-13 	-3.2408699e-12 	0.093838906
0.052958288 	0.29828066 	-7.20067e-13 	-3.1953209e-12 	0.093850244
0.053201216 	0.29827105 	-6.3959713e-13 	-3.1497719e-12 	0.093861582
0.053444144 	0.29826144 	-5.5912725e-13 	-3.1042229e-12 	0.093872921
0.053687072 	0.29825183 	-4.7865738e-13 	-3.0586739e-12 	0.093884259
0.05393 	0.29824222 	-3.981875e-13 	-3.013125e-12 	0.093895597
0.054172928 	0.29823193 	-2.9934404e-13 	-2.881112e-12 	0.093916973
0.054415856 	0.29822136 	-1.9306308e-13 	-2.7140991e-12 	0.093942411
0.054658784 	0.29821078 	-8.678212e-14 	-2.5470861e-12 	0.093967849
0.054901712 	0.29820021 	1.9498839e-14 	-2.3800732e-12 	0.093993287
0.05514464 	0.29818964 	1.257798e-13 	-2.2130603e-12 	0.094018725
0.055387568 	0.29817906 	2.3206076e-13 	-2.0460473e-12 	0.094044163
0.055630495 	0.29816849 	3.3834172e-13 	-1.8790344e-12 	0.094069601
0.055873423 	0.29815792 	4.4462268e-13 	-1.7120215e-12 	0.094095039
0.056116351 	0.29814572 	4.9272797e-13 	-1.472289e-12 	0.094138851
0.056359279 	0.29813176 	4.77545e-13 	-1.1534461e-12 	0.094202653
0.056602207 	0.29811781 	4.6236202e-13 	-8.3460326e-13 	0.094266455
0.056845135 	0.29810385 	4.4717904e-13 	-5.157604e-13 	0.094330257
0.057088063 	0.29808989 	4.3199607e-13 	-1.9691754e-13 	0.094394059
0.057330991 	0.29807593 	4.1681309e-13 	1.2192531e-13 	0.094457861
0.057573919 	0.29806197 	4.0163011e-13 	4.4076817e-13 	0.094521664
0.057816847 	0.29804801 	3.8644714e-13 	7.5961103e-13 	0.094585466
0.058059775 	0.29803269 	3.6379229e-13 	1.0904606e-12 	0.094663874
0.058302703 	0.29801323 	3.1824325e-13 	1.4580992e-12 	0.09478704
0.058545631 	0.29799376 	2.7269421e-13 	1.8257379e-12 	0.094910205
0.058788559 	0.29797429 	2.2714517e-13 	2.1933765e-12 	0.09503337
0.059031486 	0.29795482 	1.8159613e-13 	2.5610152e-12 	0.095156535
0.059274414 	0.29793535 	1.3604708e-13 	2.9286538e-12 	0.0952797
0.059517342 	0.29791589 	9.0498042e-14 	3.2962925e-12 	0.095402866
0.05976027 	0.29789642 	4.4949e-14 	3.6639311e-12 	0.095526031
0.060003198 	0.29787674 	4.4581025e-15 	4.0301601e-12 	0.095651141
0.060246126 	0.29784153 	3.4311435e-13 	4.2907228e-12 	0.095922028
0.060489054 	0.29780632 	6.8177059e-13 	4.5512854e-12 	0.096192915
0.060731982 	0.29777111 	1.0204268e-12 	4.8118481e-12 	0.096463802
0.06097491 	0.29773299 	1.3568555e-12 	5.0000001e-12 	0.096765878
0.061217838 	0.29768731 	1.687496e-12 	4.9999999e-12 	0.097148994
0.061460766 	0.29764163 	2.0181365e-12 	4.9999996e-12 	0.09753211
0.061703694 	0.29759595 	2.348777e-12 	4.9999994e-12 	0.097915227
0.061946622 	0.29754344 	2.3161302e-12 	4.9999995e-12 	0.098363787
0.06218955 	0.29748518 	1.9772855e-12 	5e-12 	0.098867506
0.062432477 	0.29742692 	1.6384407e-12 	5.0000005e-12 	0.099371225
0.062675405 	0.29736865 	1.299596e-12 	5.0000009e-12 	0.099874944
0.062918333 	0.29730013 	9.6752724e-13 	5.2736567e-12 	0.10047623
0.063161261 	0.29722916 	6.3707515e-13 	5.6126028e-12 	0.10110078
0.063404189 	0.29715818 	3.0662305e-13 	5.9515488e-12 	0.10172534
0.063647117 	0.29708608 	2.4447863e-14 	6.289875e-12 	0.10235976
0.063890045 	0.29699944 	3.6350136e-13 	6.6202254e-12 	0.10312112
0.064132973 	0.2969128 	7.0255486e-13 	6.9505758e-12 	0.10388248
0.064375901 	0.29682616 	1.0416084e-12 	7.2809262e-12 	0.10464384
0.064618829 	0.29673313 	1.2634483e-12 	7.3857539e-12 	0.10545658
0.064861757 	0.29662754 	1.2545261e-12 	7.0465877e-12 	0.10637048
0.065104685 	0.29652195 	1.2456039e-12 	6.7074214e-12 	0.10728438
0.065347613 	0.29641636 	1.2366817e-12 	6.3682552e-12 	0.10819828
0.065590541 	0.29629775 	8.3041962e-13 	6.0345249e-12 	0.10921064
0.065833468 	0.29617051 	1.6100345e-13 	5.7043948e-12 	0.11028821
0.066076396 	0.29604327 	-5.0841272e-13 	5.3742646e-12 	0.11136578
0.066319324 	0.29591604 	-1.1778289e-12 	5.0441345e-12 	0.11244335
0.066562252 	0.29576715 	-1.2591766e-12 	4.7059647e-12 	0.11367411
0.06680518 	0.29561493 	-1.2497773e-12 	4.3665543e-12 	0.11492851
0.067048108 	0.29546271 	-1.2403779e-12 	4.0271438e-12 	0.11618291
0.067291036 	0.29530658 	-1.1889786e-12 	3.6889815e-12 	0.11746297
0.067533964 	0.29512454 	-8.5909427e-13 	3.3590945e-12 	0.1189132
0.067776892 	0.29494249 	-5.2920994e-13 	3.0292074e-12 	0.12036343
0.06801982 	0.29476044 	-1.993256e-13 	2.6993204e-12 	0.12181367
0.068262748 	0.29456407 	-4.3071067e-18 	2.3655558e-12 	0.12335093
0.068505676 	0.29434583 	-1.9378498e-18 	2.0258717e-12 	0.12502105
0.068748604 	0.29412759 	4.3140698e-19 	1.6861875e-12 	0.12669118
0.068991532 	0.29390935 	2.8006638e-18 	1.3465033e-12 	0.1283613
0.069234459 	0.29366191 	3.4180412e-18 	3.2581721e-12 	0.13019557
0.069477387 	0.29339947 	3.1350365e-18 	6.3269284e-12 	0.13211421
0.069720315 	0.29313702 	2.8520319e-18 	9.3956847e-12 	0.13403284
0.069963243 	0.29287458 	2.5690272e-18 	1.2464441e-11 	0.13595147
0.070206171 	0.29256184 	1.2923259e-18 	1.2596292e-11 	0.13813037
0.070449099 	0.29224503 	-6.4645033e-20 	1.2490903e-11 	0.14033029
0.070692027 	0.29192823 	-1.421616e-18 	1.2385514e-11 	0.14253021
0.070934955 	0.29159871 	-2.3897935e-18 	1.16745e-11 	0.14479059
0.071177883 	0.29121499 	-1.7004232e-18 	8.381519e-12 	0.14730872
0.071420811 	0.29083126 	-1.011053e-18 	5.0885375e-12 	0.14982685
0.071663739 	0.29044754 	-3.2168268e-19 	1.7955561e-12 	0.15234498
0.071906667 	0.29002607 	5.7887243e-19 	-4.9892039e-18 	0.1550282
0.072149595 	0.28955934 	1.7326606e-18 	-1.0555969e-19 	0.15790937
0.072392523 	0.28909261 	2.8864488e-18 	4.7780845e-18 	0.16079054
0.07263545 	0.28862587 	4.0402369e-18 	9.6617287e-18 	0.16367172
0.072878378 	0.28808372 	1.8213715e-18 	9.0530641e-18 	0.16685511
0.073121306 	0.28751215 	-1.7125582e-18 	6.3028395e-18 	0.17015634
0.073364234 	0.28694059 	-5.246488e-18 	3.5526149e-18 	0.17345757
0.073607162 	0.28636903 	-8.7804178e-18 	8.0239028e-19 	0.1767588
0.07385009 	0.28566529 	-2.1800074e-18 	-6.9800379e-19 	0.18054427
0.074093018 	0.28495942 	4.5830779e-18 	-2.1783358e-18 	0.18433752
0.074335946 	0.28425356 	1.1346163e-17 	-3.6586677e-18 	0.18813077
0.074578874 	0.28350431 	1.3622095e-17 	1.6978588e-12 	0.19206907
0.074821802 	0.28262417 	2.359962e-18 	8.5182996e-12 	0.19644504
0.07506473 	0.28174402 	-8.9021715e-18 	1.533874e-11 	0.200821
0.075307658 	0.28086388 	-2.0164305e-17 	2.2159181e-11 	0.20519697
0.075550586 	0.27986583 	-2.0176888e-17 	2.5342476e-11 	0.20993332
0.075793514 	0.27875617 	-9.5388161e-18 	2.5082257e-11 	0.21501089
0.076036441 	0.2776465 	1.0992558e-18 	2.4822038e-11 	0.22008846
0.076279369 	0.27653683 	1.1737328e-17 	2.4561819e-11 	0.22516602
0.076522297 	0.27518712 	1.3574962e-17 	1.9397624e-11 	0.23090942
0.076765225 	0.27376908 	1.2907361e-17 	1.2837407e-11 	0.23684235
0.077008153 	0.27235104 	1.223976e-17 	6.2771893e-12 	0.24277529
0.077251081 	0.2709148 	1.1515805e-17 	1.0842398e-17 	0.24875453
0.077494009 	0.2690752 	9.5420291e-18 	7.9936108e-19 	0.25576069
0.077736937 	0.2672356 	7.5682531e-18 	-9.2436755e-18 	0.26276685
0.077979865 	0.26539599 	5.5944771e-18 	-1.9286712e-17 	0.26977301
0.078222793 	0.26337332 	-1.9289137e-18 	-2.1349384e-17 	0.27719214
0.078465721 	0.26093909 	-2.1927908e-17 	-5.4720983e-18 	0.28553961
0.078708649 	0.25850487 	-4.1926903e-17 	1.0405188e-17 	0.29388709
0.078951577 	0.25607065 	-6.1925898e-17 	2.6282474e-17 	0.30223456
0.079194505 	0.25314983 	-5.882194e-17 	-1.9621792e-12 	0.31162695
0.079437432 	0.24986584 	-3.8474632e-17 	-5.3889276e-12 	0.32179924
0.07968036 	0.24658184 	-1.8127324e-17 	-8.8156761e-12 	0.33197152
0.079923288 	0.24329784 	2.2199846e-18 	-1.2242425e-11 	0.3421438
0.080166216 	0.23893966 	1.4060514e-17 	-1.2661479e-11 	0.35404138
0.080409144 	0.23437282 	2.4248682e-17 	-1.2496316e-11 	0.36627408
0.080652072 	0.22980599 	3.4436849e-17 	-1.2331154e-11 	0.37850678
0.080895 	0.2250739 	4.4165717e-17 	-1.1849885e-11 	0.39104051
0.081137928 	0.21888836 	4.9854836e-17 	-8.5883118e-12 	0.40622195
0.081380856 	0.21270282 	5.5543955e-17 	-5.3267383e-12 	0.42140339
0.081623784 	0.20651728 	6.1233074e-17 	-2.0651648e-12 	0.43658482
0.081866712 	0.19947926 	5.054639e-17 	8.179693e-13 	0.45169828
0.08210964 	0.19096977 	1.1593341e-17 	3.0478772e-12 	0.46669438
0.082352568 	0.18246028 	-2.7359709e-17 	5.277785e-12 	0.48169048
0.082595495 	0.17395078 	-6.6312758e-17 	7.5076929e-12 	0.49668658
0.082838423 	0.16766259 	-7.4480308e-17 	8.6300595e-12 	0.50711245
0.083081351 	0.16267025 	-6.4688143e-17 	9.1063061e-12 	0.51487212
0.083324279 	0.15767792 	-5.4895978e-17 	9.5825528e-12 	0.5226318
0.083567207 	0.15268559 	-4.5103813e-17 	1.0058799e-11 	0.53039147
0.083810135 	0.14769325 	-3.5311648e-17 	1.0535046e-11 	0.53815114
0.084053063 	0.14270092 	-2.5519483e-17 	1.1011293e-11 	0.54591082
0.084295991 	0.13770859 	-1.5727318e-17 	1.148754e-11 	0.55367049
0.084538919 	0.13271626 	-5.9351534e-18 	1.1963786e-11 	0.56143016
0.084781847 	0.12954377 	-1.2703354e-12 	1.0371572e-11 	0.56713265
0.085024775 	0.12917166 	-4.4954576e-12 	5.5964178e-12 	0.56966953
0.085267703 	0.12879955 	-7.7205798e-12 	8.2126387e-13 	0.57220641
0.085510631 	0.12842744 	-1.0945702e-11 	-3.9538901e-12 	0.5747433
0.085753559 	0.12805533 	-1.4170824e-11 	-8.729044e-12 	0.57728018
0.085996486 	0.12768322 	-1.7395946e-11 	-1.3504198e-11 	0.57981706
0.086239414 	0.12731111 	-2.0621069e-11 	-1.8279352e-11 	0.58235395
0.086482342 	0.126939 	-2.3846191e-11 	-2.3054506e-11 	0.58489083
0.08672527 	0.1263146 	-2.5840958e-11 	-2.5758746e-11 	0.58721515
0.086968198 	0.1254268 	-2.6551283e-11 	-2.6301033e-11 	0.58931757
0.087211126 	0.124539 	-2.7261607e-11 	-2.6843319e-11 	0.59141998
0.087454054 	0.1236512 	-2.7971932e-11 	-2.7385605e-11 	0.5935224
0.087696982 	0.12276341 	-2.8682256e-11 	-2.7927891e-11 	0.59562481
0.08793991 	0.12187561 	-2.939258e-11 	-2.8470177e-11 	0.59772723
0.088182838 	0.12098781 	-3.0102905e-11 	-2.9012463e-11 	0.59982964
0.088425766 	0.12010001 	-3.0813229e-11 	-2.955475e-11 	0.60193206
0.088668694 	0.11854442 	-2.7331269e-11 	-2.558781e-11 	0.60426957
0.088911622 	0.11691805 	-2.3404988e-11 	-2.1142959e-11 	0.606632
0.08915455 	0.11529168 	-1.9478708e-11 	-1.6698108e-11 	0.60899443
0.089397477 	0.11366531 	-1.5552427e-11 	-1.2253256e-11 	0.61135686
0.089640405 	0.11203894 	-1.1626146e-11 	-7.8084049e-12 	0.61371929
0.089883333 	0.11041257 	-7.6998653e-12 	-3.3635536e-12 	0.61608171
0.090126261 	0.1087862 	-3.7735845e-12 	1.0812978e-12 	0.61844414
0.090369189 	0.10735754 	-1.5399278e-12 	3.7286326e-12 	0.62060149
0.090612117 	0.10604712 	-3.1862814e-13 	5.3008742e-12 	0.62263617
0.090855045 	0.1047367 	9.0267156e-13 	6.8731159e-12 	0.62467085
0.091097973 	0.10342628 	2.1239713e-12 	8.4453576e-12 	0.62670554
0.091340901 	0.10211586 	3.345271e-12 	1.0017599e-11 	0.62874022
0.091583829 	0.10080545 	4.5665707e-12 	1.1589841e-11 	0.63077491
0.091826757 	0.099495027 	5.7878704e-12 	1.3162083e-11 	0.63280959
0.092069685 	0.098306068 	5.8643262e-12 	1.2876388e-11 	0.6346845
0.092312613 	0.097184967 	5.3011738e-12 	1.1552689e-11 	0.63647016
0.092555541 	0.096063866 	4.7380213e-12 	1.0228991e-11 	0.63825581
0.092798468 	0.094942764 	4.1748689e-12 	8.9052928e-12 	0.64004146
0.093041396 	0.093821663 	3.6117164e-12 	7.5815946e-12 	0.64182712
0.093284324 	0.092700562 	3.048564e-12 	6.2578963e-12 	0.64361277
0.093527252 	0.09157946 	2.4854115e-12 	4.9341981e-12 	0.64539842
0.09377018 	0.09045176 	1.7208654e-12 	3.5935446e-12 	0.64709662
0.094013108 	0.089323637 	9.4340573e-13 	2.251804e-12 	0.6487892
0.094256036 	0.088195514 	1.6594609e-13 	9.1006341e-13 	0.65048179
0.094498964 	0.087067391 	-6.1151355e-13 	-4.3167721e-13 	0.65217438
0.094741892 	0.085939268 	-1.3889732e-12 	-1.7734178e-12 	0.65386697
0.09498482 	0.084811145 	-2.1664328e-12 	-3.1151584e-12 	0.65555955
0.095227748 	0.083692649 	-2.4352789e-12 	-3.560059e-12 	0.65720849
0.095470676 	0.082583444 	-2.2132218e-12 	-3.1393486e-12 	0.65881531
0.095713604 	0.081474239 	-1.9911648e-12 	-2.7186381e-12 	0.66042213
0.095956532 	0.080365035 	-1.7691077e-12 	-2.2979276e-12 	0.66202894
0.096199459 	0.07925583 	-1.5470507e-12 	-1.8772171e-12 	0.66363576
0.096442387 	0.078146625 	-1.3249936e-12 	-1.4565067e-12 	0.66524257
0.096685315 	0.077051522 	-1.0407695e-12 	-1.0407667e-12 	0.66681821
0.096928243 	0.075984041 	-6.3476558e-13 	-6.3476357e-13 	0.66833279
0.097171171 	0.074916561 	-2.2876166e-13 	-2.2876042e-13 	0.66984737
0.097414099 	0.073849081 	1.7724226e-13 	1.7724273e-13 	0.67136195
0.097657027 	0.072781601 	5.8324618e-13 	5.8324588e-13 	0.67287653
0.097899955 	0.071714121 	9.892501e-13 	9.8924902e-13 	0.67439111
0.098142883 	0.070658745 	9.4950418e-13 	9.4950265e-13 	0.67587289
0.098385811 	0.069620323 	2.8538258e-13 	2.8538103e-13 	0.67730873
0.098628739 	0.0685819 	-3.7873901e-13 	-3.7874059e-13 	0.67874458
0.098871667 	0.067543478 	-1.0428606e-12 	-1.0428622e-12 	0.68018042
0.099114595 	0.066505056 	-1.7069822e-12 	-1.7069838e-12 	0.68161626
0.099357523 	0.065466634 	-2.3711038e-12 	-2.3711054e-12 	0.68305211
0.09960045 	0.064443136 	-2.5346903e-12 	-2.5346912e-12 	0.68443851
0.099843378 	0.063425033 	-2.5173547e-12 	-2.5173549e-12 	0.68580704
0.10008631 	0.062406931 	-2.5000192e-12 	-2.5000185e-12 	0.68717557
0.10032923 	0.061388828 	-2.4826837e-12 	-2.4826821e-12 	0.6885441
0.10057216 	0.060370725 	-2.4653482e-12 	-2.4653457e-12 	0.68991263
0.10081509 	0.059357907 	-2.3892857e-12 	-2.1832418e-12 	0.69126381
0.10105802 	0.058358531 	-2.1638358e-12 	-1.227633e-12 	0.69257088
0.10130095 	0.057359156 	-1.9383859e-12 	-2.7202423e-13 	0.69387794
0.10154387 	0.05635978 	-1.7129361e-12 	6.8358457e-13 	0.695185
0.1017868 	0.055360404 	-1.4874862e-12 	1.6391934e-12 	0.69649207
0.10202973 	0.054361886 	-1.2729078e-12 	2.5840729e-12 	0.69779629
0.10227266 	0.053379561 	-1.263633e-12 	3.3263357e-12 	0.69904679
0.10251559 	0.052397236 	-1.2543581e-12 	4.0685985e-12 	0.7002973
0.10275851 	0.051414912 	-1.2450833e-12 	4.8108613e-12 	0.70154781
0.10300144 	0.050432587 	-1.2358084e-12 	5.5531241e-12 	0.70279831
0.10324437 	0.049450702 	-1.2350007e-12 	6.2570945e-12 	0.70404727
0.1034873 	0.048483083 	-1.5088331e-12 	5.7190165e-12 	0.70524609
0.10373023 	0.047515464 	-1.7826655e-12 	5.1809385e-12 	0.70644492
0.10397315 	0.046547845 	-2.0564979e-12 	4.6428605e-12 	0.70764374
0.10421608 	0.045580226 	-2.3303303e-12 	4.1047825e-12 	0.70884256
0.10445901 	0.044615338 	-2.6587798e-12 	3.3948245e-12 	0.71003131
0.10470194 	0.043660571 	-3.1896482e-12 	2.0478544e-12 	0.71118272
0.10494486 	0.042705804 	-3.7205165e-12 	7.0088432e-13 	0.71233413
0.10518779 	0.041751036 	-4.2513849e-12 	-6.4608576e-13 	0.71348554
0.10543072 	0.040796269 	-4.7822533e-12 	-1.9930558e-12 	0.71463695
0.10567365 	0.039848272 	-4.6615798e-12 	-3.2103384e-12 	0.71576256
0.10591658 	0.038904983 	-4.0878138e-12 	-4.3374341e-12 	0.71687023
0.1061595 	0.037961694 	-3.5140478e-12 	-5.4645298e-12 	0.7179779
0.10640243 	0.037018405 	-2.9402818e-12 	-6.5916255e-12 	0.71908557
0.10664536 	0.036076701 	-2.2739633e-12 	-7.4497561e-12 	0.72018701
0.10688829 	0.035143707 	-1.0993892e-12 	-6.8308546e-12 	0.72125424
0.10713122 	0.034210712 	7.5184806e-14 	-6.2119532e-12 	0.72232147
0.10737414 	0.033277718 	1.2497589e-12 	-5.5930517e-12 	0.7233887
0.10761707 	0.032344723 	2.4243329e-12 	-4.9741503e-12 	0.72445593
0.10786 	0.031420028 	3.0842175e-12 	-3.2724621e-12 	0.72548956
0.10810293 	0.030496279 	3.6853832e-12 	-1.4472429e-12 	0.72651936
0.10834586 	0.029572531 	4.2865489e-12 	3.7797628e-13 	0.72754917
0.10858878 	0.028648782 	4.8877146e-12 	2.2031955e-12 	0.72857897
0.10883171 	0.02773182 	4.9999983e-12 	3.3175742e-12 	0.72958055
0.10907464 	0.026816416 	4.9999994e-12 	4.2686926e-12 	0.73057565
0.10931757 	0.025901012 	5.0000004e-12 	5.219811e-12 	0.73157074
0.1095605 	0.024985608 	5.0000015e-12 	6.1709294e-12 	0.73256584
0.10980342 	0.024076971 	5.0000012e-12 	6.865977e-12 	0.73353214
0.11004635 	0.023169137 	5.0000008e-12 	7.5306548e-12 	0.73449502
0.11028928 	0.022261302 	5.0000004e-12 	8.1953326e-12 	0.7354579
0.11053221 	0.021354385 	4.9061806e-12 	8.7699192e-12 	0.73641679
0.11077514 	0.020453441 	4.2016805e-12 	8.7580923e-12 	0.73734971
0.11101806 	0.019552497 	3.4971805e-12 	8.7462654e-12 	0.73828264
0.11126099 	0.018651553 	2.7926805e-12 	8.7344384e-12 	0.73921556
0.11150392 	0.017753909 	2.0854492e-12 	8.3502679e-12 	0.74013387
0.11174685 	0.016859257 	1.375741e-12 	7.6284154e-12 	0.74103891
0.11198977 	0.015964606 	6.6603275e-13 	6.9065628e-12 	0.74194395
0.1122327 	0.015070309 	-4.706075e-14 	6.1593087e-12 	0.7428474
0.11247563 	0.014181421 	-8.117779e-13 	5.0246908e-12 	0.74372646
0.11271856 	0.013292533 	-1.576495e-12 	3.8900729e-12 	0.74460553
0.11296149 	0.012403644 	-2.3412122e-12 	2.755455e-12 	0.74548459
0.11320441 	0.011518667 	-2.8164519e-12 	1.8892949e-12 	0.74634576
0.11344734 	0.010635073 	-3.1892775e-12 	1.1181123e-12 	0.74720059
0.11369027 	0.0097514789 	-3.5621031e-12 	3.4692971e-13 	0.74805542
0.1139332 	0.0088705671 	-3.7370142e-12 	-4.5663068e-13 	0.74889781
0.11417613 	0.0079918488 	-3.7500809e-12 	-1.286668e-12 	0.74973001
0.11441905 	0.0071131304 	-3.7631475e-12 	-2.1167054e-12 	0.75056221
0.11466198 	0.0062366198 	-3.551174e-12 	-3.3748176e-12 	0.75138404
0.11490491 	0.0053624025 	-3.1054425e-12 	-5.0775877e-12 	0.75219509
0.11514784 	0.0044881852 	-2.659711e-12 	-6.7803578e-12 	0.75300614
0.11539077 	0.0036162785 	-2.476295e-12 	-8.5229043e-12 	0.75380621
0.11563369 	0.0027462276 	-2.5035775e-12 	-1.02974e-11 	0.75459746
0.11587662 	0.0018761766 	-2.5308599e-12 	-1.2071896e-11 	0.75538872
0.11611955 	0.0010089796 	-3.9015091e-12 	-1.3901508e-11 	0.75616629
0.11636248 	0.00014279918 	-5.7507562e-12 	-1.5750756e-11 	0.75693899
0.11660541 	-0.00072325818 	-7.6690733e-12 	-1.7652467e-11 	0.7577111
0.11684833 	-0.001585817 	-1.1551695e-11 	-2.1046221e-11 	0.75846637
0.11709126 	-0.0024483758 	-1.5434317e-11 	-2.4439974e-11 	0.75922164
0.11733419 	-0.0033094178 	-2.0259381e-11 	-2.8997564e-11 	0.75996966
0.11757712 	-0.0041685287 	-2.6284362e-11 	-3.503695e-11 	0.76070845
0.11782005 	-0.0050276395 	-3.2309342e-11 	-4.1076335e-11 	0.76144724
0.11806297 	-0.0058834834 	-3.9584419e-11 	-4.9851422e-11 	0.76217101
0.1183059 	-0.006739158 	-4.6924291e-11 	-5.8768306e-11 	0.76289399
0.11854883 	-0.0075926994 	-5.5974596e-11 	-7.0045923e-11 	0.76360812
0.11879176 	-0.0084445793 	-6.635704e-11 	-8.3162151e-11 	0.76431536
0.11903468 	-0.0092950931 	-7.7934178e-11 	-9.7655625e-11 	0.76501802
0.11927761 	-0.010141917 	-9.2738542e-11 	-1.1586945e-10 	0.76570829
0.11952054 	-0.010988155 	-1.0796513e-10 	-1.3472812e-10 	0.76639707
0.11976347 	-0.011826718 	-1.2872945e-10 	-1.6204439e-10 	0.76706615
0.1200064 	-0.01266528 	-1.4949376e-10 	-1.8936066e-10 	0.76773523
0.12024932 	-0.013488739 	-1.7762412e-10 	-2.2783368e-10 	0.76837487
0.12049225 	-0.014311576 	-2.06058e-10 	-2.667664e-10 	0.7690133
0.12073518 	-0.015106078 	-2.4404671e-10 	-3.1808798e-10 	0.76960351
0.12097811 	-0.015898621 	-2.8269607e-10 	-3.7026615e-10 	0.77019038
0.12122104 	-0.016634165 	-3.3494267e-10 	-4.4059575e-10 	0.77069565
0.12146396 	-0.017357385 	-3.8927737e-10 	-5.137079e-10 	0.77118246
0.12170689 	-0.017999322 	-4.5716844e-10 	-6.048833e-10 	0.77154735
0.12194982 	-0.018593233 	-5.2942071e-10 	-7.0158464e-10 	0.77185987
0.12219275 	-0.019093142 	-6.10209e-10 	-8.0910169e-10 	0.77206989
0.12243568 	-0.019533638 	-7.1641363e-10 	-9.4968302e-10 	0.77209173
0.1226786 	-0.019937906 	-8.3811657e-10 	-1.1104262e-09 	0.77199881
0.12292153 	-0.020058432 	-9.4335252e-10 	-1.2490107e-09 	0.77162595
0.12316446 	-0.020171286 	-1.0481432e-09 	-1.386996e-09 	0.77124551
0.12340739 	-0.020284139 	-1.1529338e-09 	-1.5249812e-09 	0.77086508
0.12365032 	-0.020396992 	-1.2577244e-09 	-1.6629665e-09 	0.77048464
0.12389324 	-0.020509846 	-1.3625151e-09 	-1.8009518e-09 	0.77010421
0.12413617 	-0.020579965 	-1.4622442e-09 	-1.9321682e-09 	0.76968298
0.1243791 	-0.020535073 	-1.5483511e-09 	-2.0451672e-09 	0.76915195
0.12462203 	-0.02049018 	-1.634458e-09 	-2.1581663e-09 	0.76862092
0.12486495 	-0.020445287 	-1.7205648e-09 	-2.2711653e-09 	0.7680899
0.12510788 	-0.020400394 	-1.8066717e-09 	-2.3841643e-09 	0.76755887
0.12535081 	-0.020355501 	-1.8927785e-09 	-2.4971633e-09 	0.76702784
0.12559374 	-0.020332508 	-1.9714054e-09 	-2.6004865e-09 	0.76648756
0.12583667 	-0.02033135 	-2.0425746e-09 	-2.6941626e-09 	0.76593806
0.12607959 	-0.020330191 	-2.1137437e-09 	-2.7878387e-09 	0.76538856
0.12632252 	-0.020329032 	-2.1849129e-09 	-2.8815148e-09 	0.76483906
0.12656545 	-0.020327873 	-2.256082e-09 	-2.9751909e-09 	0.76428956
0.12680838 	-0.020326715 	-2.3272511e-09 	-3.068867e-09 	0.76374006
0.12705131 	-0.020331852 	-2.3875224e-09 	-3.1482562e-09 	0.76317335
0.12729423 	-0.020340198 	-2.4422393e-09 	-3.2203637e-09 	0.76259787
0.12753716 	-0.020348545 	-2.4969561e-09 	-3.2924712e-09 	0.76202239
0.12778009 	-0.020356891 	-2.551673e-09 	-3.3645787e-09 	0.7614469
0.12802302 	-0.020365237 	-2.6063898e-09 	-3.4366863e-09 	0.76087142
0.12826595 	-0.020373583 	-2.6611067e-09 	-3.5087938e-09 	0.76029594
0.12850887 	-0.020369133 	-2.7017561e-09 	-3.5622589e-09 	0.75969259
0.1287518 	-0.020360531 	-2.7378418e-09 	-3.609676e-09 	0.75908021
0.12899473 	-0.020351929 	-2.7739274e-09 	-3.6570931e-09 	0.75846783
0.12923766 	-0.020343328 	-2.8100131e-09 	-3.7045102e-09 	0.75785545
0.12948059 	-0.020334726 	-2.8460988e-09 	-3.7519273e-09 	0.75724306
0.12972351 	-0.020326124 	-2.8821844e-09 	-3.7993444e-09 	0.75663068
0.12996644 	-0.020315754 	-2.9066576e-09 	-3.8311787e-09 	0.75599616
0.13020937 	-0.020304878 	-2.9278151e-09 	-3.8585637e-09 	0.75535532
0.1304523 	-0.020294002 	-2.9489726e-09 	-3.8859487e-09 	0.75471448
0.13069523 	-0.020283127 	-2.9701302e-09 	-3.9133337e-09 	0.75407364
0.13093815 	-0.020272251 	-2.9912877e-09 	-3.9407187e-09 	0.75343279
0.13118108 	-0.020261375 	-3.0124452e-09 	-3.9681037e-09 	0.75279195
0.13142401 	-0.02025032 	-3.0258059e-09 	-3.9849503e-09 	0.75213208
0.13166694 	-0.020239198 	-3.0362845e-09 	-3.9979012e-09 	0.75146518
0.13190986 	-0.020228075 	-3.046763e-09 	-4.010852e-09 	0.75079828
0.13215279 	-0.020216953 	-3.0572415e-09 	-4.0238028e-09 	0.75013137
0.13239572 	-0.020205831 	-3.0677201e-09 	-4.0367537e-09 	0.74946447
0.13263865 	-0.020194709 	-3.0781986e-09 	-4.0497045e-09 	0.74879757
0.13288158 	-0.020182004 	-3.0834162e-09 	-4.055647e-09 	0.74811447
0.1331245 	-0.020168291 	-3.0852821e-09 	-4.0571246e-09 	0.74742106
0.13336743 	-0.020154578 	-3.087148e-09 	-4.0586021e-09 	0.74672765
0.13361036 	-0.020140865 	-3.089014e-09 	-4.0600797e-09 	0.74603424
0.13385329 	-0.020127151 	-3.0908799e-09 	-4.0615573e-09 	0.74534083
0.13409622 	-0.020113438 	-3.0927458e-09 	-4.0630348e-09 	0.74464742
0.13433914 	-0.02009874 	-3.0921668e-09 	-4.0611481e-09 	0.74394322
0.13458207 	-0.020082677 	-3.0882014e-09 	-4.0546013e-09 	0.74322408
0.134825 	-0.020066614 	-3.0842359e-09 	-4.0480545e-09 	0.74250495
0.13506793 	-0.020050551 	-3.0802705e-09 	-4.0415077e-09 	0.74178581
0.13531086 	-0.020034488 	-3.076305e-09 	-4.0349609e-09 	0.74106668
0.13555378 	-0.020018426 	-3.0723395e-09 	-4.0284141e-09 	0.74034754
0.13579671 	-0.020002059 	-3.0677417e-09 	-4.0210552e-09 	0.7396246
0.13603964 	-0.019984031 	-3.0596836e-09 	-4.0092526e-09 	0.73888085
0.13628257 	-0.019966003 	-3.0516255e-09 	-3.9974501e-09 	0.7381371
0.1365255 	-0.019947975 	-3.0435673e-09 	-3.9856476e-09 	0.73739335
0.13676842 	-0.019929947 	-3.0355092e-09 	-3.973845e-09 	0.7366496
0.13701135 	-0.019911919 	-3.0274511e-09 	-3.9620425e-09 	0.73590585
0.13725428 	-0.019893891 	-3.019393e-09 	-3.95024e-09 	0.7351621
0.13749721 	-0.01987426 	-3.0085418e-09 	-3.935833e-09 	0.73439918
0.13774014 	-0.019854267 	-2.9970596e-09 	-3.9208377e-09 	0.73363193
0.13798306 	-0.019834274 	-2.9855775e-09 	-3.9058424e-09 	0.73286468
0.13822599 	-0.019814281 	-2.9740953e-09 	-3.8908472e-09 	0.73209744
0.13846892 	-0.019794288 	-2.9626132e-09 	-3.8758519e-09 	0.73133019
0.13871185 	-0.019774295 	-2.951131e-09 	-3.8608566e-09 	0.73056294
0.13895477 	-0.019753526 	-2.9389244e-09 	-3.8453102e-09 	0.72978677
0.1391977 	-0.019731604 	-2.9256405e-09 	-3.8289442e-09 	0.72899735
0.13944063 	-0.019709682 	-2.9123565e-09 	-3.8125782e-09 	0.72820793
0.13968356 	-0.01968776 	-2.8990725e-09 	-3.7962122e-09 	0.72741851
0.13992649 	-0.019665838 	-2.8857885e-09 	-3.7798463e-09 	0.72662909
0.14016941 	-0.019643916 	-2.8725045e-09 	-3.7634803e-09 	0.72583967
0.14041234 	-0.019621994 	-2.8592206e-09 	-3.7471143e-09 	0.72505025
0.14065527 	-0.019598384 	-2.8450357e-09 	-3.7309098e-09 	0.72424201
0.1408982 	-0.019574612 	-2.8307646e-09 	-3.7147207e-09 	0.72343195
0.14114113 	-0.01955084 	-2.8164935e-09 	-3.6985317e-09 	0.7226219
0.14138405 	-0.019527068 	-2.8022224e-09 	-3.6823427e-09 	0.72181185
0.14162698 	-0.019503296 	-2.7879513e-09 	-3.6661537e-09 	0.7210018
0.14186991 	-0.019479523 	-2.7736802e-09 	-3.6499646e-09 	0.72019175
0.14211284 	-0.019455133 	-2.7595264e-09 	-3.6341034e-09 	0.71937514
0.14235577 	-0.019429577 	-2.7455938e-09 	-3.6188608e-09 	0.71854615
0.14259869 	-0.01940402 	-2.7316613e-09 	-3.6036182e-09 	0.71771717
0.14284162 	-0.019378463 	-2.7177287e-09 	-3.5883755e-09 	0.71688818
0.14308455 	-0.019352907 	-2.7037962e-09 	-3.5731329e-09 	0.71605919
0.14332748 	-0.01932735 	-2.6898637e-09 	-3.5578902e-09 	0.7152302
0.14357041 	-0.019301794 	-2.6759311e-09 	-3.5426476e-09 	0.71440121
0.14381333 	-0.019275025 	-2.6635454e-09 	-3.5281785e-09 	0.71356018
0.14405626 	-0.019247743 	-2.6518143e-09 	-3.5140368e-09 	0.71271406
0.14429919 	-0.019220462 	-2.6400832e-09 	-3.4998952e-09 	0.71186794
0.14454212 	-0.01919318 	-2.6283521e-09 	-3.4857535e-09 	0.71102181
0.14478505 	-0.019165899 	-2.616621e-09 	-3.4716118e-09 	0.71017569
0.14502797 	-0.019138617 	-2.6048899e-09 	-3.4574702e-09 	0.70932957
0.1452709 	-0.019111335 	-2.5931588e-09 	-3.4433285e-09 	0.70848344
0.14551383 	-0.019082422 	-2.5840845e-09 	-3.4309682e-09 	0.70762236
0.14575676 	-0.019053476 	-2.5750634e-09 	-3.4186435e-09 	0.70676097
0.14599968 	-0.01902453 	-2.5660424e-09 	-3.4063189e-09 	0.70589959
0.14624261 	-0.018995584 	-2.5570213e-09 	-3.3939942e-09 	0.7050382
0.14648554 	-0.018966638 	-2.5480003e-09 	-3.3816696e-09 	0.70417681
0.14672847 	-0.018937692 	-2.5389792e-09 	-3.3693449e-09 	0.70331543
0.1469714 	-0.01890846 	-2.5304633e-09 	-3.3574987e-09 	0.70245166
0.14721432 	-0.018877909 	-2.5242701e-09 	-3.3478521e-09 	0.70157691
0.14745725 	-0.018847358 	-2.5180768e-09 	-3.3382056e-09 	0.70070217
0.14770018 	-0.018816807 	-2.5118835e-09 	-3.328559e-09 	0.69982742
0.14794311 	-0.018786256 	-2.5056902e-09 	-3.3189124e-09 	0.69895267
0.14818604 	-0.018755705 	-2.499497e-09 	-3.3092659e-09 	0.69807793
0.14842896 	-0.018725154 	-2.4933037e-09 	-3.2996193e-09 	0.69720318
0.14867189 	-0.018694145 	-2.4880888e-09 	-3.2911747e-09 	0.69632504
0.14891482 	-0.018662047 	-2.4851949e-09 	-3.2855816e-09 	0.69543882
0.14915775 	-0.018629949 	-2.4823009e-09 	-3.2799884e-09 	0.69455261
0.14940068 	-0.018597851 	-2.479407e-09 	-3.2743952e-09 	0.6936664
0.1496436 	-0.018565754 	-2.476513e-09 	-3.2688021e-09 	0.69278018
0.14988653 	-0.018533656 	-2.4736191e-09 	-3.2632089e-09 	0.69189397
0.15012946 	-0.018501558 	-2.4707252e-09 	-3.2576157e-09 	0.69100776
0.15037239 	-0.018468964 	-2.4689078e-09 	-3.253581e-09 	0.69011834
0.15061532 	-0.018435377 	-2.4692455e-09 	-3.2526661e-09 	0.68922251
0.15085824 	-0.018401789 	-2.4695833e-09 	-3.2517513e-09 	0.68832668
0.15110117 	-0.018368202 	-2.469921e-09 	-3.2508364e-09 	0.68743086
0.1513441 	-0.018334614 	-2.4702588e-09 	-3.2499216e-09 	0.68653503
0.15158703 	-0.018301027 	-2.4705965e-09 	-3.2490067e-09 	0.6856392
0.15182995 	-0.018267439 	-2.4709343e-09 	-3.2480919e-09 	0.68474337
0.15207288 	-0.01823344 	-2.4721768e-09 	-3.2486895e-09 	0.6838453
0.15231581 	-0.018198419 	-2.4756627e-09 	-3.2530374e-09 	0.68294164
0.15255874 	-0.018163398 	-2.4791486e-09 	-3.2573854e-09 	0.68203799
0.15280167 	-0.018128378 	-2.4826345e-09 	-3.2617333e-09 	0.68113434
0.15304459 	-0.018093357 	-2.4861204e-09 	-3.2660812e-09 	0.68023069
0.15328752 	-0.018058336 	-2.4896062e-09 	-3.2704291e-09 	0.67932703
0.15353045 	-0.018023315 	-2.4930921e-09 	-3.274777e-09 	0.67842338
0.15377338 	-0.017988076 	-2.4972292e-09 	-3.2800232e-09 	0.67751876
0.15401631 	-0.017951678 	-2.5048253e-09 	-3.2900413e-09 	0.67660899
0.15425923 	-0.017915279 	-2.5124214e-09 	-3.3000595e-09 	0.67569921
0.15450216 	-0.017878881 	-2.5200176e-09 	-3.3100777e-09 	0.67478944
0.15474509 	-0.017842482 	-2.5276137e-09 	-3.3200958e-09 	0.67387967
0.15498802 	-0.017806083 	-2.5352098e-09 	-3.330114e-09 	0.6729699
0.15523095 	-0.017769685 	-2.542806e-09 	-3.3401321e-09 	0.67206012
0.15547387 	-0.017733286 	-2.5504021e-09 	-3.3501503e-09 	0.67115035
0.1557168 	-0.017695638 	-2.5614875e-09 	-3.3644385e-09 	0.67023632
0.15595973 	-0.017657916 	-2.5727753e-09 	-3.3789743e-09 	0.66932204
0.15620266 	-0.017620195 	-2.584063e-09 	-3.3935102e-09 	0.66840776
0.15644559 	-0.017582473 	-2.5953508e-09 	-3.408046e-09 	0.66749347
0.15668851 	-0.017544752 	-2.6066385e-09 	-3.4225819e-09 	0.66657919
0.15693144 	-0.01750703 	-2.6179263e-09 	-3.4371177e-09 	0.66566491
0.15717437 	-0.017469309 	-2.629214e-09 	-3.4516535e-09 	0.66475063
0.1574173 	-0.017430767 	-2.6421681e-09 	-3.4680553e-09 	0.66383441
0.15766023 	-0.017391777 	-2.6560324e-09 	-3.4854764e-09 	0.66291712
0.15790315 	-0.017352787 	-2.6698968e-09 	-3.5028974e-09 	0.66199983
0.15814608 	-0.017313797 	-2.6837611e-09 	-3.5203185e-09 	0.66108255
0.15838901 	-0.017274807 	-2.6976255e-09 	-3.5377396e-09 	0.66016526
0.15863194 	-0.017235817 	-2.7114898e-09 	-3.5551606e-09 	0.65924798
0.15887486 	-0.017196827 	-2.7253541e-09 	-3.5725817e-09 	0.65833069
0.15911779 	-0.017157519 	-2.7394009e-09 	-3.5900867e-09 	0.65741298
0.15936072 	-0.017117315 	-2.7539615e-09 	-3.6078279e-09 	0.65649409
0.15960365 	-0.01707711 	-2.7685221e-09 	-3.6255691e-09 	0.65557519
0.15984658 	-0.017036905 	-2.7830828e-09 	-3.6433103e-09 	0.6546563
0.1600895 	-0.016996701 	-2.7976434e-09 	-3.6610515e-09 	0.65373741
0.16033243 	-0.016956496 	-2.812204e-09 	-3.6787927e-09 	0.65281851
0.16057536 	-0.016916291 	-2.8267646e-09 	-3.6965339e-09 	0.65189962
0.16081829 	-0.016876087 	-2.8413252e-09 	-3.7142751e-09 	0.65098072
0.16106122 	-0.016834965 	-2.8541932e-09 	-3.7297749e-09 	0.65006157
0.16130414 	-0.016793599 	-2.8666113e-09 	-3.7446789e-09 	0.64914235
0.16154707 	-0.016752234 	-2.8790294e-09 	-3.7595829e-09 	0.64822314
0.16179 	-0.016710868 	-2.8914474e-09 	-3.7744869e-09 	0.64730392
0.16203293 	-0.016669502 	-2.9038655e-09 	-3.7893909e-09 	0.6463847
0.16227586 	-0.016628137 	-2.9162836e-09 	-3.8042949e-09 	0.64546548
0.16251878 	-0.016586771 	-2.9287016e-09 	-3.819199e-09 	0.64454627
0.16276171 	-0.016545151 	-2.9402623e-09 	-3.8329766e-09 	0.64362724
0.16300464 	-0.016502678 	-2.9489479e-09 	-3.8429771e-09 	0.64270888
0.16324757 	-0.016460206 	-2.9576334e-09 	-3.8529775e-09 	0.64179051
0.1634905 	-0.016417733 	-2.966319e-09 	-3.862978e-09 	0.64087215
0.16373342 	-0.01637526 	-2.9750046e-09 	-3.8729785e-09 	0.63995378
0.16397635 	-0.016332788 	-2.9836901e-09 	-3.882979e-09 	0.63903542
0.16421928 	-0.016290315 	-2.9923757e-09 	-3.8929794e-09 	0.63811705
0.16446221 	-0.016247842 	-3.0010612e-09 	-3.9029799e-09 	0.63719868
0.16470514 	-0.016204758 	-3.0067892e-09 	-3.9094496e-09 	0.63628143
0.16494806 	-0.016161232 	-3.0103761e-09 	-3.9133632e-09 	0.63536498
0.16519099 	-0.016117705 	-3.0139629e-09 	-3.9172768e-09 	0.63444853
0.16543392 	-0.016074179 	-3.0175498e-09 	-3.9211905e-09 	0.63353209
0.16567685 	-0.016030652 	-3.0211366e-09 	-3.9251041e-09 	0.63261564
0.16591977 	-0.015987125 	-3.0247235e-09 	-3.9290177e-09 	0.63169919
0.1661627 	-0.015943599 	-3.0283103e-09 	-3.9329313e-09 	0.63078274
0.16640563 	-0.015900072 	-3.0318972e-09 	-3.9368449e-09 	0.62986629
0.16664856 	-0.015855704 	-3.0312844e-09 	-3.9353567e-09 	0.62895226
0.16689149 	-0.015811176 	-3.0298719e-09 	-3.9328399e-09 	0.62803869
0.16713441 	-0.015766648 	-3.0284594e-09 	-3.930323e-09 	0.62712513
0.16737734 	-0.01572212 	-3.027047e-09 	-3.9278062e-09 	0.62621156
0.16762027 	-0.015677592 	-3.0256345e-09 	-3.9252893e-09 	0.62529799
0.1678632 	-0.015633063 	-3.024222e-09 	-3.9227725e-09 	0.62438442
0.16810613 	-0.015588535 	-3.0228095e-09 	-3.9202556e-09 	0.62347085
0.16834905 	-0.015543999 	-3.0213528e-09 	-3.9176825e-09 	0.62255732
0.16859198 	-0.015498523 	-3.0147637e-09 	-3.908573e-09 	0.62164749
0.16883491 	-0.015453046 	-3.0081746e-09 	-3.8994635e-09 	0.62073767
0.16907784 	-0.01540757 	-3.0015855e-09 	-3.8903541e-09 	0.61982784
0.16932077 	-0.015362093 	-2.9949964e-09 	-3.8812446e-09 	0.61891802
0.16956369 	-0.015316617 	-2.9884072e-09 	-3.8721351e-09 	0.6180082
0.16980662 	-0.01527114 	-2.9818181e-09 	-3.8630256e-09 	0.61709837
0.17004955 	-0.015225664 	-2.975229e-09 	-3.8539161e-09 	0.61618855
0.17029248 	-0.015180112 	-2.9680414e-09 	-3.8440798e-09 	0.61527911
0.17053541 	-0.015133741 	-2.9543681e-09 	-3.8263672e-09 	0.6143738
0.17077833 	-0.01508737 	-2.9406948e-09 	-3.8086546e-09 	0.61346849
0.17102126 	-0.015041 	-2.9270214e-09 	-3.790942e-09 	0.61256318
0.17126419 	-0.014994629 	-2.9133481e-09 	-3.7732294e-09 	0.61165787
0.17150712 	-0.014948258 	-2.8996748e-09 	-3.7555168e-09 	0.61075256
0.17175005 	-0.014901887 	-2.8860015e-09 	-3.7378042e-09 	0.60984726
0.17199297 	-0.014855516 	-2.8723281e-09 	-3.7200916e-09 	0.60894195
0.1722359 	-0.014809089 	-2.8580286e-09 	-3.7015913e-09 	0.60803699
0.17247883 	-0.014761877 	-2.8349791e-09 	-3.6720842e-09 	0.60713688
0.17272176 	-0.014714665 	-2.8119295e-09 	-3.6425771e-09 	0.60623676
0.17296468 	-0.014667453 	-2.78888e-09 	-3.61307e-09 	0.60533665
0.17320761 	-0.01462024 	-2.7658304e-09 	-3.5835629e-09 	0.60443654
0.17345054 	-0.014573028 	-2.7427808e-09 	-3.5540558e-09 	0.60353643
0.17369347 	-0.014525816 	-2.7197313e-09 	-3.5245487e-09 	0.60263632
0.1739364 	-0.014478604 	-2.6966817e-09 	-3.4950416e-09 	0.60173621
0.17417932 	-0.014431391 	-2.6736321e-09 	-3.4655344e-09 	0.6008361
0.17442225 	-0.014383425 	-2.6403753e-09 	-3.4229919e-09 	0.59994152
0.17466518 	-0.014335422 	-2.60663e-09 	-3.3798256e-09 	0.59904721
0.17490811 	-0.014287419 	-2.5728847e-09 	-3.3366594e-09 	0.59815289
0.17515104 	-0.014239417 	-2.5391394e-09 	-3.2934931e-09 	0.59725858
0.17539396 	-0.014191414 	-2.5053941e-09 	-3.2503268e-09 	0.59636426
0.17563689 	-0.014143411 	-2.4716488e-09 	-3.2071606e-09 	0.59546995
0.17587982 	-0.014095408 	-2.4379035e-09 	-3.1639943e-09 	0.59457563
0.17612275 	-0.014047406 	-2.4041582e-09 	-3.120828e-09 	0.59368132
0.17636568 	-0.01399885 	-2.3642875e-09 	-3.0698116e-09 	0.59279172
0.1766086 	-0.013950107 	-2.3223315e-09 	-3.0161227e-09 	0.59190372
0.17685153 	-0.013901363 	-2.2803754e-09 	-2.9624338e-09 	0.59101572
0.17709446 	-0.01385262 	-2.2384193e-09 	-2.9087449e-09 	0.59012773
0.17733739 	-0.013803876 	-2.1964633e-09 	-2.855056e-09 	0.58923973
0.17758032 	-0.013755133 	-2.1545072e-09 	-2.801367e-09 	0.58835173
0.17782324 	-0.013706389 	-2.1125511e-09 	-2.7476781e-09 	0.58746374
0.17806617 	-0.013657646 	-2.0705951e-09 	-2.6939892e-09 	0.58657574
0.1783091 	-0.013608599 	-2.0279163e-09 	-2.639632e-09 	0.58569073
0.17855203 	-0.013559168 	-1.9843204e-09 	-2.5844268e-09 	0.58480951
0.17879495 	-0.013509737 	-1.9407246e-09 	-2.5292216e-09 	0.58392829
0.17903788 	-0.013460306 	-1.8971287e-09 	-2.4740164e-09 	0.58304707
0.17928081 	-0.013410875 	-1.8535328e-09 	-2.4188112e-09 	0.58216584
0.17952374 	-0.013361444 	-1.8099369e-09 	-2.363606e-09 	0.58128462
0.17976667 	-0.013312013 	-1.7663411e-09 	-2.3084008e-09 	0.5804034
0.18000959 	-0.013262582 	-1.7227452e-09 	-2.2531956e-09 	0.57952218
0.18025252 	-0.013213128 	-1.6794831e-09 	-2.1984217e-09 	0.57864123
0.18049545 	-0.013163069 	-1.6448502e-09 	-2.1547994e-09 	0.57776718
0.18073838 	-0.01311301 	-1.6102172e-09 	-2.111177e-09 	0.57689314
0.18098131 	-0.01306295 	-1.5755843e-09 	-2.0675547e-09 	0.5760191
0.18122423 	-0.013012891 	-1.5409514e-09 	-2.0239323e-09 	0.57514505
0.18146716 	-0.012962832 	-1.5063185e-09 	-1.98031e-09 	0.57427101
0.18171009 	-0.012912773 	-1.4716856e-09 	-1.9366876e-09 	0.57339696
0.18195302 	-0.012862714 	-1.4370526e-09 	-1.8930653e-09 	0.57252292
0.18219595 	-0.012812655 	-1.4024197e-09 	-1.8494429e-09 	0.57164887
0.18243887 	-0.012762289 	-1.3781508e-09 	-1.8187972e-09 	0.57077884
0.1826818 	-0.012711657 	-1.362909e-09 	-1.7994545e-09 	0.56991231
0.18292473 	-0.012661025 	-1.3476673e-09 	-1.7801118e-09 	0.56904578
0.18316766 	-0.012610393 	-1.3324256e-09 	-1.760769e-09 	0.56817925
0.18341059 	-0.012559761 	-1.3171839e-09 	-1.7414263e-09 	0.56731272
0.18365351 	-0.012509129 	-1.3019422e-09 	-1.7220836e-09 	0.56644619
0.18389644 	-0.012458497 	-1.2867005e-09 	-1.7027408e-09 	0.56557966
0.18413937 	-0.012407865 	-1.2714588e-09 	-1.6833981e-09 	0.56471313
0.1843823 	-0.012357233 	-1.2562171e-09 	-1.6640554e-09 	0.56384659
0.18462523 	-0.012306114 	-1.2610825e-09 	-1.6700812e-09 	0.56298732
0.18486815 	-0.012254959 	-1.2674333e-09 	-1.6779809e-09 	0.56212858
0.18511108 	-0.012203804 	-1.2737841e-09 	-1.6858807e-09 	0.56126984
0.18535401 	-0.012152649 	-1.2801349e-09 	-1.6937805e-09 	0.56041111
0.18559694 	-0.012101494 	-1.2864857e-09 	-1.7016803e-09 	0.55955237
0.18583986 	-0.012050339 	-1.2928365e-09 	-1.70958e-09 	0.55869363
0.18608279 	-0.011999184 	-1.2991873e-09 	-1.7174798e-09 	0.55783489
0.18632572 	-0.01194803 	-1.3055381e-09 	-1.7253796e-09 	0.55697615
0.18656865 	-0.011896768 	-1.3155102e-09 	-1.7378312e-09 	0.55611923
0.18681158 	-0.011845143 	-1.3378641e-09 	-1.7658461e-09 	0.55526852
0.1870545 	-0.011793517 	-1.360218e-09 	-1.793861e-09 	0.55441781
0.18729743 	-0.011741892 	-1.3825719e-09 	-1.8218759e-09 	0.5535671
0.18754036 	-0.011690266 	-1.4049257e-09 	-1.8498908e-09 	0.55271639
0.18778329 	-0.011638641 	-1.4272796e-09 	-1.8779057e-09 	0.55186568
0.18802622 	-0.011587015 	-1.4496335e-09 	-1.9059206e-09 	0.55101497
0.18826914 	-0.011535389 	-1.4719874e-09 	-1.9339355e-09 	0.55016425
0.18851207 	-0.011483764 	-1.4943413e-09 	-1.9619504e-09 	0.54931354
0.188755 	-0.011431964 	-1.5192556e-09 	-1.9932658e-09 	0.54846627
0.18899793 	-0.011379922 	-1.5477278e-09 	-2.0291673e-09 	0.54762378
0.18924086 	-0.011327881 	-1.5762e-09 	-2.0650688e-09 	0.54678129
0.18948378 	-0.011275839 	-1.6046721e-09 	-2.1009703e-09 	0.5459388
0.18972671 	-0.011223797 	-1.6331443e-09 	-2.1368718e-09 	0.54509631
0.18996964 	-0.011171755 	-1.6616165e-09 	-2.1727733e-09 	0.54425382
0.19021257 	-0.011119714 	-1.6900886e-09 	-2.2086748e-09 	0.54341133
0.1904555 	-0.011067672 	-1.7185608e-09 	-2.2445763e-09 	0.54256884
0.19069842 	-0.01101563 	-1.747033e-09 	-2.2804778e-09 	0.54172635
0.19094135 	-0.010963406 	-1.7733242e-09 	-2.313673e-09 	0.54088811
0.19118428 	-0.010911005 	-1.7974914e-09 	-2.3442324e-09 	0.540054
0.19142721 	-0.010858603 	-1.8216586e-09 	-2.3747919e-09 	0.53921989
0.19167014 	-0.010806202 	-1.8458258e-09 	-2.4053513e-09 	0.53838578
0.19191306 	-0.0107538 	-1.869993e-09 	-2.4359107e-09 	0.53755167
0.19215599 	-0.010701399 	-1.8941603e-09 	-2.4664702e-09 	0.53671756
0.19239892 	-0.010648997 	-1.9183275e-09 	-2.4970296e-09 	0.53588345
0.19264185 	-0.010596596 	-1.9424947e-09 	-2.527589e-09 	0.53504934
0.19288477 	-0.010544194 	-1.9666619e-09 	-2.5581485e-09 	0.53421523
0.1931277 	-0.010491645 	-1.9853415e-09 	-2.5817764e-09 	0.53338529
0.19337063 	-0.010438941 	-1.9982961e-09 	-2.5981728e-09 	0.53255968
0.19361356 	-0.010386237 	-2.0112507e-09 	-2.6145693e-09 	0.53173408
0.19385649 	-0.010333533 	-2.0242052e-09 	-2.6309657e-09 	0.53090848
0.19409941 	-0.01028083 	-2.0371598e-09 	-2.6473622e-09 	0.53008287
0.19434234 	-0.010228126 	-2.0501144e-09 	-2.6637586e-09 	0.52925727
0.19458527 	-0.010175422 	-2.063069e-09 	-2.6801551e-09 	0.52843167
0.1948282 	-0.010122718 	-2.0760235e-09 	-2.6965515e-09 	0.52760607
0.19507113 	-0.010070014 	-2.0889781e-09 	-2.712948e-09 	0.52678046
0.19531405 	-0.010017219 	-2.0971219e-09 	-2.7231849e-09 	0.525958
0.19555698 	-0.0099642666 	-2.0969199e-09 	-2.722736e-09 	0.525141
0.19579991 	-0.0099113138 	-2.0967179e-09 	-2.7222871e-09 	0.52432399
0.19604284 	-0.0098583611 	-2.0965159e-09 	-2.7218382e-09 	0.52350699
0.19628577 	-0.0098054083 	-2.0963139e-09 	-2.7213892e-09 	0.52268998
0.19652869 	-0.0097524556 	-2.0961118e-09 	-2.7209403e-09 	0.52187298
0.19677162 	-0.0096995028 	-2.0959098e-09 	-2.7204914e-09 	0.52105597
0.19701455 	-0.0096465501 	-2.0957078e-09 	-2.7200425e-09 	0.52023896
0.19725748 	-0.0095935973 	-2.0955058e-09 	-2.7195936e-09 	0.51942196
0.19750041 	-0.0095406181 	-2.093884e-09 	-2.7172932e-09 	0.51860611
0.19774333 	-0.0094874681 	-2.0830928e-09 	-2.7030342e-09 	0.51779777
0.19798626 	-0.009434318 	-2.0723015e-09 	-2.6887753e-09 	0.51698942
0.19822919 	-0.009381168 	-2.0615103e-09 	-2.6745164e-09 	0.51618108
0.19847212 	-0.0093280179 	-2.0507191e-09 	-2.6602575e-09 	0.51537273
0.19871505 	-0.0092748679 	-2.0399278e-09 	-2.6459986e-09 	0.51456439
0.19895797 	-0.0092217178 	-2.0291366e-09 	-2.6317397e-09 	0.51375604
0.1992009 	-0.0091685678 	-2.0183453e-09 	-2.6174808e-09 	0.5129477
0.19944383 	-0.0091154178 	-2.0075541e-09 	-2.6032218e-09 	0.51213935
0.19968676 	-0.0090622677 	-1.9967629e-09 	-2.5889629e-09 	0.51133101
0.19992968 	-0.0090090055 	-1.9818441e-09 	-2.5697599e-09 	0.51052957
0.20017261 	-0.008955714 	-1.9658505e-09 	-2.5492694e-09 	0.50972993
0.20041554 	-0.0089024226 	-1.9498569e-09 	-2.5287788e-09 	0.50893029
0.20065847 	-0.0088491311 	-1.9338633e-09 	-2.5082883e-09 	0.50813065
0.2009014 	-0.0087958396 	-1.9178697e-09 	-2.4877978e-09 	0.50733102
0.20114432 	-0.0087425482 	-1.9018761e-09 	-2.4673073e-09 	0.50653138
0.20138725 	-0.0086892567 	-1.8858825e-09 	-2.4468168e-09 	0.50573174
0.20163018 	-0.0086359653 	-1.8698889e-09 	-2.4263262e-09 	0.5049321
0.20187311 	-0.0085826738 	-1.8538953e-09 	-2.4058357e-09 	0.50413246
0.20211604 	-0.0085293547 	-1.8376933e-09 	-2.3850662e-09 	0.50333582
0.20235896 	-0.0084759824 	-1.8210907e-09 	-2.3637606e-09 	0.50254492
0.20260189 	-0.0084226101 	-1.8044881e-09 	-2.3424551e-09 	0.50175402
0.20284482 	-0.0083692379 	-1.7878855e-09 	-2.3211495e-09 	0.50096313
0.20308775 	-0.0083158656 	-1.771283e-09 	-2.299844e-09 	0.50017223
0.20333068 	-0.0082624933 	-1.7546804e-09 	-2.2785384e-09 	0.49938133
0.2035736 	-0.008209121 	-1.7380778e-09 	-2.2572329e-09 	0.49859043
0.20381653 	-0.0081557488 	-1.7214752e-09 	-2.2359273e-09 	0.49779954
0.20405946 	-0.0081023765 	-1.7048727e-09 	-2.2146218e-09 	0.49700864
0.20430239 	-0.0080490042 	-1.6882701e-09 	-2.1933163e-09 	0.49621774
0.20454532 	-0.0079956177 	-1.6730163e-09 	-2.1736968e-09 	0.49543368
0.20478824 	-0.0079422271 	-1.6581438e-09 	-2.1545539e-09 	0.49465154
0.20503117 	-0.0078888366 	-1.6432714e-09 	-2.1354111e-09 	0.49386941
0.2052741 	-0.007835446 	-1.6283989e-09 	-2.1162683e-09 	0.49308727
0.20551703 	-0.0077820554 	-1.6135264e-09 	-2.0971255e-09 	0.49230514
0.20575995 	-0.0077286649 	-1.598654e-09 	-2.0779827e-09 	0.49152301
0.20600288 	-0.0076752743 	-1.5837815e-09 	-2.0588399e-09 	0.49074087
0.20624581 	-0.0076218838 	-1.568909e-09 	-2.0396971e-09 	0.48995874
0.20648874 	-0.0075684932 	-1.5540366e-09 	-2.0205542e-09 	0.4891766
0.20673167 	-0.0075151073 	-1.5396312e-09 	-2.0020425e-09 	0.48839538
0.20697459 	-0.0074617617 	-1.529257e-09 	-1.9889773e-09 	0.48762202
0.20721752 	-0.0074084161 	-1.5188828e-09 	-1.975912e-09 	0.48684866
0.20746045 	-0.0073550704 	-1.5085086e-09 	-1.9628468e-09 	0.4860753
0.20770338 	-0.0073017248 	-1.4981344e-09 	-1.9497815e-09 	0.48530194
0.20794631 	-0.0072483792 	-1.4877602e-09 	-1.9367162e-09 	0.48452858
0.20818923 	-0.0071950336 	-1.477386e-09 	-1.923651e-09 	0.48375522
0.20843216 	-0.0071416879 	-1.4670118e-09 	-1.9105857e-09 	0.48298185
0.20867509 	-0.0070883423 	-1.4566376e-09 	-1.8975205e-09 	0.48220849
0.20891802 	-0.0070349967 	-1.4462634e-09 	-1.8844552e-09 	0.48143513
0.20916095 	-0.0069816851 	-1.4377876e-09 	-1.873735e-09 	0.48066452
0.20940387 	-0.0069284477 	-1.4334642e-09 	-1.8681443e-09 	0.47989994
0.2096468 	-0.0068752104 	-1.4291409e-09 	-1.8625536e-09 	0.47913535
0.20988973 	-0.0068219731 	-1.4248175e-09 	-1.8569628e-09 	0.47837077
0.21013266 	-0.0067687358 	-1.4204942e-09 	-1.8513721e-09 	0.47760618
0.21037559 	-0.0067154985 	-1.4161708e-09 	-1.8457814e-09 	0.4768416
0.21061851 	-0.0066622611 	-1.4118475e-09 	-1.8401906e-09 	0.47607701
0.21086144 	-0.0066090238 	-1.4075241e-09 	-1.8345999e-09 	0.47531242
0.21110437 	-0.0065557865 	-1.4032007e-09 	-1.8290091e-09 	0.47454784
0.2113473 	-0.0065025492 	-1.3988774e-09 	-1.8234184e-09 	0.47378325
0.21159023 	-0.0064493825 	-1.3965135e-09 	-1.8203512e-09 	0.47302224
0.21183315 	-0.0063963183 	-1.3969935e-09 	-1.8209464e-09 	0.47226642
0.21207608 	-0.0063432542 	-1.3974735e-09 	-1.8215417e-09 	0.4715106
0.21231901 	-0.00629019 	-1.3979534e-09 	-1.8221369e-09 	0.47075478
0.21256194 	-0.0062371258 	-1.3984334e-09 	-1.8227322e-09 	0.46999896
0.21280486 	-0.0061840617 	-1.3989134e-09 	-1.8233274e-09 	0.46924314
0.21304779 	-0.0061309975 	-1.3993934e-09 	-1.8239226e-09 	0.46848731
0.21329072 	-0.0060779334 	-1.3998733e-09 	-1.8245179e-09 	0.46773149
0.21353365 	-0.0060248692 	-1.4003533e-09 	-1.8251131e-09 	0.46697567
0.21377658 	-0.005971805 	-1.4008333e-09 	-1.8257083e-09 	0.46621985
0.2140195 	-0.0059188312 	-1.4023584e-09 	-1.8277311e-09 	0.4654674
0.21426243 	-0.0058660015 	-1.4055525e-09 	-1.8320332e-09 	0.46472035
0.21450536 	-0.0058131718 	-1.4087467e-09 	-1.8363353e-09 	0.46397329
0.21474829 	-0.0057603422 	-1.4119408e-09 	-1.8406375e-09 	0.46322623
0.21499122 	-0.0057075125 	-1.4151349e-09 	-1.8449396e-09 	0.46247917
0.21523414 	-0.0056546829 	-1.418329e-09 	-1.8492417e-09 	0.46173211
0.21547707 	-0.0056018532 	-1.4215231e-09 	-1.8535438e-09 	0.46098506
0.21572 	-0.0055490235 	-1.4247173e-09 	-1.857846e-09 	0.460238
0.21596293 	-0.0054961939 	-1.4279114e-09 	-1.8621481e-09 	0.45949094
0.21620586 	-0.0054433642 	-1.4311055e-09 	-1.8664502e-09 	0.45874388
0.21644878 	-0.0053906094 	-1.4346776e-09 	-1.8712453e-09 	0.45799895
0.21669171 	-0.0053380866 	-1.439422e-09 	-1.8775695e-09 	0.45726061
0.21693464 	-0.0052855638 	-1.4441665e-09 	-1.8838937e-09 	0.45652226
0.21717757 	-0.0052330411 	-1.4489109e-09 	-1.8902178e-09 	0.45578392
0.2174205 	-0.0051805183 	-1.4536553e-09 	-1.896542e-09 	0.45504558
0.21766342 	-0.0051279955 	-1.4583998e-09 	-1.9028662e-09 	0.45430724
0.21790635 	-0.0050754728 	-1.4631442e-09 	-1.9091904e-09 	0.45356889
0.21814928 	-0.00502295 	-1.4678887e-09 	-1.9155145e-09 	0.45283055
0.21839221 	-0.0049704272 	-1.4726331e-09 	-1.9218387e-09 	0.45209221
0.21863514 	-0.0049179045 	-1.4773776e-09 	-1.9281629e-09 	0.45135387
0.21887806 	-0.0048653817 	-1.482122e-09 	-1.9344871e-09 	0.45061552
0.21912099 	-0.0048132009 	-1.4860054e-09 	-1.9398227e-09 	0.44988582
0.21936392 	-0.0047610262 	-1.4898737e-09 	-1.9451409e-09 	0.44915626
0.21960685 	-0.0047088514 	-1.4937419e-09 	-1.9504591e-09 	0.44842671
0.21984977 	-0.0046566767 	-1.4976102e-09 	-1.9557772e-09 	0.44769716
0.2200927 	-0.004604502 	-1.5014784e-09 	-1.9610954e-09 	0.4469676
0.22033563 	-0.0045523272 	-1.5053466e-09 	-1.9664136e-09 	0.44623805
0.22057856 	-0.0045001525 	-1.5092149e-09 	-1.9717318e-09 	0.4455085
0.22082149 	-0.0044479777 	-1.5130831e-09 	-1.97705e-09 	0.44477894
0.22106441 	-0.004395803 	-1.5169513e-09 	-1.9823682e-09 	0.44404939
0.22130734 	-0.0043436283 	-1.5208196e-09 	-1.9876863e-09 	0.44331984
0.22155027 	-0.0042917401 	-1.5236531e-09 	-1.9915295e-09 	0.4425954
0.2217932 	-0.0042400427 	-1.5257975e-09 	-1.9943904e-09 	0.44187437
0.22203613 	-0.0041883454 	-1.5279419e-09 	-1.9972513e-09 	0.44115334
0.22227905 	-0.004136648 	-1.5300863e-09 	-2.0001122e-09 	0.44043232
0.22252198 	-0.0040849507 	-1.5322307e-09 	-2.0029731e-09 	0.43971129
0.22276491 	-0.0040332533 	-1.5343751e-09 	-2.005834e-09 	0.43899026
0.22300784 	-0.003981556 	-1.5365195e-09 	-2.0086949e-09 	0.43826923
0.22325077 	-0.0039298587 	-1.5386639e-09 	-2.0115558e-09 	0.4375482
0.22349369 	-0.0038781613 	-1.5408083e-09 	-2.0144167e-09 	0.43682718
0.22373662 	-0.003826464 	-1.5429527e-09 	-2.0172776e-09 	0.43610615
0.22397955 	-0.0037748012 	-1.5447068e-09 	-2.0196362e-09 	0.43538599
0.22422248 	-0.0037234678 	-1.542749e-09 	-2.0172181e-09 	0.43467414
0.22446541 	-0.0036721344 	-1.5407912e-09 	-2.0148e-09 	0.4339623
0.22470833 	-0.003620801 	-1.5388335e-09 	-2.0123819e-09 	0.43325045
0.22495126 	-0.0035694676 	-1.5368757e-09 	-2.0099637e-09 	0.4325386
0.22519419 	-0.0035181342 	-1.5349179e-09 	-2.0075456e-09 	0.43182675
0.22543712 	-0.0034668008 	-1.5329602e-09 	-2.0051275e-09 	0.4311149
0.22568005 	-0.0034154674 	-1.5310024e-09 	-2.0027094e-09 	0.43040306
0.22592297 	-0.003364134 	-1.5290446e-09 	-2.0002912e-09 	0.42969121
0.2261659 	-0.0033128005 	-1.5270869e-09 	-1.9978731e-09 	0.42897936
0.22640883 	-0.0032614671 	-1.5251291e-09 	-1.995455e-09 	0.42826751
0.22665176 	-0.0032105458 	-1.5219117e-09 	-1.9913955e-09 	0.42755906
0.22689468 	-0.0031600967 	-1.5172502e-09 	-1.9854542e-09 	0.42685451
0.22713761 	-0.0031096477 	-1.5125887e-09 	-1.979513e-09 	0.42614996
0.22738054 	-0.0030591987 	-1.5079271e-09 	-1.9735717e-09 	0.4254454
0.22762347 	-0.0030087497 	-1.5032656e-09 	-1.9676304e-09 	0.42474085
0.2278664 	-0.0029583007 	-1.4986041e-09 	-1.9616892e-09 	0.4240363
0.22810932 	-0.0029078517 	-1.4939426e-09 	-1.9557479e-09 	0.42333175
0.22835225 	-0.0028574027 	-1.4892811e-09 	-1.9498067e-09 	0.42262719
0.22859518 	-0.0028069537 	-1.4846196e-09 	-1.9438654e-09 	0.42192264
0.22883811 	-0.0027565047 	-1.4799581e-09 	-1.9379242e-09 	0.42121809
0.22908104 	-0.0027060557 	-1.4752966e-09 	-1.9319829e-09 	0.42051354
0.22932396 	-0.0026554751 	-1.473277e-09 	-1.9296657e-09 	0.41981798
0.22956689 	-0.0026048411 	-1.4723312e-09 	-1.9288213e-09 	0.41912608
0.22980982 	-0.0025542072 	-1.4713854e-09 	-1.9279769e-09 	0.41843418
0.23005275 	-0.0025035732 	-1.4704396e-09 	-1.9271325e-09 	0.41774228
0.23029568 	-0.0024529392 	-1.4694937e-09 	-1.9262881e-09 	0.41705038
0.2305386 	-0.0024023052 	-1.4685479e-09 	-1.9254437e-09 	0.41635848
0.23078153 	-0.0023516713 	-1.4676021e-09 	-1.9245994e-09 	0.41566657
0.23102446 	-0.0023010373 	-1.4666562e-09 	-1.923755e-09 	0.41497467
0.23126739 	-0.0022504033 	-1.4657104e-09 	-1.9229106e-09 	0.41428277
0.23151032 	-0.0021997693 	-1.4647646e-09 	-1.9220662e-09 	0.41359087
0.23175324 	-0.0021491353 	-1.4638188e-09 	-1.9212218e-09 	0.41289897
0.23199617 	-0.0021002468 	-1.4508196e-09 	-1.9040613e-09 	0.41220262
0.2322391 	-0.0020517181 	-1.4353356e-09 	-1.8835371e-09 	0.41150536
0.23248203 	-0.0020031895 	-1.4198516e-09 	-1.8630129e-09 	0.41080809
0.23272495 	-0.0019546608 	-1.4043676e-09 	-1.8424888e-09 	0.41011083
0.23296788 	-0.0019061321 	-1.3888836e-09 	-1.8219646e-09 	0.40941357
0.23321081 	-0.0018576034 	-1.3733997e-09 	-1.8014404e-09 	0.4087163
0.23345374 	-0.0018090747 	-1.3579157e-09 	-1.7809162e-09 	0.40801904
0.23369667 	-0.0017605461 	-1.3424317e-09 	-1.7603921e-09 	0.40732177
0.23393959 	-0.0017120174 	-1.3269477e-09 	-1.7398679e-09 	0.40662451
0.23418252 	-0.0016634887 	-1.3114637e-09 	-1.7193437e-09 	0.40592725
0.23442545 	-0.00161496 	-1.2959797e-09 	-1.6988196e-09 	0.40522998
0.23466838 	-0.0015640095 	-1.2776219e-09 	-1.6745411e-09 	0.40457742
0.23491131 	-0.001512522 	-1.258627e-09 	-1.6494302e-09 	0.40393477
0.23515423 	-0.0014610345 	-1.2396321e-09 	-1.6243194e-09 	0.40329212
0.23539716 	-0.001409547 	-1.2206372e-09 	-1.5992085e-09 	0.40264947
0.23564009 	-0.0013580595 	-1.2016423e-09 	-1.5740977e-09 	0.40200682
0.23588302 	-0.001306572 	-1.1826474e-09 	-1.5489868e-09 	0.40136417
0.23612595 	-0.0012550845 	-1.1636525e-09 	-1.523876e-09 	0.40072152
0.23636887 	-0.001203597 	-1.1446575e-09 	-1.4987652e-09 	0.40007887
0.2366118 	-0.0011521095 	-1.1256626e-09 	-1.4736543e-09 	0.39943622
0.23685473 	-0.001100622 	-1.1066677e-09 	-1.4485435e-09 	0.39879357
0.23709766 	-0.0010491345 	-1.0876728e-09 	-1.4234326e-09 	0.39815092
0.23734059 	-0.0010018785 	-1.0917812e-09 	-1.4292849e-09 	0.39739836
0.23758351 	-0.00095663335 	-1.106869e-09 	-1.4498518e-09 	0.39659357
0.23782644 	-0.00091138822 	-1.1219568e-09 	-1.4704186e-09 	0.39578878
0.23806937 	-0.00086614309 	-1.1370446e-09 	-1.4909855e-09 	0.39498399
0.2383123 	-0.00082089796 	-1.1521324e-09 	-1.5115524e-09 	0.3941792
0.23855523 	-0.00077565283 	-1.1672202e-09 	-1.5321193e-09 	0.3933744
0.23879815 	-0.0007304077 	-1.182308e-09 	-1.5526862e-09 	0.39256961
0.23904108 	-0.00068516258 	-1.1973958e-09 	-1.573253e-09 	0.39176482
0.23928401 	-0.00063991745 	-1.2124836e-09 	-1.5938199e-09 	0.39096003
0.23952694 	-0.00059467232 	-1.2275714e-09 	-1.6143868e-09 	0.39015524
0.23976986 	-0.00054942719 	-1.2426592e-09 	-1.6349537e-09 	0.38935045
0.24001279 	-0.00050395146 	-1.2588594e-09 	-1.6567914e-09 	0.38866006
0.24025572 	-0.00045813769 	-1.2766904e-09 	-1.6804922e-09 	0.38813739
0.24049865 	-0.00041232392 	-1.2945214e-09 	-1.704193e-09 	0.38761471
0.24074158 	-0.00036651015 	-1.3123523e-09 	-1.7278938e-09 	0.38709203
0.2409845 	-0.00032069638 	-1.3301833e-09 	-1.7515946e-09 	0.38656935
0.24122743 	-0.00027488261 	-1.3480142e-09 	-1.7752953e-09 	0.38604668
0.24147036 	-0.00022906884 	-1.3658452e-09 	-1.7989961e-09 	0.385524
0.24171329 	-0.00018325507 	-1.3836762e-09 	-1.8226969e-09 	0.38500132
0.24195622 	-0.00013744131 	-1.4015071e-09 	-1.8463977e-09 	0.38447864
0.24219914 	-9.1627537e-05 	-1.4193381e-09 	-1.8700984e-09 	0.38395597
0.24244207 	-4.5813769e-05 	-1.437169e-09 	-1.8937992e-09 	0.38343329
0.242685 	0 	-1.455e-09 	-1.9175e-09 	0.38291061
