-0.0034234234 	0.28407468 	-5.8484855e-14 	0.00012090164 	0.00077166273
-0.0034154154 	0.28407138 	-2.6212418e-13 	0.00054187095 	0.0034585272
-0.0034074074 	0.28406761 	-4.7023283e-13 	0.0010023535 	0.0063980398
-0.0033993994 	0.28406336 	-6.8284608e-13 	0.001502661 	0.0095921941
-0.0033913914 	0.28405912 	-8.9545933e-13 	0.0020029685 	0.012786348
-0.0033833834 	0.28405488 	-1.1080726e-12 	0.002503276 	0.015980503
-0.0033753754 	0.28405064 	-1.3206858e-12 	0.0030035835 	0.019174657
-0.0033673674 	0.28404639 	-1.5332991e-12 	0.0035038911 	0.022368812
-0.0033593594 	0.28404215 	-1.7459123e-12 	0.0040041986 	0.025562966
-0.0033513514 	0.28403791 	-1.9585256e-12 	0.0045045061 	0.02875712
-0.0033433433 	0.28403367 	-2.1711388e-12 	0.0050048136 	0.031951275
-0.0033353353 	0.28402942 	-2.3837521e-12 	0.0055051211 	0.035145429
-0.0033273273 	0.28402526 	-2.4181647e-12 	0.0059213489 	0.037861424
-0.0033193193 	0.28402118 	-2.2385882e-12 	0.0062366111 	0.040003228
-0.0033113113 	0.28401695 	-2.0544002e-12 	0.0065823352 	0.042367786
-0.0033033033 	0.28401259 	-1.8668511e-12 	0.0069502615 	0.044894697
-0.0032952953 	0.28400824 	-1.679302e-12 	0.0073181879 	0.047421608
-0.0032872873 	0.28400388 	-1.4917529e-12 	0.0076861142 	0.049948519
-0.0032792793 	0.28399953 	-1.3042038e-12 	0.0080540405 	0.05247543
-0.0032712713 	0.28399517 	-1.1166547e-12 	0.0084219668 	0.055002341
-0.0032632633 	0.28399082 	-9.2910556e-13 	0.0087898931 	0.057529252
-0.0032552553 	0.28398646 	-7.4155645e-13 	0.0091578195 	0.060056163
-0.0032472472 	0.28398211 	-5.5400735e-13 	0.0095257458 	0.062583074
-0.0032392392 	0.28397775 	-3.6645825e-13 	0.0098936721 	0.065109985
-0.0032312312 	0.2839734 	-1.7890914e-13 	0.010261598 	0.067636897
-0.0032232232 	0.28396907 	8.6499312e-18 	0.010622573 	0.070124485
-0.0032152152 	0.28396539 	7.8314635e-18 	0.010839456 	0.071796949
-0.0032072072 	0.28396167 	7.1300469e-18 	0.011060495 	0.073502469
-0.0031991992 	0.28395767 	7.3097807e-18 	0.011312826 	0.075456826
-0.0031911912 	0.28395368 	7.4895144e-18 	0.011565156 	0.077411183
-0.0031831832 	0.28394969 	7.6692482e-18 	0.011817487 	0.07936554
-0.0031751752 	0.2839457 	7.848982e-18 	0.012069817 	0.081319898
-0.0031671672 	0.28394171 	8.0287157e-18 	0.012322148 	0.083274255
-0.0031591592 	0.28393772 	8.2084495e-18 	0.012574478 	0.085228612
-0.0031511512 	0.28393372 	8.3881832e-18 	0.012826809 	0.087182969
-0.0031431431 	0.28392973 	8.567917e-18 	0.013079139 	0.089137327
-0.0031351351 	0.28392574 	8.7476507e-18 	0.013331469 	0.091091684
-0.0031271271 	0.28392175 	8.9273845e-18 	0.0135838 	0.093046041
-0.0031191191 	0.28391776 	9.1071183e-18 	0.01383613 	0.095000399
-0.0031111111 	0.28391377 	9.286852e-18 	0.014088461 	0.096954756
-0.0031031031 	0.28390977 	9.4665858e-18 	0.014340791 	0.098909113
-0.0030950951 	0.28390635 	9.6252204e-18 	0.014491082 	0.10025171
-0.0030870871 	0.28390303 	9.7802706e-18 	0.014624037 	0.10149038
-0.0030790791 	0.28389948 	9.0205624e-18 	0.014775574 	0.10290775
-0.0030710711 	0.28389591 	8.1873694e-18 	0.014928603 	0.10433947
-0.0030630631 	0.28389233 	7.3541763e-18 	0.015081632 	0.1057712
-0.0030550551 	0.28388876 	6.5209833e-18 	0.015234661 	0.10720293
-0.003047047 	0.28388519 	5.6877902e-18 	0.01538769 	0.10863465
-0.003039039 	0.28388162 	4.8545971e-18 	0.015540718 	0.11006638
-0.003031031 	0.28387804 	4.0214041e-18 	0.015693747 	0.1114981
-0.003023023 	0.28387447 	3.188211e-18 	0.015846776 	0.11292983
-0.003015015 	0.2838709 	2.3550179e-18 	0.015999805 	0.11436155
-0.003007007 	0.28386733 	1.5218249e-18 	0.016152834 	0.11579328
-0.002998999 	0.28386376 	6.8863182e-19 	0.016305863 	0.11722501
-0.002990991 	0.28386018 	-1.4456125e-19 	0.016458892 	0.11865673
-0.002982983 	0.28385661 	-9.7775431e-19 	0.016611921 	0.12008846
-0.002974975 	0.28385304 	-1.8109474e-18 	0.01676495 	0.12152018
-0.002966967 	0.28384947 	-2.6441404e-18 	0.016917979 	0.12295191
-0.002958959 	0.28384624 	-2.8305131e-18 	0.017014907 	0.12402088
-0.002950951 	0.28384319 	-2.6637305e-18 	0.017081205 	0.12489179
-0.0029429429 	0.28384 	-2.2782594e-18 	0.017154473 	0.1258606
-0.0029349349 	0.28383677 	-1.8363929e-18 	0.017229538 	0.12685465
-0.0029269269 	0.28383354 	-1.3945264e-18 	0.017304603 	0.1278487
-0.0029189189 	0.28383031 	-9.5265995e-19 	0.017379668 	0.12884275
-0.0029109109 	0.28382709 	-5.1079346e-19 	0.017454733 	0.12983681
-0.0029029029 	0.28382386 	-6.892697e-20 	0.017529798 	0.13083086
-0.0028948949 	0.28382063 	3.7293952e-19 	0.017604864 	0.13182491
-0.0028868869 	0.2838174 	8.1480601e-19 	0.017679929 	0.13281896
-0.0028788789 	0.28381417 	1.2566725e-18 	0.017754994 	0.13381301
-0.0028708709 	0.28381094 	1.698539e-18 	0.017830059 	0.13480707
-0.0028628629 	0.28380772 	2.1404055e-18 	0.017905124 	0.13580112
-0.0028548549 	0.28380449 	2.582272e-18 	0.017980189 	0.13679517
-0.0028468468 	0.28380126 	3.0241385e-18 	0.018055254 	0.13778922
-0.0028388388 	0.28379803 	3.466005e-18 	0.01813032 	0.13878327
-0.0028308308 	0.2837948 	3.9078714e-18 	0.018205385 	0.13977733
-0.0028228228 	0.28379158 	4.3497379e-18 	0.01828045 	0.14077138
-0.0028148148 	0.28378835 	4.7916044e-18 	0.018355515 	0.14176543
-0.0028068068 	0.28378518 	5.2773832e-18 	0.018421411 	0.14269449
-0.0027987988 	0.28378237 	5.9958083e-18 	0.018438729 	0.1432792
-0.0027907908 	0.28377949 	6.5556458e-18 	0.018456645 	0.14389999
-0.0027827828 	0.28377655 	6.9545736e-18 	0.018475166 	0.14455738
-0.0027747748 	0.28377361 	7.3535014e-18 	0.018493687 	0.14521477
-0.0027667668 	0.28377067 	7.7524291e-18 	0.018512208 	0.14587216
-0.0027587588 	0.28376773 	8.1513569e-18 	0.018530729 	0.14652955
-0.0027507508 	0.2837648 	8.5502847e-18 	0.018549249 	0.14718695
-0.0027427427 	0.28376186 	8.9492125e-18 	0.01856777 	0.14784434
-0.0027347347 	0.28375892 	9.3481403e-18 	0.018586291 	0.14850173
-0.0027267267 	0.28375598 	9.747068e-18 	0.018604812 	0.14915912
-0.0027187187 	0.28375304 	1.0145996e-17 	0.018623333 	0.14981651
-0.0027107107 	0.2837501 	1.0544924e-17 	0.018641854 	0.1504739
-0.0027027027 	0.28374716 	1.0943851e-17 	0.018660375 	0.15113129
-0.0026946947 	0.28374422 	1.1342779e-17 	0.018678896 	0.15178868
-0.0026866867 	0.28374128 	1.1741707e-17 	0.018697417 	0.15244607
-0.0026786787 	0.28373834 	1.2140635e-17 	0.018715938 	0.15310346
-0.0026706707 	0.2837354 	1.2539562e-17 	0.018734459 	0.15376085
-0.0026626627 	0.28373246 	1.293849e-17 	0.01875298 	0.15441824
-0.0026546547 	0.28372952 	1.3337418e-17 	0.018771501 	0.15507563
-0.0026466466 	0.28372659 	1.3736346e-17 	0.018790022 	0.15573302
-0.0026386386 	0.28372365 	1.4135274e-17 	0.018808542 	0.15639041
-0.0026306306 	0.28372074 	-4.5280272e-14 	0.01882384 	0.15702164
-0.0026226226 	0.28371812 	-5.2534175e-13 	0.0188082 	0.15740176
-0.0026146146 	0.28371546 	-6.2054692e-13 	0.018789832 	0.15781244
-0.0026066066 	0.28371277 	-6.0741116e-13 	0.018770697 	0.15823171
-0.0025985986 	0.28371009 	-5.942754e-13 	0.018751561 	0.15865098
-0.0025905906 	0.28370741 	-5.8113964e-13 	0.018732425 	0.15907026
-0.0025825826 	0.28370473 	-5.6800388e-13 	0.01871329 	0.15948953
-0.0025745746 	0.28370204 	-5.5486812e-13 	0.018694154 	0.15990881
-0.0025665666 	0.28369936 	-5.4173236e-13 	0.018675019 	0.16032808
-0.0025585586 	0.28369668 	-5.285966e-13 	0.018655883 	0.16074736
-0.0025505506 	0.283694 	-5.1546084e-13 	0.018636748 	0.16116663
-0.0025425425 	0.28369131 	-5.0232508e-13 	0.018617612 	0.16158591
-0.0025345345 	0.28368863 	-4.8918932e-13 	0.018598477 	0.16200518
-0.0025265265 	0.28368595 	-4.7605356e-13 	0.018579341 	0.16242446
-0.0025185185 	0.28368327 	-4.629178e-13 	0.018560206 	0.16284373
-0.0025105105 	0.28368058 	-4.4978204e-13 	0.01854107 	0.163263
-0.0025025025 	0.2836779 	-4.3664628e-13 	0.018521935 	0.16368228
-0.0024944945 	0.28367522 	-4.2351052e-13 	0.018502799 	0.16410155
-0.0024864865 	0.28367254 	-4.1037476e-13 	0.018483664 	0.16452083
-0.0024784785 	0.28366985 	-3.97239e-13 	0.018464528 	0.1649401
-0.0024704705 	0.28366717 	-3.8410324e-13 	0.018445393 	0.16535938
-0.0024624625 	0.28366449 	-3.7096748e-13 	0.018426257 	0.16577865
-0.0024544545 	0.28366181 	-3.5783172e-13 	0.018407122 	0.16619793
-0.0024464464 	0.28365913 	-3.4469596e-13 	0.018387986 	0.1666172
-0.0024384384 	0.28365644 	-3.315602e-13 	0.018368851 	0.16703648
-0.0024304304 	0.28365379 	-3.1814305e-13 	0.018347691 	0.16743474
-0.0024224224 	0.28365136 	-3.0358606e-13 	0.018309463 	0.16768724
-0.0024144144 	0.28364892 	-2.9052237e-13 	0.018267377 	0.16795132
-0.0024064064 	0.28364648 	-2.7745869e-13 	0.01822529 	0.1682154
-0.0023983984 	0.28364404 	-2.6439501e-13 	0.018183204 	0.16847947
-0.0023903904 	0.2836416 	-2.5133133e-13 	0.018141117 	0.16874355
-0.0023823824 	0.28363916 	-2.3826764e-13 	0.018099031 	0.16900763
-0.0023743744 	0.28363672 	-2.2520396e-13 	0.018056944 	0.1692717
-0.0023663664 	0.28363427 	-2.1214028e-13 	0.018014858 	0.16953578
-0.0023583584 	0.28363183 	-1.9907659e-13 	0.017972771 	0.16979986
-0.0023503504 	0.28362939 	-1.8601291e-13 	0.017930684 	0.17006393
-0.0023423423 	0.28362695 	-1.7294923e-13 	0.017888598 	0.17032801
-0.0023343343 	0.28362451 	-1.5988554e-13 	0.017846511 	0.17059209
-0.0023263263 	0.28362207 	-1.4682186e-13 	0.017804425 	0.17085617
-0.0023183183 	0.28361963 	-1.3375818e-13 	0.017762338 	0.17112024
-0.0023103103 	0.28361719 	-1.2069449e-13 	0.017720252 	0.17138432
-0.0023023023 	0.28361475 	-1.0763081e-13 	0.017678165 	0.1716484
-0.0022942943 	0.28361231 	-9.4567127e-14 	0.017636079 	0.17191247
-0.0022862863 	0.28360987 	-8.1503444e-14 	0.017593992 	0.17217655
-0.0022782783 	0.28360743 	-6.8439761e-14 	0.017551905 	0.17244063
-0.0022702703 	0.28360499 	-5.5376078e-14 	0.017509819 	0.1727047
-0.0022622623 	0.28360255 	-4.2312395e-14 	0.017467732 	0.17296878
-0.0022542543 	0.2836001 	-2.9248712e-14 	0.017425646 	0.17323286
-0.0022462462 	0.28359766 	-1.6185028e-14 	0.017383559 	0.17349693
-0.0022382382 	0.28359522 	-3.1213453e-15 	0.017341473 	0.17376101
-0.0022302302 	0.28359215 	4.0023882e-18 	0.017299771 	0.17402665
-0.0022222222 	0.28358888 	4.3354724e-18 	0.017258191 	0.17429278
-0.0022142142 	0.28358561 	4.6685565e-18 	0.01721661 	0.17455891
-0.0022062062 	0.28358234 	5.0016407e-18 	0.01717503 	0.17482504
-0.0021981982 	0.28357935 	5.4774961e-18 	0.017121489 	0.17501214
-0.0021901902 	0.28357634 	5.9483946e-18 	0.017067086 	0.17518448
-0.0021821822 	0.28357333 	6.4192932e-18 	0.017012683 	0.17535683
-0.0021741742 	0.28357033 	6.8901917e-18 	0.01695828 	0.17552917
-0.0021661662 	0.28356732 	7.3610903e-18 	0.016903878 	0.17570152
-0.0021581582 	0.28356431 	7.8319888e-18 	0.016849475 	0.17587386
-0.0021501502 	0.2835613 	8.3028873e-18 	0.016795072 	0.17604621
-0.0021421421 	0.2835583 	8.7737859e-18 	0.01674067 	0.17621855
-0.0021341341 	0.28355529 	9.2446844e-18 	0.016686267 	0.1763909
-0.0021261261 	0.28355228 	9.715583e-18 	0.016631864 	0.17656324
-0.0021181181 	0.28354927 	1.0186482e-17 	0.016577461 	0.17673559
-0.0021101101 	0.28354626 	1.065738e-17 	0.016523059 	0.17690793
-0.0021021021 	0.28354326 	1.1128279e-17 	0.016468656 	0.17708028
-0.0020940941 	0.28354025 	1.1599177e-17 	0.016414253 	0.17725262
-0.0020860861 	0.28353724 	1.2070076e-17 	0.01635985 	0.17742497
-0.0020780781 	0.28353423 	1.2540974e-17 	0.016305448 	0.17759731
-0.0020700701 	0.28353123 	1.3011873e-17 	0.016251045 	0.17776966
-0.0020620621 	0.28352822 	1.3482771e-17 	0.016196642 	0.177942
-0.0020540541 	0.28352521 	1.395367e-17 	0.016142239 	0.17811435
-0.002046046 	0.2835222 	1.4424568e-17 	0.016087837 	0.17828669
-0.002038038 	0.2835192 	1.4895467e-17 	0.016033434 	0.17845904
-0.00203003 	0.28351619 	1.5366365e-17 	0.015979031 	0.17863138
-0.002022022 	0.28351318 	1.5837264e-17 	0.015924628 	0.17880373
-0.002014014 	0.28351017 	1.6308163e-17 	0.015870226 	0.17897607
-0.002006006 	0.28350717 	1.6779061e-17 	0.015815823 	0.17914842
-0.001997998 	0.28350416 	1.724996e-17 	0.01576142 	0.17932076
-0.00198999 	0.28350115 	1.7720858e-17 	0.015707017 	0.17949311
-0.001981982 	0.28349814 	1.8191757e-17 	0.015652615 	0.17966545
-0.001973974 	0.28349514 	1.8662655e-17 	0.015598212 	0.1798378
-0.001965966 	0.28349213 	1.9133554e-17 	0.015543809 	0.18001014
-0.001957958 	0.28348914 	1.9581844e-17 	0.015489115 	0.1801827
-0.0019499499 	0.28348664 	1.9291426e-17 	0.015424881 	0.18036218
-0.0019419419 	0.28348398 	1.8570534e-17 	0.015364235 	0.18048505
-0.0019339339 	0.28348131 	1.7808148e-17 	0.015303934 	0.18060246
-0.0019259259 	0.28347863 	1.7045762e-17 	0.015243634 	0.18071987
-0.0019179179 	0.28347596 	1.6283376e-17 	0.015183333 	0.18083729
-0.0019099099 	0.28347329 	1.552099e-17 	0.015123032 	0.1809547
-0.0019019019 	0.28347061 	1.4758604e-17 	0.015062732 	0.18107212
-0.0018938939 	0.28346794 	1.3996218e-17 	0.015002431 	0.18118953
-0.0018858859 	0.28346527 	1.3233832e-17 	0.014942131 	0.18130695
-0.0018778779 	0.2834626 	1.2471446e-17 	0.01488183 	0.18142436
-0.0018698699 	0.28345992 	1.170906e-17 	0.014821529 	0.18154177
-0.0018618619 	0.28345725 	1.0946674e-17 	0.014761229 	0.18165919
-0.0018538539 	0.28345458 	1.0184288e-17 	0.014700928 	0.1817766
-0.0018458458 	0.28345191 	9.4219015e-18 	0.014640627 	0.18189402
-0.0018378378 	0.28344923 	8.6595154e-18 	0.014580327 	0.18201143
-0.0018298298 	0.28344656 	7.8971294e-18 	0.014520026 	0.18212885
-0.0018218218 	0.28344389 	7.1347433e-18 	0.014459726 	0.18224626
-0.0018138138 	0.28344121 	6.3723572e-18 	0.014399425 	0.18236367
-0.0018058058 	0.28343854 	5.6099712e-18 	0.014339124 	0.18248109
-0.0017977978 	0.28343587 	4.8475851e-18 	0.014278824 	0.1825985
-0.0017897898 	0.2834332 	4.085199e-18 	0.014218523 	0.18271592
-0.0017817818 	0.28343052 	3.322813e-18 	0.014158223 	0.18283333
-0.0017737738 	0.28342785 	2.5604269e-18 	0.014097922 	0.18295074
-0.0017657658 	0.28342518 	1.7980408e-18 	0.014037621 	0.18306816
-0.0017577578 	0.28342251 	1.0356548e-18 	0.013977321 	0.18318557
-0.0017497497 	0.28341983 	2.732687e-19 	0.01391702 	0.18330299
-0.0017417417 	0.28341716 	-4.8911737e-19 	0.013856719 	0.1834204
-0.0017337337 	0.28341449 	-1.2515034e-18 	0.013796419 	0.18353782
-0.0017257257 	0.28341181 	-2.0138895e-18 	0.013736118 	0.18365523
-0.0017177177 	0.28340914 	-2.7762756e-18 	0.013675818 	0.18377264
-0.0017097097 	0.28340647 	-3.5386616e-18 	0.013615517 	0.18389006
-0.0017017017 	0.2834038 	-4.3010477e-18 	0.013555216 	0.18400747
-0.0016936937 	0.28340112 	-5.0634338e-18 	0.013494916 	0.18412489
-0.0016856857 	0.28339845 	-5.8258198e-18 	0.013434615 	0.1842423
-0.0016776777 	0.283396 	-6.2151016e-18 	0.013370348 	0.18435979
-0.0016696697 	0.28339393 	-5.9624585e-18 	0.013299257 	0.18447739
-0.0016616617 	0.28339186 	-5.7098154e-18 	0.013228165 	0.18459499
-0.0016536537 	0.28338967 	-5.7513071e-18 	0.013166905 	0.18468515
-0.0016456456 	0.28338744 	-5.8676502e-18 	0.013108146 	0.18476832
-0.0016376376 	0.28338522 	-5.9839932e-18 	0.013049388 	0.18485149
-0.0016296296 	0.28338299 	-6.1003362e-18 	0.012990629 	0.18493467
-0.0016216216 	0.28338077 	-6.2166792e-18 	0.01293187 	0.18501784
-0.0016136136 	0.28337854 	-6.3330222e-18 	0.012873112 	0.18510101
-0.0016056056 	0.28337632 	-6.4493652e-18 	0.012814353 	0.18518418
-0.0015975976 	0.28337409 	-6.5657082e-18 	0.012755595 	0.18526736
-0.0015895896 	0.28337187 	-6.6820512e-18 	0.012696836 	0.18535053
-0.0015815816 	0.28336964 	-6.7983942e-18 	0.012638077 	0.1854337
-0.0015735736 	0.28336742 	-6.9147372e-18 	0.012579319 	0.18551687
-0.0015655656 	0.28336519 	-7.0310803e-18 	0.01252056 	0.18560005
-0.0015575576 	0.28336297 	-7.1474233e-18 	0.012461801 	0.18568322
-0.0015495495 	0.28336074 	-7.2637663e-18 	0.012403043 	0.18576639
-0.0015415415 	0.28335852 	-7.3801093e-18 	0.012344284 	0.18584956
-0.0015335335 	0.28335629 	-7.4964523e-18 	0.012285525 	0.18593274
-0.0015255255 	0.28335407 	-7.6127953e-18 	0.012226767 	0.18601591
-0.0015175175 	0.28335184 	-7.7291383e-18 	0.012168008 	0.18609908
-0.0015095095 	0.28334962 	-7.8454813e-18 	0.01210925 	0.18618225
-0.0015015015 	0.28334739 	-7.9618243e-18 	0.012050491 	0.18626543
-0.0014934935 	0.28334517 	-8.0781673e-18 	0.011991732 	0.1863486
-0.0014854855 	0.28334294 	-8.1945104e-18 	0.011932974 	0.18643177
-0.0014774775 	0.28334072 	-8.3108534e-18 	0.011874215 	0.18651494
-0.0014694695 	0.28333849 	-8.4271964e-18 	0.011815456 	0.18659811
-0.0014614615 	0.28333627 	-8.5435394e-18 	0.011756698 	0.18668129
-0.0014534535 	0.28333404 	-8.6598824e-18 	0.011697939 	0.18676446
-0.0014454454 	0.28333182 	-8.7762254e-18 	0.011639181 	0.18684763
-0.0014374374 	0.28332959 	-8.8925684e-18 	0.011580422 	0.1869308
-0.0014294294 	0.28332736 	-9.0089114e-18 	0.011521663 	0.18701398
-0.0014214214 	0.28332514 	-9.1252544e-18 	0.011462905 	0.18709715
-0.0014134134 	0.28332291 	-9.2415974e-18 	0.011404146 	0.18718032
-0.0014054054 	0.28332069 	-9.3579405e-18 	0.011345387 	0.18726349
-0.0013973974 	0.28331846 	-9.4742835e-18 	0.011286629 	0.18734667
-0.0013893894 	0.28331624 	-9.5906265e-18 	0.01122787 	0.18742984
-0.0013813814 	0.28331401 	-9.7069695e-18 	0.011169112 	0.18751301
-0.0013733734 	0.28331179 	-9.8233125e-18 	0.011110353 	0.18759618
-0.0013653654 	0.28331014 	-9.8225157e-18 	0.01104832 	0.18767694
-0.0013573574 	0.28330883 	-9.7528619e-18 	0.010984363 	0.18775627
-0.0013493493 	0.28330752 	-9.6832081e-18 	0.010920406 	0.1878356
-0.0013413413 	0.28330621 	-9.6135543e-18 	0.010856448 	0.18791493
-0.0013333333 	0.28330489 	-9.5441982e-18 	0.010792469 	0.18799412
-0.0013253253 	0.28330289 	-9.5076321e-18 	0.010726028 	0.18805796
-0.0013173173 	0.28330089 	-9.4710659e-18 	0.010659587 	0.1881218
-0.0013093093 	0.2832989 	-9.4344998e-18 	0.010593146 	0.18818564
-0.0013013013 	0.2832969 	-9.3979337e-18 	0.010526705 	0.18824949
-0.0012932933 	0.2832949 	-9.3613676e-18 	0.010460264 	0.18831333
-0.0012852853 	0.2832929 	-9.3248014e-18 	0.010393823 	0.18837717
-0.0012772773 	0.2832909 	-9.2882353e-18 	0.010327382 	0.18844101
-0.0012692693 	0.2832889 	-9.2516692e-18 	0.010260941 	0.18850486
-0.0012612613 	0.2832869 	-9.2151031e-18 	0.0101945 	0.1885687
-0.0012532533 	0.2832849 	-9.1785369e-18 	0.010128059 	0.18863254
-0.0012452452 	0.28328291 	-9.1419708e-18 	0.010061618 	0.18869638
-0.0012372372 	0.28328091 	-9.1054047e-18 	0.0099951772 	0.18876023
-0.0012292292 	0.28327891 	-9.0688386e-18 	0.0099287362 	0.18882407
-0.0012212212 	0.28327691 	-9.0322724e-18 	0.0098622952 	0.18888791
-0.0012132132 	0.28327491 	-8.9957063e-18 	0.0097958543 	0.18895175
-0.0012052052 	0.28327291 	-8.9591402e-18 	0.0097294133 	0.1890156
-0.0011971972 	0.28327091 	-8.9225741e-18 	0.0096629724 	0.18907944
-0.0011891892 	0.28326892 	-8.8860079e-18 	0.0095965314 	0.18914328
-0.0011811812 	0.28326692 	-8.8494418e-18 	0.0095300904 	0.18920712
-0.0011731732 	0.28326492 	-8.8128757e-18 	0.0094636495 	0.18927097
-0.0011651652 	0.28326292 	-8.7763096e-18 	0.0093972085 	0.18933481
-0.0011571572 	0.28326092 	-8.7397434e-18 	0.0093307675 	0.18939865
-0.0011491491 	0.28325892 	-8.7031773e-18 	0.0092643266 	0.18946249
-0.0011411411 	0.28325692 	-8.6666112e-18 	0.0091978856 	0.18952634
-0.0011331331 	0.28325493 	-8.6300451e-18 	0.0091314447 	0.18959018
-0.0011251251 	0.28325293 	-8.5934789e-18 	0.0090650037 	0.18965402
-0.0011171171 	0.28325093 	-8.5569128e-18 	0.0089985627 	0.18971786
-0.0011091091 	0.28324893 	-8.5203467e-18 	0.0089321218 	0.18978171
-0.0011011011 	0.28324693 	-8.4837806e-18 	0.0088656808 	0.18984555
-0.0010930931 	0.28324493 	-8.4472145e-18 	0.0087992398 	0.18990939
-0.0010850851 	0.28324293 	-8.4106483e-18 	0.0087327989 	0.18997323
-0.0010770771 	0.28324093 	-8.3740822e-18 	0.0086663579 	0.19003708
-0.0010690691 	0.28323894 	-8.3375161e-18 	0.008599917 	0.19010092
-0.0010610611 	0.28323694 	-8.30095e-18 	0.008533476 	0.19016476
-0.0010530531 	0.28323494 	-8.2643838e-18 	0.008467035 	0.1902286
-0.001045045 	0.28323294 	-8.2278177e-18 	0.0084005941 	0.19029245
-0.001037037 	0.28323094 	-8.1912516e-18 	0.0083341531 	0.19035629
-0.001029029 	0.28322894 	-8.1546855e-18 	0.0082677121 	0.19042013
-0.001021021 	0.28322729 	-8.2291222e-18 	0.0081940486 	0.1904825
-0.001013013 	0.28322603 	-8.4316449e-18 	0.0081120508 	0.19054316
-0.001005005 	0.28322477 	-8.6341675e-18 	0.0080300531 	0.19060382
-0.000996997 	0.28322351 	-8.8366902e-18 	0.0079480554 	0.19066449
-0.00098898899 	0.28322225 	-9.0392129e-18 	0.0078660577 	0.19072515
-0.00098098098 	0.28322098 	-9.2417355e-18 	0.0077840599 	0.19078581
-0.00097297297 	0.28321972 	-9.4442582e-18 	0.0077020622 	0.19084648
-0.00096496496 	0.28321846 	-9.6467809e-18 	0.0076200645 	0.19090714
-0.00095695696 	0.28321729 	-9.7409371e-18 	0.0075494131 	0.19094373
-0.00094894895 	0.28321611 	-9.8335687e-18 	0.0074789213 	0.19097999
-0.00094094094 	0.28321493 	-9.9262004e-18 	0.0074084295 	0.19101625
-0.00093293293 	0.28321375 	-1.0018832e-17 	0.0073379377 	0.1910525
-0.00092492492 	0.28321258 	-1.0111464e-17 	0.007267446 	0.19108876
-0.00091691692 	0.2832114 	-1.0204095e-17 	0.0071969542 	0.19112502
-0.00090890891 	0.28321022 	-1.0296727e-17 	0.0071264624 	0.19116127
-0.0009009009 	0.28320904 	-1.0389359e-17 	0.0070559706 	0.19119753
-0.00089289289 	0.28320787 	-1.048199e-17 	0.0069854789 	0.19123378
-0.00088488488 	0.28320669 	-1.0574622e-17 	0.0069149871 	0.19127004
-0.00087687688 	0.28320562 	-1.0603824e-17 	0.0068483932 	0.1913063
-0.00086886887 	0.28320474 	-1.0514606e-17 	0.0067890763 	0.19134257
-0.00086086086 	0.28320386 	-1.0425388e-17 	0.0067297594 	0.19137884
-0.00085285285 	0.28320299 	-1.0336171e-17 	0.0066704426 	0.19141511
-0.00084484484 	0.28320211 	-1.0246953e-17 	0.0066111257 	0.19145138
-0.00083683684 	0.28320123 	-1.0157736e-17 	0.0065518088 	0.19148765
-0.00082882883 	0.28320036 	-1.0068518e-17 	0.0064924919 	0.19152392
-0.00082082082 	0.28319948 	-9.9793004e-18 	0.0064331751 	0.19156019
-0.00081281281 	0.2831986 	-9.8900828e-18 	0.0063738582 	0.19159646
-0.0008048048 	0.28319772 	-9.8008652e-18 	0.0063145413 	0.19163273
-0.0007967968 	0.28319685 	-9.7116476e-18 	0.0062552245 	0.19166901
-0.00078878879 	0.28319597 	-9.62243e-18 	0.0061959076 	0.19170528
-0.00078078078 	0.28319509 	-9.5332124e-18 	0.0061365907 	0.19174155
-0.00077277277 	0.28319422 	-9.4439948e-18 	0.0060772738 	0.19177782
-0.00076476476 	0.28319334 	-9.3547772e-18 	0.006017957 	0.19181409
-0.00075675676 	0.28319246 	-9.2655596e-18 	0.0059586401 	0.19185036
-0.00074874875 	0.28319159 	-9.176342e-18 	0.0058993232 	0.19188663
-0.00074074074 	0.28319071 	-9.0871244e-18 	0.0058400064 	0.1919229
-0.00073273273 	0.28318983 	-8.9979068e-18 	0.0057806895 	0.19195917
-0.00072472472 	0.28318896 	-8.9086892e-18 	0.0057213726 	0.19199544
-0.00071671672 	0.28318808 	-8.8194716e-18 	0.0056620557 	0.19203171
-0.00070870871 	0.2831872 	-8.730254e-18 	0.0056027389 	0.19206798
-0.0007007007 	0.28318633 	-8.6410364e-18 	0.005543422 	0.19210425
-0.00069269269 	0.28318545 	-8.5518188e-18 	0.0054841051 	0.19214052
-0.00068468468 	0.28318457 	-8.4626012e-18 	0.0054247883 	0.19217679
-0.00067667668 	0.2831837 	-8.3733836e-18 	0.0053654714 	0.19221306
-0.00066866867 	0.28318282 	-8.284166e-18 	0.0053061545 	0.19224933
-0.00066066066 	0.28318194 	-8.1949484e-18 	0.0052468376 	0.1922856
-0.00065265265 	0.28318106 	-8.1057308e-18 	0.0051875208 	0.19232187
-0.00064464464 	0.28318019 	-8.0165132e-18 	0.0051282039 	0.19235814
-0.00063663664 	0.28317931 	-7.9272956e-18 	0.005068887 	0.19239441
-0.00062862863 	0.28317843 	-7.838078e-18 	0.0050095702 	0.19243069
-0.00062062062 	0.28317756 	-7.7488604e-18 	0.0049502533 	0.19246696
-0.00061261261 	0.28317668 	-7.6596428e-18 	0.0048909364 	0.19250323
-0.0006046046 	0.2831758 	-7.5704253e-18 	0.0048316195 	0.1925395
-0.0005965966 	0.28317493 	-7.4812077e-18 	0.0047723027 	0.19257577
-0.00058858859 	0.28317405 	-7.3919901e-18 	0.0047129858 	0.19261204
-0.00058058058 	0.28317317 	-7.3027725e-18 	0.0046536689 	0.19264831
-0.00057257257 	0.2831723 	-7.2135549e-18 	0.0045943521 	0.19268458
-0.00056456456 	0.28317142 	-7.1243373e-18 	0.0045350352 	0.19272085
-0.00055655656 	0.28317054 	-7.0351197e-18 	0.0044757183 	0.19275712
-0.00054854855 	0.28316967 	-6.9459021e-18 	0.0044164014 	0.19279339
-0.00054054054 	0.28316879 	-6.8566845e-18 	0.0043570846 	0.19282966
-0.00053253253 	0.28316791 	-6.7674669e-18 	0.0042977677 	0.19286593
-0.00052452452 	0.28316704 	-6.6782493e-18 	0.0042384508 	0.1929022
-0.00051651652 	0.28316616 	-6.5890317e-18 	0.004179134 	0.19293847
-0.00050850851 	0.28316528 	-6.4998141e-18 	0.0041198171 	0.19297474
-0.0005005005 	0.2831644 	-6.4105965e-18 	0.0040605002 	0.19301101
-0.00049249249 	0.28316353 	-6.3213789e-18 	0.0040011833 	0.19304728
-0.00048448448 	0.28316265 	-6.2321613e-18 	0.0039418665 	0.19308355
-0.00047647648 	0.28316167 	-6.3733205e-18 	0.003872772 	0.19310428
-0.00046846847 	0.28316066 	-6.5941394e-18 	0.0038002966 	0.19311964
-0.00046046046 	0.28315965 	-6.8149583e-18 	0.0037278212 	0.19313499
-0.00045245245 	0.28315863 	-7.0357772e-18 	0.0036553458 	0.19315034
-0.00044444444 	0.28315762 	-7.2565961e-18 	0.0035828704 	0.1931657
-0.00043643644 	0.28315661 	-7.477415e-18 	0.003510395 	0.19318105
-0.00042842843 	0.28315559 	-7.6982339e-18 	0.0034379196 	0.1931964
-0.00042042042 	0.28315458 	-7.9190528e-18 	0.0033654442 	0.19321176
-0.00041241241 	0.28315357 	-8.1398717e-18 	0.0032929688 	0.19322711
-0.0004044044 	0.28315255 	-8.3606906e-18 	0.0032204934 	0.19324247
-0.0003963964 	0.28315158 	-8.5213666e-18 	0.0031489549 	0.19325774
-0.00038838839 	0.28315094 	-8.173418e-18 	0.0030853397 	0.19327235
-0.00038038038 	0.28315029 	-7.8254693e-18 	0.0030217244 	0.19328695
-0.00037237237 	0.28314965 	-7.4775207e-18 	0.0029581092 	0.19330156
-0.00036436436 	0.28314901 	-7.1295721e-18 	0.0028944939 	0.19331617
-0.00035635636 	0.28314837 	-6.7816234e-18 	0.0028308787 	0.19333077
-0.00034834835 	0.28314773 	-6.4336748e-18 	0.0027672634 	0.19334538
-0.00034034034 	0.28314709 	-6.0857262e-18 	0.0027036482 	0.19335999
-0.00033233233 	0.28314644 	-5.7377776e-18 	0.0026400329 	0.19337459
-0.00032432432 	0.2831458 	-5.3898289e-18 	0.0025764177 	0.1933892
-0.00031631632 	0.28314516 	-5.0418803e-18 	0.0025128024 	0.19340381
-0.00030830831 	0.28314452 	-4.6939317e-18 	0.0024491872 	0.19341841
-0.0003003003 	0.28314388 	-4.345983e-18 	0.0023855719 	0.19343302
-0.00029229229 	0.28314323 	-3.9980344e-18 	0.0023219567 	0.19344763
-0.00028428428 	0.28314259 	-3.6500858e-18 	0.0022583414 	0.19346223
-0.00027627628 	0.28314195 	-3.3021372e-18 	0.0021947262 	0.19347684
-0.00026826827 	0.28314131 	-2.9541885e-18 	0.0021311109 	0.19349145
-0.00026026026 	0.28314067 	-2.6062399e-18 	0.0020674957 	0.19350605
-0.00025225225 	0.28314003 	-2.2582913e-18 	0.0020038804 	0.19352066
-0.00024424424 	0.28313938 	-1.9103426e-18 	0.0019402652 	0.19353527
-0.00023623624 	0.28313874 	-1.562394e-18 	0.0018766499 	0.19354987
-0.00022822823 	0.2831381 	-1.2144454e-18 	0.0018130347 	0.19356448
-0.00022022022 	0.28313746 	-8.6649676e-19 	0.0017494194 	0.19357909
-0.00021221221 	0.28313682 	-5.1854813e-19 	0.0016858042 	0.19359369
-0.0002042042 	0.28313618 	-1.705995e-19 	0.0016221889 	0.1936083
-0.0001961962 	0.28313553 	1.7734913e-19 	0.0015585737 	0.19362291
-0.00018818819 	0.28313489 	5.2529776e-19 	0.0014949584 	0.19363751
-0.00018018018 	0.28313425 	8.7324639e-19 	0.0014313431 	0.19365212
-0.00017217217 	0.28313361 	1.221195e-18 	0.0013677279 	0.19366673
-0.00016416416 	0.28313297 	1.5691436e-18 	0.0013041126 	0.19368133
-0.00015615616 	0.28313232 	1.9170923e-18 	0.0012404974 	0.19369594
-0.00014814815 	0.28313168 	2.2650409e-18 	0.0011768821 	0.19371055
-0.00014014014 	0.28313104 	2.6129895e-18 	0.0011132669 	0.19372515
-0.00013213213 	0.2831304 	2.9609382e-18 	0.0010496516 	0.19373976
-0.00012412412 	0.28312976 	3.3088868e-18 	0.00098603639 	0.19375437
-0.00011611612 	0.28312912 	3.6568354e-18 	0.00092242114 	0.19376897
-0.00010810811 	0.28312847 	4.004784e-18 	0.00085880589 	0.19378358
-0.0001001001 	0.28312783 	4.3527327e-18 	0.00079519064 	0.19379819
-9.2092092e-05 	0.28312719 	4.7006813e-18 	0.00073157539 	0.19381279
-8.4084084e-05 	0.28312655 	5.0486299e-18 	0.00066796014 	0.1938274
-7.6076076e-05 	0.28312591 	5.3965786e-18 	0.00060434489 	0.19384201
-6.8068068e-05 	0.28312526 	5.7445272e-18 	0.00054072964 	0.19385661
-6.006006e-05 	0.28312462 	6.0924758e-18 	0.00047711439 	0.19387122
-5.2052052e-05 	0.28312398 	6.4404244e-18 	0.00041349914 	0.19388583
-4.4044044e-05 	0.28312334 	6.7883731e-18 	0.00034988388 	0.19390043
-3.6036036e-05 	0.2831227 	7.1363217e-18 	0.00028626863 	0.19391504
-2.8028028e-05 	0.28312206 	7.4842703e-18 	0.00022265338 	0.19392965
-2.002002e-05 	0.28312141 	7.832219e-18 	0.00015903813 	0.19394425
-1.2012012e-05 	0.28312077 	8.1801676e-18 	9.5422881e-05 	0.19395886
-4.004004e-06 	0.28312013 	8.5281162e-18 	3.180763e-05 	0.19397347
4.004004e-06 	0.28312032 	8.8129678e-18 	-3.6237693e-05 	0.19397309
1.2012012e-05 	0.28312133 	9.0347224e-18 	-0.00010871309 	0.19395774
2.002002e-05 	0.28312234 	9.256477e-18 	-0.00018118848 	0.19394239
2.8028028e-05 	0.28312336 	9.4782315e-18 	-0.00025366388 	0.19392703
3.6036036e-05 	0.28312437 	9.6999861e-18 	-0.00032613927 	0.19391168
4.4044044e-05 	0.28312538 	9.9217407e-18 	-0.00039861467 	0.19389632
5.2052052e-05 	0.2831264 	1.0143495e-17 	-0.00047109006 	0.19388097
6.006006e-05 	0.28312741 	1.036525e-17 	-0.00054356546 	0.19386562
6.8068068e-05 	0.28312842 	1.0587004e-17 	-0.00061604085 	0.19385026
7.6076076e-05 	0.28312944 	1.0808759e-17 	-0.00068851625 	0.19383491
8.4084084e-05 	0.28313045 	1.1030514e-17 	-0.00076099164 	0.19381956
9.2092092e-05 	0.28313114 	1.0978611e-17 	-0.00082582357 	0.19380485
0.0001001001 	0.28313179 	1.0883148e-17 	-0.00088943882 	0.19379024
0.00010810811 	0.28313243 	1.0787686e-17 	-0.00095305408 	0.19377563
0.00011611612 	0.28313307 	1.0692223e-17 	-0.0010166693 	0.19376103
0.00012412412 	0.28313371 	1.059676e-17 	-0.0010802846 	0.19374642
0.00013213213 	0.28313435 	1.0501297e-17 	-0.0011438998 	0.19373181
0.00014014014 	0.28313499 	1.0405834e-17 	-0.0012075151 	0.19371721
0.00014814815 	0.28313564 	1.0310372e-17 	-0.0012711303 	0.1937026
0.00015615616 	0.28313628 	1.0214909e-17 	-0.0013347456 	0.19368799
0.00016416416 	0.28313692 	1.0119446e-17 	-0.0013983608 	0.19367339
0.00017217217 	0.28313756 	1.0023983e-17 	-0.0014619761 	0.19365878
0.00018018018 	0.2831382 	9.9285202e-18 	-0.0015255913 	0.19364417
0.00018818819 	0.28313884 	9.8330574e-18 	-0.0015892066 	0.19362957
0.0001961962 	0.28313949 	9.7375945e-18 	-0.0016528218 	0.19361496
0.0002042042 	0.28314013 	9.6421317e-18 	-0.0017164371 	0.19360035
0.00021221221 	0.28314077 	9.5466689e-18 	-0.0017800523 	0.19358575
0.00022022022 	0.28314141 	9.451206e-18 	-0.0018436676 	0.19357114
0.00022822823 	0.28314205 	9.3557432e-18 	-0.0019072828 	0.19355653
0.00023623624 	0.2831427 	9.2602804e-18 	-0.0019708981 	0.19354193
0.00024424424 	0.28314334 	9.1648176e-18 	-0.0020345133 	0.19352732
0.00025225225 	0.28314398 	9.0693547e-18 	-0.0020981286 	0.19351271
0.00026026026 	0.28314462 	8.9738919e-18 	-0.0021617438 	0.19349811
0.00026826827 	0.28314526 	8.8784291e-18 	-0.0022253591 	0.1934835
0.00027627628 	0.2831459 	8.7829662e-18 	-0.0022889743 	0.19346889
0.00028428428 	0.28314655 	8.6875034e-18 	-0.0023525896 	0.19345429
0.00029229229 	0.28314719 	8.5920406e-18 	-0.0024162048 	0.19343968
0.0003003003 	0.28314783 	8.4965778e-18 	-0.0024798201 	0.19342507
0.00030830831 	0.28314847 	8.4011149e-18 	-0.0025434353 	0.19341047
0.00031631632 	0.28314911 	8.3056521e-18 	-0.0026070506 	0.19339586
0.00032432432 	0.28314975 	8.2101893e-18 	-0.0026706658 	0.19338125
0.00033233233 	0.2831504 	8.1147264e-18 	-0.0027342811 	0.19336665
0.00034034034 	0.28315104 	8.0192636e-18 	-0.0027978963 	0.19335204
0.00034834835 	0.28315168 	7.9238008e-18 	-0.0028615116 	0.19333743
0.00035635636 	0.28315232 	7.828338e-18 	-0.0029251268 	0.19332283
0.00036436436 	0.28315296 	7.7328751e-18 	-0.0029887421 	0.19330822
0.00037237237 	0.28315361 	7.6374123e-18 	-0.0030523573 	0.19329361
0.00038038038 	0.28315425 	7.5419495e-18 	-0.0031159726 	0.19327901
0.00038838839 	0.28315489 	7.4464866e-18 	-0.0031795878 	0.1932644
0.0003963964 	0.28315553 	7.3510238e-18 	-0.0032432031 	0.19324979
0.0004044044 	0.28315617 	7.255561e-18 	-0.0033068183 	0.19323519
0.00041241241 	0.28315681 	7.1600981e-18 	-0.0033704336 	0.19322058
0.00042042042 	0.28315746 	7.0646353e-18 	-0.0034340488 	0.19320597
0.00042842843 	0.2831581 	6.9691725e-18 	-0.0034976641 	0.19319137
0.00043643644 	0.28315874 	6.8737097e-18 	-0.0035612793 	0.19317676
0.00044444444 	0.28315938 	6.7782468e-18 	-0.0036248946 	0.19316215
0.00045245245 	0.28316002 	6.682784e-18 	-0.0036885098 	0.19314755
0.00046046046 	0.28316067 	6.5873212e-18 	-0.0037521251 	0.19313294
0.00046846847 	0.28316131 	6.4918583e-18 	-0.0038157403 	0.19311833
0.00047647648 	0.28316195 	6.3963955e-18 	-0.0038793556 	0.19310373
0.00048448448 	0.28316273 	5.4415811e-14 	-0.0039447377 	0.19308356
0.00049249249 	0.28316391 	2.6617811e-13 	-0.0040152295 	0.1930473
0.0005005005 	0.28316508 	4.779404e-13 	-0.0040857212 	0.19301105
0.00050850851 	0.28316626 	6.897027e-13 	-0.004156213 	0.19297479
0.00051651652 	0.28316744 	9.0146499e-13 	-0.0042267048 	0.19293853
0.00052452452 	0.28316861 	1.1132273e-12 	-0.0042971966 	0.19290228
0.00053253253 	0.28316979 	1.3249896e-12 	-0.0043676883 	0.19286602
0.00054054054 	0.28317097 	1.5367519e-12 	-0.0044381801 	0.19282977
0.00054854855 	0.28317215 	1.7485142e-12 	-0.0045086719 	0.19279351
0.00055655656 	0.28317332 	1.9602765e-12 	-0.0045791637 	0.19275725
0.00056456456 	0.2831745 	2.1720388e-12 	-0.0046496555 	0.192721
0.00057257257 	0.28317549 	2.2525896e-12 	-0.0047132231 	0.19268473
0.00058058058 	0.28317637 	2.2525893e-12 	-0.00477254 	0.19264846
0.00058858859 	0.28317725 	2.252589e-12 	-0.0048318568 	0.19261219
0.0005965966 	0.28317812 	2.2525887e-12 	-0.0048911737 	0.19257592
0.0006046046 	0.283179 	2.2525884e-12 	-0.0049504906 	0.19253965
0.00061261261 	0.28317988 	2.252588e-12 	-0.0050098074 	0.19250338
0.00062062062 	0.28318075 	2.2525877e-12 	-0.0050691243 	0.19246711
0.00062862863 	0.28318163 	2.2525874e-12 	-0.0051284412 	0.19243084
0.00063663664 	0.28318251 	2.2525871e-12 	-0.0051877581 	0.19239457
0.00064464464 	0.28318338 	2.2525868e-12 	-0.0052470749 	0.1923583
0.00065265265 	0.28318426 	2.2525865e-12 	-0.0053063918 	0.19232203
0.00066066066 	0.28318514 	2.2525861e-12 	-0.0053657087 	0.19228576
0.00066866867 	0.28318601 	2.2525858e-12 	-0.0054250255 	0.19224949
0.00067667668 	0.28318689 	2.2525855e-12 	-0.0054843424 	0.19221322
0.00068468468 	0.28318777 	2.2525852e-12 	-0.0055436593 	0.19217695
0.00069269269 	0.28318865 	2.2525849e-12 	-0.0056029762 	0.19214067
0.0007007007 	0.28318952 	2.2525846e-12 	-0.005662293 	0.1921044
0.00070870871 	0.2831904 	2.2525842e-12 	-0.0057216099 	0.19206813
0.00071671672 	0.28319128 	2.2525839e-12 	-0.0057809268 	0.19203186
0.00072472472 	0.28319215 	2.2525836e-12 	-0.0058402436 	0.19199559
0.00073273273 	0.28319303 	2.2525833e-12 	-0.0058995605 	0.19195932
0.00074074074 	0.28319391 	2.252583e-12 	-0.0059588774 	0.19192305
0.00074874875 	0.28319478 	2.2525827e-12 	-0.0060181943 	0.19188678
0.00075675676 	0.28319566 	2.2525823e-12 	-0.0060775111 	0.19185051
0.00076476476 	0.28319654 	2.252582e-12 	-0.006136828 	0.19181424
0.00077277277 	0.28319741 	2.2525817e-12 	-0.0061961449 	0.19177797
0.00078078078 	0.28319829 	2.2525814e-12 	-0.0062554617 	0.1917417
0.00078878879 	0.28319917 	2.2525811e-12 	-0.0063147786 	0.19170543
0.0007967968 	0.28320004 	2.2525808e-12 	-0.0063740955 	0.19166916
0.0008048048 	0.28320092 	2.2525804e-12 	-0.0064334124 	0.19163289
0.00081281281 	0.2832018 	2.2525801e-12 	-0.0064927292 	0.19159662
0.00082082082 	0.28320268 	2.2525798e-12 	-0.0065520461 	0.19156035
0.00082882883 	0.28320355 	2.2525795e-12 	-0.006611363 	0.19152408
0.00083683684 	0.28320443 	2.2525792e-12 	-0.0066706798 	0.19148781
0.00084484484 	0.28320531 	2.2525789e-12 	-0.0067299967 	0.19145154
0.00085285285 	0.28320618 	2.2525785e-12 	-0.0067893136 	0.19141526
0.00086086086 	0.28320706 	2.2525782e-12 	-0.0068486305 	0.19137899
0.00086886887 	0.28320794 	2.2525779e-12 	-0.0069079473 	0.19134272
0.00087687688 	0.28320881 	2.2525776e-12 	-0.0069672642 	0.19130645
0.00088488488 	0.28320969 	2.2525773e-12 	-0.0070265811 	0.19127018
0.00089289289 	0.28321057 	2.252577e-12 	-0.007085898 	0.19123391
0.0009009009 	0.28321144 	2.2525766e-12 	-0.0071452148 	0.19119764
0.00090890891 	0.28321232 	2.2525763e-12 	-0.0072045317 	0.19116137
0.00091691692 	0.2832132 	2.252576e-12 	-0.0072638486 	0.1911251
0.00092492492 	0.28321407 	2.2525757e-12 	-0.0073231654 	0.19108883
0.00093293293 	0.28321495 	2.2525754e-12 	-0.0073824823 	0.19105256
0.00094094094 	0.28321583 	2.2525751e-12 	-0.0074417992 	0.19101629
0.00094894895 	0.2832167 	2.2525747e-12 	-0.0075011161 	0.19098002
0.00095695696 	0.28321758 	2.2525744e-12 	-0.0075604329 	0.19094375
0.00096496496 	0.28321846 	2.2526413e-12 	-0.0076200645 	0.19090714
0.00097297297 	0.28321972 	2.2574807e-12 	-0.0077020622 	0.19084648
0.00098098098 	0.28322098 	2.2623202e-12 	-0.0077840599 	0.19078581
0.00098898899 	0.28322225 	2.2671597e-12 	-0.0078660576 	0.19072515
0.000996997 	0.28322351 	2.2719992e-12 	-0.0079480554 	0.19066449
0.001005005 	0.28322477 	2.2768387e-12 	-0.0080300531 	0.19060382
0.001013013 	0.28322603 	2.2816782e-12 	-0.0081120508 	0.19054316
0.001021021 	0.28322729 	2.2865177e-12 	-0.0081940485 	0.1904825
0.001029029 	0.28322894 	2.2806604e-12 	-0.0082677121 	0.19042013
0.001037037 	0.28323094 	2.2655329e-12 	-0.0083341531 	0.19035629
0.001045045 	0.28323294 	2.2504055e-12 	-0.008400594 	0.19029245
0.0010530531 	0.28323494 	2.235278e-12 	-0.008467035 	0.1902286
0.0010610611 	0.28323694 	2.2201506e-12 	-0.008533476 	0.19016476
0.0010690691 	0.28323894 	2.2050231e-12 	-0.0085999169 	0.19010092
0.0010770771 	0.28324093 	2.1898957e-12 	-0.0086663579 	0.19003708
0.0010850851 	0.28324293 	2.1747682e-12 	-0.0087327988 	0.18997323
0.0010930931 	0.28324493 	2.1596408e-12 	-0.0087992398 	0.18990939
0.0011011011 	0.28324693 	2.1445133e-12 	-0.0088656808 	0.18984555
0.0011091091 	0.28324893 	2.1293858e-12 	-0.0089321217 	0.18978171
0.0011171171 	0.28325093 	2.1142584e-12 	-0.0089985627 	0.18971786
0.0011251251 	0.28325293 	2.0991309e-12 	-0.0090650037 	0.18965402
0.0011331331 	0.28325493 	2.0840035e-12 	-0.0091314446 	0.18959018
0.0011411411 	0.28325692 	2.068876e-12 	-0.0091978856 	0.18952634
0.0011491491 	0.28325892 	2.0537486e-12 	-0.0092643265 	0.18946249
0.0011571572 	0.28326092 	2.0386211e-12 	-0.0093307675 	0.18939865
0.0011651652 	0.28326292 	2.0234937e-12 	-0.0093972085 	0.18933481
0.0011731732 	0.28326492 	2.0083662e-12 	-0.0094636494 	0.18927097
0.0011811812 	0.28326692 	1.9932388e-12 	-0.0095300904 	0.18920712
0.0011891892 	0.28326892 	1.9781113e-12 	-0.0095965314 	0.18914328
0.0011971972 	0.28327091 	1.9629838e-12 	-0.0096629723 	0.18907944
0.0012052052 	0.28327291 	1.9478564e-12 	-0.0097294133 	0.1890156
0.0012132132 	0.28327491 	1.9327289e-12 	-0.0097958543 	0.18895175
0.0012212212 	0.28327691 	1.9176015e-12 	-0.0098622952 	0.18888791
0.0012292292 	0.28327891 	1.902474e-12 	-0.0099287362 	0.18882407
0.0012372372 	0.28328091 	1.8873466e-12 	-0.0099951771 	0.18876023
0.0012452452 	0.28328291 	1.8722191e-12 	-0.010061618 	0.18869638
0.0012532533 	0.2832849 	1.8570917e-12 	-0.010128059 	0.18863254
0.0012612613 	0.2832869 	1.8419642e-12 	-0.0101945 	0.1885687
0.0012692693 	0.2832889 	1.8268367e-12 	-0.010260941 	0.18850486
0.0012772773 	0.2832909 	1.8117093e-12 	-0.010327382 	0.18844101
0.0012852853 	0.2832929 	1.7965818e-12 	-0.010393823 	0.18837717
0.0012932933 	0.2832949 	1.7814544e-12 	-0.010460264 	0.18831333
0.0013013013 	0.2832969 	1.7663269e-12 	-0.010526705 	0.18824949
0.0013093093 	0.2832989 	1.7511995e-12 	-0.010593146 	0.18818564
0.0013173173 	0.28330089 	1.736072e-12 	-0.010659587 	0.1881218
0.0013253253 	0.28330289 	1.7209446e-12 	-0.010726028 	0.18805796
0.0013333333 	0.28330489 	1.7058171e-12 	-0.010792469 	0.18799412
0.0013413413 	0.28330621 	1.3398718e-12 	-0.010856448 	0.18791493
0.0013493493 	0.28330752 	9.7074115e-13 	-0.010920406 	0.1878356
0.0013573574 	0.28330883 	6.0161044e-13 	-0.010984363 	0.18775627
0.0013653654 	0.28331014 	2.3247974e-13 	-0.01104832 	0.18767694
0.0013733734 	0.28331179 	3.2984494e-18 	-0.011110353 	0.18759618
0.0013813814 	0.28331401 	3.3749195e-18 	-0.011169111 	0.18751301
0.0013893894 	0.28331624 	3.4513897e-18 	-0.01122787 	0.18742984
0.0013973974 	0.28331846 	3.5278599e-18 	-0.011286629 	0.18734667
0.0014054054 	0.28332069 	3.6043301e-18 	-0.011345387 	0.18726349
0.0014134134 	0.28332291 	3.6808003e-18 	-0.011404146 	0.18718032
0.0014214214 	0.28332514 	3.7572705e-18 	-0.011462905 	0.18709715
0.0014294294 	0.28332736 	3.8337407e-18 	-0.011521663 	0.18701398
0.0014374374 	0.28332959 	3.9102108e-18 	-0.011580422 	0.1869308
0.0014454454 	0.28333182 	3.986681e-18 	-0.011639181 	0.18684763
0.0014534535 	0.28333404 	4.0631512e-18 	-0.011697939 	0.18676446
0.0014614615 	0.28333627 	4.1396214e-18 	-0.011756698 	0.18668129
0.0014694695 	0.28333849 	4.2160916e-18 	-0.011815456 	0.18659811
0.0014774775 	0.28334072 	4.2925618e-18 	-0.011874215 	0.18651494
0.0014854855 	0.28334294 	4.369032e-18 	-0.011932974 	0.18643177
0.0014934935 	0.28334517 	4.4455021e-18 	-0.011991732 	0.1863486
0.0015015015 	0.28334739 	4.5219723e-18 	-0.012050491 	0.18626543
0.0015095095 	0.28334962 	4.5984425e-18 	-0.01210925 	0.18618225
0.0015175175 	0.28335184 	4.6749127e-18 	-0.012168008 	0.18609908
0.0015255255 	0.28335407 	4.7513829e-18 	-0.012226767 	0.18601591
0.0015335335 	0.28335629 	4.8278531e-18 	-0.012285525 	0.18593274
0.0015415415 	0.28335852 	4.9043233e-18 	-0.012344284 	0.18584956
0.0015495495 	0.28336074 	4.9807935e-18 	-0.012403043 	0.18576639
0.0015575576 	0.28336297 	5.0572636e-18 	-0.012461801 	0.18568322
0.0015655656 	0.28336519 	5.1337338e-18 	-0.01252056 	0.18560005
0.0015735736 	0.28336742 	5.210204e-18 	-0.012579319 	0.18551687
0.0015815816 	0.28336964 	5.2866742e-18 	-0.012638077 	0.1854337
0.0015895896 	0.28337187 	5.3631444e-18 	-0.012696836 	0.18535053
0.0015975976 	0.28337409 	5.4396146e-18 	-0.012755594 	0.18526736
0.0016056056 	0.28337632 	5.5160848e-18 	-0.012814353 	0.18518418
0.0016136136 	0.28337854 	5.5925549e-18 	-0.012873112 	0.18510101
0.0016216216 	0.28338077 	5.6690251e-18 	-0.01293187 	0.18501784
0.0016296296 	0.28338299 	5.7454953e-18 	-0.012990629 	0.18493467
0.0016376376 	0.28338522 	5.8219655e-18 	-0.013049388 	0.18485149
0.0016456456 	0.28338744 	5.8984357e-18 	-0.013108146 	0.18476832
0.0016536537 	0.28338967 	5.9749059e-18 	-0.013166905 	0.18468515
0.0016616617 	0.28339186 	6.0771989e-18 	-0.013228165 	0.18459499
0.0016696697 	0.28339393 	6.3275815e-18 	-0.013299257 	0.18447739
0.0016776777 	0.283396 	6.5779641e-18 	-0.013370348 	0.18435979
0.0016856857 	0.28339845 	6.186347e-18 	-0.013434615 	0.1842423
0.0016936937 	0.28340112 	5.4215823e-18 	-0.013494916 	0.18412489
0.0017017017 	0.2834038 	4.6568176e-18 	-0.013555216 	0.18400747
0.0017097097 	0.28340647 	3.8920529e-18 	-0.013615517 	0.18389006
0.0017177177 	0.28340914 	3.1272882e-18 	-0.013675818 	0.18377264
0.0017257257 	0.28341181 	2.3625236e-18 	-0.013736118 	0.18365523
0.0017337337 	0.28341449 	1.5977589e-18 	-0.013796419 	0.18353782
0.0017417417 	0.28341716 	8.3299415e-19 	-0.013856719 	0.1834204
0.0017497497 	0.28341983 	6.8229457e-20 	-0.01391702 	0.18330299
0.0017577578 	0.28342251 	-6.9653524e-19 	-0.013977321 	0.18318557
0.0017657658 	0.28342518 	-1.4612999e-18 	-0.014037621 	0.18306816
0.0017737738 	0.28342785 	-2.2260646e-18 	-0.014097922 	0.18295074
0.0017817818 	0.28343052 	-2.9908293e-18 	-0.014158223 	0.18283333
0.0017897898 	0.2834332 	-3.755594e-18 	-0.014218523 	0.18271592
0.0017977978 	0.28343587 	-4.5203587e-18 	-0.014278824 	0.1825985
0.0018058058 	0.28343854 	-5.2851234e-18 	-0.014339124 	0.18248109
0.0018138138 	0.28344121 	-6.0498881e-18 	-0.014399425 	0.18236367
0.0018218218 	0.28344389 	-6.8146528e-18 	-0.014459726 	0.18224626
0.0018298298 	0.28344656 	-7.5794175e-18 	-0.014520026 	0.18212885
0.0018378378 	0.28344923 	-8.3441822e-18 	-0.014580327 	0.18201143
0.0018458458 	0.28345191 	-9.1089469e-18 	-0.014640627 	0.18189402
0.0018538539 	0.28345458 	-9.8737116e-18 	-0.014700928 	0.1817766
0.0018618619 	0.28345725 	-1.0638476e-17 	-0.014761229 	0.18165919
0.0018698699 	0.28345992 	-1.1403241e-17 	-0.014821529 	0.18154177
0.0018778779 	0.2834626 	-1.2168006e-17 	-0.01488183 	0.18142436
0.0018858859 	0.28346527 	-1.293277e-17 	-0.014942131 	0.18130695
0.0018938939 	0.28346794 	-1.3697535e-17 	-0.015002431 	0.18118953
0.0019019019 	0.28347061 	-1.44623e-17 	-0.015062732 	0.18107212
0.0019099099 	0.28347329 	-1.5227064e-17 	-0.015123032 	0.1809547
0.0019179179 	0.28347596 	-1.5991829e-17 	-0.015183333 	0.18083729
0.0019259259 	0.28347863 	-1.6756594e-17 	-0.015243634 	0.18071987
0.0019339339 	0.28348131 	-1.7521359e-17 	-0.015303934 	0.18060246
0.0019419419 	0.28348398 	-1.8286123e-17 	-0.015364235 	0.18048505
0.0019499499 	0.28348664 	-1.9013001e-17 	-0.015424881 	0.18036218
0.001957958 	0.28348914 	-1.9304162e-17 	-0.015489115 	0.1801827
0.001965966 	0.28349213 	-1.8848376e-17 	-0.015543809 	0.18001014
0.001973974 	0.28349514 	-1.836973e-17 	-0.015598212 	0.1798378
0.001981982 	0.28349814 	-1.7891084e-17 	-0.015652615 	0.17966545
0.00198999 	0.28350115 	-1.7412437e-17 	-0.015707017 	0.17949311
0.001997998 	0.28350416 	-1.6933791e-17 	-0.01576142 	0.17932076
0.002006006 	0.28350717 	-1.6455144e-17 	-0.015815823 	0.17914842
0.002014014 	0.28351017 	-1.5976498e-17 	-0.015870226 	0.17897607
0.002022022 	0.28351318 	-1.5497852e-17 	-0.015924628 	0.17880373
0.00203003 	0.28351619 	-1.5019205e-17 	-0.015979031 	0.17863138
0.002038038 	0.2835192 	-1.4540559e-17 	-0.016033434 	0.17845904
0.002046046 	0.2835222 	-1.4061913e-17 	-0.016087837 	0.17828669
0.0020540541 	0.28352521 	-1.3583266e-17 	-0.016142239 	0.17811435
0.0020620621 	0.28352822 	-1.310462e-17 	-0.016196642 	0.177942
0.0020700701 	0.28353123 	-1.2625973e-17 	-0.016251045 	0.17776966
0.0020780781 	0.28353423 	-1.2147327e-17 	-0.016305448 	0.17759731
0.0020860861 	0.28353724 	-1.1668681e-17 	-0.01635985 	0.17742497
0.0020940941 	0.28354025 	-1.1190034e-17 	-0.016414253 	0.17725262
0.0021021021 	0.28354326 	-1.0711388e-17 	-0.016468656 	0.17708028
0.0021101101 	0.28354626 	-1.0232741e-17 	-0.016523059 	0.17690793
0.0021181181 	0.28354927 	-9.7540951e-18 	-0.016577461 	0.17673559
0.0021261261 	0.28355228 	-9.2754487e-18 	-0.016631864 	0.17656324
0.0021341341 	0.28355529 	-8.7968023e-18 	-0.016686267 	0.1763909
0.0021421421 	0.2835583 	-8.3181559e-18 	-0.01674067 	0.17621855
0.0021501502 	0.2835613 	-7.8395096e-18 	-0.016795072 	0.17604621
0.0021581582 	0.28356431 	-7.3608632e-18 	-0.016849475 	0.17587386
0.0021661662 	0.28356732 	-6.8822168e-18 	-0.016903878 	0.17570152
0.0021741742 	0.28357033 	-6.4035704e-18 	-0.01695828 	0.17552917
0.0021821822 	0.28357333 	-5.924924e-18 	-0.017012683 	0.17535683
0.0021901902 	0.28357634 	-5.4462776e-18 	-0.017067086 	0.17518448
0.0021981982 	0.28357935 	-4.9676313e-18 	-0.017121489 	0.17501214
0.0022062062 	0.28358234 	-4.4934846e-18 	-0.01717503 	0.17482504
0.0022142142 	0.28358561 	-4.170533e-18 	-0.01721661 	0.17455891
0.0022222222 	0.28358888 	-3.8475814e-18 	-0.017258191 	0.17429278
0.0022302302 	0.28359215 	-3.5246298e-18 	-0.017299771 	0.17402665
0.0022382382 	0.28359522 	6.3101085e-15 	-0.017341473 	0.17376101
0.0022462462 	0.28359766 	3.2701958e-14 	-0.017383559 	0.17349693
0.0022542543 	0.2836001 	5.9093807e-14 	-0.017425646 	0.17323286
0.0022622623 	0.28360255 	8.5485656e-14 	-0.017467732 	0.17296878
0.0022702703 	0.28360499 	1.118775e-13 	-0.017509819 	0.1727047
0.0022782783 	0.28360743 	1.3826935e-13 	-0.017551905 	0.17244063
0.0022862863 	0.28360987 	1.646612e-13 	-0.017593992 	0.17217655
0.0022942943 	0.28361231 	1.9105305e-13 	-0.017636079 	0.17191247
0.0023023023 	0.28361475 	2.174449e-13 	-0.017678165 	0.1716484
0.0023103103 	0.28361719 	2.4383675e-13 	-0.017720252 	0.17138432
0.0023183183 	0.28361963 	2.702286e-13 	-0.017762338 	0.17112024
0.0023263263 	0.28362207 	2.9662045e-13 	-0.017804425 	0.17085617
0.0023343343 	0.28362451 	3.230123e-13 	-0.017846511 	0.17059209
0.0023423423 	0.28362695 	3.4940415e-13 	-0.017888598 	0.17032801
0.0023503504 	0.28362939 	3.75796e-13 	-0.017930684 	0.17006393
0.0023583584 	0.28363183 	4.0218784e-13 	-0.017972771 	0.16979986
0.0023663664 	0.28363427 	4.2857969e-13 	-0.018014858 	0.16953578
0.0023743744 	0.28363672 	4.5497154e-13 	-0.018056944 	0.1692717
0.0023823824 	0.28363916 	4.8136339e-13 	-0.018099031 	0.16900763
0.0023903904 	0.2836416 	5.0775524e-13 	-0.018141117 	0.16874355
0.0023983984 	0.28364404 	5.3414709e-13 	-0.018183204 	0.16847947
0.0024064064 	0.28364648 	5.6053894e-13 	-0.01822529 	0.1682154
0.0024144144 	0.28364892 	5.8693079e-13 	-0.018267377 	0.16795132
0.0024224224 	0.28365136 	6.1332264e-13 	-0.018309463 	0.16768724
0.0024304304 	0.28365379 	3.6934666e-13 	-0.018347691 	0.16743474
0.0024384384 	0.28365644 	3.315604e-13 	-0.018368851 	0.16703648
0.0024464464 	0.28365913 	3.4469616e-13 	-0.018387986 	0.1666172
0.0024544545 	0.28366181 	3.5783193e-13 	-0.018407122 	0.16619793
0.0024624625 	0.28366449 	3.7096769e-13 	-0.018426257 	0.16577865
0.0024704705 	0.28366717 	3.8410345e-13 	-0.018445393 	0.16535938
0.0024784785 	0.28366985 	3.9723922e-13 	-0.018464528 	0.1649401
0.0024864865 	0.28367254 	4.1037498e-13 	-0.018483664 	0.16452083
0.0024944945 	0.28367522 	4.2351075e-13 	-0.018502799 	0.16410155
0.0025025025 	0.2836779 	4.3664651e-13 	-0.018521935 	0.16368228
0.0025105105 	0.28368058 	4.4978228e-13 	-0.01854107 	0.163263
0.0025185185 	0.28368327 	4.6291804e-13 	-0.018560206 	0.16284373
0.0025265265 	0.28368595 	4.760538e-13 	-0.018579341 	0.16242446
0.0025345345 	0.28368863 	4.8918957e-13 	-0.018598477 	0.16200518
0.0025425425 	0.28369131 	5.0232533e-13 	-0.018617612 	0.16158591
0.0025505506 	0.283694 	5.154611e-13 	-0.018636748 	0.16116663
0.0025585586 	0.28369668 	5.2859686e-13 	-0.018655883 	0.16074736
0.0025665666 	0.28369936 	5.4173263e-13 	-0.018675019 	0.16032808
0.0025745746 	0.28370204 	5.5486839e-13 	-0.018694154 	0.15990881
0.0025825826 	0.28370473 	5.6800415e-13 	-0.01871329 	0.15948953
0.0025905906 	0.28370741 	5.8113992e-13 	-0.018732425 	0.15907026
0.0025985986 	0.28371009 	5.9427568e-13 	-0.018751561 	0.15865098
0.0026066066 	0.28371277 	6.0741145e-13 	-0.018770697 	0.15823171
0.0026146146 	0.28371546 	6.2054721e-13 	-0.018789832 	0.15781244
0.0026226226 	0.28371812 	5.2534205e-13 	-0.0188082 	0.15740176
0.0026306306 	0.28372074 	4.5280576e-14 	-0.01882384 	0.15702164
0.0026386386 	0.28372365 	-1.3851506e-17 	-0.018808542 	0.15639041
0.0026466466 	0.28372659 	-1.3455283e-17 	-0.018790022 	0.15573302
0.0026546547 	0.28372952 	-1.305906e-17 	-0.018771501 	0.15507563
0.0026626627 	0.28373246 	-1.2662837e-17 	-0.01875298 	0.15441824
0.0026706707 	0.2837354 	-1.2266614e-17 	-0.018734459 	0.15376085
0.0026786787 	0.28373834 	-1.1870391e-17 	-0.018715938 	0.15310346
0.0026866867 	0.28374128 	-1.1474168e-17 	-0.018697417 	0.15244607
0.0026946947 	0.28374422 	-1.1077945e-17 	-0.018678896 	0.15178868
0.0027027027 	0.28374716 	-1.0681722e-17 	-0.018660375 	0.15113129
0.0027107107 	0.2837501 	-1.0285499e-17 	-0.018641854 	0.1504739
0.0027187187 	0.28375304 	-9.8892764e-18 	-0.018623333 	0.14981651
0.0027267267 	0.28375598 	-9.4930535e-18 	-0.018604812 	0.14915912
0.0027347347 	0.28375892 	-9.0968305e-18 	-0.018586291 	0.14850173
0.0027427427 	0.28376186 	-8.7006076e-18 	-0.01856777 	0.14784434
0.0027507508 	0.2837648 	-8.3043847e-18 	-0.018549249 	0.14718695
0.0027587588 	0.28376773 	-7.9081617e-18 	-0.018530729 	0.14652955
0.0027667668 	0.28377067 	-7.5119388e-18 	-0.018512208 	0.14587216
0.0027747748 	0.28377361 	-7.1157158e-18 	-0.018493687 	0.14521477
0.0027827828 	0.28377655 	-6.7194929e-18 	-0.018475166 	0.14455738
0.0027907908 	0.28377949 	-6.32327e-18 	-0.018456645 	0.14389999
0.0027987988 	0.28378237 	-5.76244e-18 	-0.018438729 	0.1432792
0.0028068068 	0.28378518 	-5.0393786e-18 	-0.018421411 	0.14269449
0.0028148148 	0.28378835 	-4.5755843e-18 	-0.018355515 	0.14176543
0.0028228228 	0.28379158 	-4.1332734e-18 	-0.01828045 	0.14077138
0.0028308308 	0.2837948 	-3.6909626e-18 	-0.018205385 	0.13977733
0.0028388388 	0.28379803 	-3.2486518e-18 	-0.01813032 	0.13878327
0.0028468468 	0.28380126 	-2.8063409e-18 	-0.018055254 	0.13778922
0.0028548549 	0.28380449 	-2.3640301e-18 	-0.017980189 	0.13679517
0.0028628629 	0.28380772 	-1.9217192e-18 	-0.017905124 	0.13580112
0.0028708709 	0.28381094 	-1.4794084e-18 	-0.017830059 	0.13480707
0.0028788789 	0.28381417 	-1.0370975e-18 	-0.017754994 	0.13381301
0.0028868869 	0.2838174 	-5.9478669e-19 	-0.017679929 	0.13281896
0.0028948949 	0.28382063 	-1.5247585e-19 	-0.017604864 	0.13182491
0.0029029029 	0.28382386 	2.89835e-19 	-0.017529798 	0.13083086
0.0029109109 	0.28382709 	7.3214584e-19 	-0.017454733 	0.12983681
0.0029189189 	0.28383031 	1.1744567e-18 	-0.017379668 	0.12884275
0.0029269269 	0.28383354 	1.6167675e-18 	-0.017304603 	0.1278487
0.0029349349 	0.28383677 	2.0590784e-18 	-0.017229538 	0.12685465
0.0029429429 	0.28384 	2.5013892e-18 	-0.017154473 	0.1258606
0.002950951 	0.28384319 	2.8847272e-18 	-0.017081205 	0.12489179
0.002958959 	0.28384624 	3.0393823e-18 	-0.017014907 	0.12402088
0.002966967 	0.28384947 	2.8185922e-18 	-0.016917979 	0.12295191
0.002974975 	0.28385304 	1.9953943e-18 	-0.01676495 	0.12152018
0.002982983 	0.28385661 	1.1721964e-18 	-0.016611921 	0.12008846
0.002990991 	0.28386018 	3.4899854e-19 	-0.016458892 	0.11865673
0.002998999 	0.28386376 	-4.7419934e-19 	-0.016305863 	0.11722501
0.003007007 	0.28386733 	-1.2973972e-18 	-0.016152834 	0.11579328
0.003015015 	0.2838709 	-2.1205951e-18 	-0.015999805 	0.11436155
0.003023023 	0.28387447 	-2.943793e-18 	-0.015846776 	0.11292983
0.003031031 	0.28387804 	-3.7669909e-18 	-0.015693747 	0.1114981
0.003039039 	0.28388162 	-4.5901887e-18 	-0.015540718 	0.11006638
0.003047047 	0.28388519 	-5.4133866e-18 	-0.01538769 	0.10863465
0.0030550551 	0.28388876 	-6.2365845e-18 	-0.015234661 	0.10720293
0.0030630631 	0.28389233 	-7.0597824e-18 	-0.015081632 	0.1057712
0.0030710711 	0.28389591 	-7.8829802e-18 	-0.014928603 	0.10433947
0.0030790791 	0.28389948 	-8.7061781e-18 	-0.014775574 	0.10290775
0.0030870871 	0.28390303 	-9.456136e-18 	-0.014624037 	0.10149038
0.0030950951 	0.28390635 	-9.2943849e-18 	-0.014491082 	0.10025171
0.0031031031 	0.28390977 	1.1935607e-13 	-0.014340791 	0.098909113
0.0031111111 	0.28391377 	9.413517e-13 	-0.014088461 	0.096954756
0.0031191191 	0.28391776 	1.7633473e-12 	-0.01383613 	0.095000399
0.0031271271 	0.28392175 	2.585343e-12 	-0.0135838 	0.093046041
0.0031351351 	0.28392574 	3.4073386e-12 	-0.013331469 	0.091091684
0.0031431431 	0.28392973 	4.2293342e-12 	-0.013079139 	0.089137327
0.0031511512 	0.28393372 	5.0513299e-12 	-0.012826809 	0.087182969
0.0031591592 	0.28393772 	5.8733255e-12 	-0.012574478 	0.085228612
0.0031671672 	0.28394171 	6.6953212e-12 	-0.012322148 	0.083274255
0.0031751752 	0.2839457 	7.5173168e-12 	-0.012069817 	0.081319898
0.0031831832 	0.28394969 	8.3393124e-12 	-0.011817487 	0.07936554
0.0031911912 	0.28395368 	9.1613081e-12 	-0.011565156 	0.077411183
0.0031991992 	0.28395767 	9.9833037e-12 	-0.011312826 	0.075456826
0.0032072072 	0.28396167 	1.0805299e-11 	-0.011060495 	0.073502469
0.0032152152 	0.28396539 	1.1604053e-11 	-0.010839456 	0.071796949
0.0032232232 	0.28396907 	1.2399719e-11 	-0.010622573 	0.070124485
0.0032312312 	0.2839734 	1.2617779e-11 	-0.010261598 	0.067636897
0.0032392392 	0.28397775 	1.2807975e-11 	-0.0098936721 	0.065109985
0.0032472472 	0.28398211 	1.299817e-11 	-0.0095257458 	0.062583074
0.0032552553 	0.28398646 	1.3188366e-11 	-0.0091578195 	0.060056163
0.0032632633 	0.28399082 	1.3378562e-11 	-0.0087898931 	0.057529252
0.0032712713 	0.28399517 	1.3568757e-11 	-0.0084219668 	0.055002341
0.0032792793 	0.28399953 	1.3758953e-11 	-0.0080540405 	0.05247543
0.0032872873 	0.28400388 	1.3949149e-11 	-0.0076861142 	0.049948519
0.0032952953 	0.28400824 	1.4139345e-11 	-0.0073181879 	0.047421608
0.0033033033 	0.28401259 	1.432954e-11 	-0.0069502615 	0.044894697
0.0033113113 	0.28401695 	1.4519736e-11 	-0.0065823352 	0.042367786
0.0033193193 	0.28402118 	1.4702828e-11 	-0.0062366111 	0.040003228
0.0033273273 	0.28402526 	1.4876173e-11 	-0.0059213489 	0.037861424
0.0033353353 	0.28402942 	1.4261046e-11 	-0.0055051211 	0.035145429
0.0033433433 	0.28403367 	1.2989312e-11 	-0.0050048136 	0.031951275
0.0033513514 	0.28403791 	1.1717579e-11 	-0.0045045061 	0.02875712
0.0033593594 	0.28404215 	1.0445846e-11 	-0.0040041986 	0.025562966
0.0033673674 	0.28404639 	9.1741128e-12 	-0.0035038911 	0.022368812
0.0033753754 	0.28405064 	7.9023796e-12 	-0.0030035835 	0.019174657
0.0033833834 	0.28405488 	6.6306464e-12 	-0.002503276 	0.015980503
0.0033913914 	0.28405912 	5.3589132e-12 	-0.0020029685 	0.012786348
0.0033993994 	0.28406336 	4.08718e-12 	-0.001502661 	0.0095921941
0.0034074074 	0.28406761 	2.8154468e-12 	-0.0010023535 	0.0063980398
0.0034154154 	0.28407138 	1.5698783e-12 	-0.00054187095 	0.0034585272
0.0034234234 	0.28407468 	3.5026955e-13 	-0.00012090164 	0.00077166273
