-0.006 	-0.012719282 	0 	0 	0
-0.005987988 	-0.012719262 	-1.912719e-11 	7.6506122e-08 	-0.00078747532
-0.005975976 	-0.012719241 	-3.825438e-11 	1.5301224e-07 	-0.0015749506
-0.005963964 	-0.012719221 	-5.7381569e-11 	2.2951836e-07 	-0.002362426
-0.005951952 	-0.012719201 	-7.6508759e-11 	3.0602449e-07 	-0.0031499013
-0.0059399399 	-0.01271918 	-9.5635949e-11 	3.8253061e-07 	-0.0039373766
-0.0059279279 	-0.01271916 	-1.1476314e-10 	4.5903673e-07 	-0.0047248519
-0.0059159159 	-0.01271914 	-1.3389033e-10 	5.3554285e-07 	-0.0055123273
-0.0059039039 	-0.012719119 	-1.536904e-10 	6.055863e-07 	-0.0063005405
-0.0058918919 	-0.012719098 	-1.7607677e-10 	6.5078954e-07 	-0.0070915897
-0.0058798799 	-0.012719086 	-1.9755706e-10 	7.9337809e-07 	-0.0078310763
-0.0058678679 	-0.012719084 	-2.1819009e-10 	1.0270309e-06 	-0.008522347
-0.0058558559 	-0.012719082 	-2.3882311e-10 	1.2606838e-06 	-0.0092136177
-0.0058438438 	-0.012719079 	-2.5945614e-10 	1.4943367e-06 	-0.0099048884
-0.0058318318 	-0.012719077 	-2.8008917e-10 	1.7279895e-06 	-0.010596159
-0.0058198198 	-0.012719074 	-3.0072219e-10 	1.9616424e-06 	-0.01128743
-0.0058078078 	-0.012719072 	-3.2135522e-10 	2.1952952e-06 	-0.011978701
-0.0057957958 	-0.012719069 	-3.4198825e-10 	2.4289481e-06 	-0.012669971
-0.0057837838 	-0.012719067 	-3.6262128e-10 	2.662601e-06 	-0.013361242
-0.0057717718 	-0.012719065 	-3.8481882e-10 	2.8463687e-06 	-0.014054837
-0.0057597598 	-0.012719064 	-4.0776466e-10 	3.0062769e-06 	-0.014749543
-0.0057477477 	-0.012719063 	-4.2986718e-10 	3.3270017e-06 	-0.015376888
-0.0057357357 	-0.012719062 	-4.5170312e-10 	3.6985593e-06 	-0.015982941
-0.0057237237 	-0.012719061 	-4.7353907e-10 	4.0701169e-06 	-0.016588993
-0.0057117117 	-0.01271906 	-4.9537501e-10 	4.4416745e-06 	-0.017195046
-0.0056996997 	-0.01271906 	-5.1721096e-10 	4.8132321e-06 	-0.017801098
-0.0056876877 	-0.012719059 	-5.390469e-10 	5.1847897e-06 	-0.018407151
-0.0056756757 	-0.012719058 	-5.6088285e-10 	5.5563473e-06 	-0.019013203
-0.0056636637 	-0.012719057 	-5.8271879e-10 	5.9279049e-06 	-0.019619256
-0.0056516517 	-0.012719056 	-6.0455474e-10 	6.2994625e-06 	-0.020225308
-0.0056396396 	-0.012719055 	-6.2639068e-10 	6.6710201e-06 	-0.02083136
-0.0056276276 	-0.012719055 	-6.4954219e-10 	6.9531375e-06 	-0.021439936
-0.0056156156 	-0.012719056 	-6.7317499e-10 	7.2025335e-06 	-0.022049434
-0.0056036036 	-0.012719057 	-6.961233e-10 	7.5625411e-06 	-0.022601831
-0.0055915916 	-0.012719059 	-7.1852963e-10 	8.0101346e-06 	-0.023109013
-0.0055795796 	-0.01271906 	-7.4093595e-10 	8.4577281e-06 	-0.023616195
-0.0055675676 	-0.012719062 	-7.6334228e-10 	8.9053216e-06 	-0.024123377
-0.0055555556 	-0.012719064 	-7.857486e-10 	9.3529152e-06 	-0.024630559
-0.0055435435 	-0.012719066 	-8.0815492e-10 	9.8005087e-06 	-0.025137741
-0.0055315315 	-0.012719067 	-8.3056125e-10 	1.0248102e-05 	-0.025644924
-0.0055195195 	-0.012719069 	-8.5296757e-10 	1.0695696e-05 	-0.026152106
-0.0055075075 	-0.012719071 	-8.7537389e-10 	1.1143289e-05 	-0.026659288
-0.0054954955 	-0.012719073 	-8.9778022e-10 	1.1590883e-05 	-0.02716647
-0.0054834835 	-0.012719075 	-9.2018654e-10 	1.2038476e-05 	-0.027673652
-0.0054714715 	-0.012719077 	-9.4288222e-10 	1.2454845e-05 	-0.028181482
-0.0054594595 	-0.012719079 	-9.6686482e-10 	1.2732335e-05 	-0.028692193
-0.0054474474 	-0.012719082 	-9.9084742e-10 	1.3009825e-05 	-0.029202904
-0.0054354354 	-0.012719086 	-1.0135857e-09 	1.3391243e-05 	-0.029628447
-0.0054234234 	-0.012719091 	-1.0358342e-09 	1.3813578e-05 	-0.030020457
-0.0054114114 	-0.012719096 	-1.0580826e-09 	1.4235913e-05 	-0.030412468
-0.0053993994 	-0.0127191 	-1.080331e-09 	1.4658248e-05 	-0.030804478
-0.0053873874 	-0.012719105 	-1.1025794e-09 	1.5080584e-05 	-0.031196488
-0.0053753754 	-0.01271911 	-1.1248278e-09 	1.5502919e-05 	-0.031588499
-0.0053633634 	-0.012719115 	-1.1470762e-09 	1.5925254e-05 	-0.031980509
-0.0053513514 	-0.01271912 	-1.1693247e-09 	1.6347589e-05 	-0.032372519
-0.0053393393 	-0.012719125 	-1.1915731e-09 	1.6769924e-05 	-0.03276453
-0.0053273273 	-0.012719129 	-1.2138215e-09 	1.719226e-05 	-0.03315654
-0.0053153153 	-0.012719134 	-1.2360699e-09 	1.7614595e-05 	-0.033548551
-0.0053033033 	-0.012719139 	-1.2583183e-09 	1.803693e-05 	-0.033940561
-0.0052912913 	-0.012719144 	-1.2805668e-09 	1.8459265e-05 	-0.034332571
-0.0052792793 	-0.012719149 	-1.3040642e-09 	1.8707965e-05 	-0.034727628
-0.0052672673 	-0.012719155 	-1.3278448e-09 	1.8917313e-05 	-0.035123375
-0.0052552553 	-0.01271916 	-1.3515759e-09 	1.912749e-05 	-0.035516636
-0.0052432432 	-0.012719169 	-1.3726051e-09 	1.9383049e-05 	-0.035773891
-0.0052312312 	-0.012719177 	-1.3936342e-09 	1.9638608e-05 	-0.036031147
-0.0052192192 	-0.012719186 	-1.4146633e-09 	1.9894167e-05 	-0.036288403
-0.0052072072 	-0.012719194 	-1.4356925e-09 	2.0149725e-05 	-0.036545659
-0.0051951952 	-0.012719203 	-1.4567216e-09 	2.0405284e-05 	-0.036802914
-0.0051831832 	-0.012719211 	-1.4777508e-09 	2.0660843e-05 	-0.03706017
-0.0051711712 	-0.01271922 	-1.4987799e-09 	2.0916402e-05 	-0.037317426
-0.0051591592 	-0.012719228 	-1.5198091e-09 	2.117196e-05 	-0.037574682
-0.0051471471 	-0.012719237 	-1.5408382e-09 	2.1427519e-05 	-0.037831937
-0.0051351351 	-0.012719245 	-1.5618674e-09 	2.1683078e-05 	-0.038089193
-0.0051231231 	-0.012719254 	-1.5828965e-09 	2.1938637e-05 	-0.038346449
-0.0051111111 	-0.012719262 	-1.6039257e-09 	2.2194196e-05 	-0.038603705
-0.0050990991 	-0.012719271 	-1.6249548e-09 	2.2449754e-05 	-0.03886096
-0.0050870871 	-0.012719279 	-1.6459839e-09 	2.2705313e-05 	-0.039118216
-0.0050750751 	-0.012719288 	-1.6676018e-09 	2.2866106e-05 	-0.039377057
-0.0050630631 	-0.012719297 	-1.690169e-09 	2.2874077e-05 	-0.039638454
-0.0050510511 	-0.012719305 	-1.7127362e-09 	2.2882049e-05 	-0.039899851
-0.005039039 	-0.012719315 	-1.7344038e-09 	2.2865259e-05 	-0.040127138
-0.005027027 	-0.012719328 	-1.752682e-09 	2.2755184e-05 	-0.040225922
-0.005015015 	-0.012719341 	-1.7709603e-09 	2.2645108e-05 	-0.040324705
-0.005003003 	-0.012719354 	-1.7892386e-09 	2.2535033e-05 	-0.040423489
-0.004990991 	-0.012719366 	-1.8075169e-09 	2.2424958e-05 	-0.040522273
-0.004978979 	-0.012719379 	-1.8257951e-09 	2.2314883e-05 	-0.040621056
-0.004966967 	-0.012719392 	-1.8440734e-09 	2.2204808e-05 	-0.04071984
-0.004954955 	-0.012719405 	-1.8623517e-09 	2.2094732e-05 	-0.040818624
-0.0049429429 	-0.012719418 	-1.8806299e-09 	2.1984657e-05 	-0.040917407
-0.0049309309 	-0.012719431 	-1.8989082e-09 	2.1874582e-05 	-0.041016191
-0.0049189189 	-0.012719443 	-1.9171865e-09 	2.1764507e-05 	-0.041114974
-0.0049069069 	-0.012719456 	-1.9354647e-09 	2.1654432e-05 	-0.041213758
-0.0048948949 	-0.012719469 	-1.953743e-09 	2.1544356e-05 	-0.041312542
-0.0048828829 	-0.012719482 	-1.9720213e-09 	2.1434281e-05 	-0.041411325
-0.0048708709 	-0.012719495 	-1.9902995e-09 	2.1324206e-05 	-0.041510109
-0.0048588589 	-0.012719507 	-2.0085778e-09 	2.1214131e-05 	-0.041608893
-0.0048468468 	-0.01271952 	-2.0268561e-09 	2.1104056e-05 	-0.041707676
-0.0048348348 	-0.012719533 	-2.0460228e-09 	2.0830562e-05 	-0.041809411
-0.0048228228 	-0.012719546 	-2.0657602e-09 	2.0452092e-05 	-0.04191304
-0.0048108108 	-0.012719558 	-2.0854977e-09 	2.0073622e-05 	-0.04201667
-0.0047987988 	-0.012719571 	-2.105176e-09 	1.9691548e-05 	-0.042118433
-0.0047867868 	-0.012719588 	-2.1188188e-09 	1.8941773e-05 	-0.042029651
-0.0047747748 	-0.012719606 	-2.1324616e-09 	1.8191998e-05 	-0.041940869
-0.0047627628 	-0.012719623 	-2.1461044e-09 	1.7442223e-05 	-0.041852087
-0.0047507508 	-0.012719641 	-2.1597472e-09 	1.6692447e-05 	-0.041763306
-0.0047387387 	-0.012719658 	-2.17339e-09 	1.5942672e-05 	-0.041674524
-0.0047267267 	-0.012719675 	-2.1870328e-09 	1.5192897e-05 	-0.041585742
-0.0047147147 	-0.012719693 	-2.2006756e-09 	1.4443122e-05 	-0.04149696
-0.0047027027 	-0.01271971 	-2.2143184e-09 	1.3693346e-05 	-0.041408179
-0.0046906907 	-0.012719727 	-2.2279612e-09 	1.2943571e-05 	-0.041319397
-0.0046786787 	-0.012719745 	-2.241604e-09 	1.2193796e-05 	-0.041230615
-0.0046666667 	-0.012719762 	-2.2552468e-09 	1.144402e-05 	-0.041141833
-0.0046546547 	-0.012719779 	-2.2688896e-09 	1.0694245e-05 	-0.041053052
-0.0046426426 	-0.012719797 	-2.2825324e-09 	9.9444699e-06 	-0.04096427
-0.0046306306 	-0.012719814 	-2.2961752e-09 	9.1946946e-06 	-0.040875488
-0.0046186186 	-0.012719831 	-2.309818e-09 	8.4449194e-06 	-0.040786706
-0.0046066066 	-0.012719849 	-2.3234608e-09 	7.6951441e-06 	-0.040697925
-0.0045945946 	-0.012719866 	-2.3371036e-09 	6.9453688e-06 	-0.040609143
-0.0045825826 	-0.012719884 	-2.3507464e-09 	6.1955935e-06 	-0.040520361
-0.0045705706 	-0.012719901 	-2.3646046e-09 	5.3978756e-06 	-0.040432657
-0.0045585586 	-0.012719918 	-2.3794504e-09 	4.3804282e-06 	-0.040349888
-0.0045465465 	-0.012719934 	-2.3942962e-09 	3.3629809e-06 	-0.040267119
-0.0045345345 	-0.012719951 	-2.409142e-09 	2.3455335e-06 	-0.040184351
-0.0045225225 	-0.012719968 	-2.4232746e-09 	1.2574338e-06 	-0.040079378
-0.0045105105 	-0.01271999 	-2.4307329e-09 	-4.9194875e-07 	-0.03976658
-0.0044984985 	-0.012720011 	-2.4381911e-09 	-2.2413313e-06 	-0.039453782
-0.0044864865 	-0.012720032 	-2.4456494e-09 	-3.9907139e-06 	-0.039140984
-0.0044744745 	-0.012720053 	-2.4531076e-09 	-5.7400964e-06 	-0.038828186
-0.0044624625 	-0.012720074 	-2.4605658e-09 	-7.489479e-06 	-0.038515388
-0.0044504505 	-0.012720095 	-2.4680241e-09 	-9.2388615e-06 	-0.03820259
-0.0044384384 	-0.012720116 	-2.4754823e-09 	-1.0988244e-05 	-0.037889792
-0.0044264264 	-0.012720137 	-2.4829406e-09 	-1.2737627e-05 	-0.037576994
-0.0044144144 	-0.012720158 	-2.4903988e-09 	-1.4487009e-05 	-0.037264196
-0.0044024024 	-0.012720179 	-2.4978571e-09 	-1.6236392e-05 	-0.036951398
-0.0043903904 	-0.012720201 	-2.5053153e-09 	-1.7985774e-05 	-0.0366386
-0.0043783784 	-0.012720222 	-2.5127735e-09 	-1.9735157e-05 	-0.036325802
-0.0043663664 	-0.012720243 	-2.5202318e-09 	-2.1484539e-05 	-0.036013004
-0.0043543544 	-0.012720264 	-2.52769e-09 	-2.3233922e-05 	-0.035700206
-0.0043423423 	-0.012720285 	-2.5351483e-09 	-2.4983305e-05 	-0.035387408
-0.0043303303 	-0.012720306 	-2.5426065e-09 	-2.6732687e-05 	-0.03507461
-0.0043183183 	-0.012720327 	-2.5500648e-09 	-2.848207e-05 	-0.034761812
-0.0043063063 	-0.012720348 	-2.557523e-09 	-3.0231452e-05 	-0.034449014
-0.0042942943 	-0.012720369 	-2.5649812e-09 	-3.1980835e-05 	-0.034136216
-0.0042822823 	-0.01272039 	-2.5724395e-09 	-3.3730217e-05 	-0.033823418
-0.0042702703 	-0.012720412 	-2.5798977e-09 	-3.54796e-05 	-0.03351062
-0.0042582583 	-0.012720432 	-2.5878289e-09 	-3.7406881e-05 	-0.033203665
-0.0042462462 	-0.012720453 	-2.595929e-09 	-3.9397728e-05 	-0.032898798
-0.0042342342 	-0.012720473 	-2.6040291e-09 	-4.1388575e-05 	-0.032593931
-0.0042222222 	-0.012720493 	-2.6121292e-09 	-4.3379421e-05 	-0.032289063
-0.0042102102 	-0.012720514 	-2.6195515e-09 	-4.5499738e-05 	-0.031954652
-0.0041981982 	-0.012720537 	-2.6212461e-09 	-4.8714027e-05 	-0.031370603
-0.0041861862 	-0.012720561 	-2.6229407e-09 	-5.1928317e-05 	-0.030786554
-0.0041741742 	-0.012720584 	-2.6246354e-09 	-5.5142606e-05 	-0.030202505
-0.0041621622 	-0.012720607 	-2.62633e-09 	-5.8356896e-05 	-0.029618456
-0.0041501502 	-0.012720631 	-2.6280246e-09 	-6.1571185e-05 	-0.029034407
-0.0041381381 	-0.012720654 	-2.6297193e-09 	-6.4785474e-05 	-0.028450358
-0.0041261261 	-0.012720677 	-2.6314139e-09 	-6.7999764e-05 	-0.027866309
-0.0041141141 	-0.012720701 	-2.6331085e-09 	-7.1214053e-05 	-0.02728226
-0.0041021021 	-0.012720724 	-2.6348032e-09 	-7.4428343e-05 	-0.026698211
-0.0040900901 	-0.012720747 	-2.6364978e-09 	-7.7642632e-05 	-0.026114162
-0.0040780781 	-0.012720771 	-2.6381925e-09 	-8.0856922e-05 	-0.025530113
-0.0040660661 	-0.012720794 	-2.6398871e-09 	-8.4071211e-05 	-0.024946064
-0.0040540541 	-0.012720817 	-2.6415817e-09 	-8.72855e-05 	-0.024362015
-0.004042042 	-0.012720841 	-2.6432764e-09 	-9.049979e-05 	-0.023777966
-0.00403003 	-0.012720864 	-2.644971e-09 	-9.3714079e-05 	-0.023193917
-0.004018018 	-0.012720887 	-2.6466656e-09 	-9.6928369e-05 	-0.022609868
-0.004006006 	-0.01272091 	-2.6483603e-09 	-0.00010014266 	-0.022025819
-0.003993994 	-0.012720934 	-2.6500549e-09 	-0.00010335695 	-0.02144177
-0.003981982 	-0.012720957 	-2.6517495e-09 	-0.00010657124 	-0.020857721
-0.00396997 	-0.01272098 	-2.6534442e-09 	-0.00010978553 	-0.020273672
-0.003957958 	-0.012721004 	-2.6551388e-09 	-0.00011299982 	-0.019689623
-0.0039459459 	-0.012721027 	-2.6568335e-09 	-0.00011621411 	-0.019105574
-0.0039339339 	-0.01272105 	-2.6585281e-09 	-0.00011942839 	-0.018521525
-0.0039219219 	-0.012721074 	-2.6602227e-09 	-0.00012264268 	-0.017937476
-0.0039099099 	-0.012721097 	-2.6614171e-09 	-0.0001260323 	-0.017363234
-0.0038978979 	-0.012721119 	-2.6625414e-09 	-0.00012944647 	-0.016790366
-0.0038858859 	-0.012721142 	-2.6636657e-09 	-0.00013286064 	-0.016217498
-0.0038738739 	-0.012721165 	-2.66479e-09 	-0.00013627481 	-0.015644629
-0.0038618619 	-0.012721188 	-2.6659143e-09 	-0.00013968898 	-0.015071761
-0.0038498498 	-0.012721213 	-2.6670799e-09 	-0.00014451774 	-0.01428257
-0.0038378378 	-0.01272124 	-2.6682703e-09 	-0.000150198 	-0.013363165
-0.0038258258 	-0.012721267 	-2.6694608e-09 	-0.00015587826 	-0.01244376
-0.0038138138 	-0.012721294 	-2.6706512e-09 	-0.00016155851 	-0.011524356
-0.0038018018 	-0.012721321 	-2.6718417e-09 	-0.00016723877 	-0.010604951
-0.0037897898 	-0.012721348 	-2.6730321e-09 	-0.00017291903 	-0.0096855462
-0.0037777778 	-0.012721375 	-2.6742226e-09 	-0.00017859929 	-0.0087661415
-0.0037657658 	-0.012721402 	-2.675413e-09 	-0.00018427954 	-0.0078467368
-0.0037537538 	-0.012721429 	-2.6766035e-09 	-0.0001899598 	-0.0069273321
-0.0037417417 	-0.012721456 	-2.6777939e-09 	-0.00019564006 	-0.0060079274
-0.0037297297 	-0.012721483 	-2.6789844e-09 	-0.00020132031 	-0.0050885228
-0.0037177177 	-0.01272151 	-2.6801748e-09 	-0.00020700057 	-0.0041691181
-0.0037057057 	-0.012721537 	-2.6813653e-09 	-0.00021268083 	-0.0032497134
-0.0036936937 	-0.012721564 	-2.6825557e-09 	-0.00021836109 	-0.0023303087
-0.0036816817 	-0.012721591 	-2.6837462e-09 	-0.00022404134 	-0.001410904
-0.0036696697 	-0.012721618 	-2.6849366e-09 	-0.0002297216 	-0.00049149937
-0.0036576577 	-0.012721645 	-2.6861271e-09 	-0.00023540186 	0.00042790531
-0.0036456456 	-0.012721672 	-2.6873175e-09 	-0.00024108212 	0.00134731
-0.0036336336 	-0.012721699 	-2.688508e-09 	-0.00024676237 	0.0022667147
-0.0036216216 	-0.012721726 	-2.6896984e-09 	-0.00025244263 	0.0031861193
-0.0036096096 	-0.012721753 	-2.6908889e-09 	-0.00025812289 	0.004105524
-0.0035975976 	-0.01272178 	-2.6920793e-09 	-0.00026380314 	0.0050249287
-0.0035855856 	-0.012721807 	-2.6932698e-09 	-0.0002694834 	0.0059443334
-0.0035735736 	-0.012721834 	-2.6944602e-09 	-0.00027516366 	0.0068637381
-0.0035615616 	-0.012721861 	-2.6956506e-09 	-0.00028084392 	0.0077831427
-0.0035495495 	-0.012721888 	-2.6968411e-09 	-0.00028652417 	0.0087025474
-0.0035375375 	-0.012721915 	-2.6980315e-09 	-0.00029220443 	0.0096219521
-0.0035255255 	-0.012721942 	-2.6988843e-09 	-0.00029788877 	0.010538952
-0.0035135135 	-0.012721967 	-2.6976857e-09 	-0.00030359787 	0.011441343
-0.0035015015 	-0.012721992 	-2.696487e-09 	-0.00030930697 	0.012343735
-0.0034894895 	-0.012722017 	-2.6952884e-09 	-0.00031501608 	0.013246126
-0.0034774775 	-0.012722042 	-2.6940898e-09 	-0.00032072518 	0.014148518
-0.0034654655 	-0.012722067 	-2.6928912e-09 	-0.00032643428 	0.015050909
-0.0034534535 	-0.01272209 	-2.6928432e-09 	-0.0003321907 	0.015967351
-0.0034414414 	-0.012722106 	-2.6979353e-09 	-0.00033815846 	0.016946553
-0.0034294294 	-0.012722122 	-2.7030274e-09 	-0.00034412623 	0.017925756
-0.0034174174 	-0.012722137 	-2.7081194e-09 	-0.00035009399 	0.018904959
-0.0034054054 	-0.012722153 	-2.7132115e-09 	-0.00035606175 	0.019884161
-0.0033933934 	-0.012722169 	-2.7183036e-09 	-0.00036202951 	0.020863364
-0.0033813814 	-0.012722184 	-2.7233956e-09 	-0.00036799728 	0.021842567
-0.0033693694 	-0.0127222 	-2.7284877e-09 	-0.00037396504 	0.022821769
-0.0033573574 	-0.012722216 	-2.7335798e-09 	-0.0003799328 	0.023800972
-0.0033453453 	-0.012722231 	-2.7386719e-09 	-0.00038590056 	0.024780175
-0.0033333333 	-0.012722247 	-2.7437639e-09 	-0.00039186832 	0.025759377
-0.0033213213 	-0.012722263 	-2.748856e-09 	-0.00039783609 	0.02673858
-0.0033093093 	-0.012722278 	-2.7539481e-09 	-0.00040380385 	0.027717783
-0.0032972973 	-0.012722294 	-2.7590401e-09 	-0.00040977161 	0.028696985
-0.0032852853 	-0.01272231 	-2.7641322e-09 	-0.00041573937 	0.029676188
-0.0032732733 	-0.012722325 	-2.7692243e-09 	-0.00042170714 	0.03065539
-0.0032612613 	-0.012722341 	-2.7743163e-09 	-0.0004276749 	0.031634593
-0.0032492492 	-0.012722357 	-2.7794084e-09 	-0.00043364266 	0.032613796
-0.0032372372 	-0.012722372 	-2.7845005e-09 	-0.00043961042 	0.033592998
-0.0032252252 	-0.012722388 	-2.7895925e-09 	-0.00044557819 	0.034572201
-0.0032132132 	-0.012722403 	-2.7946846e-09 	-0.00045154595 	0.035551404
-0.0032012012 	-0.012722419 	-2.7997767e-09 	-0.00045751371 	0.036530606
-0.0031891892 	-0.012722435 	-2.8048687e-09 	-0.00046348147 	0.037509809
-0.0031771772 	-0.01272245 	-2.8099608e-09 	-0.00046944924 	0.038489012
-0.0031651652 	-0.012722466 	-2.8150529e-09 	-0.000475417 	0.039468214
-0.0031531532 	-0.012722482 	-2.8201449e-09 	-0.00048138476 	0.040447417
-0.0031411411 	-0.012722497 	-2.825237e-09 	-0.00048735252 	0.04142662
-0.0031291291 	-0.012722513 	-2.8303291e-09 	-0.00049332028 	0.042405822
-0.0031171171 	-0.012722529 	-2.8354211e-09 	-0.00049928805 	0.043385025
-0.0031051051 	-0.012722544 	-2.8405132e-09 	-0.00050525581 	0.044364228
-0.0030930931 	-0.01272256 	-2.8456053e-09 	-0.00051122357 	0.04534343
-0.0030810811 	-0.012722576 	-2.8506884e-09 	-0.00051719007 	0.046322463
-0.0030690691 	-0.012722591 	-2.8547572e-09 	-0.00052301311 	0.047282243
-0.0030570571 	-0.012722607 	-2.858826e-09 	-0.00052883614 	0.048242022
-0.003045045 	-0.012722623 	-2.8628948e-09 	-0.00053465918 	0.049201802
-0.003033033 	-0.012722639 	-2.8669636e-09 	-0.00054048222 	0.050161581
-0.003021021 	-0.012722655 	-2.8710325e-09 	-0.00054630526 	0.051121361
-0.003009009 	-0.01272267 	-2.8751013e-09 	-0.0005521283 	0.05208114
-0.002996997 	-0.012722663 	-2.885721e-09 	-0.00056176756 	0.053751668
-0.002984985 	-0.012722585 	-2.9159935e-09 	-0.00058285549 	0.057554439
-0.002972973 	-0.012722507 	-2.946266e-09 	-0.00060394342 	0.061357211
-0.002960961 	-0.012722429 	-2.9765385e-09 	-0.00062503135 	0.065159982
-0.0029489489 	-0.012722351 	-3.0068109e-09 	-0.00064611928 	0.068962753
-0.0029369369 	-0.012722278 	-3.0389439e-09 	-0.00066676502 	0.072709329
-0.0029249249 	-0.012722233 	-3.0654221e-09 	-0.00068292804 	0.075685035
-0.0029129129 	-0.012722227 	-3.0760433e-09 	-0.00069172528 	0.077340209
-0.0029009009 	-0.01272222 	-3.0866645e-09 	-0.00070052253 	0.078995383
-0.0028888889 	-0.012722213 	-3.0972857e-09 	-0.00070931977 	0.080650557
-0.0028768769 	-0.012722206 	-3.1079068e-09 	-0.00071811701 	0.082305731
-0.0028648649 	-0.0127222 	-3.118528e-09 	-0.00072691425 	0.083960904
-0.0028528529 	-0.012722195 	-3.1335402e-09 	-0.00073544529 	0.085582915
-0.0028408408 	-0.012722185 	-3.1441071e-09 	-0.00074433542 	0.087281342
-0.0028288288 	-0.012722171 	-3.1518085e-09 	-0.00075344886 	0.089025123
-0.0028168168 	-0.012722157 	-3.1595099e-09 	-0.0007625623 	0.090768903
-0.0028048048 	-0.012722144 	-3.1672113e-09 	-0.00077167573 	0.092512683
-0.0027927928 	-0.01272213 	-3.1749127e-09 	-0.00078078917 	0.094256464
-0.0027807808 	-0.012722116 	-3.1826141e-09 	-0.00078990261 	0.096000244
-0.0027687688 	-0.012722103 	-3.1937998e-09 	-0.00079888262 	0.097727045
-0.0027567568 	-0.012722091 	-3.2092379e-09 	-0.00080770202 	0.099436675
-0.0027447447 	-0.012722068 	-3.2126721e-09 	-0.00081702936 	0.10128184
-0.0027327327 	-0.012722046 	-3.2161063e-09 	-0.00082635669 	0.103127
-0.0027207207 	-0.012722024 	-3.2195405e-09 	-0.00083568403 	0.10497217
-0.0027087087 	-0.012722002 	-3.2229747e-09 	-0.00084501137 	0.10681733
-0.0026966967 	-0.012721979 	-3.226409e-09 	-0.0008543387 	0.1086625
-0.0026846847 	-0.012721957 	-3.2298432e-09 	-0.00086366604 	0.11050766
-0.0026726727 	-0.012721935 	-3.2332774e-09 	-0.00087299338 	0.11235282
-0.0026606607 	-0.012721914 	-3.2477658e-09 	-0.00088199191 	0.11415616
-0.0026486486 	-0.01272189 	-3.2551048e-09 	-0.00089116516 	0.11602573
-0.0026366366 	-0.012721861 	-3.2524872e-09 	-0.00090058298 	0.11798627
-0.0026246246 	-0.012721831 	-3.2498696e-09 	-0.00091000079 	0.11994681
-0.0026126126 	-0.012721802 	-3.2472519e-09 	-0.00091941861 	0.12190735
-0.0026006006 	-0.012721773 	-3.2446343e-09 	-0.00092883643 	0.12386789
-0.0025885886 	-0.012721744 	-3.2420167e-09 	-0.00093825424 	0.12582843
-0.0025765766 	-0.012721715 	-3.2393991e-09 	-0.00094767206 	0.12778897
-0.0025645646 	-0.012721685 	-3.2367814e-09 	-0.00095708987 	0.12974951
-0.0025525526 	-0.012721657 	-3.2399889e-09 	-0.00096636358 	0.13169133
-0.0025405405 	-0.01272163 	-3.2513672e-09 	-0.00097543513 	0.1336069
-0.0025285285 	-0.012721596 	-3.2486604e-09 	-0.00098468228 	0.13563534
-0.0025165165 	-0.01272156 	-3.2382188e-09 	-0.00099402586 	0.13772576
-0.0025045045 	-0.012721523 	-3.2277772e-09 	-0.0010033694 	0.13981618
-0.0024924925 	-0.012721487 	-3.2173356e-09 	-0.001012713 	0.14190661
-0.0024804805 	-0.01272145 	-3.206894e-09 	-0.0010220566 	0.14399703
-0.0024684685 	-0.012721413 	-3.1964524e-09 	-0.0010314002 	0.14608745
-0.0024564565 	-0.012721377 	-3.1860107e-09 	-0.0010407438 	0.14817787
-0.0024444444 	-0.01272134 	-3.1755691e-09 	-0.0010500874 	0.15026829
-0.0024324324 	-0.012721304 	-3.1651275e-09 	-0.001059431 	0.15235872
-0.0024204204 	-0.012721268 	-3.1632925e-09 	-0.0010685783 	0.15442219
-0.0024084084 	-0.012721234 	-3.1681519e-09 	-0.0010775731 	0.1564647
-0.0023963964 	-0.012721194 	-3.1598186e-09 	-0.0010865672 	0.15861311
-0.0023843844 	-0.012721149 	-3.1408634e-09 	-0.0010955608 	0.16084679
-0.0023723724 	-0.012721104 	-3.1219083e-09 	-0.0011045543 	0.16308046
-0.0023603604 	-0.012721059 	-3.1029532e-09 	-0.0011135479 	0.16531414
-0.0023483483 	-0.012721014 	-3.0839981e-09 	-0.0011225414 	0.16754781
-0.0023363363 	-0.012720969 	-3.065043e-09 	-0.001131535 	0.16978149
-0.0023243243 	-0.012720924 	-3.0460878e-09 	-0.0011405285 	0.17201516
-0.0023123123 	-0.012720879 	-3.0271327e-09 	-0.001149522 	0.17424884
-0.0023003003 	-0.012720834 	-3.0081776e-09 	-0.0011585156 	0.17648251
-0.0022882883 	-0.012720789 	-2.9892225e-09 	-0.0011675091 	0.17871619
-0.0022762763 	-0.012720745 	-2.9737917e-09 	-0.0011764183 	0.18093701
-0.0022642643 	-0.012720703 	-2.968879e-09 	-0.0011850757 	0.18311948
-0.0022522523 	-0.01272066 	-2.9639663e-09 	-0.001193733 	0.18530194
-0.0022402402 	-0.012720606 	-2.9386373e-09 	-0.0012019325 	0.18768206
-0.0022282282 	-0.012720552 	-2.9127356e-09 	-0.0012101192 	0.19006772
-0.0022162162 	-0.012720498 	-2.8868339e-09 	-0.0012183058 	0.19245338
-0.0022042042 	-0.012720444 	-2.8609322e-09 	-0.0012264924 	0.19483904
-0.0021921922 	-0.01272039 	-2.8350304e-09 	-0.0012346791 	0.1972247
-0.0021801802 	-0.012720336 	-2.8091287e-09 	-0.0012428657 	0.19961036
-0.0021681682 	-0.012720281 	-2.783227e-09 	-0.0012510524 	0.20199602
-0.0021561562 	-0.012720227 	-2.7573253e-09 	-0.001259239 	0.20438168
-0.0021441441 	-0.012720173 	-2.7314236e-09 	-0.0012674257 	0.20676734
-0.0021321321 	-0.012720119 	-2.7055218e-09 	-0.0012756123 	0.209153
-0.0021201201 	-0.012720065 	-2.6796201e-09 	-0.0012837989 	0.21153866
-0.0021081081 	-0.012720011 	-2.6562507e-09 	-0.0012918998 	0.21390871
-0.0020960961 	-0.01271996 	-2.6392064e-09 	-0.0012997865 	0.21623978
-0.0020840841 	-0.012719908 	-2.6221622e-09 	-0.0013076732 	0.21857085
-0.0020720721 	-0.012719849 	-2.5982079e-09 	-0.0013147017 	0.22104498
-0.0020600601 	-0.012719785 	-2.5713149e-09 	-0.0013213652 	0.22357994
-0.002048048 	-0.012719722 	-2.5444219e-09 	-0.0013280288 	0.2261149
-0.002036036 	-0.012719658 	-2.5175289e-09 	-0.0013346923 	0.22864986
-0.002024024 	-0.012719595 	-2.4906359e-09 	-0.0013413559 	0.23118482
-0.002012012 	-0.012719532 	-2.4637429e-09 	-0.0013480194 	0.23371979
-0.002 	-0.012719468 	-2.4368499e-09 	-0.0013546829 	0.23625475
-0.001987988 	-0.012719405 	-2.4099569e-09 	-0.0013613465 	0.23878971
-0.001975976 	-0.012719342 	-2.383064e-09 	-0.00136801 	0.24132467
-0.001963964 	-0.012719278 	-2.356171e-09 	-0.0013746736 	0.24385964
-0.001951952 	-0.012719215 	-2.329278e-09 	-0.0013813371 	0.2463946
-0.0019399399 	-0.012719151 	-2.302385e-09 	-0.0013880006 	0.24892956
-0.0019279279 	-0.012719088 	-2.275492e-09 	-0.0013946642 	0.25146452
-0.0019159159 	-0.012719026 	-2.2483218e-09 	-0.001401226 	0.25397395
-0.0019039039 	-0.012718965 	-2.2208061e-09 	-0.0014076609 	0.25645154
-0.0018918919 	-0.012718904 	-2.1932903e-09 	-0.0014140958 	0.25892912
-0.0018798799 	-0.012718838 	-2.1701743e-09 	-0.0014193331 	0.26149965
-0.0018678679 	-0.012718767 	-2.1512226e-09 	-0.001423437 	0.26415813
-0.0018558559 	-0.012718696 	-2.132271e-09 	-0.0014275408 	0.26681661
-0.0018438438 	-0.012718625 	-2.1133193e-09 	-0.0014316446 	0.2694751
-0.0018318318 	-0.012718554 	-2.0943676e-09 	-0.0014357484 	0.27213358
-0.0018198198 	-0.012718483 	-2.0754159e-09 	-0.0014398522 	0.27479207
-0.0018078078 	-0.012718412 	-2.0564642e-09 	-0.0014439561 	0.27745055
-0.0017957958 	-0.01271834 	-2.0375125e-09 	-0.0014480599 	0.28010903
-0.0017837838 	-0.012718269 	-2.0185609e-09 	-0.0014521637 	0.28276752
-0.0017717718 	-0.012718198 	-1.9996092e-09 	-0.0014562675 	0.285426
-0.0017597598 	-0.012718127 	-1.9806575e-09 	-0.0014603714 	0.28808448
-0.0017477477 	-0.012718056 	-1.9617058e-09 	-0.0014644752 	0.29074297
-0.0017357357 	-0.012717985 	-1.9427541e-09 	-0.001468579 	0.29340145
-0.0017237237 	-0.012717914 	-1.9238024e-09 	-0.0014726828 	0.29605994
-0.0017117117 	-0.012717842 	-1.9048507e-09 	-0.0014767866 	0.29871842
-0.0016996997 	-0.012717773 	-1.8805537e-09 	-0.0014808379 	0.30134915
-0.0016876877 	-0.012717704 	-1.8503893e-09 	-0.0014848313 	0.30394941
-0.0016756757 	-0.012717636 	-1.8202249e-09 	-0.0014888248 	0.30654967
-0.0016636637 	-0.012717566 	-1.7937379e-09 	-0.0014922224 	0.3091677
-0.0016516517 	-0.012717489 	-1.7878261e-09 	-0.0014922862 	0.31188513
-0.0016396396 	-0.012717411 	-1.7819144e-09 	-0.00149235 	0.31460255
-0.0016276276 	-0.012717334 	-1.7760026e-09 	-0.0014924138 	0.31731998
-0.0016156156 	-0.012717257 	-1.7700908e-09 	-0.0014924776 	0.32003741
-0.0016036036 	-0.01271718 	-1.7641791e-09 	-0.0014925414 	0.32275484
-0.0015915916 	-0.012717103 	-1.7582673e-09 	-0.0014926052 	0.32547227
-0.0015795796 	-0.012717025 	-1.7523555e-09 	-0.001492669 	0.3281897
-0.0015675676 	-0.012716948 	-1.7464438e-09 	-0.0014927329 	0.33090712
-0.0015555556 	-0.012716871 	-1.740532e-09 	-0.0014927967 	0.33362455
-0.0015435435 	-0.012716794 	-1.7346202e-09 	-0.0014928605 	0.33634198
-0.0015315315 	-0.012716716 	-1.7287085e-09 	-0.0014929243 	0.33905941
-0.0015195195 	-0.012716639 	-1.7227967e-09 	-0.0014929881 	0.34177684
-0.0015075075 	-0.012716562 	-1.7168849e-09 	-0.0014930519 	0.34449426
-0.0014954955 	-0.012716485 	-1.7109732e-09 	-0.0014931157 	0.34721169
-0.0014834835 	-0.012716408 	-1.7050614e-09 	-0.0014931795 	0.34992912
-0.0014714715 	-0.01271633 	-1.6991496e-09 	-0.0014932433 	0.35264655
-0.0014594595 	-0.012716253 	-1.6916816e-09 	-0.0014933132 	0.35535875
-0.0014474474 	-0.012716179 	-1.6693791e-09 	-0.0014934412 	0.35802119
-0.0014354354 	-0.012716104 	-1.6470767e-09 	-0.0014935691 	0.36068363
-0.0014234234 	-0.012716029 	-1.6247742e-09 	-0.0014936971 	0.36334607
-0.0014114114 	-0.012715952 	-1.6109712e-09 	-0.001491552 	0.36620038
-0.0013993994 	-0.012715868 	-1.6149621e-09 	-0.0014846482 	0.36945638
-0.0013873874 	-0.012715785 	-1.6189529e-09 	-0.0014777445 	0.37271239
-0.0013753754 	-0.012715702 	-1.6229437e-09 	-0.0014708407 	0.37596839
-0.0013633634 	-0.012715619 	-1.6269345e-09 	-0.0014639369 	0.3792244
-0.0013513514 	-0.012715535 	-1.6309253e-09 	-0.0014570332 	0.3824804
-0.0013393393 	-0.012715452 	-1.6349161e-09 	-0.0014501294 	0.38573641
-0.0013273273 	-0.012715369 	-1.6389069e-09 	-0.0014432257 	0.38899241
-0.0013153153 	-0.012715286 	-1.6428977e-09 	-0.0014363219 	0.39224841
-0.0013033033 	-0.012715203 	-1.6468885e-09 	-0.0014294181 	0.39550442
-0.0012912913 	-0.012715119 	-1.6508793e-09 	-0.0014225144 	0.39876042
-0.0012792793 	-0.012715036 	-1.6548702e-09 	-0.0014156106 	0.40201643
-0.0012672673 	-0.012714953 	-1.658861e-09 	-0.0014087069 	0.40527243
-0.0012552553 	-0.01271487 	-1.6628518e-09 	-0.0014018031 	0.40852844
-0.0012432432 	-0.012714786 	-1.6668426e-09 	-0.0013948993 	0.41178444
-0.0012312312 	-0.012714703 	-1.6708334e-09 	-0.0013879956 	0.41504045
-0.0012192192 	-0.01271462 	-1.6748242e-09 	-0.0013810918 	0.41829645
-0.0012072072 	-0.012714537 	-1.678815e-09 	-0.0013741881 	0.42155245
-0.0011951952 	-0.012714453 	-1.6828058e-09 	-0.0013672843 	0.42480846
-0.0011831832 	-0.01271437 	-1.6867966e-09 	-0.0013603805 	0.42806446
-0.0011711712 	-0.012714288 	-1.6773733e-09 	-0.0013537585 	0.43127867
-0.0011591592 	-0.012714205 	-1.6676152e-09 	-0.0013471436 	0.43449183
-0.0011471471 	-0.012714123 	-1.657857e-09 	-0.0013405286 	0.43770499
-0.0011351351 	-0.01271404 	-1.6480989e-09 	-0.0013339137 	0.44091815
-0.0011231231 	-0.012713986 	-1.6419622e-09 	-0.0013244865 	0.44317769
-0.0011111111 	-0.012713945 	-1.6373971e-09 	-0.001313839 	0.44502341
-0.0010990991 	-0.012713903 	-1.6328319e-09 	-0.0013031915 	0.44686913
-0.0010870871 	-0.012713862 	-1.6282668e-09 	-0.001292544 	0.44871485
-0.0010750751 	-0.01271382 	-1.6237017e-09 	-0.0012818965 	0.45056057
-0.0010630631 	-0.012713779 	-1.6191366e-09 	-0.001271249 	0.45240629
-0.0010510511 	-0.012713737 	-1.6145715e-09 	-0.0012606015 	0.45425201
-0.001039039 	-0.012713696 	-1.6100063e-09 	-0.0012499541 	0.45609773
-0.001027027 	-0.012713654 	-1.6057248e-09 	-0.0012392816 	0.45794608
-0.001015015 	-0.012713612 	-1.6038898e-09 	-0.0012283935 	0.45981711
-0.001003003 	-0.012713571 	-1.6020549e-09 	-0.0012175055 	0.46168814
-0.00099099099 	-0.012713529 	-1.6002199e-09 	-0.0012066174 	0.46355917
-0.00097897898 	-0.012713487 	-1.5983849e-09 	-0.0011957294 	0.46543021
-0.00096696697 	-0.012713445 	-1.59655e-09 	-0.0011848414 	0.46730124
-0.00095495495 	-0.012713403 	-1.594715e-09 	-0.0011739533 	0.46917227
-0.00094294294 	-0.012713362 	-1.5928801e-09 	-0.0011630653 	0.4710433
-0.00093093093 	-0.01271332 	-1.5910451e-09 	-0.0011521772 	0.47291434
-0.00091891892 	-0.012713278 	-1.5892101e-09 	-0.0011412892 	0.47478537
-0.00090690691 	-0.012713236 	-1.5873752e-09 	-0.0011304011 	0.4766564
-0.00089489489 	-0.012713195 	-1.5855402e-09 	-0.0011195131 	0.47852743
-0.00088288288 	-0.012713153 	-1.5837052e-09 	-0.0011086251 	0.48039846
-0.00087087087 	-0.012713111 	-1.5818703e-09 	-0.001097737 	0.4822695
-0.00085885886 	-0.012713069 	-1.5800353e-09 	-0.001086849 	0.48414053
-0.00084684685 	-0.012713028 	-1.5782004e-09 	-0.0010759609 	0.48601156
-0.00083483483 	-0.012712986 	-1.5763654e-09 	-0.0010650729 	0.48788259
-0.00082282282 	-0.012712944 	-1.5745304e-09 	-0.0010541848 	0.48975363
-0.00081081081 	-0.012712902 	-1.5726955e-09 	-0.0010432968 	0.49162466
-0.0007987988 	-0.012712861 	-1.5708605e-09 	-0.0010324088 	0.49349569
-0.00078678679 	-0.012712819 	-1.5690255e-09 	-0.0010215207 	0.49536672
-0.00077477477 	-0.012712777 	-1.5671906e-09 	-0.0010106327 	0.49723775
-0.00076276276 	-0.012712735 	-1.5653556e-09 	-0.00099974464 	0.49910879
-0.00075075075 	-0.012712694 	-1.5635207e-09 	-0.00098885659 	0.50097982
-0.00073873874 	-0.012712652 	-1.5616857e-09 	-0.00097796855 	0.50285085
-0.00072672673 	-0.01271261 	-1.5598507e-09 	-0.00096708051 	0.50472188
-0.00071471471 	-0.012712568 	-1.5580158e-09 	-0.00095619247 	0.50659292
-0.0007027027 	-0.012712527 	-1.5561808e-09 	-0.00094530442 	0.50846395
-0.00069069069 	-0.012712485 	-1.5543458e-09 	-0.00093441638 	0.51033498
-0.00067867868 	-0.012712443 	-1.5525109e-09 	-0.00092352834 	0.51220601
-0.00066666667 	-0.012712401 	-1.5506759e-09 	-0.0009126403 	0.51407705
-0.00065465465 	-0.01271236 	-1.548841e-09 	-0.00090175225 	0.51594808
-0.00064264264 	-0.012712318 	-1.547006e-09 	-0.00089086421 	0.51781911
-0.00063063063 	-0.012712276 	-1.545171e-09 	-0.00087997617 	0.51969014
-0.00061861862 	-0.012712234 	-1.5433361e-09 	-0.00086908813 	0.52156117
-0.00060660661 	-0.012712193 	-1.5415011e-09 	-0.00085820008 	0.52343221
-0.00059459459 	-0.012712151 	-1.5396661e-09 	-0.00084731204 	0.52530324
-0.00058258258 	-0.012712109 	-1.5378312e-09 	-0.000836424 	0.52717427
-0.00057057057 	-0.012712067 	-1.5359962e-09 	-0.00082553596 	0.5290453
-0.00055855856 	-0.012712037 	-1.5331776e-09 	-0.00081080472 	0.53030252
-0.00054654655 	-0.012712015 	-1.5296997e-09 	-0.00079349731 	0.53114829
-0.00053453453 	-0.012711992 	-1.5262218e-09 	-0.0007761899 	0.53199405
-0.00052252252 	-0.01271197 	-1.5227439e-09 	-0.00075888249 	0.53283982
-0.00051051051 	-0.012711947 	-1.5192659e-09 	-0.00074157508 	0.53368558
-0.0004984985 	-0.012711925 	-1.515788e-09 	-0.00072426768 	0.53453135
-0.00048648649 	-0.012711903 	-1.5123101e-09 	-0.00070696027 	0.53537712
-0.00047447447 	-0.01271188 	-1.5088322e-09 	-0.00068965286 	0.53622288
-0.00046246246 	-0.012711858 	-1.5053531e-09 	-0.00067234464 	0.53706868
-0.00045045045 	-0.012711835 	-1.501648e-09 	-0.00065488119 	0.53792147
-0.00043843844 	-0.012711813 	-1.4979429e-09 	-0.00063741774 	0.53877425
-0.00042642643 	-0.01271179 	-1.4942379e-09 	-0.00061995429 	0.53962704
-0.00041441441 	-0.012711768 	-1.4905328e-09 	-0.00060249084 	0.54047982
-0.0004024024 	-0.012711745 	-1.4868278e-09 	-0.00058502739 	0.54133261
-0.00039039039 	-0.012711723 	-1.4831227e-09 	-0.00056756394 	0.54218539
-0.00037837838 	-0.0127117 	-1.4794177e-09 	-0.00055010049 	0.54303818
-0.00036636637 	-0.012711677 	-1.4757126e-09 	-0.00053263704 	0.54389096
-0.00035435435 	-0.012711655 	-1.4720076e-09 	-0.00051517359 	0.54474375
-0.00034234234 	-0.012711632 	-1.4683025e-09 	-0.00049771014 	0.54559653
-0.00033033033 	-0.01271161 	-1.4645974e-09 	-0.00048024669 	0.54644932
-0.00031831832 	-0.012711587 	-1.4608924e-09 	-0.00046278323 	0.5473021
-0.00030630631 	-0.012711565 	-1.4571873e-09 	-0.00044531978 	0.54815489
-0.00029429429 	-0.012711542 	-1.4534823e-09 	-0.00042785633 	0.54900767
-0.00028228228 	-0.01271152 	-1.4497772e-09 	-0.00041039288 	0.54986046
-0.00027027027 	-0.012711497 	-1.4460722e-09 	-0.00039292943 	0.55071324
-0.00025825826 	-0.012711475 	-1.4423671e-09 	-0.00037546598 	0.55156603
-0.00024624625 	-0.012711452 	-1.438662e-09 	-0.00035800253 	0.55241881
-0.00023423423 	-0.01271143 	-1.434957e-09 	-0.00034053908 	0.5532716
-0.00022222222 	-0.012711407 	-1.4312519e-09 	-0.00032307563 	0.55412438
-0.00021021021 	-0.012711385 	-1.4275469e-09 	-0.00030561218 	0.55497717
-0.0001981982 	-0.012711362 	-1.4238418e-09 	-0.00028814873 	0.55582995
-0.00018618619 	-0.01271134 	-1.4201368e-09 	-0.00027068528 	0.55668274
-0.00017417417 	-0.012711317 	-1.4164317e-09 	-0.00025322183 	0.55753552
-0.00016216216 	-0.012711295 	-1.4127266e-09 	-0.00023575838 	0.55838831
-0.00015015015 	-0.012711272 	-1.4090216e-09 	-0.00021829493 	0.55924109
-0.00013813814 	-0.01271125 	-1.4053165e-09 	-0.00020083148 	0.56009388
-0.00012612613 	-0.012711227 	-1.4016115e-09 	-0.00018336803 	0.56094666
-0.00011411411 	-0.012711205 	-1.3979064e-09 	-0.00016590458 	0.56179945
-0.0001021021 	-0.012711182 	-1.3942014e-09 	-0.00014844113 	0.56265223
-9.009009e-05 	-0.012711159 	-1.3904963e-09 	-0.00013097768 	0.56350502
-7.8078078e-05 	-0.012711137 	-1.3867912e-09 	-0.00011351423 	0.5643578
-6.6066066e-05 	-0.012711114 	-1.3830862e-09 	-9.6050776e-05 	0.56521059
-5.4054054e-05 	-0.012711092 	-1.3793811e-09 	-7.8587326e-05 	0.56606337
-4.2042042e-05 	-0.012711069 	-1.3756761e-09 	-6.1123876e-05 	0.56691616
-3.003003e-05 	-0.012711047 	-1.371971e-09 	-4.3660425e-05 	0.56776894
-1.8018018e-05 	-0.012711024 	-1.368266e-09 	-2.6196975e-05 	0.56862173
-6.006006e-06 	-0.012711002 	-1.3645609e-09 	-8.7335244e-06 	0.56947451
6.006006e-06 	-0.012711002 	-1.3644083e-09 	8.6519041e-06 	0.56947802
1.8018018e-05 	-0.012711024 	-1.367808e-09 	2.5959311e-05 	0.56863225
3.003003e-05 	-0.012711047 	-1.3712077e-09 	4.3266718e-05 	0.56778648
4.2042042e-05 	-0.012711069 	-1.3746075e-09 	6.0574124e-05 	0.56694071
5.4054054e-05 	-0.012711092 	-1.3780072e-09 	7.7881531e-05 	0.56609494
6.6066066e-05 	-0.012711114 	-1.381407e-09 	9.5188938e-05 	0.56524917
7.8078078e-05 	-0.012711136 	-1.3848067e-09 	0.00011249634 	0.5644034
9.009009e-05 	-0.012711159 	-1.3882065e-09 	0.00012980375 	0.56355764
0.0001021021 	-0.012711181 	-1.3916062e-09 	0.00014711116 	0.56271187
0.00011411411 	-0.012711204 	-1.3954054e-09 	0.00016456002 	0.56185973
0.00012612613 	-0.012711226 	-1.3992458e-09 	0.00018202347 	0.56100695
0.00013813814 	-0.012711249 	-1.4030861e-09 	0.00019948692 	0.56015416
0.00015015015 	-0.012711271 	-1.4069265e-09 	0.00021695036 	0.55930137
0.00016216216 	-0.012711294 	-1.4107669e-09 	0.00023441381 	0.55844858
0.00017417417 	-0.012711316 	-1.4146072e-09 	0.00025187726 	0.55759579
0.00018618619 	-0.012711339 	-1.4184476e-09 	0.00026934071 	0.55674301
0.0001981982 	-0.012711361 	-1.422288e-09 	0.00028680416 	0.55589022
0.00021021021 	-0.012711384 	-1.4261283e-09 	0.00030426761 	0.55503743
0.00022222222 	-0.012711406 	-1.4299687e-09 	0.00032173106 	0.55418464
0.00023423423 	-0.012711429 	-1.433809e-09 	0.00033919451 	0.55333185
0.00024624625 	-0.012711451 	-1.4376494e-09 	0.00035665796 	0.55247906
0.00025825826 	-0.012711474 	-1.4414898e-09 	0.00037412141 	0.55162628
0.00027027027 	-0.012711497 	-1.4453301e-09 	0.00039158486 	0.55077349
0.00028228228 	-0.012711519 	-1.4491705e-09 	0.00040904831 	0.5499207
0.00029429429 	-0.012711542 	-1.4530109e-09 	0.00042651176 	0.54906791
0.00030630631 	-0.012711564 	-1.4568512e-09 	0.00044397521 	0.54821512
0.00031831832 	-0.012711587 	-1.4606916e-09 	0.00046143866 	0.54736233
0.00033033033 	-0.012711609 	-1.464532e-09 	0.00047890211 	0.54650955
0.00034234234 	-0.012711632 	-1.4683723e-09 	0.00049636555 	0.54565676
0.00035435435 	-0.012711654 	-1.4722127e-09 	0.000513829 	0.54480397
0.00036636637 	-0.012711677 	-1.4760531e-09 	0.00053129245 	0.54395118
0.00037837838 	-0.012711699 	-1.4798934e-09 	0.0005487559 	0.54309839
0.00039039039 	-0.012711722 	-1.4837338e-09 	0.00056621935 	0.54224561
0.0004024024 	-0.012711744 	-1.4875742e-09 	0.0005836828 	0.54139282
0.00041441441 	-0.012711767 	-1.4914145e-09 	0.00060114625 	0.54054003
0.00042642643 	-0.012711789 	-1.4952549e-09 	0.0006186097 	0.53968724
0.00043843844 	-0.012711812 	-1.4990953e-09 	0.00063607315 	0.53883445
0.00045045045 	-0.012711834 	-1.5029356e-09 	0.0006535366 	0.53798166
0.00046246246 	-0.012711857 	-1.506776e-09 	0.00067100005 	0.53712888
0.00047447447 	-0.012711879 	-1.5106163e-09 	0.0006884635 	0.53627609
0.00048648649 	-0.012711902 	-1.5144567e-09 	0.00070592695 	0.5354233
0.0004984985 	-0.012711924 	-1.5182971e-09 	0.0007233904 	0.53457051
0.00051051051 	-0.012711947 	-1.5221374e-09 	0.00074085385 	0.53371772
0.00052252252 	-0.012711969 	-1.5259778e-09 	0.0007583173 	0.53286493
0.00053453453 	-0.012711992 	-1.5298182e-09 	0.00077578075 	0.53201215
0.00054654655 	-0.012712015 	-1.5336585e-09 	0.00079324419 	0.53115936
0.00055855856 	-0.012712037 	-1.5374989e-09 	0.00081070764 	0.53030657
0.00057057057 	-0.012712067 	-1.5414926e-09 	0.00082543576 	0.52905531
0.00058258258 	-0.012712109 	-1.5457149e-09 	0.00083608325 	0.52720958
0.00059459459 	-0.01271215 	-1.5499372e-09 	0.00084673074 	0.52536386
0.00060660661 	-0.012712192 	-1.5541596e-09 	0.00085737822 	0.52351814
0.00061861862 	-0.012712233 	-1.5583819e-09 	0.00086802571 	0.52167242
0.00063063063 	-0.012712275 	-1.5626042e-09 	0.00087867319 	0.51982669
0.00064264264 	-0.012712316 	-1.5668266e-09 	0.00088932068 	0.51798097
0.00065465465 	-0.012712358 	-1.5710489e-09 	0.00089996817 	0.51613525
0.00066666667 	-0.0127124 	-1.5752712e-09 	0.00091061565 	0.51428953
0.00067867868 	-0.012712441 	-1.5773256e-09 	0.00092145746 	0.51242336
0.00069069069 	-0.012712483 	-1.5788642e-09 	0.0009323455 	0.51055232
0.0007027027 	-0.012712525 	-1.5804028e-09 	0.00094323353 	0.50868129
0.00071471471 	-0.012712567 	-1.5819414e-09 	0.00095412157 	0.50681025
0.00072672673 	-0.012712608 	-1.58348e-09 	0.00096500961 	0.50493922
0.00073873874 	-0.01271265 	-1.5850186e-09 	0.00097589764 	0.50306818
0.00075075075 	-0.012712692 	-1.5865572e-09 	0.00098678568 	0.50119715
0.00076276276 	-0.012712734 	-1.5880958e-09 	0.00099767372 	0.49932611
0.00077477477 	-0.012712775 	-1.5896344e-09 	0.0010085618 	0.49745508
0.00078678679 	-0.012712817 	-1.591173e-09 	0.0010194498 	0.49558404
0.0007987988 	-0.012712859 	-1.5927116e-09 	0.0010303378 	0.49371301
0.00081081081 	-0.012712901 	-1.5942502e-09 	0.0010412259 	0.49184197
0.00082282282 	-0.012712942 	-1.5957888e-09 	0.0010521139 	0.48997094
0.00083483483 	-0.012712984 	-1.5973274e-09 	0.0010630019 	0.4880999
0.00084684685 	-0.012713026 	-1.5988661e-09 	0.00107389 	0.48622887
0.00085885886 	-0.012713068 	-1.6004047e-09 	0.001084778 	0.48435783
0.00087087087 	-0.012713109 	-1.6019433e-09 	0.0010956661 	0.4824868
0.00088288288 	-0.012713151 	-1.6034819e-09 	0.0011065541 	0.48061576
0.00089489489 	-0.012713193 	-1.6050205e-09 	0.0011174421 	0.47874473
0.00090690691 	-0.012713235 	-1.6065591e-09 	0.0011283302 	0.47687369
0.00091891892 	-0.012713276 	-1.6080977e-09 	0.0011392182 	0.47500266
0.00093093093 	-0.012713318 	-1.6096363e-09 	0.0011501062 	0.47313162
0.00094294294 	-0.01271336 	-1.6111749e-09 	0.0011609943 	0.47126059
0.00095495495 	-0.012713402 	-1.6127135e-09 	0.0011718823 	0.46938955
0.00096696697 	-0.012713443 	-1.6142521e-09 	0.0011827703 	0.46751852
0.00097897898 	-0.012713485 	-1.6157907e-09 	0.0011936584 	0.46564748
0.00099099099 	-0.012713527 	-1.6173293e-09 	0.0012045464 	0.46377645
0.001003003 	-0.012713569 	-1.6188679e-09 	0.0012154345 	0.46190541
0.001015015 	-0.01271361 	-1.6204065e-09 	0.0012263225 	0.46003438
0.001027027 	-0.012713652 	-1.6219451e-09 	0.0012372105 	0.45816334
0.001039039 	-0.012713694 	-1.6234837e-09 	0.0012480986 	0.45629231
0.0010510511 	-0.012713736 	-1.6250223e-09 	0.0012589866 	0.45442127
0.0010630631 	-0.012713777 	-1.6265609e-09 	0.0012698746 	0.45255024
0.0010750751 	-0.012713819 	-1.6280995e-09 	0.0012807627 	0.4506792
0.0010870871 	-0.012713861 	-1.6296381e-09 	0.0012916507 	0.44880817
0.0010990991 	-0.012713903 	-1.6311767e-09 	0.0013025388 	0.44693713
0.0011111111 	-0.012713944 	-1.6327153e-09 	0.0013134268 	0.4450661
0.0011231231 	-0.012713986 	-1.6342539e-09 	0.0013243148 	0.44319506
0.0011351351 	-0.01271404 	-1.6381063e-09 	0.0013339097 	0.44091787
0.0011471471 	-0.012714123 	-1.6472904e-09 	0.0013405247 	0.4377047
0.0011591592 	-0.012714205 	-1.6564746e-09 	0.0013471396 	0.43449154
0.0011711712 	-0.012714288 	-1.6656587e-09 	0.0013537545 	0.43127838
0.0011831832 	-0.01271437 	-1.6744976e-09 	0.0013603765 	0.42806417
0.0011951952 	-0.012714454 	-1.6695052e-09 	0.0013672802 	0.42480816
0.0012072072 	-0.012714537 	-1.6645128e-09 	0.001374184 	0.42155215
0.0012192192 	-0.01271462 	-1.6595204e-09 	0.0013810877 	0.41829615
0.0012312312 	-0.012714703 	-1.654528e-09 	0.0013879915 	0.41504014
0.0012432432 	-0.012714786 	-1.6495356e-09 	0.0013948952 	0.41178413
0.0012552553 	-0.01271487 	-1.6445432e-09 	0.0014017989 	0.40852812
0.0012672673 	-0.012714953 	-1.6395508e-09 	0.0014087027 	0.40527212
0.0012792793 	-0.012715036 	-1.6345584e-09 	0.0014156064 	0.40201611
0.0012912913 	-0.012715119 	-1.629566e-09 	0.0014225102 	0.3987601
0.0013033033 	-0.012715203 	-1.6245736e-09 	0.0014294139 	0.39550409
0.0013153153 	-0.012715286 	-1.6195812e-09 	0.0014363177 	0.39224809
0.0013273273 	-0.012715369 	-1.6145888e-09 	0.0014432214 	0.38899208
0.0013393393 	-0.012715452 	-1.6095964e-09 	0.0014501251 	0.38573607
0.0013513514 	-0.012715536 	-1.604604e-09 	0.0014570289 	0.38248006
0.0013633634 	-0.012715619 	-1.5996116e-09 	0.0014639326 	0.37922406
0.0013753754 	-0.012715702 	-1.5946193e-09 	0.0014708364 	0.37596805
0.0013873874 	-0.012715785 	-1.5896269e-09 	0.0014777401 	0.37271204
0.0013993994 	-0.012715868 	-1.5846345e-09 	0.0014846439 	0.36945603
0.0014114114 	-0.012715952 	-1.5796421e-09 	0.0014915476 	0.36620003
0.0014234234 	-0.012716029 	-1.5931197e-09 	0.0014936927 	0.36334571
0.0014354354 	-0.012716104 	-1.6154198e-09 	0.0014935647 	0.36068327
0.0014474474 	-0.012716179 	-1.63772e-09 	0.0014934367 	0.35802083
0.0014594595 	-0.012716254 	-1.6600202e-09 	0.0014933088 	0.35535839
0.0014714715 	-0.012716331 	-1.6671046e-09 	0.0014932389 	0.35264618
0.0014834835 	-0.012716408 	-1.6725928e-09 	0.001493175 	0.34992875
0.0014954955 	-0.012716485 	-1.678081e-09 	0.0014931112 	0.34721132
0.0015075075 	-0.012716562 	-1.6835692e-09 	0.0014930474 	0.34449389
0.0015195195 	-0.012716639 	-1.6890574e-09 	0.0014929835 	0.34177646
0.0015315315 	-0.012716717 	-1.6945456e-09 	0.0014929197 	0.33905903
0.0015435435 	-0.012716794 	-1.7000338e-09 	0.0014928559 	0.3363416
0.0015555556 	-0.012716871 	-1.705522e-09 	0.0014927921 	0.33362417
0.0015675676 	-0.012716948 	-1.7110102e-09 	0.0014927282 	0.33090674
0.0015795796 	-0.012717026 	-1.7164983e-09 	0.0014926644 	0.32818931
0.0015915916 	-0.012717103 	-1.7219865e-09 	0.0014926006 	0.32547188
0.0016036036 	-0.01271718 	-1.7274747e-09 	0.0014925368 	0.32275445
0.0016156156 	-0.012717257 	-1.7329629e-09 	0.0014924729 	0.32003702
0.0016276276 	-0.012717334 	-1.7384511e-09 	0.0014924091 	0.31731959
0.0016396396 	-0.012717412 	-1.7439393e-09 	0.0014923453 	0.31460216
0.0016516517 	-0.012717489 	-1.7494275e-09 	0.0014922815 	0.31188473
0.0016636637 	-0.012717566 	-1.7549157e-09 	0.0014922176 	0.3091673
0.0016756757 	-0.012717636 	-1.7814534e-09 	0.00148882 	0.30654928
0.0016876877 	-0.012717704 	-1.8117534e-09 	0.0014848265 	0.30394901
0.0016996997 	-0.012717773 	-1.8420534e-09 	0.0014808331 	0.30134875
0.0017117117 	-0.012717843 	-1.8664503e-09 	0.0014767818 	0.29871802
0.0017237237 	-0.012717914 	-1.8854695e-09 	0.001472678 	0.29605953
0.0017357357 	-0.012717985 	-1.9044886e-09 	0.0014685742 	0.29340105
0.0017477477 	-0.012718056 	-1.9235077e-09 	0.0014644703 	0.29074256
0.0017597598 	-0.012718127 	-1.9425268e-09 	0.0014603665 	0.28808408
0.0017717718 	-0.012718198 	-1.961546e-09 	0.0014562627 	0.28542559
0.0017837838 	-0.012718269 	-1.9805651e-09 	0.0014521588 	0.28276711
0.0017957958 	-0.012718341 	-1.9995842e-09 	0.001448055 	0.28010862
0.0018078078 	-0.012718412 	-2.0186033e-09 	0.0014439512 	0.27745014
0.0018198198 	-0.012718483 	-2.0376225e-09 	0.0014398473 	0.27479165
0.0018318318 	-0.012718554 	-2.0566416e-09 	0.0014357435 	0.27213317
0.0018438438 	-0.012718625 	-2.0756607e-09 	0.0014316397 	0.26947468
0.0018558559 	-0.012718696 	-2.0946799e-09 	0.0014275358 	0.2668162
0.0018678679 	-0.012718767 	-2.113699e-09 	0.001423432 	0.26415771
0.0018798799 	-0.012718838 	-2.1327181e-09 	0.0014193282 	0.26149923
0.0018918919 	-0.012718904 	-2.1559064e-09 	0.0014140908 	0.25892871
0.0019039039 	-0.012718965 	-2.1834997e-09 	0.0014076559 	0.25645112
0.0019159159 	-0.012719026 	-2.2110929e-09 	0.001401221 	0.25397353
0.0019279279 	-0.012719088 	-2.2383402e-09 	0.0013946592 	0.2514641
0.0019399399 	-0.012719151 	-2.2653101e-09 	0.0013879956 	0.24892914
0.001951952 	-0.012719215 	-2.2922799e-09 	0.0013813321 	0.24639417
0.001963964 	-0.012719278 	-2.3192498e-09 	0.0013746686 	0.24385921
0.001975976 	-0.012719342 	-2.3462197e-09 	0.001368005 	0.24132425
0.001987988 	-0.012719405 	-2.3731895e-09 	0.0013613415 	0.23878928
0.002 	-0.012719468 	-2.4001594e-09 	0.0013546779 	0.23625432
0.002012012 	-0.012719532 	-2.4271292e-09 	0.0013480144 	0.23371936
0.002024024 	-0.012719595 	-2.4540991e-09 	0.0013413508 	0.23118439
0.002036036 	-0.012719658 	-2.481069e-09 	0.0013346873 	0.22864943
0.002048048 	-0.012719722 	-2.5080388e-09 	0.0013280237 	0.22611447
0.0020600601 	-0.012719785 	-2.5350087e-09 	0.0013213602 	0.2235795
0.0020720721 	-0.012719849 	-2.5619785e-09 	0.0013146966 	0.22104454
0.0020840841 	-0.012719908 	-2.586013e-09 	0.0013076681 	0.21857041
0.0020960961 	-0.01271996 	-2.6031451e-09 	0.0012997814 	0.21623934
0.0021081081 	-0.012720011 	-2.6202772e-09 	0.0012918948 	0.21390827
0.0021201201 	-0.012720065 	-2.6437339e-09 	0.0012837939 	0.21153822
0.0021321321 	-0.012720119 	-2.6697226e-09 	0.0012756072 	0.20915256
0.0021441441 	-0.012720173 	-2.6957113e-09 	0.0012674206 	0.20676689
0.0021561562 	-0.012720227 	-2.7217e-09 	0.0012592339 	0.20438123
0.0021681682 	-0.012720281 	-2.7476887e-09 	0.0012510473 	0.20199557
0.0021801802 	-0.012720336 	-2.7736774e-09 	0.0012428607 	0.19960991
0.0021921922 	-0.01272039 	-2.7996661e-09 	0.001234674 	0.19722425
0.0022042042 	-0.012720444 	-2.8256547e-09 	0.0012264874 	0.19483859
0.0022162162 	-0.012720498 	-2.8516434e-09 	0.0012183007 	0.19245293
0.0022282282 	-0.012720552 	-2.8776321e-09 	0.0012101141 	0.19006727
0.0022402402 	-0.012720606 	-2.9036208e-09 	0.0012019274 	0.18768161
0.0022522523 	-0.01272066 	-2.9290371e-09 	0.0011937279 	0.18530149
0.0022642643 	-0.012720703 	-2.9340493e-09 	0.0011850706 	0.18311903
0.0022762763 	-0.012720745 	-2.9390615e-09 	0.0011764132 	0.18093656
0.0022882883 	-0.012720789 	-2.9545913e-09 	0.0011675041 	0.17871574
0.0023003003 	-0.012720834 	-2.9736453e-09 	0.0011585105 	0.17648206
0.0023123123 	-0.012720879 	-2.9926993e-09 	0.001149517 	0.17424839
0.0023243243 	-0.012720924 	-3.0117533e-09 	0.0011405234 	0.17201471
0.0023363363 	-0.012720969 	-3.0308073e-09 	0.0011315299 	0.16978104
0.0023483483 	-0.012721014 	-3.0498613e-09 	0.0011225364 	0.16754736
0.0023603604 	-0.012721059 	-3.0689153e-09 	0.0011135428 	0.16531368
0.0023723724 	-0.012721104 	-3.0879694e-09 	0.0011045493 	0.16308001
0.0023843844 	-0.012721149 	-3.1070234e-09 	0.0010955557 	0.16084633
0.0023963964 	-0.012721194 	-3.1260774e-09 	0.0010865622 	0.15861266
0.0024084084 	-0.012721234 	-3.1344152e-09 	0.0010775681 	0.15646424
0.0024204204 	-0.012721268 	-3.1294429e-09 	0.0010685733 	0.15442173
0.0024324324 	-0.012721304 	-3.1311655e-09 	0.001059426 	0.15235826
0.0024444444 	-0.01272134 	-3.1414952e-09 	0.0010500824 	0.15026784
0.0024564565 	-0.012721377 	-3.151825e-09 	0.0010407388 	0.14817741
0.0024684685 	-0.012721413 	-3.1621547e-09 	0.0010313952 	0.14608699
0.0024804805 	-0.01272145 	-3.1724845e-09 	0.0010220517 	0.14399657
0.0024924925 	-0.012721487 	-3.1828142e-09 	0.0010127081 	0.14190615
0.0025045045 	-0.012721523 	-3.1931439e-09 	0.0010033645 	0.13981572
0.0025165165 	-0.01272156 	-3.2034737e-09 	0.00099402096 	0.1377253
0.0025285285 	-0.012721596 	-3.2138034e-09 	0.00098467738 	0.13563488
0.0025405405 	-0.01272163 	-3.2163473e-09 	0.00097543024 	0.13360644
0.0025525526 	-0.012721657 	-3.2047132e-09 	0.00096635871 	0.13169087
0.0025645646 	-0.012721685 	-3.2011756e-09 	0.00095708502 	0.12974905
0.0025765766 	-0.012721715 	-3.20341e-09 	0.00094766722 	0.12778851
0.0025885886 	-0.012721744 	-3.2056445e-09 	0.00093824942 	0.12582797
0.0026006006 	-0.012721773 	-3.2078789e-09 	0.00092883161 	0.12386743
0.0026126126 	-0.012721802 	-3.2101133e-09 	0.00091941381 	0.12190689
0.0026246246 	-0.012721831 	-3.2123478e-09 	0.00090999601 	0.11994635
0.0026366366 	-0.012721861 	-3.2145822e-09 	0.00090057821 	0.11798581
0.0026486486 	-0.01272189 	-3.2168166e-09 	0.00089116041 	0.11602527
0.0026606607 	-0.012721914 	-3.2090669e-09 	0.00088198717 	0.1141557
0.0026726727 	-0.012721935 	-3.1941476e-09 	0.00087298865 	0.11235236
0.0026846847 	-0.012721957 	-3.1902767e-09 	0.00086366133 	0.1105072
0.0026966967 	-0.012721979 	-3.1864058e-09 	0.00085433401 	0.10866203
0.0027087087 	-0.012722002 	-3.1825349e-09 	0.00084500669 	0.10681687
0.0027207207 	-0.012722024 	-3.1786641e-09 	0.00083567937 	0.10497171
0.0027327327 	-0.012722046 	-3.1747932e-09 	0.00082635205 	0.10312654
0.0027447447 	-0.012722068 	-3.1709223e-09 	0.00081702472 	0.10128138
0.0027567568 	-0.012722091 	-3.1670514e-09 	0.0008076974 	0.099436213
0.0027687688 	-0.012722103 	-3.1514389e-09 	0.00079887802 	0.097726583
0.0027807808 	-0.012722116 	-3.1400891e-09 	0.00078989803 	0.095999783
0.0027927928 	-0.01272213 	-3.132222e-09 	0.00078078461 	0.094256003
0.0028048048 	-0.012722144 	-3.124355e-09 	0.00077167118 	0.092512223
0.0028168168 	-0.012722158 	-3.1164879e-09 	0.00076255776 	0.090768442
0.0028288288 	-0.012722171 	-3.1086208e-09 	0.00075344434 	0.089024662
0.0028408408 	-0.012722185 	-3.1007538e-09 	0.00074433092 	0.087280882
0.0028528529 	-0.012722195 	-3.0901457e-09 	0.00073544081 	0.085582455
0.0028648649 	-0.0127222 	-3.0753183e-09 	0.00072690979 	0.083960445
0.0028768769 	-0.012722207 	-3.0648856e-09 	0.00071811257 	0.082305272
0.0028888889 	-0.012722213 	-3.0544528e-09 	0.00070931535 	0.080650098
0.0029009009 	-0.01272222 	-3.04402e-09 	0.00070051812 	0.078994925
0.0029129129 	-0.012722227 	-3.0335873e-09 	0.0006917209 	0.077339751
0.0029249249 	-0.012722233 	-3.0231545e-09 	0.00068292367 	0.075684578
0.0029369369 	-0.012722278 	-2.996755e-09 	0.00066676069 	0.072708873
0.0029489489 	-0.012722351 	-2.9646445e-09 	0.000646115 	0.068962299
0.002960961 	-0.012722429 	-2.934395e-09 	0.00062502712 	0.065159529
0.002972973 	-0.012722507 	-2.9041456e-09 	0.00060393925 	0.061356759
0.002984985 	-0.012722585 	-2.8738962e-09 	0.00058285137 	0.057553989
0.002996997 	-0.012722663 	-2.8436468e-09 	0.00056176349 	0.053751219
0.003009009 	-0.01272267 	-2.8330408e-09 	0.00055212425 	0.052080692
0.003021021 	-0.012722655 	-2.8289826e-09 	0.00054630123 	0.051120913
0.003033033 	-0.012722639 	-2.8249244e-09 	0.00054047821 	0.050161134
0.003045045 	-0.012722623 	-2.8208663e-09 	0.00053465519 	0.049201355
0.0030570571 	-0.012722607 	-2.8168081e-09 	0.00052883217 	0.048241577
0.0030690691 	-0.012722591 	-2.8127499e-09 	0.00052300915 	0.047281798
0.0030810811 	-0.012722576 	-2.8086917e-09 	0.00051718613 	0.046322019
0.0030930931 	-0.01272256 	-2.8036479e-09 	0.00051121965 	0.045342987
0.0031051051 	-0.012722544 	-2.7985954e-09 	0.0005052519 	0.044363785
0.0031171171 	-0.012722529 	-2.7935429e-09 	0.00049928416 	0.043384583
0.0031291291 	-0.012722513 	-2.7884904e-09 	0.00049331641 	0.042405381
0.0031411411 	-0.012722497 	-2.7834379e-09 	0.00048734867 	0.041426179
0.0031531532 	-0.012722482 	-2.7783854e-09 	0.00048138093 	0.040446977
0.0031651652 	-0.012722466 	-2.7733328e-09 	0.00047541318 	0.039467775
0.0031771772 	-0.01272245 	-2.7682803e-09 	0.00046944544 	0.038488573
0.0031891892 	-0.012722435 	-2.7632278e-09 	0.00046347769 	0.037509371
0.0032012012 	-0.012722419 	-2.7581753e-09 	0.00045750995 	0.036530169
0.0032132132 	-0.012722403 	-2.7531228e-09 	0.0004515422 	0.035550967
0.0032252252 	-0.012722388 	-2.7480703e-09 	0.00044557446 	0.034571765
0.0032372372 	-0.012722372 	-2.7430178e-09 	0.00043960671 	0.033592563
0.0032492492 	-0.012722357 	-2.7379653e-09 	0.00043363897 	0.032613361
0.0032612613 	-0.012722341 	-2.7329128e-09 	0.00042767123 	0.031634159
0.0032732733 	-0.012722325 	-2.7278603e-09 	0.00042170348 	0.030654957
0.0032852853 	-0.01272231 	-2.7228077e-09 	0.00041573574 	0.029675755
0.0032972973 	-0.012722294 	-2.7177552e-09 	0.00040976799 	0.028696553
0.0033093093 	-0.012722278 	-2.7127027e-09 	0.00040380025 	0.027717351
0.0033213213 	-0.012722263 	-2.7076502e-09 	0.0003978325 	0.026738149
0.0033333333 	-0.012722247 	-2.7025977e-09 	0.00039186476 	0.025758947
0.0033453453 	-0.012722231 	-2.6975452e-09 	0.00038589701 	0.024779745
0.0033573574 	-0.012722216 	-2.6924927e-09 	0.00037992927 	0.023800543
0.0033693694 	-0.0127222 	-2.6874402e-09 	0.00037396152 	0.022821341
0.0033813814 	-0.012722184 	-2.6823877e-09 	0.00036799378 	0.021842139
0.0033933934 	-0.012722169 	-2.6773352e-09 	0.00036202604 	0.020862937
0.0034054054 	-0.012722153 	-2.6722826e-09 	0.00035605829 	0.019883735
0.0034174174 	-0.012722137 	-2.6672301e-09 	0.00035009055 	0.018904533
0.0034294294 	-0.012722122 	-2.6621776e-09 	0.0003441228 	0.017925331
0.0034414414 	-0.012722106 	-2.6571251e-09 	0.00033815506 	0.016946129
0.0034534535 	-0.01272209 	-2.6520726e-09 	0.00033218731 	0.015966927
0.0034654655 	-0.012722067 	-2.6521033e-09 	0.00032643092 	0.015050486
0.0034774775 	-0.012722042 	-2.6532719e-09 	0.00032072184 	0.014148096
0.0034894895 	-0.012722017 	-2.6544405e-09 	0.00031501275 	0.013245706
0.0035015015 	-0.012721992 	-2.6556091e-09 	0.00030930367 	0.012343315
0.0035135135 	-0.012721967 	-2.6567777e-09 	0.00030359459 	0.011440925
0.0035255255 	-0.012721942 	-2.6579463e-09 	0.00029788551 	0.010538535
0.0035375375 	-0.012721915 	-2.6571792e-09 	0.0002922012 	0.0096215362
0.0035495495 	-0.012721888 	-2.6560933e-09 	0.00028652096 	0.0087021328
0.0035615616 	-0.012721861 	-2.6550075e-09 	0.00028084072 	0.0077827293
0.0035735736 	-0.012721834 	-2.6539216e-09 	0.00027516049 	0.0068633258
0.0035855856 	-0.012721807 	-2.6528358e-09 	0.00026948025 	0.0059439223
0.0035975976 	-0.01272178 	-2.6517499e-09 	0.00026380002 	0.0050245188
0.0036096096 	-0.012721753 	-2.6506641e-09 	0.00025811978 	0.0041051153
0.0036216216 	-0.012721726 	-2.6495783e-09 	0.00025243954 	0.0031857118
0.0036336336 	-0.012721699 	-2.6484924e-09 	0.00024675931 	0.0022663084
0.0036456456 	-0.012721672 	-2.6474066e-09 	0.00024107907 	0.0013469049
0.0036576577 	-0.012721645 	-2.6463207e-09 	0.00023539884 	0.00042750138
0.0036696697 	-0.012721618 	-2.6452349e-09 	0.0002297186 	-0.0004919021
0.0036816817 	-0.012721591 	-2.644149e-09 	0.00022403837 	-0.0014113056
0.0036936937 	-0.012721564 	-2.6430632e-09 	0.00021835813 	-0.0023307091
0.0037057057 	-0.012721537 	-2.6419773e-09 	0.00021267789 	-0.0032501126
0.0037177177 	-0.01272151 	-2.6408915e-09 	0.00020699766 	-0.004169516
0.0037297297 	-0.012721483 	-2.6398057e-09 	0.00020131742 	-0.0050889195
0.0037417417 	-0.012721456 	-2.6387198e-09 	0.00019563719 	-0.006008323
0.0037537538 	-0.012721429 	-2.637634e-09 	0.00018995695 	-0.0069277265
0.0037657658 	-0.012721402 	-2.6365481e-09 	0.00018427672 	-0.00784713
0.0037777778 	-0.012721375 	-2.6354623e-09 	0.00017859648 	-0.0087665335
0.0037897898 	-0.012721348 	-2.6343764e-09 	0.00017291624 	-0.009685937
0.0038018018 	-0.012721321 	-2.6332906e-09 	0.00016723601 	-0.01060534
0.0038138138 	-0.012721294 	-2.6322048e-09 	0.00016155577 	-0.011524744
0.0038258258 	-0.012721267 	-2.6311189e-09 	0.00015587554 	-0.012444147
0.0038378378 	-0.01272124 	-2.6300331e-09 	0.0001501953 	-0.013363551
0.0038498498 	-0.012721213 	-2.6289472e-09 	0.00014451506 	-0.014282954
0.0038618619 	-0.012721188 	-2.6278224e-09 	0.00013968633 	-0.015072144
0.0038738739 	-0.012721165 	-2.6266327e-09 	0.00013627218 	-0.015645011
0.0038858859 	-0.012721142 	-2.6254431e-09 	0.00013285803 	-0.016217878
0.0038978979 	-0.012721119 	-2.6242534e-09 	0.00012944388 	-0.016790745
0.0039099099 	-0.012721097 	-2.6230638e-09 	0.00012602973 	-0.017363612
0.0039219219 	-0.012721074 	-2.6218176e-09 	0.00012264013 	-0.017937852
0.0039339339 	-0.01272105 	-2.6201675e-09 	0.00011942586 	-0.018521899
0.0039459459 	-0.012721027 	-2.6185174e-09 	0.00011621159 	-0.019105947
0.003957958 	-0.012721004 	-2.6168673e-09 	0.00011299732 	-0.019689994
0.00396997 	-0.01272098 	-2.6152173e-09 	0.00010978305 	-0.020274042
0.003981982 	-0.012720957 	-2.6135672e-09 	0.00010656878 	-0.020858089
0.003993994 	-0.012720934 	-2.6119171e-09 	0.00010335451 	-0.021442136
0.004006006 	-0.01272091 	-2.6102671e-09 	0.00010014024 	-0.022026184
0.004018018 	-0.012720887 	-2.608617e-09 	9.6925972e-05 	-0.022610231
0.00403003 	-0.012720864 	-2.6069669e-09 	9.3711703e-05 	-0.023194279
0.004042042 	-0.012720841 	-2.6053169e-09 	9.0497433e-05 	-0.023778326
0.0040540541 	-0.012720817 	-2.6036668e-09 	8.7283163e-05 	-0.024362374
0.0040660661 	-0.012720794 	-2.6020167e-09 	8.4068893e-05 	-0.024946421
0.0040780781 	-0.012720771 	-2.6003666e-09 	8.0854623e-05 	-0.025530468
0.0040900901 	-0.012720747 	-2.5987166e-09 	7.7640353e-05 	-0.026114516
0.0041021021 	-0.012720724 	-2.5970665e-09 	7.4426084e-05 	-0.026698563
0.0041141141 	-0.012720701 	-2.5954164e-09 	7.1211814e-05 	-0.027282611
0.0041261261 	-0.012720677 	-2.5937664e-09 	6.7997544e-05 	-0.027866658
0.0041381381 	-0.012720654 	-2.5921163e-09 	6.4783274e-05 	-0.028450706
0.0041501502 	-0.012720631 	-2.5904662e-09 	6.1569004e-05 	-0.029034753
0.0041621622 	-0.012720607 	-2.5888161e-09 	5.8354735e-05 	-0.0296188
0.0041741742 	-0.012720584 	-2.5871661e-09 	5.5140465e-05 	-0.030202848
0.0041861862 	-0.012720561 	-2.585516e-09 	5.1926195e-05 	-0.030786895
0.0041981982 	-0.012720537 	-2.5838659e-09 	4.8711925e-05 	-0.031370943
0.0042102102 	-0.012720514 	-2.5822159e-09 	4.5497655e-05 	-0.03195499
0.0042222222 	-0.012720493 	-2.5748079e-09 	4.3377359e-05 	-0.0322894
0.0042342342 	-0.012720473 	-2.5667186e-09 	4.1386533e-05 	-0.032594265
0.0042462462 	-0.012720453 	-2.5586292e-09 	3.9395706e-05 	-0.03289913
0.0042582583 	-0.012720432 	-2.5505398e-09 	3.740488e-05 	-0.033203996
0.0042702703 	-0.012720412 	-2.5426332e-09 	3.5477619e-05 	-0.033510949
0.0042822823 	-0.01272039 	-2.5352379e-09 	3.3728257e-05 	-0.033823745
0.0042942943 	-0.012720369 	-2.5278426e-09 	3.1978895e-05 	-0.034136541
0.0043063063 	-0.012720348 	-2.5204474e-09 	3.0229533e-05 	-0.034449337
0.0043183183 	-0.012720327 	-2.5130521e-09 	2.8480171e-05 	-0.034762133
0.0043303303 	-0.012720306 	-2.5056568e-09 	2.6730808e-05 	-0.03507493
0.0043423423 	-0.012720285 	-2.4982615e-09 	2.4981446e-05 	-0.035387726
0.0043543544 	-0.012720264 	-2.4908662e-09 	2.3232084e-05 	-0.035700522
0.0043663664 	-0.012720243 	-2.4834709e-09 	2.1482722e-05 	-0.036013318
0.0043783784 	-0.012720222 	-2.4760757e-09 	1.973336e-05 	-0.036326114
0.0043903904 	-0.012720201 	-2.4686804e-09 	1.7983998e-05 	-0.03663891
0.0044024024 	-0.012720179 	-2.4612851e-09 	1.6234635e-05 	-0.036951706
0.0044144144 	-0.012720158 	-2.4538898e-09 	1.4485273e-05 	-0.037264503
0.0044264264 	-0.012720137 	-2.4464945e-09 	1.2735911e-05 	-0.037577299
0.0044384384 	-0.012720116 	-2.4390993e-09 	1.0986549e-05 	-0.037890095
0.0044504505 	-0.012720095 	-2.431704e-09 	9.2371868e-06 	-0.038202891
0.0044624625 	-0.012720074 	-2.4243087e-09 	7.4878247e-06 	-0.038515687
0.0044744745 	-0.012720053 	-2.4169134e-09 	5.7384625e-06 	-0.038828483
0.0044864865 	-0.012720032 	-2.4095181e-09 	3.9891003e-06 	-0.039141279
0.0044984985 	-0.012720011 	-2.4021228e-09 	2.2397381e-06 	-0.039454076
0.0045105105 	-0.01271999 	-2.3947276e-09 	4.9037598e-07 	-0.039766872
0.0045225225 	-0.012719968 	-2.3873323e-09 	-1.2589862e-06 	-0.040079668
0.0045345345 	-0.012719951 	-2.3733246e-09 	-2.3470664e-06 	-0.040184639
0.0045465465 	-0.012719934 	-2.3586105e-09 	-3.3644944e-06 	-0.040267405
0.0045585586 	-0.012719918 	-2.3438963e-09 	-4.3819225e-06 	-0.040350171
0.0045705706 	-0.012719901 	-2.3291822e-09 	-5.3993505e-06 	-0.040432938
0.0045825826 	-0.012719884 	-2.315461e-09 	-6.197049e-06 	-0.04052064
0.0045945946 	-0.012719866 	-2.3019565e-09 	-6.9468048e-06 	-0.04060942
0.0046066066 	-0.012719849 	-2.288452e-09 	-7.6965606e-06 	-0.0406982
0.0046186186 	-0.012719832 	-2.2749475e-09 	-8.4463164e-06 	-0.040786979
0.0046306306 	-0.012719814 	-2.2614431e-09 	-9.1960722e-06 	-0.040875759
0.0046426426 	-0.012719797 	-2.2479386e-09 	-9.9458281e-06 	-0.040964539
0.0046546547 	-0.012719779 	-2.2344341e-09 	-1.0695584e-05 	-0.041053318
0.0046666667 	-0.012719762 	-2.2209296e-09 	-1.144534e-05 	-0.041142098
0.0046786787 	-0.012719745 	-2.2074251e-09 	-1.2195095e-05 	-0.041230878
0.0046906907 	-0.012719727 	-2.1939206e-09 	-1.2944851e-05 	-0.041319657
0.0047027027 	-0.01271971 	-2.1804161e-09 	-1.3694607e-05 	-0.041408437
0.0047147147 	-0.012719693 	-2.1669116e-09 	-1.4444363e-05 	-0.041497216
0.0047267267 	-0.012719675 	-2.1534071e-09 	-1.5194119e-05 	-0.041585996
0.0047387387 	-0.012719658 	-2.1399026e-09 	-1.5943875e-05 	-0.041674776
0.0047507508 	-0.012719641 	-2.1263981e-09 	-1.669363e-05 	-0.041763555
0.0047627628 	-0.012719623 	-2.1128936e-09 	-1.7443386e-05 	-0.041852335
0.0047747748 	-0.012719606 	-2.0993891e-09 	-1.8193142e-05 	-0.041941115
0.0047867868 	-0.012719589 	-2.0858846e-09 	-1.8942898e-05 	-0.042029894
0.0047987988 	-0.012719571 	-2.0723801e-09 	-1.9692654e-05 	-0.042118674
0.0048108108 	-0.012719559 	-2.0529364e-09 	-2.007471e-05 	-0.042016909
0.0048228228 	-0.012719546 	-2.0334345e-09 	-2.0453162e-05 	-0.041913277
0.0048348348 	-0.012719533 	-2.0139325e-09 	-2.0831615e-05 	-0.041809645
0.0048468468 	-0.012719521 	-1.9949908e-09 	-2.1105091e-05 	-0.041707908
0.0048588589 	-0.012719508 	-1.9769212e-09 	-2.1215149e-05 	-0.041609122
0.0048708709 	-0.012719495 	-1.9588516e-09 	-2.1325207e-05 	-0.041510336
0.0048828829 	-0.012719482 	-1.940782e-09 	-2.1435265e-05 	-0.041411551
0.0048948949 	-0.012719469 	-1.9227125e-09 	-2.1545322e-05 	-0.041312765
0.0049069069 	-0.012719457 	-1.9046429e-09 	-2.165538e-05 	-0.041213979
0.0049189189 	-0.012719444 	-1.8865733e-09 	-2.1765438e-05 	-0.041115193
0.0049309309 	-0.012719431 	-1.8685037e-09 	-2.1875496e-05 	-0.041016407
0.0049429429 	-0.012719418 	-1.8504341e-09 	-2.1985553e-05 	-0.040917621
0.004954955 	-0.012719405 	-1.8323645e-09 	-2.2095611e-05 	-0.040818835
0.004966967 	-0.012719393 	-1.814295e-09 	-2.2205669e-05 	-0.040720049
0.004978979 	-0.01271938 	-1.7962254e-09 	-2.2315727e-05 	-0.040621263
0.004990991 	-0.012719367 	-1.7781558e-09 	-2.2425785e-05 	-0.040522477
0.005003003 	-0.012719354 	-1.7600862e-09 	-2.2535842e-05 	-0.040423691
0.005015015 	-0.012719341 	-1.7420166e-09 	-2.26459e-05 	-0.040324905
0.005027027 	-0.012719329 	-1.723947e-09 	-2.2755958e-05 	-0.040226119
0.005039039 	-0.012719316 	-1.7058775e-09 	-2.2866016e-05 	-0.040127334
0.0050510511 	-0.012719306 	-1.6845e-09 	-2.288279e-05 	-0.039900044
0.0050630631 	-0.012719297 	-1.6622446e-09 	-2.2874804e-05 	-0.039638645
0.0050750751 	-0.012719289 	-1.6399891e-09 	-2.2866818e-05 	-0.039377245
0.0050870871 	-0.01271928 	-1.6186601e-09 	-2.270601e-05 	-0.039118402
0.0050990991 	-0.012719271 	-1.5979055e-09 	-2.2450436e-05 	-0.038861144
0.0051111111 	-0.012719263 	-1.5771509e-09 	-2.2194863e-05 	-0.038603886
0.0051231231 	-0.012719254 	-1.5563963e-09 	-2.1939289e-05 	-0.038346628
0.0051351351 	-0.012719246 	-1.5356417e-09 	-2.1683715e-05 	-0.038089369
0.0051471471 	-0.012719237 	-1.5148871e-09 	-2.1428142e-05 	-0.037832111
0.0051591592 	-0.012719229 	-1.4941325e-09 	-2.1172568e-05 	-0.037574853
0.0051711712 	-0.01271922 	-1.4733779e-09 	-2.0916994e-05 	-0.037317595
0.0051831832 	-0.012719212 	-1.4526233e-09 	-2.0661421e-05 	-0.037060337
0.0051951952 	-0.012719203 	-1.4318687e-09 	-2.0405847e-05 	-0.036803079
0.0052072072 	-0.012719195 	-1.4111141e-09 	-2.0150273e-05 	-0.036545821
0.0052192192 	-0.012719186 	-1.3903595e-09 	-1.98947e-05 	-0.036288562
0.0052312312 	-0.012719178 	-1.3696049e-09 	-1.9639126e-05 	-0.036031304
0.0052432432 	-0.012719169 	-1.3488503e-09 	-1.9383552e-05 	-0.035774046
0.0052552553 	-0.012719161 	-1.3280956e-09 	-1.9127979e-05 	-0.035516788
0.0052672673 	-0.012719155 	-1.3047207e-09 	-1.8917789e-05 	-0.035123525
0.0052792793 	-0.01271915 	-1.2812978e-09 	-1.8708429e-05 	-0.034727775
0.0052912913 	-0.012719144 	-1.2581525e-09 	-1.8459718e-05 	-0.034332716
0.0053033033 	-0.01271914 	-1.2362322e-09 	-1.803737e-05 	-0.033940703
0.0053153153 	-0.012719135 	-1.2143119e-09 	-1.7615023e-05 	-0.033548691
0.0053273273 	-0.01271913 	-1.1923916e-09 	-1.7192675e-05 	-0.033156678
0.0053393393 	-0.012719125 	-1.1704713e-09 	-1.6770328e-05 	-0.032764665
0.0053513514 	-0.01271912 	-1.148551e-09 	-1.634798e-05 	-0.032372652
0.0053633634 	-0.012719115 	-1.1266307e-09 	-1.5925633e-05 	-0.031980639
0.0053753754 	-0.01271911 	-1.1047104e-09 	-1.5503286e-05 	-0.031588626
0.0053873874 	-0.012719105 	-1.0827901e-09 	-1.5080938e-05 	-0.031196614
0.0053993994 	-0.012719101 	-1.0608698e-09 	-1.4658591e-05 	-0.030804601
0.0054114114 	-0.012719096 	-1.0389495e-09 	-1.4236243e-05 	-0.030412588
0.0054234234 	-0.012719091 	-1.0170292e-09 	-1.3813896e-05 	-0.030020575
0.0054354354 	-0.012719086 	-9.9510891e-10 	-1.3391549e-05 	-0.029628562
0.0054474474 	-0.012719082 	-9.7271368e-10 	-1.301012e-05 	-0.029203017
0.0054594595 	-0.012719079 	-9.4911218e-10 	-1.273262e-05 	-0.028692303
0.0054714715 	-0.012719077 	-9.2551068e-10 	-1.2455121e-05 	-0.02818159
0.0054834835 	-0.012719075 	-9.0317191e-10 	-1.2038743e-05 	-0.027673757
0.0054954955 	-0.012719073 	-8.8111705e-10 	-1.159114e-05 	-0.027166573
0.0055075075 	-0.012719071 	-8.5906219e-10 	-1.1143537e-05 	-0.026659388
0.0055195195 	-0.012719069 	-8.3700733e-10 	-1.0695934e-05 	-0.026152204
0.0055315315 	-0.012719067 	-8.1495247e-10 	-1.0248331e-05 	-0.025645019
0.0055435435 	-0.012719066 	-7.9289761e-10 	-9.8007275e-06 	-0.025137835
0.0055555556 	-0.012719064 	-7.7084275e-10 	-9.3531245e-06 	-0.02463065
0.0055675676 	-0.012719062 	-7.4878789e-10 	-8.9055214e-06 	-0.024123466
0.0055795796 	-0.01271906 	-7.2673304e-10 	-8.4579184e-06 	-0.023616281
0.0055915916 	-0.012719059 	-7.0467818e-10 	-8.0103154e-06 	-0.023109097
0.0056036036 	-0.012719057 	-6.8262332e-10 	-7.5627124e-06 	-0.022601912
0.0056156156 	-0.012719056 	-6.6004528e-10 	-7.2026964e-06 	-0.022049513
0.0056276276 	-0.012719055 	-6.3680652e-10 	-6.9532936e-06 	-0.021440012
0.0056396396 	-0.012719055 	-6.1404427e-10 	-6.6711694e-06 	-0.020831434
0.0056516517 	-0.012719056 	-5.9258452e-10 	-6.2996047e-06 	-0.020225379
0.0056636637 	-0.012719057 	-5.7112478e-10 	-5.9280401e-06 	-0.019619324
0.0056756757 	-0.012719058 	-5.4966503e-10 	-5.5564754e-06 	-0.019013269
0.0056876877 	-0.012719059 	-5.2820529e-10 	-5.1849108e-06 	-0.018407214
0.0056996997 	-0.01271906 	-5.0674554e-10 	-4.8133462e-06 	-0.017801159
0.0057117117 	-0.01271906 	-4.852858e-10 	-4.4417815e-06 	-0.017195104
0.0057237237 	-0.012719061 	-4.6382605e-10 	-4.0702169e-06 	-0.01658905
0.0057357357 	-0.012719062 	-4.4236631e-10 	-3.6986522e-06 	-0.015982995
0.0057477477 	-0.012719063 	-4.2090656e-10 	-3.3270876e-06 	-0.01537694
0.0057597598 	-0.012719064 	-3.9918744e-10 	-3.0063563e-06 	-0.014749592
0.0057717718 	-0.012719065 	-3.7664775e-10 	-2.8464435e-06 	-0.014054883
0.0057837838 	-0.012719067 	-3.5485664e-10 	-2.6626711e-06 	-0.013361286
0.0057957958 	-0.012719069 	-3.3463065e-10 	-2.4290134e-06 	-0.012670013
0.0058078078 	-0.012719072 	-3.1440467e-10 	-2.1953557e-06 	-0.01197874
0.0058198198 	-0.012719074 	-2.9417868e-10 	-1.961698e-06 	-0.011287467
0.0058318318 	-0.012719077 	-2.7395269e-10 	-1.7280402e-06 	-0.010596194
0.0058438438 	-0.012719079 	-2.537267e-10 	-1.4943825e-06 	-0.0099049205
0.0058558559 	-0.012719082 	-2.3350071e-10 	-1.2607248e-06 	-0.0092136473
0.0058678679 	-0.012719084 	-2.1327472e-10 	-1.0270671e-06 	-0.0085223742
0.0058798799 	-0.012719086 	-1.9304873e-10 	-7.9340938e-07 	-0.0078311011
0.0058918919 	-0.012719098 	-1.7198765e-10 	-6.508169e-07 	-0.007091612
0.0059039039 	-0.012719119 	-1.5003352e-10 	-6.0561072e-07 	-0.0063005602
0.0059159159 	-0.01271914 	-1.3068595e-10 	-5.3556424e-07 	-0.0055123446
0.0059279279 	-0.01271916 	-1.1201653e-10 	-4.5905506e-07 	-0.0047248668
0.0059399399 	-0.01271918 	-9.3347106e-11 	-3.8254589e-07 	-0.003937389
0.005951952 	-0.012719201 	-7.4677684e-11 	-3.0603671e-07 	-0.0031499112
0.005963964 	-0.012719221 	-5.6008263e-11 	-2.2952753e-07 	-0.0023624334
0.005975976 	-0.012719241 	-3.7338842e-11 	-1.5301835e-07 	-0.0015749556
0.005987988 	-0.012719262 	-1.8669421e-11 	-7.6509177e-08 	-0.00078747779
0.006 	-0.012719282 	-1.3345982e-22 	-5.4693187e-19 	-5.6293469e-15
