-0.006 	0.29896575 	0 	0 	0
-0.005987988 	0.29896575 	1.2521968e-13 	1.4802627e-08 	0.00038635176
-0.005975976 	0.29896575 	2.5043935e-13 	2.9605254e-08 	0.00077270353
-0.005963964 	0.29896575 	3.7565903e-13 	4.4407881e-08 	0.0011590553
-0.005951952 	0.29896575 	5.0087871e-13 	5.9210508e-08 	0.0015454071
-0.0059399399 	0.29896575 	6.2609839e-13 	7.4013136e-08 	0.0019317588
-0.0059279279 	0.29896575 	7.5131806e-13 	8.8815763e-08 	0.0023181106
-0.0059159159 	0.29896575 	8.7653774e-13 	1.0361839e-07 	0.0027044623
-0.0059039039 	0.29896575 	1.0017574e-12 	1.1842102e-07 	0.0030908141
-0.0058918919 	0.29896575 	1.1259531e-12 	1.3314519e-07 	0.0034771489
-0.0058798799 	0.29896575 	1.2330851e-12 	1.4656203e-07 	0.0038632002
-0.0058678679 	0.29896575 	1.3402171e-12 	1.5997886e-07 	0.0042492515
-0.0058558559 	0.29896575 	1.4473492e-12 	1.733957e-07 	0.0046353029
-0.0058438438 	0.29896575 	1.5544812e-12 	1.8681253e-07 	0.0050213542
-0.0058318318 	0.29896575 	1.6208927e-12 	2.0972528e-07 	0.0053988736
-0.0058198198 	0.29896575 	1.6256835e-12 	2.4700789e-07 	0.0057634819
-0.0058078078 	0.29896575 	1.6304742e-12 	2.8429049e-07 	0.0061280903
-0.0057957958 	0.29896575 	1.6352649e-12 	3.2157309e-07 	0.0064926986
-0.0057837838 	0.29896575 	1.6400556e-12 	3.5885569e-07 	0.0068573069
-0.0057717718 	0.29896575 	1.6448463e-12 	3.961383e-07 	0.0072219152
-0.0057597598 	0.29896575 	1.649637e-12 	4.334209e-07 	0.0075865235
-0.0057477477 	0.29896575 	1.6544277e-12 	4.707035e-07 	0.0079511318
-0.0057357357 	0.29896575 	1.6592184e-12 	5.079861e-07 	0.0083157401
-0.0057237237 	0.29896575 	1.6640092e-12 	5.4526871e-07 	0.0086803484
-0.0057117117 	0.29896576 	1.6706093e-12 	5.8166805e-07 	0.0090448908
-0.0056996997 	0.29896576 	1.6825439e-12 	6.1546352e-07 	0.0094092391
-0.0056876877 	0.29896576 	1.6944784e-12 	6.49259e-07 	0.0097735873
-0.0056756757 	0.29896576 	1.706413e-12 	6.8305447e-07 	0.010137936
-0.0056636637 	0.29896576 	1.7183475e-12 	7.1684995e-07 	0.010502284
-0.0056516517 	0.29896576 	1.7302821e-12 	7.5064542e-07 	0.010866632
-0.0056396396 	0.29896576 	1.7263143e-12 	8.1285043e-07 	0.011218752
-0.0056276276 	0.29896576 	1.7218352e-12 	8.7596905e-07 	0.011570478
-0.0056156156 	0.29896576 	1.7173561e-12 	9.3908766e-07 	0.011922205
-0.0056036036 	0.29896576 	1.7128769e-12 	1.0022063e-06 	0.012273932
-0.0055915916 	0.29896576 	1.7083978e-12 	1.0653249e-06 	0.012625658
-0.0055795796 	0.29896576 	1.7039187e-12 	1.1284435e-06 	0.012977385
-0.0055675676 	0.29896576 	1.6994395e-12 	1.1915621e-06 	0.013329111
-0.0055555556 	0.29896576 	1.6949604e-12 	1.2546808e-06 	0.013680838
-0.0055435435 	0.29896576 	1.6904812e-12 	1.3177994e-06 	0.014032564
-0.0055315315 	0.29896576 	1.6860021e-12 	1.380918e-06 	0.014384291
-0.0055195195 	0.29896576 	1.681523e-12 	1.4440366e-06 	0.014736017
-0.0055075075 	0.29896576 	1.6795047e-12 	1.5044452e-06 	0.015087642
-0.0054954955 	0.29896576 	1.6803555e-12 	1.561694e-06 	0.015439146
-0.0054834835 	0.29896576 	1.6812064e-12 	1.6189429e-06 	0.015790651
-0.0054714715 	0.29896576 	1.6820572e-12 	1.6761918e-06 	0.016142156
-0.0054594595 	0.29896577 	1.682908e-12 	1.7334407e-06 	0.016493661
-0.0054474474 	0.29896577 	1.6837589e-12 	1.7906895e-06 	0.016845166
-0.0054354354 	0.29896577 	1.6835931e-12 	1.862865e-06 	0.017189922
-0.0054234234 	0.29896577 	1.6822692e-12 	1.9520435e-06 	0.01752699
-0.0054114114 	0.29896577 	1.6809454e-12 	2.0412219e-06 	0.017864058
-0.0053993994 	0.29896577 	1.6796216e-12 	2.1304004e-06 	0.018201126
-0.0053873874 	0.29896577 	1.6782977e-12 	2.2195789e-06 	0.018538194
-0.0053753754 	0.29896577 	1.6769739e-12 	2.3087573e-06 	0.018875262
-0.0053633634 	0.29896577 	1.6756501e-12 	2.3979358e-06 	0.01921233
-0.0053513514 	0.29896577 	1.6743262e-12 	2.4871143e-06 	0.019549399
-0.0053393393 	0.29896577 	1.6730024e-12 	2.5762927e-06 	0.019886467
-0.0053273273 	0.29896577 	1.6716785e-12 	2.6654712e-06 	0.020223535
-0.0053153153 	0.29896577 	1.6703547e-12 	2.7546497e-06 	0.020560603
-0.0053033033 	0.29896577 	1.6690309e-12 	2.8438281e-06 	0.020897671
-0.0052912913 	0.29896577 	1.667707e-12 	2.9330066e-06 	0.021234739
-0.0052792793 	0.29896577 	1.6673759e-12 	3.0187784e-06 	0.021571735
-0.0052672673 	0.29896577 	1.6684454e-12 	3.0997438e-06 	0.021908628
-0.0052552553 	0.29896577 	1.669515e-12 	3.1807091e-06 	0.022245521
-0.0052432432 	0.29896577 	1.6705845e-12 	3.2616745e-06 	0.022582415
-0.0052312312 	0.29896577 	1.671654e-12 	3.3426399e-06 	0.022919308
-0.0052192192 	0.29896577 	1.6727235e-12 	3.4236052e-06 	0.023256201
-0.0052072072 	0.29896577 	1.6737931e-12 	3.5045706e-06 	0.023593094
-0.0051951952 	0.29896577 	1.6756728e-12 	3.6054255e-06 	0.023919816
-0.0051831832 	0.29896577 	1.6780589e-12 	3.7187068e-06 	0.024240184
-0.0051711712 	0.29896577 	1.6804449e-12 	3.831988e-06 	0.024560552
-0.0051591592 	0.29896577 	1.6828309e-12 	3.9452693e-06 	0.024880919
-0.0051471471 	0.29896577 	1.6852169e-12 	4.0585505e-06 	0.025201287
-0.0051351351 	0.29896577 	1.6876029e-12 	4.1718318e-06 	0.025521654
-0.0051231231 	0.29896577 	1.6899889e-12 	4.285113e-06 	0.025842022
-0.0051111111 	0.29896577 	1.6923749e-12 	4.3983943e-06 	0.026162389
-0.0050990991 	0.29896577 	1.694761e-12 	4.5116755e-06 	0.026482757
-0.0050870871 	0.29896577 	1.697147e-12 	4.6249568e-06 	0.026803124
-0.0050750751 	0.29896578 	1.699533e-12 	4.738238e-06 	0.027123492
-0.0050630631 	0.29896578 	1.701919e-12 	4.8515193e-06 	0.02744386
-0.0050510511 	0.29896578 	1.704305e-12 	4.9648005e-06 	0.027764227
-0.005039039 	0.29896578 	1.706691e-12 	5.0780818e-06 	0.028084595
-0.005027027 	0.29896578 	1.709077e-12 	5.191363e-06 	0.028404962
-0.005015015 	0.29896578 	1.7130361e-12 	5.2963296e-06 	0.028725235
-0.005003003 	0.29896578 	1.7173649e-12 	5.3993412e-06 	0.029045486
-0.004990991 	0.29896578 	1.7216938e-12 	5.5023529e-06 	0.029365736
-0.004978979 	0.29896578 	1.7260226e-12 	5.6053645e-06 	0.029685987
-0.004966967 	0.29896578 	1.7303515e-12 	5.7083761e-06 	0.030006238
-0.004954955 	0.29896578 	1.7346804e-12 	5.8113877e-06 	0.030326488
-0.0049429429 	0.29896578 	1.7390092e-12 	5.9143993e-06 	0.030646739
-0.0049309309 	0.29896578 	1.7433883e-12 	6.02035e-06 	0.030965152
-0.0049189189 	0.29896578 	1.7482338e-12 	6.1536339e-06 	0.03126647
-0.0049069069 	0.29896578 	1.7530793e-12 	6.2869177e-06 	0.031567789
-0.0048948949 	0.29896578 	1.7579248e-12 	6.4202015e-06 	0.031869107
-0.0048828829 	0.29896578 	1.7627703e-12 	6.5534854e-06 	0.032170425
-0.0048708709 	0.29896578 	1.7676159e-12 	6.6867692e-06 	0.032471744
-0.0048588589 	0.29896578 	1.7724614e-12 	6.820053e-06 	0.032773062
-0.0048468468 	0.29896578 	1.7773069e-12 	6.9533369e-06 	0.033074381
-0.0048348348 	0.29896578 	1.7821524e-12 	7.0866207e-06 	0.033375699
-0.0048228228 	0.29896578 	1.7869979e-12 	7.2199045e-06 	0.033677018
-0.0048108108 	0.29896578 	1.7918435e-12 	7.3531883e-06 	0.033978336
-0.0047987988 	0.29896578 	1.796689e-12 	7.4864722e-06 	0.034279654
-0.0047867868 	0.29896578 	1.8015345e-12 	7.619756e-06 	0.034580973
-0.0047747748 	0.29896578 	1.80638e-12 	7.7530398e-06 	0.034882291
-0.0047627628 	0.29896578 	1.8112255e-12 	7.8863237e-06 	0.03518361
-0.0047507508 	0.29896578 	1.816071e-12 	8.0196075e-06 	0.035484928
-0.0047387387 	0.29896578 	1.8209166e-12 	8.1528913e-06 	0.035786247
-0.0047267267 	0.29896578 	1.8262214e-12 	8.2826115e-06 	0.036087551
-0.0047147147 	0.29896578 	1.8325844e-12 	8.40412e-06 	0.036388825
-0.0047027027 	0.29896578 	1.8389475e-12 	8.5256285e-06 	0.036690098
-0.0046906907 	0.29896578 	1.8453105e-12 	8.6471371e-06 	0.036991371
-0.0046786787 	0.29896578 	1.8516736e-12 	8.7686456e-06 	0.037292645
-0.0046666667 	0.29896578 	1.8580366e-12 	8.8901541e-06 	0.037593918
-0.0046546547 	0.29896578 	1.8643997e-12 	9.0116627e-06 	0.037895191
-0.0046426426 	0.29896578 	1.8707627e-12 	9.1331712e-06 	0.038196464
-0.0046306306 	0.29896578 	1.8771258e-12 	9.2546797e-06 	0.038497738
-0.0046186186 	0.29896578 	1.8835503e-12 	9.3895561e-06 	0.038786986
-0.0046066066 	0.29896578 	1.8900244e-12 	9.5351855e-06 	0.03906656
-0.0045945946 	0.29896578 	1.8964984e-12 	9.6808149e-06 	0.039346135
-0.0045825826 	0.29896578 	1.9029724e-12 	9.8264443e-06 	0.03962571
-0.0045705706 	0.29896578 	1.9094465e-12 	9.9720737e-06 	0.039905284
-0.0045585586 	0.29896579 	1.9159205e-12 	1.0117703e-05 	0.040184859
-0.0045465465 	0.29896579 	1.9223945e-12 	1.0263332e-05 	0.040464434
-0.0045345345 	0.29896579 	1.9288686e-12 	1.0408962e-05 	0.040744008
-0.0045225225 	0.29896579 	1.9353426e-12 	1.0554591e-05 	0.041023583
-0.0045105105 	0.29896579 	1.9418166e-12 	1.0700221e-05 	0.041303158
-0.0044984985 	0.29896579 	1.9482907e-12 	1.084585e-05 	0.041582732
-0.0044864865 	0.29896579 	1.9547647e-12 	1.0991479e-05 	0.041862307
-0.0044744745 	0.29896579 	1.9612387e-12 	1.1137109e-05 	0.042141882
-0.0044624625 	0.29896579 	1.9677128e-12 	1.1282738e-05 	0.042421456
-0.0044504505 	0.29896579 	1.9741868e-12 	1.1428368e-05 	0.042701031
-0.0044384384 	0.29896579 	1.9806608e-12 	1.1573997e-05 	0.042980606
-0.0044264264 	0.29896579 	1.9871349e-12 	1.1719626e-05 	0.04326018
-0.0044144144 	0.29896579 	1.9936089e-12 	1.1865256e-05 	0.043539755
-0.0044024024 	0.29896579 	2.0000829e-12 	1.2010885e-05 	0.04381933
-0.0043903904 	0.29896579 	2.0067744e-12 	1.2150305e-05 	0.044098925
-0.0043783784 	0.29896579 	2.0136799e-12 	1.2283616e-05 	0.044378542
-0.0043663664 	0.29896579 	2.0205854e-12 	1.2416927e-05 	0.044658158
-0.0043543544 	0.29896579 	2.0274909e-12 	1.2550238e-05 	0.044937774
-0.0043423423 	0.29896579 	2.0343964e-12 	1.2683549e-05 	0.04521739
-0.0043303303 	0.29896579 	2.0413019e-12 	1.281686e-05 	0.045497007
-0.0043183183 	0.29896579 	2.0482074e-12 	1.2950171e-05 	0.045776623
-0.0043063063 	0.29896579 	2.0551129e-12 	1.3083482e-05 	0.046056239
-0.0042942943 	0.29896579 	2.0620184e-12 	1.3216793e-05 	0.046335855
-0.0042822823 	0.29896579 	2.0689239e-12 	1.3350104e-05 	0.046615472
-0.0042702703 	0.29896579 	2.0762396e-12 	1.3490337e-05 	0.046880658
-0.0042582583 	0.29896579 	2.0838517e-12 	1.363557e-05 	0.047135419
-0.0042462462 	0.29896579 	2.0914637e-12 	1.3780803e-05 	0.047390181
-0.0042342342 	0.29896579 	2.0990758e-12 	1.3926036e-05 	0.047644943
-0.0042222222 	0.29896579 	2.1066878e-12 	1.407127e-05 	0.047899704
-0.0042102102 	0.29896579 	2.1142999e-12 	1.4216503e-05 	0.048154466
-0.0041981982 	0.29896579 	2.121912e-12 	1.4361736e-05 	0.048409228
-0.0041861862 	0.29896579 	2.129524e-12 	1.4506969e-05 	0.048663989
-0.0041741742 	0.29896579 	2.1371361e-12 	1.4652203e-05 	0.048918751
-0.0041621622 	0.29896579 	2.1447481e-12 	1.4797436e-05 	0.049173513
-0.0041501502 	0.29896579 	2.1523602e-12 	1.4942669e-05 	0.049428274
-0.0041381381 	0.29896579 	2.1599723e-12 	1.5087902e-05 	0.049683036
-0.0041261261 	0.29896579 	2.1675843e-12 	1.5233135e-05 	0.049937798
-0.0041141141 	0.29896579 	2.1751964e-12 	1.5378369e-05 	0.050192559
-0.0041021021 	0.29896579 	2.1828084e-12 	1.5523602e-05 	0.050447321
-0.0040900901 	0.29896579 	2.1904205e-12 	1.5668835e-05 	0.050702083
-0.0040780781 	0.2989658 	2.1980326e-12 	1.5814068e-05 	0.050956844
-0.0040660661 	0.2989658 	2.2056446e-12 	1.5959302e-05 	0.051211606
-0.0040540541 	0.2989658 	2.2132567e-12 	1.6104535e-05 	0.051466368
-0.004042042 	0.2989658 	2.2208687e-12 	1.6249768e-05 	0.051721129
-0.00403003 	0.2989658 	2.2284808e-12 	1.6395001e-05 	0.051975891
-0.004018018 	0.2989658 	2.2360929e-12 	1.6540235e-05 	0.052230653
-0.004006006 	0.2989658 	2.2433347e-12 	1.6674423e-05 	0.052485551
-0.003993994 	0.2989658 	2.2505657e-12 	1.6808291e-05 	0.052740453
-0.003981982 	0.2989658 	2.2577968e-12 	1.6942159e-05 	0.052995356
-0.00396997 	0.2989658 	2.2650278e-12 	1.7076026e-05 	0.053250258
-0.003957958 	0.2989658 	2.2722589e-12 	1.7209894e-05 	0.05350516
-0.0039459459 	0.2989658 	2.2794899e-12 	1.7343762e-05 	0.053760063
-0.0039339339 	0.2989658 	2.286721e-12 	1.747763e-05 	0.054014965
-0.0039219219 	0.2989658 	2.293952e-12 	1.7611497e-05 	0.054269867
-0.0039099099 	0.2989658 	2.3011831e-12 	1.7745365e-05 	0.054524769
-0.0038978979 	0.2989658 	2.3084141e-12 	1.7879233e-05 	0.054779672
-0.0038858859 	0.2989658 	2.3156452e-12 	1.8013101e-05 	0.055034574
-0.0038738739 	0.2989658 	2.3220222e-12 	1.8141478e-05 	0.055269161
-0.0038618619 	0.2989658 	2.3280596e-12 	1.8267673e-05 	0.055495668
-0.0038498498 	0.2989658 	2.3340969e-12 	1.8393867e-05 	0.055722175
-0.0038378378 	0.2989658 	2.3401343e-12 	1.8520062e-05 	0.055948683
-0.0038258258 	0.2989658 	2.3461717e-12 	1.8646256e-05 	0.05617519
-0.0038138138 	0.2989658 	2.3522091e-12 	1.8772451e-05 	0.056401697
-0.0038018018 	0.2989658 	2.3582464e-12 	1.8898645e-05 	0.056628205
-0.0037897898 	0.2989658 	2.3642838e-12 	1.902484e-05 	0.056854712
-0.0037777778 	0.2989658 	2.3703212e-12 	1.9151034e-05 	0.057081219
-0.0037657658 	0.2989658 	2.3763586e-12 	1.9277229e-05 	0.057307726
-0.0037537538 	0.2989658 	2.3823959e-12 	1.9403423e-05 	0.057534234
-0.0037417417 	0.2989658 	2.3884333e-12 	1.9529618e-05 	0.057760741
-0.0037297297 	0.2989658 	2.3944707e-12 	1.9655812e-05 	0.057987248
-0.0037177177 	0.2989658 	2.400508e-12 	1.9782007e-05 	0.058213755
-0.0037057057 	0.2989658 	2.4065454e-12 	1.9908201e-05 	0.058440263
-0.0036936937 	0.2989658 	2.4125828e-12 	2.0034396e-05 	0.05866677
-0.0036816817 	0.2989658 	2.4186202e-12 	2.016059e-05 	0.058893277
-0.0036696697 	0.2989658 	2.4246575e-12 	2.0286785e-05 	0.059119784
-0.0036576577 	0.2989658 	2.4306949e-12 	2.0412979e-05 	0.059346292
-0.0036456456 	0.2989658 	2.4367323e-12 	2.0539174e-05 	0.059572799
-0.0036336336 	0.2989658 	2.4427697e-12 	2.0665368e-05 	0.059799306
-0.0036216216 	0.29896581 	2.448807e-12 	2.0791563e-05 	0.060025814
-0.0036096096 	0.29896581 	2.4548444e-12 	2.0917757e-05 	0.060252321
-0.0035975976 	0.29896581 	2.4608818e-12 	2.1043952e-05 	0.060478828
-0.0035855856 	0.29896581 	2.4662321e-12 	2.1168424e-05 	0.060705385
-0.0035735736 	0.29896581 	2.4689063e-12 	2.128619e-05 	0.060932133
-0.0035615616 	0.29896581 	2.4715804e-12 	2.1403955e-05 	0.061158882
-0.0035495495 	0.29896581 	2.4742546e-12 	2.1521721e-05 	0.06138563
-0.0035375375 	0.29896581 	2.4769288e-12 	2.1639486e-05 	0.061612379
-0.0035255255 	0.29896581 	2.479603e-12 	2.1757251e-05 	0.061839127
-0.0035135135 	0.29896581 	2.4822772e-12 	2.1875017e-05 	0.062065876
-0.0035015015 	0.29896581 	2.4849513e-12 	2.1992782e-05 	0.062292625
-0.0034894895 	0.29896581 	2.4876255e-12 	2.2110548e-05 	0.062519373
-0.0034774775 	0.29896581 	2.4902997e-12 	2.2228313e-05 	0.062746122
-0.0034654655 	0.29896581 	2.4929739e-12 	2.2346078e-05 	0.06297287
-0.0034534535 	0.29896581 	2.4956481e-12 	2.2463844e-05 	0.063199619
-0.0034414414 	0.29896581 	2.4983222e-12 	2.2581609e-05 	0.063426367
-0.0034294294 	0.29896581 	2.499432e-12 	2.2684815e-05 	0.063639058
-0.0034174174 	0.29896581 	2.498519e-12 	2.2769197e-05 	0.063833572
-0.0034054054 	0.29896581 	2.497606e-12 	2.2853578e-05 	0.064028086
-0.0033933934 	0.29896581 	2.496693e-12 	2.2937959e-05 	0.0642226
-0.0033813814 	0.29896581 	2.49578e-12 	2.3022341e-05 	0.064417113
-0.0033693694 	0.29896581 	2.4948671e-12 	2.3106722e-05 	0.064611627
-0.0033573574 	0.29896581 	2.4939541e-12 	2.3191104e-05 	0.064806141
-0.0033453453 	0.29896581 	2.4930411e-12 	2.3275485e-05 	0.065000655
-0.0033333333 	0.29896581 	2.4921281e-12 	2.3359866e-05 	0.065195169
-0.0033213213 	0.29896581 	2.4912151e-12 	2.3444248e-05 	0.065389683
-0.0033093093 	0.29896581 	2.4903021e-12 	2.3528629e-05 	0.065584197
-0.0032972973 	0.29896581 	2.4893891e-12 	2.3613011e-05 	0.065778711
-0.0032852853 	0.29896581 	2.4884761e-12 	2.3697392e-05 	0.065973225
-0.0032732733 	0.29896581 	2.4875632e-12 	2.3781773e-05 	0.066167739
-0.0032612613 	0.29896581 	2.4866502e-12 	2.3866155e-05 	0.066362253
-0.0032492492 	0.29896581 	2.4857372e-12 	2.3950536e-05 	0.066556767
-0.0032372372 	0.29896581 	2.4848242e-12 	2.4034918e-05 	0.06675128
-0.0032252252 	0.29896581 	2.4839112e-12 	2.4119299e-05 	0.066945794
-0.0032132132 	0.29896581 	2.4829982e-12 	2.420368e-05 	0.067140308
-0.0032012012 	0.29896581 	2.4820852e-12 	2.4288062e-05 	0.067334822
-0.0031891892 	0.29896581 	2.4811723e-12 	2.4372443e-05 	0.067529336
-0.0031771772 	0.29896581 	2.4802593e-12 	2.4456825e-05 	0.06772385
-0.0031651652 	0.29896581 	2.4793463e-12 	2.4541206e-05 	0.067918364
-0.0031531532 	0.29896581 	2.4784333e-12 	2.4625587e-05 	0.068112878
-0.0031411411 	0.29896582 	2.4775203e-12 	2.4709969e-05 	0.068307392
-0.0031291291 	0.29896582 	2.4766073e-12 	2.479435e-05 	0.068501906
-0.0031171171 	0.29896582 	2.4756943e-12 	2.4878732e-05 	0.06869642
-0.0031051051 	0.29896582 	2.4747813e-12 	2.4963113e-05 	0.068890934
-0.0030930931 	0.29896582 	2.4701201e-12 	2.5045286e-05 	0.069085651
-0.0030810811 	0.29896582 	2.4632837e-12 	2.5126178e-05 	0.069280487
-0.0030690691 	0.29896582 	2.4564474e-12 	2.520707e-05 	0.069475323
-0.0030570571 	0.29896582 	2.4496111e-12 	2.5287962e-05 	0.069670159
-0.003045045 	0.29896582 	2.4427748e-12 	2.5368853e-05 	0.069864995
-0.003033033 	0.29896582 	2.4359385e-12 	2.5449745e-05 	0.07005983
-0.003021021 	0.29896582 	2.4291022e-12 	2.5530637e-05 	0.070254666
-0.003009009 	0.29896582 	2.4222659e-12 	2.5611529e-05 	0.070449502
-0.002996997 	0.29896582 	2.4154295e-12 	2.5692421e-05 	0.070644338
-0.002984985 	0.29896582 	2.4085932e-12 	2.5773313e-05 	0.070839174
-0.002972973 	0.29896582 	2.4017569e-12 	2.5854204e-05 	0.07103401
-0.002960961 	0.29896582 	2.3949206e-12 	2.5935096e-05 	0.071228846
-0.0029489489 	0.29896582 	2.3880843e-12 	2.6015988e-05 	0.071423681
-0.0029369369 	0.29896582 	2.381248e-12 	2.609688e-05 	0.071618517
-0.0029249249 	0.29896582 	2.374732e-12 	2.6168609e-05 	0.071807958
-0.0029129129 	0.29896582 	2.3700353e-12 	2.6188299e-05 	0.071966751
-0.0029009009 	0.29896582 	2.3653386e-12 	2.6207988e-05 	0.072125545
-0.0028888889 	0.29896582 	2.3606419e-12 	2.6227678e-05 	0.072284339
-0.0028768769 	0.29896582 	2.3559452e-12 	2.6247367e-05 	0.072443133
-0.0028648649 	0.29896582 	2.3512484e-12 	2.6267057e-05 	0.072601927
-0.0028528529 	0.29896582 	2.3465517e-12 	2.6286746e-05 	0.072760721
-0.0028408408 	0.29896582 	2.341855e-12 	2.6306436e-05 	0.072919515
-0.0028288288 	0.29896582 	2.3371583e-12 	2.6326126e-05 	0.073078309
-0.0028168168 	0.29896582 	2.3324616e-12 	2.6345815e-05 	0.073237103
-0.0028048048 	0.29896582 	2.3277649e-12 	2.6365505e-05 	0.073395897
-0.0027927928 	0.29896582 	2.3230682e-12 	2.6385194e-05 	0.073554691
-0.0027807808 	0.29896582 	2.3183715e-12 	2.6404884e-05 	0.073713485
-0.0027687688 	0.29896582 	2.3136748e-12 	2.6424573e-05 	0.073872279
-0.0027567568 	0.29896582 	2.3089781e-12 	2.6444263e-05 	0.074031073
-0.0027447447 	0.29896582 	2.3042814e-12 	2.6463952e-05 	0.074189867
-0.0027327327 	0.29896582 	2.2995847e-12 	2.6483642e-05 	0.074348661
-0.0027207207 	0.29896582 	2.294888e-12 	2.6503331e-05 	0.074507455
-0.0027087087 	0.29896583 	2.2901913e-12 	2.6523021e-05 	0.074666249
-0.0026966967 	0.29896583 	2.2854946e-12 	2.654271e-05 	0.074825043
-0.0026846847 	0.29896583 	2.2807979e-12 	2.65624e-05 	0.074983837
-0.0026726727 	0.29896583 	2.2761012e-12 	2.6582089e-05 	0.075142631
-0.0026606607 	0.29896583 	2.2714044e-12 	2.6601779e-05 	0.075301424
-0.0026486486 	0.29896583 	2.2667077e-12 	2.6621468e-05 	0.075460218
-0.0026366366 	0.29896583 	2.262011e-12 	2.6641158e-05 	0.075619012
-0.0026246246 	0.29896583 	2.2573143e-12 	2.6660847e-05 	0.075777806
-0.0026126126 	0.29896583 	2.2526176e-12 	2.6680537e-05 	0.0759366
-0.0026006006 	0.29896583 	2.2479209e-12 	2.6700227e-05 	0.076095394
-0.0025885886 	0.29896583 	2.2432242e-12 	2.6719916e-05 	0.076254188
-0.0025765766 	0.29896583 	2.2385275e-12 	2.6739606e-05 	0.076412982
-0.0025645646 	0.29896583 	2.2338308e-12 	2.6759295e-05 	0.076571776
-0.0025525526 	0.29896583 	2.2291341e-12 	2.6778985e-05 	0.07673057
-0.0025405405 	0.29896583 	2.2202757e-12 	2.6800253e-05 	0.07688958
-0.0025285285 	0.29896583 	2.2087795e-12 	2.6822521e-05 	0.077048728
-0.0025165165 	0.29896583 	2.1972832e-12 	2.684479e-05 	0.077207875
-0.0025045045 	0.29896583 	2.185787e-12 	2.6867059e-05 	0.077367023
-0.0024924925 	0.29896583 	2.1742908e-12 	2.6889328e-05 	0.07752617
-0.0024804805 	0.29896583 	2.1627945e-12 	2.6911596e-05 	0.077685318
-0.0024684685 	0.29896583 	2.1512983e-12 	2.6933865e-05 	0.077844465
-0.0024564565 	0.29896583 	2.1398021e-12 	2.6956134e-05 	0.078003613
-0.0024444444 	0.29896583 	2.1283058e-12 	2.6978403e-05 	0.07816276
-0.0024324324 	0.29896583 	2.1168096e-12 	2.7000671e-05 	0.078321908
-0.0024204204 	0.29896583 	2.1053134e-12 	2.702294e-05 	0.078481055
-0.0024084084 	0.29896583 	2.0938171e-12 	2.7045209e-05 	0.078640203
-0.0023963964 	0.29896583 	2.0823209e-12 	2.7067477e-05 	0.07879935
-0.0023843844 	0.29896583 	2.0708247e-12 	2.7089746e-05 	0.078958498
-0.0023723724 	0.29896583 	2.0593284e-12 	2.7112015e-05 	0.079117645
-0.0023603604 	0.29896583 	2.0478322e-12 	2.7134284e-05 	0.079276793
-0.0023483483 	0.29896583 	2.037946e-12 	2.7140375e-05 	0.079429821
-0.0023363363 	0.29896583 	2.0352143e-12 	2.707458e-05 	0.079555654
-0.0023243243 	0.29896584 	2.0324827e-12 	2.7008784e-05 	0.079681488
-0.0023123123 	0.29896584 	2.0297511e-12 	2.6942989e-05 	0.079807321
-0.0023003003 	0.29896584 	2.0270194e-12 	2.6877193e-05 	0.079933155
-0.0022882883 	0.29896584 	2.0242878e-12 	2.6811398e-05 	0.080058988
-0.0022762763 	0.29896584 	2.0215561e-12 	2.6745602e-05 	0.080184821
-0.0022642643 	0.29896584 	2.0188245e-12 	2.6679807e-05 	0.080310655
-0.0022522523 	0.29896584 	2.0160929e-12 	2.6614011e-05 	0.080436488
-0.0022402402 	0.29896584 	2.0133612e-12 	2.6548216e-05 	0.080562322
-0.0022282282 	0.29896584 	2.0106296e-12 	2.648242e-05 	0.080688155
-0.0022162162 	0.29896584 	2.0078979e-12 	2.6416625e-05 	0.080813988
-0.0022042042 	0.29896584 	2.0051663e-12 	2.6350829e-05 	0.080939822
-0.0021921922 	0.29896584 	2.0024346e-12 	2.6285033e-05 	0.081065655
-0.0021801802 	0.29896584 	1.999703e-12 	2.6219238e-05 	0.081191489
-0.0021681682 	0.29896584 	1.9969714e-12 	2.6153442e-05 	0.081317322
-0.0021561562 	0.29896584 	1.9942397e-12 	2.6087647e-05 	0.081443156
-0.0021441441 	0.29896584 	1.9915081e-12 	2.6021851e-05 	0.081568989
-0.0021321321 	0.29896584 	1.9887764e-12 	2.5956056e-05 	0.081694822
-0.0021201201 	0.29896584 	1.9860448e-12 	2.589026e-05 	0.081820656
-0.0021081081 	0.29896584 	1.9833131e-12 	2.5824465e-05 	0.081946489
-0.0020960961 	0.29896584 	1.9805815e-12 	2.5758669e-05 	0.082072323
-0.0020840841 	0.29896584 	1.9778499e-12 	2.5692874e-05 	0.082198156
-0.0020720721 	0.29896584 	1.9751182e-12 	2.5627078e-05 	0.08232399
-0.0020600601 	0.29896584 	1.9723866e-12 	2.5561283e-05 	0.082449823
-0.002048048 	0.29896584 	1.9696549e-12 	2.5495487e-05 	0.082575656
-0.002036036 	0.29896584 	1.9669233e-12 	2.5429692e-05 	0.08270149
-0.002024024 	0.29896584 	1.9641916e-12 	2.5363896e-05 	0.082827323
-0.002012012 	0.29896584 	1.96146e-12 	2.52981e-05 	0.082953157
-0.002 	0.29896584 	1.9587284e-12 	2.5232305e-05 	0.08307899
-0.001987988 	0.29896584 	1.9559967e-12 	2.5166509e-05 	0.083204823
-0.001975976 	0.29896584 	1.9532651e-12 	2.5100714e-05 	0.083330657
-0.001963964 	0.29896584 	1.9505334e-12 	2.5034918e-05 	0.08345649
-0.001951952 	0.29896585 	1.9478018e-12 	2.4969123e-05 	0.083582324
-0.0019399399 	0.29896585 	1.9450702e-12 	2.4903327e-05 	0.083708157
-0.0019279279 	0.29896585 	1.9423385e-12 	2.4837532e-05 	0.083833991
-0.0019159159 	0.29896585 	1.938115e-12 	2.477519e-05 	0.083959961
-0.0019039039 	0.29896585 	1.931746e-12 	2.4717817e-05 	0.084086129
-0.0018918919 	0.29896585 	1.925377e-12 	2.4660443e-05 	0.084212297
-0.0018798799 	0.29896585 	1.919008e-12 	2.460307e-05 	0.084338465
-0.0018678679 	0.29896585 	1.912639e-12 	2.4545696e-05 	0.084464633
-0.0018558559 	0.29896585 	1.90627e-12 	2.4488323e-05 	0.084590801
-0.0018438438 	0.29896585 	1.899901e-12 	2.4430949e-05 	0.08471697
-0.0018318318 	0.29896585 	1.8935319e-12 	2.4373576e-05 	0.084843138
-0.0018198198 	0.29896585 	1.8871629e-12 	2.4316202e-05 	0.084969306
-0.0018078078 	0.29896585 	1.8807939e-12 	2.4258828e-05 	0.085095474
-0.0017957958 	0.29896585 	1.8744249e-12 	2.4201455e-05 	0.085221642
-0.0017837838 	0.29896585 	1.8680559e-12 	2.4144081e-05 	0.08534781
-0.0017717718 	0.29896585 	1.8616869e-12 	2.4086708e-05 	0.085473978
-0.0017597598 	0.29896585 	1.8553179e-12 	2.4029334e-05 	0.085600146
-0.0017477477 	0.29896585 	1.8489488e-12 	2.3971961e-05 	0.085726314
-0.0017357357 	0.29896585 	1.8425798e-12 	2.3914587e-05 	0.085852482
-0.0017237237 	0.29896585 	1.8362108e-12 	2.3857214e-05 	0.08597865
-0.0017117117 	0.29896585 	1.8298418e-12 	2.379984e-05 	0.086104818
-0.0016996997 	0.29896585 	1.8234728e-12 	2.3742466e-05 	0.086230986
-0.0016876877 	0.29896585 	1.818196e-12 	2.3626556e-05 	0.086316568
-0.0016756757 	0.29896585 	1.8132359e-12 	2.3493675e-05 	0.086390384
-0.0016636637 	0.29896585 	1.8082758e-12 	2.3360795e-05 	0.0864642
-0.0016516517 	0.29896585 	1.8033157e-12 	2.3227914e-05 	0.086538015
-0.0016396396 	0.29896585 	1.7983555e-12 	2.3095033e-05 	0.086611831
-0.0016276276 	0.29896585 	1.7933954e-12 	2.2962152e-05 	0.086685647
-0.0016156156 	0.29896585 	1.7884353e-12 	2.2829272e-05 	0.086759463
-0.0016036036 	0.29896585 	1.7834751e-12 	2.2696391e-05 	0.086833278
-0.0015915916 	0.29896585 	1.778515e-12 	2.256351e-05 	0.086907094
-0.0015795796 	0.29896585 	1.7735549e-12 	2.243063e-05 	0.08698091
-0.0015675676 	0.29896585 	1.7685948e-12 	2.2297749e-05 	0.087054726
-0.0015555556 	0.29896585 	1.7636346e-12 	2.2164868e-05 	0.087128541
-0.0015435435 	0.29896585 	1.7586745e-12 	2.2031988e-05 	0.087202357
-0.0015315315 	0.29896585 	1.7537144e-12 	2.1899107e-05 	0.087276173
-0.0015195195 	0.29896585 	1.7487543e-12 	2.1766226e-05 	0.087349989
-0.0015075075 	0.29896585 	1.7437941e-12 	2.1633345e-05 	0.087423804
-0.0014954955 	0.29896585 	1.738834e-12 	2.1500465e-05 	0.08749762
-0.0014834835 	0.29896585 	1.7338739e-12 	2.1367584e-05 	0.087571436
-0.0014714715 	0.29896585 	1.7289138e-12 	2.1234703e-05 	0.087645252
-0.0014594595 	0.29896585 	1.7239536e-12 	2.1101823e-05 	0.087719067
-0.0014474474 	0.29896585 	1.7189935e-12 	2.0968942e-05 	0.087792883
-0.0014354354 	0.29896585 	1.7140334e-12 	2.0836061e-05 	0.087866699
-0.0014234234 	0.29896585 	1.7090733e-12 	2.0703181e-05 	0.087940515
-0.0014114114 	0.29896586 	1.7041131e-12 	2.05703e-05 	0.08801433
-0.0013993994 	0.29896586 	1.701007e-12 	2.0431491e-05 	0.088088025
-0.0013873874 	0.29896586 	1.6992332e-12 	2.0288421e-05 	0.088161633
-0.0013753754 	0.29896586 	1.6974594e-12 	2.0145352e-05 	0.088235241
-0.0013633634 	0.29896586 	1.6956856e-12 	2.0002283e-05 	0.088308849
-0.0013513514 	0.29896586 	1.6939118e-12 	1.9859213e-05 	0.088382457
-0.0013393393 	0.29896586 	1.692138e-12 	1.9716144e-05 	0.088456065
-0.0013273273 	0.29896586 	1.6903642e-12 	1.9573075e-05 	0.088529673
-0.0013153153 	0.29896586 	1.6885904e-12 	1.9430005e-05 	0.088603281
-0.0013033033 	0.29896586 	1.6868166e-12 	1.9286936e-05 	0.088676888
-0.0012912913 	0.29896586 	1.6850428e-12 	1.9143867e-05 	0.088750496
-0.0012792793 	0.29896586 	1.683269e-12 	1.9000797e-05 	0.088824104
-0.0012672673 	0.29896586 	1.6814952e-12 	1.8857728e-05 	0.088897712
-0.0012552553 	0.29896586 	1.6797214e-12 	1.8714658e-05 	0.08897132
-0.0012432432 	0.29896586 	1.6779476e-12 	1.8571589e-05 	0.089044928
-0.0012312312 	0.29896586 	1.6761738e-12 	1.842852e-05 	0.089118536
-0.0012192192 	0.29896586 	1.6744e-12 	1.828545e-05 	0.089192144
-0.0012072072 	0.29896586 	1.6726262e-12 	1.8142381e-05 	0.089265752
-0.0011951952 	0.29896586 	1.6708524e-12 	1.7999312e-05 	0.08933936
-0.0011831832 	0.29896586 	1.6690786e-12 	1.7856242e-05 	0.089412968
-0.0011711712 	0.29896586 	1.6673048e-12 	1.7713173e-05 	0.089486576
-0.0011591592 	0.29896586 	1.665531e-12 	1.7570104e-05 	0.089560184
-0.0011471471 	0.29896586 	1.6637572e-12 	1.7427034e-05 	0.089633791
-0.0011351351 	0.29896586 	1.6619834e-12 	1.7283965e-05 	0.089707399
-0.0011231231 	0.29896586 	1.6602096e-12 	1.7140895e-05 	0.089781007
-0.0011111111 	0.29896586 	1.6584358e-12 	1.6997826e-05 	0.089854615
-0.0010990991 	0.29896586 	1.656662e-12 	1.6854757e-05 	0.089928223
-0.0010870871 	0.29896586 	1.6548882e-12 	1.6711687e-05 	0.090001831
-0.0010750751 	0.29896586 	1.6531144e-12 	1.6568618e-05 	0.090075439
-0.0010630631 	0.29896586 	1.6513406e-12 	1.6425549e-05 	0.090149047
-0.0010510511 	0.29896586 	1.6495668e-12 	1.6282479e-05 	0.090222655
-0.001039039 	0.29896586 	1.647793e-12 	1.613941e-05 	0.090296263
-0.001027027 	0.29896586 	1.6460192e-12 	1.5996341e-05 	0.090369871
-0.001015015 	0.29896586 	1.6442454e-12 	1.5853271e-05 	0.090443479
-0.001003003 	0.29896586 	1.6424716e-12 	1.5710202e-05 	0.090517086
-0.00099099099 	0.29896586 	1.6406978e-12 	1.5567132e-05 	0.090590694
-0.00097897898 	0.29896586 	1.638924e-12 	1.5424063e-05 	0.090664302
-0.00096696697 	0.29896586 	1.6371502e-12 	1.5280994e-05 	0.09073791
-0.00095495495 	0.29896586 	1.6353764e-12 	1.5137924e-05 	0.090811518
-0.00094294294 	0.29896586 	1.6336025e-12 	1.4994855e-05 	0.090885126
-0.00093093093 	0.29896587 	1.6318287e-12 	1.4851786e-05 	0.090958734
-0.00091891892 	0.29896587 	1.6300549e-12 	1.4708716e-05 	0.091032342
-0.00090690691 	0.29896587 	1.6282811e-12 	1.4565647e-05 	0.09110595
-0.00089489489 	0.29896587 	1.6265073e-12 	1.4422578e-05 	0.091179558
-0.00088288288 	0.29896587 	1.6247335e-12 	1.4279508e-05 	0.091253166
-0.00087087087 	0.29896587 	1.6229597e-12 	1.4136439e-05 	0.091326774
-0.00085885886 	0.29896587 	1.6211859e-12 	1.3993369e-05 	0.091400382
-0.00084684685 	0.29896587 	1.6188039e-12 	1.3843942e-05 	0.091467511
-0.00083483483 	0.29896587 	1.6126103e-12 	1.3654671e-05 	0.091494045
-0.00082282282 	0.29896587 	1.6064167e-12 	1.3465401e-05 	0.091520578
-0.00081081081 	0.29896587 	1.6002231e-12 	1.3276131e-05 	0.091547112
-0.0007987988 	0.29896587 	1.5940295e-12 	1.3086861e-05 	0.091573645
-0.00078678679 	0.29896587 	1.5878359e-12 	1.289759e-05 	0.091600179
-0.00077477477 	0.29896587 	1.5816424e-12 	1.270832e-05 	0.091626713
-0.00076276276 	0.29896587 	1.5754488e-12 	1.251905e-05 	0.091653246
-0.00075075075 	0.29896587 	1.5692552e-12 	1.232978e-05 	0.09167978
-0.00073873874 	0.29896587 	1.5630616e-12 	1.2140509e-05 	0.091706314
-0.00072672673 	0.29896587 	1.556868e-12 	1.1951239e-05 	0.091732847
-0.00071471471 	0.29896587 	1.5506744e-12 	1.1761969e-05 	0.091759381
-0.0007027027 	0.29896587 	1.5444809e-12 	1.1572699e-05 	0.091785915
-0.00069069069 	0.29896587 	1.5382873e-12 	1.1383428e-05 	0.091812448
-0.00067867868 	0.29896587 	1.5320937e-12 	1.1194158e-05 	0.091838982
-0.00066666667 	0.29896587 	1.5259001e-12 	1.1004888e-05 	0.091865515
-0.00065465465 	0.29896587 	1.5197065e-12 	1.0815617e-05 	0.091892049
-0.00064264264 	0.29896587 	1.5135129e-12 	1.0626347e-05 	0.091918583
-0.00063063063 	0.29896587 	1.5073194e-12 	1.0437077e-05 	0.091945116
-0.00061861862 	0.29896587 	1.5011258e-12 	1.0247807e-05 	0.09197165
-0.00060660661 	0.29896587 	1.4949322e-12 	1.0058536e-05 	0.091998184
-0.00059459459 	0.29896587 	1.4887386e-12 	9.8692661e-06 	0.092024717
-0.00058258258 	0.29896587 	1.482545e-12 	9.6799959e-06 	0.092051251
-0.00057057057 	0.29896587 	1.4763514e-12 	9.4907256e-06 	0.092077785
-0.00055855856 	0.29896587 	1.4701579e-12 	9.3014554e-06 	0.092104318
-0.00054654655 	0.29896587 	1.4683087e-12 	9.1020119e-06 	0.092130781
-0.00053453453 	0.29896587 	1.466716e-12 	8.9019677e-06 	0.09215724
-0.00052252252 	0.29896587 	1.4651234e-12 	8.7019235e-06 	0.092183699
-0.00051051051 	0.29896587 	1.4635308e-12 	8.5018793e-06 	0.092210158
-0.0004984985 	0.29896587 	1.4619381e-12 	8.3018351e-06 	0.092236617
-0.00048648649 	0.29896587 	1.4603455e-12 	8.1017908e-06 	0.092263076
-0.00047447447 	0.29896587 	1.4587529e-12 	7.9017466e-06 	0.092289535
-0.00046246246 	0.29896587 	1.4571602e-12 	7.7017024e-06 	0.092315994
-0.00045045045 	0.29896587 	1.4555676e-12 	7.5016582e-06 	0.092342453
-0.00043843844 	0.29896587 	1.453975e-12 	7.301614e-06 	0.092368912
-0.00042642643 	0.29896587 	1.4523823e-12 	7.1015698e-06 	0.092395371
-0.00041441441 	0.29896587 	1.4507897e-12 	6.9015256e-06 	0.09242183
-0.0004024024 	0.29896587 	1.449197e-12 	6.7014814e-06 	0.092448289
-0.00039039039 	0.29896587 	1.4476044e-12 	6.5014371e-06 	0.092474748
-0.00037837838 	0.29896587 	1.4460118e-12 	6.3013929e-06 	0.092501207
-0.00036636637 	0.29896587 	1.4444191e-12 	6.1013487e-06 	0.092527666
-0.00035435435 	0.29896587 	1.4428265e-12 	5.9013045e-06 	0.092554125
-0.00034234234 	0.29896587 	1.4412339e-12 	5.7012603e-06 	0.092580584
-0.00033033033 	0.29896587 	1.4396412e-12 	5.5012161e-06 	0.092607043
-0.00031831832 	0.29896587 	1.4380486e-12 	5.3011719e-06 	0.092633501
-0.00030630631 	0.29896587 	1.436456e-12 	5.1011277e-06 	0.09265996
-0.00029429429 	0.29896587 	1.4348633e-12 	4.9010834e-06 	0.092686419
-0.00028228228 	0.29896587 	1.4332707e-12 	4.7010392e-06 	0.092712878
-0.00027027027 	0.29896587 	1.4316781e-12 	4.500995e-06 	0.092739337
-0.00025825826 	0.29896587 	1.4300854e-12 	4.3009508e-06 	0.092765796
-0.00024624625 	0.29896587 	1.4284928e-12 	4.1009066e-06 	0.092792255
-0.00023423423 	0.29896587 	1.4269001e-12 	3.9008624e-06 	0.092818714
-0.00022222222 	0.29896587 	1.4253075e-12 	3.7008182e-06 	0.092845173
-0.00021021021 	0.29896587 	1.4237149e-12 	3.500774e-06 	0.092871632
-0.0001981982 	0.29896587 	1.4221222e-12 	3.3007297e-06 	0.092898091
-0.00018618619 	0.29896587 	1.4205296e-12 	3.1006855e-06 	0.09292455
-0.00017417417 	0.29896587 	1.418937e-12 	2.9006413e-06 	0.092951009
-0.00016216216 	0.29896587 	1.4173443e-12 	2.7005971e-06 	0.092977468
-0.00015015015 	0.29896587 	1.4157517e-12 	2.5005529e-06 	0.093003927
-0.00013813814 	0.29896587 	1.4141591e-12 	2.3005087e-06 	0.093030386
-0.00012612613 	0.29896587 	1.4125664e-12 	2.1004645e-06 	0.093056845
-0.00011411411 	0.29896587 	1.4109738e-12 	1.9004202e-06 	0.093083304
-0.0001021021 	0.29896587 	1.4093812e-12 	1.700376e-06 	0.093109763
-9.009009e-05 	0.29896587 	1.4077885e-12 	1.5003318e-06 	0.093136222
-7.8078078e-05 	0.29896588 	1.4061959e-12 	1.3002876e-06 	0.093162681
-6.6066066e-05 	0.29896588 	1.4046032e-12 	1.1002434e-06 	0.09318914
-5.4054054e-05 	0.29896588 	1.4030106e-12 	9.0019918e-07 	0.093215598
-4.2042042e-05 	0.29896588 	1.401418e-12 	7.0015497e-07 	0.093242057
-3.003003e-05 	0.29896588 	1.3998253e-12 	5.0011076e-07 	0.093268516
-1.8018018e-05 	0.29896588 	1.3982327e-12 	3.0006654e-07 	0.093294975
-6.006006e-06 	0.29896588 	1.3966401e-12 	1.0002233e-07 	0.093321434
6.006006e-06 	0.29896588 	1.4018604e-12 	-9.4634898e-08 	0.093321397
1.8018018e-05 	0.29896588 	1.4138936e-12 	-2.8390514e-07 	0.093294863
3.003003e-05 	0.29896588 	1.4259269e-12 	-4.7317538e-07 	0.09326833
4.2042042e-05 	0.29896588 	1.4379601e-12 	-6.6244562e-07 	0.093241796
5.4054054e-05 	0.29896588 	1.4499934e-12 	-8.5171587e-07 	0.093215262
6.6066066e-05 	0.29896588 	1.4620266e-12 	-1.0409861e-06 	0.093188729
7.8078078e-05 	0.29896588 	1.4740599e-12 	-1.2302564e-06 	0.093162195
9.009009e-05 	0.29896588 	1.4860931e-12 	-1.4195266e-06 	0.093135661
0.0001021021 	0.29896588 	1.4981264e-12 	-1.6087968e-06 	0.093109128
0.00011411411 	0.29896587 	1.5101596e-12 	-1.7980671e-06 	0.093082594
0.00012612613 	0.29896587 	1.5221928e-12 	-1.9873373e-06 	0.093056061
0.00013813814 	0.29896587 	1.5342261e-12 	-2.1766076e-06 	0.093029527
0.00015015015 	0.29896587 	1.5462593e-12 	-2.3658778e-06 	0.093002993
0.00016216216 	0.29896587 	1.5582926e-12 	-2.555148e-06 	0.09297646
0.00017417417 	0.29896587 	1.5703258e-12 	-2.7444183e-06 	0.092949926
0.00018618619 	0.29896587 	1.5823591e-12 	-2.9336885e-06 	0.092923392
0.0001981982 	0.29896587 	1.5943923e-12 	-3.1229588e-06 	0.092896859
0.00021021021 	0.29896587 	1.6064256e-12 	-3.312229e-06 	0.092870325
0.00022222222 	0.29896587 	1.6184588e-12 	-3.5014993e-06 	0.092843791
0.00023423423 	0.29896587 	1.6304921e-12 	-3.6907695e-06 	0.092817258
0.00024624625 	0.29896587 	1.6425253e-12 	-3.8800397e-06 	0.092790724
0.00025825826 	0.29896587 	1.6545586e-12 	-4.06931e-06 	0.092764191
0.00027027027 	0.29896587 	1.6665918e-12 	-4.2585802e-06 	0.092737657
0.00028228228 	0.29896587 	1.6786251e-12 	-4.4478505e-06 	0.092711123
0.00029429429 	0.29896587 	1.68724e-12 	-4.6404242e-06 	0.092684613
0.00030630631 	0.29896587 	1.6881248e-12 	-4.8404683e-06 	0.092658154
0.00031831832 	0.29896587 	1.6890096e-12 	-5.0405125e-06 	0.092631695
0.00033033033 	0.29896587 	1.6898944e-12 	-5.2405567e-06 	0.092605236
0.00034234234 	0.29896587 	1.6907792e-12 	-5.4406009e-06 	0.092578777
0.00035435435 	0.29896587 	1.691664e-12 	-5.6406451e-06 	0.092552318
0.00036636637 	0.29896587 	1.6925488e-12 	-5.8406893e-06 	0.092525859
0.00037837838 	0.29896587 	1.6934336e-12 	-6.0407335e-06 	0.0924994
0.00039039039 	0.29896587 	1.6943184e-12 	-6.2407777e-06 	0.092472941
0.0004024024 	0.29896587 	1.6952032e-12 	-6.4408219e-06 	0.092446482
0.00041441441 	0.29896587 	1.696088e-12 	-6.640866e-06 	0.092420023
0.00042642643 	0.29896587 	1.6969728e-12 	-6.8409102e-06 	0.092393564
0.00043843844 	0.29896587 	1.6978576e-12 	-7.0409544e-06 	0.092367105
0.00045045045 	0.29896587 	1.6987424e-12 	-7.2409986e-06 	0.092340646
0.00046246246 	0.29896587 	1.6996272e-12 	-7.4410428e-06 	0.092314187
0.00047447447 	0.29896587 	1.700512e-12 	-7.641087e-06 	0.092287728
0.00048648649 	0.29896587 	1.7013968e-12 	-7.8411312e-06 	0.092261269
0.0004984985 	0.29896587 	1.7022816e-12 	-8.0411754e-06 	0.09223481
0.00051051051 	0.29896587 	1.7031664e-12 	-8.2412196e-06 	0.092208351
0.00052252252 	0.29896587 	1.7040512e-12 	-8.4412637e-06 	0.092181892
0.00053453453 	0.29896587 	1.704936e-12 	-8.6413079e-06 	0.092155433
0.00054654655 	0.29896587 	1.7058208e-12 	-8.8413521e-06 	0.092128974
0.00055855856 	0.29896587 	1.7067056e-12 	-9.0413963e-06 	0.092102516
0.00057057057 	0.29896587 	1.7075904e-12 	-9.2414405e-06 	0.092076057
0.00058258258 	0.29896587 	1.7084752e-12 	-9.4414847e-06 	0.092049598
0.00059459459 	0.29896587 	1.70936e-12 	-9.6415289e-06 	0.092023139
0.00060660661 	0.29896587 	1.7102448e-12 	-9.8415731e-06 	0.09199668
0.00061861862 	0.29896587 	1.7111296e-12 	-1.0041617e-05 	0.091970221
0.00063063063 	0.29896587 	1.7120144e-12 	-1.0241661e-05 	0.091943762
0.00064264264 	0.29896587 	1.7128992e-12 	-1.0441706e-05 	0.091917303
0.00065465465 	0.29896587 	1.713784e-12 	-1.064175e-05 	0.091890844
0.00066666667 	0.29896587 	1.7146688e-12 	-1.0841794e-05 	0.091864385
0.00067867868 	0.29896587 	1.7155536e-12 	-1.1041838e-05 	0.091837926
0.00069069069 	0.29896587 	1.7164384e-12 	-1.1241882e-05 	0.091811467
0.0007027027 	0.29896587 	1.7173232e-12 	-1.1441927e-05 	0.091785008
0.00071471471 	0.29896587 	1.718208e-12 	-1.1641971e-05 	0.091758549
0.00072672673 	0.29896587 	1.7190928e-12 	-1.1842015e-05 	0.09173209
0.00073873874 	0.29896587 	1.7199776e-12 	-1.2042059e-05 	0.091705631
0.00075075075 	0.29896587 	1.7208624e-12 	-1.2242103e-05 	0.091679172
0.00076276276 	0.29896587 	1.7217472e-12 	-1.2442148e-05 	0.091652713
0.00077477477 	0.29896587 	1.7226319e-12 	-1.2642192e-05 	0.091626254
0.00078678679 	0.29896587 	1.7235167e-12 	-1.2842236e-05 	0.091599795
0.0007987988 	0.29896587 	1.7244015e-12 	-1.304228e-05 	0.091573336
0.00081081081 	0.29896587 	1.7252863e-12 	-1.3242324e-05 	0.091546877
0.00082282282 	0.29896587 	1.7261711e-12 	-1.3442368e-05 	0.091520419
0.00083483483 	0.29896587 	1.7270559e-12 	-1.3642413e-05 	0.09149396
0.00084684685 	0.29896587 	1.7279407e-12 	-1.3842457e-05 	0.091467501
0.00085885886 	0.29896587 	1.7419596e-12 	-1.3984581e-05 	0.091400202
0.00087087087 	0.29896587 	1.7580745e-12 	-1.4117462e-05 	0.091326387
0.00088288288 	0.29896587 	1.7741893e-12 	-1.4250342e-05 	0.091252571
0.00089489489 	0.29896587 	1.7903042e-12 	-1.4383223e-05 	0.091178755
0.00090690691 	0.29896587 	1.8064191e-12 	-1.4516104e-05 	0.091104939
0.00091891892 	0.29896587 	1.822534e-12 	-1.4648984e-05 	0.091031124
0.00093093093 	0.29896587 	1.8386489e-12 	-1.4781865e-05 	0.090957308
0.00094294294 	0.29896587 	1.8547638e-12 	-1.4914746e-05 	0.090883492
0.00095495495 	0.29896587 	1.8708787e-12 	-1.5047626e-05 	0.090809676
0.00096696697 	0.29896587 	1.8869935e-12 	-1.5180507e-05 	0.090735861
0.00097897898 	0.29896586 	1.9031084e-12 	-1.5313388e-05 	0.090662045
0.00099099099 	0.29896586 	1.9192233e-12 	-1.5446268e-05 	0.090588229
0.001003003 	0.29896586 	1.9353382e-12 	-1.5579149e-05 	0.090514413
0.001015015 	0.29896586 	1.9514531e-12 	-1.571203e-05 	0.090440598
0.001027027 	0.29896586 	1.967568e-12 	-1.584491e-05 	0.090366782
0.001039039 	0.29896586 	1.9836829e-12 	-1.5977791e-05 	0.090292966
0.0010510511 	0.29896586 	1.9997977e-12 	-1.6110672e-05 	0.09021915
0.0010630631 	0.29896586 	2.0159126e-12 	-1.6243552e-05 	0.090145335
0.0010750751 	0.29896586 	2.0320275e-12 	-1.6376433e-05 	0.090071519
0.0010870871 	0.29896586 	2.0481424e-12 	-1.6509314e-05 	0.089997703
0.0010990991 	0.29896586 	2.0642573e-12 	-1.6642194e-05 	0.089923887
0.0011111111 	0.29896586 	2.0803722e-12 	-1.6775075e-05 	0.089850072
0.0011231231 	0.29896586 	2.0964871e-12 	-1.6907956e-05 	0.089776256
0.0011351351 	0.29896586 	2.1126019e-12 	-1.7040836e-05 	0.08970244
0.0011471471 	0.29896586 	2.1231704e-12 	-1.7180533e-05 	0.089628763
0.0011591592 	0.29896586 	2.1309945e-12 	-1.7323602e-05 	0.089555155
0.0011711712 	0.29896586 	2.1388185e-12 	-1.7466672e-05 	0.089481548
0.0011831832 	0.29896586 	2.1466426e-12 	-1.7609741e-05 	0.08940794
0.0011951952 	0.29896586 	2.1544667e-12 	-1.775281e-05 	0.089334332
0.0012072072 	0.29896586 	2.1622908e-12 	-1.789588e-05 	0.089260724
0.0012192192 	0.29896586 	2.1701149e-12 	-1.8038949e-05 	0.089187116
0.0012312312 	0.29896586 	2.1779389e-12 	-1.8182018e-05 	0.089113508
0.0012432432 	0.29896586 	2.185763e-12 	-1.8325088e-05 	0.0890399
0.0012552553 	0.29896586 	2.1935871e-12 	-1.8468157e-05 	0.088966292
0.0012672673 	0.29896586 	2.2014112e-12 	-1.8611226e-05 	0.088892684
0.0012792793 	0.29896586 	2.2092353e-12 	-1.8754296e-05 	0.088819076
0.0012912913 	0.29896586 	2.2170593e-12 	-1.8897365e-05 	0.088745468
0.0013033033 	0.29896586 	2.2248834e-12 	-1.9040434e-05 	0.08867186
0.0013153153 	0.29896586 	2.2327075e-12 	-1.9183504e-05 	0.088598252
0.0013273273 	0.29896586 	2.2405316e-12 	-1.9326573e-05 	0.088524645
0.0013393393 	0.29896586 	2.2483557e-12 	-1.9469642e-05 	0.088451037
0.0013513514 	0.29896586 	2.2561798e-12 	-1.9612712e-05 	0.088377429
0.0013633634 	0.29896586 	2.2640038e-12 	-1.9755781e-05 	0.088303821
0.0013753754 	0.29896586 	2.2718279e-12 	-1.989885e-05 	0.088230213
0.0013873874 	0.29896586 	2.279652e-12 	-2.004192e-05 	0.088156605
0.0013993994 	0.29896586 	2.2874761e-12 	-2.0184989e-05 	0.088082997
0.0014114114 	0.29896586 	2.2953002e-12 	-2.0328058e-05 	0.088009389
0.0014234234 	0.29896586 	2.3031242e-12 	-2.0471128e-05 	0.087935781
0.0014354354 	0.29896586 	2.3109483e-12 	-2.0614197e-05 	0.087862173
0.0014474474 	0.29896586 	2.3187724e-12 	-2.0757266e-05 	0.087788565
0.0014594595 	0.29896586 	2.3265965e-12 	-2.0900336e-05 	0.087714957
0.0014714715 	0.29896586 	2.3344206e-12 	-2.1043405e-05 	0.087641349
0.0014834835 	0.29896586 	2.3422447e-12 	-2.1186474e-05 	0.087567742
0.0014954955 	0.29896586 	2.3500687e-12 	-2.1329543e-05 	0.087494134
0.0015075075 	0.29896585 	2.3578928e-12 	-2.1472613e-05 	0.087420526
0.0015195195 	0.29896585 	2.3657169e-12 	-2.1615682e-05 	0.087346918
0.0015315315 	0.29896585 	2.373541e-12 	-2.1758751e-05 	0.08727331
0.0015435435 	0.29896585 	2.3813651e-12 	-2.1901821e-05 	0.087199702
0.0015555556 	0.29896585 	2.3891891e-12 	-2.204489e-05 	0.087126094
0.0015675676 	0.29896585 	2.3970132e-12 	-2.2187959e-05 	0.087052486
0.0015795796 	0.29896585 	2.4048373e-12 	-2.2331029e-05 	0.086978878
0.0015915916 	0.29896585 	2.4126614e-12 	-2.2474098e-05 	0.08690527
0.0016036036 	0.29896585 	2.4204855e-12 	-2.2617167e-05 	0.086831662
0.0016156156 	0.29896585 	2.4283095e-12 	-2.2760237e-05 	0.086758054
0.0016276276 	0.29896585 	2.4361336e-12 	-2.2903306e-05 	0.086684447
0.0016396396 	0.29896585 	2.4439577e-12 	-2.3046375e-05 	0.086610839
0.0016516517 	0.29896585 	2.4517818e-12 	-2.3189445e-05 	0.086537231
0.0016636637 	0.29896585 	2.4596059e-12 	-2.3332514e-05 	0.086463623
0.0016756757 	0.29896585 	2.46743e-12 	-2.3475583e-05 	0.086390015
0.0016876877 	0.29896585 	2.475254e-12 	-2.3618653e-05 	0.086316407
0.0016996997 	0.29896585 	2.4816289e-12 	-2.3742462e-05 	0.086230986
0.0017117117 	0.29896585 	2.4830047e-12 	-2.3799835e-05 	0.086104818
0.0017237237 	0.29896585 	2.4843805e-12 	-2.3857209e-05 	0.08597865
0.0017357357 	0.29896585 	2.4857564e-12 	-2.3914583e-05 	0.085852482
0.0017477477 	0.29896585 	2.4871322e-12 	-2.3971956e-05 	0.085726314
0.0017597598 	0.29896585 	2.488508e-12 	-2.402933e-05 	0.085600146
0.0017717718 	0.29896585 	2.4898839e-12 	-2.4086703e-05 	0.085473978
0.0017837838 	0.29896585 	2.4912597e-12 	-2.4144077e-05 	0.08534781
0.0017957958 	0.29896585 	2.4926355e-12 	-2.420145e-05 	0.085221642
0.0018078078 	0.29896585 	2.4940113e-12 	-2.4258824e-05 	0.085095474
0.0018198198 	0.29896585 	2.4953872e-12 	-2.4316198e-05 	0.084969306
0.0018318318 	0.29896585 	2.496763e-12 	-2.4373571e-05 	0.084843138
0.0018438438 	0.29896585 	2.4981388e-12 	-2.4430945e-05 	0.08471697
0.0018558559 	0.29896585 	2.4995147e-12 	-2.4488318e-05 	0.084590801
0.0018678679 	0.29896585 	2.5008905e-12 	-2.4545692e-05 	0.084464633
0.0018798799 	0.29896585 	2.5022663e-12 	-2.4603065e-05 	0.084338465
0.0018918919 	0.29896585 	2.5036422e-12 	-2.4660439e-05 	0.084212297
0.0019039039 	0.29896585 	2.505018e-12 	-2.4717812e-05 	0.084086129
0.0019159159 	0.29896585 	2.5063938e-12 	-2.4775186e-05 	0.083959961
0.0019279279 	0.29896585 	2.5083223e-12 	-2.4837527e-05 	0.083833991
0.0019399399 	0.29896585 	2.510635e-12 	-2.4903323e-05 	0.083708157
0.001951952 	0.29896585 	2.5129477e-12 	-2.4969118e-05 	0.083582324
0.001963964 	0.29896584 	2.5152604e-12 	-2.5034914e-05 	0.08345649
0.001975976 	0.29896584 	2.5175731e-12 	-2.5100709e-05 	0.083330657
0.001987988 	0.29896584 	2.5198858e-12 	-2.5166505e-05 	0.083204823
0.002 	0.29896584 	2.5221985e-12 	-2.52323e-05 	0.08307899
0.002012012 	0.29896584 	2.5245112e-12 	-2.5298096e-05 	0.082953157
0.002024024 	0.29896584 	2.5268239e-12 	-2.5363892e-05 	0.082827323
0.002036036 	0.29896584 	2.5291366e-12 	-2.5429687e-05 	0.08270149
0.002048048 	0.29896584 	2.5314493e-12 	-2.5495483e-05 	0.082575656
0.0020600601 	0.29896584 	2.533762e-12 	-2.5561278e-05 	0.082449823
0.0020720721 	0.29896584 	2.5360746e-12 	-2.5627074e-05 	0.08232399
0.0020840841 	0.29896584 	2.5383873e-12 	-2.5692869e-05 	0.082198156
0.0020960961 	0.29896584 	2.5407e-12 	-2.5758665e-05 	0.082072323
0.0021081081 	0.29896584 	2.5430127e-12 	-2.582446e-05 	0.081946489
0.0021201201 	0.29896584 	2.5453254e-12 	-2.5890256e-05 	0.081820656
0.0021321321 	0.29896584 	2.5476381e-12 	-2.5956051e-05 	0.081694822
0.0021441441 	0.29896584 	2.5499508e-12 	-2.6021847e-05 	0.081568989
0.0021561562 	0.29896584 	2.5522635e-12 	-2.6087642e-05 	0.081443156
0.0021681682 	0.29896584 	2.5545762e-12 	-2.6153438e-05 	0.081317322
0.0021801802 	0.29896584 	2.5568889e-12 	-2.6219233e-05 	0.081191489
0.0021921922 	0.29896584 	2.5592016e-12 	-2.6285029e-05 	0.081065655
0.0022042042 	0.29896584 	2.5615143e-12 	-2.6350824e-05 	0.080939822
0.0022162162 	0.29896584 	2.563827e-12 	-2.641662e-05 	0.080813988
0.0022282282 	0.29896584 	2.5661397e-12 	-2.6482415e-05 	0.080688155
0.0022402402 	0.29896584 	2.5684524e-12 	-2.6548211e-05 	0.080562322
0.0022522523 	0.29896584 	2.5707651e-12 	-2.6614006e-05 	0.080436488
0.0022642643 	0.29896584 	2.5730778e-12 	-2.6679802e-05 	0.080310655
0.0022762763 	0.29896584 	2.5753905e-12 	-2.6745597e-05 	0.080184821
0.0022882883 	0.29896584 	2.5777032e-12 	-2.6811393e-05 	0.080058988
0.0023003003 	0.29896584 	2.5800159e-12 	-2.6877188e-05 	0.079933155
0.0023123123 	0.29896584 	2.5823286e-12 	-2.6942984e-05 	0.079807321
0.0023243243 	0.29896584 	2.5846413e-12 	-2.700878e-05 	0.079681488
0.0023363363 	0.29896583 	2.586954e-12 	-2.7074575e-05 	0.079555654
0.0023483483 	0.29896583 	2.5892667e-12 	-2.7140371e-05 	0.079429821
0.0023603604 	0.29896583 	2.5843889e-12 	-2.7134279e-05 	0.079276793
0.0023723724 	0.29896583 	2.577893e-12 	-2.711201e-05 	0.079117645
0.0023843844 	0.29896583 	2.5713972e-12 	-2.7089741e-05 	0.078958498
0.0023963964 	0.29896583 	2.5649013e-12 	-2.7067473e-05 	0.07879935
0.0024084084 	0.29896583 	2.5584054e-12 	-2.7045204e-05 	0.078640203
0.0024204204 	0.29896583 	2.5519095e-12 	-2.7022935e-05 	0.078481055
0.0024324324 	0.29896583 	2.5454136e-12 	-2.7000667e-05 	0.078321908
0.0024444444 	0.29896583 	2.5389177e-12 	-2.6978398e-05 	0.07816276
0.0024564565 	0.29896583 	2.5324219e-12 	-2.6956129e-05 	0.078003613
0.0024684685 	0.29896583 	2.525926e-12 	-2.6933861e-05 	0.077844465
0.0024804805 	0.29896583 	2.5194301e-12 	-2.6911592e-05 	0.077685318
0.0024924925 	0.29896583 	2.5129342e-12 	-2.6889323e-05 	0.07752617
0.0025045045 	0.29896583 	2.5064383e-12 	-2.6867054e-05 	0.077367023
0.0025165165 	0.29896583 	2.4999424e-12 	-2.6844786e-05 	0.077207875
0.0025285285 	0.29896583 	2.4934466e-12 	-2.6822517e-05 	0.077048728
0.0025405405 	0.29896583 	2.4869507e-12 	-2.6800248e-05 	0.07688958
0.0025525526 	0.29896583 	2.4802175e-12 	-2.677898e-05 	0.07673057
0.0025645646 	0.29896583 	2.4731098e-12 	-2.6759291e-05 	0.076571776
0.0025765766 	0.29896583 	2.4660022e-12 	-2.6739601e-05 	0.076412982
0.0025885886 	0.29896583 	2.4588945e-12 	-2.6719912e-05 	0.076254188
0.0026006006 	0.29896583 	2.4517869e-12 	-2.6700222e-05 	0.076095394
0.0026126126 	0.29896583 	2.4446792e-12 	-2.6680533e-05 	0.0759366
0.0026246246 	0.29896583 	2.4375716e-12 	-2.6660843e-05 	0.075777806
0.0026366366 	0.29896583 	2.430464e-12 	-2.6641154e-05 	0.075619012
0.0026486486 	0.29896583 	2.4233563e-12 	-2.6621464e-05 	0.075460218
0.0026606607 	0.29896583 	2.4162487e-12 	-2.6601775e-05 	0.075301424
0.0026726727 	0.29896583 	2.409141e-12 	-2.6582085e-05 	0.075142631
0.0026846847 	0.29896583 	2.4020334e-12 	-2.6562396e-05 	0.074983837
0.0026966967 	0.29896583 	2.3949257e-12 	-2.6542706e-05 	0.074825043
0.0027087087 	0.29896583 	2.3878181e-12 	-2.6523017e-05 	0.074666249
0.0027207207 	0.29896582 	2.3807105e-12 	-2.6503327e-05 	0.074507455
0.0027327327 	0.29896582 	2.3736028e-12 	-2.6483638e-05 	0.074348661
0.0027447447 	0.29896582 	2.3664952e-12 	-2.6463948e-05 	0.074189867
0.0027567568 	0.29896582 	2.3593875e-12 	-2.6444259e-05 	0.074031073
0.0027687688 	0.29896582 	2.3522799e-12 	-2.6424569e-05 	0.073872279
0.0027807808 	0.29896582 	2.3451722e-12 	-2.640488e-05 	0.073713485
0.0027927928 	0.29896582 	2.3380646e-12 	-2.638519e-05 	0.073554691
0.0028048048 	0.29896582 	2.330957e-12 	-2.6365501e-05 	0.073395897
0.0028168168 	0.29896582 	2.3238493e-12 	-2.6345811e-05 	0.073237103
0.0028288288 	0.29896582 	2.3167417e-12 	-2.6326122e-05 	0.073078309
0.0028408408 	0.29896582 	2.309634e-12 	-2.6306432e-05 	0.072919515
0.0028528529 	0.29896582 	2.3025264e-12 	-2.6286743e-05 	0.072760721
0.0028648649 	0.29896582 	2.2954188e-12 	-2.6267053e-05 	0.072601927
0.0028768769 	0.29896582 	2.2883111e-12 	-2.6247364e-05 	0.072443133
0.0028888889 	0.29896582 	2.2812035e-12 	-2.6227674e-05 	0.072284339
0.0029009009 	0.29896582 	2.2740958e-12 	-2.6207985e-05 	0.072125545
0.0029129129 	0.29896582 	2.2669882e-12 	-2.6188295e-05 	0.071966751
0.0029249249 	0.29896582 	2.2598805e-12 	-2.6168606e-05 	0.071807958
0.0029369369 	0.29896582 	2.2484979e-12 	-2.6096877e-05 	0.071618517
0.0029489489 	0.29896582 	2.2363625e-12 	-2.6015985e-05 	0.071423681
0.002960961 	0.29896582 	2.2242272e-12 	-2.5935093e-05 	0.071228846
0.002972973 	0.29896582 	2.2120918e-12 	-2.5854201e-05 	0.07103401
0.002984985 	0.29896582 	2.1999565e-12 	-2.5773309e-05 	0.070839174
0.002996997 	0.29896582 	2.1878212e-12 	-2.5692417e-05 	0.070644338
0.003009009 	0.29896582 	2.1756858e-12 	-2.5611526e-05 	0.070449502
0.003021021 	0.29896582 	2.1635505e-12 	-2.5530634e-05 	0.070254666
0.003033033 	0.29896582 	2.1514151e-12 	-2.5449742e-05 	0.07005983
0.003045045 	0.29896582 	2.1392798e-12 	-2.536885e-05 	0.069864995
0.0030570571 	0.29896582 	2.1271444e-12 	-2.5287958e-05 	0.069670159
0.0030690691 	0.29896582 	2.1150091e-12 	-2.5207067e-05 	0.069475323
0.0030810811 	0.29896582 	2.1028738e-12 	-2.5126175e-05 	0.069280487
0.0030930931 	0.29896582 	2.0907384e-12 	-2.5045283e-05 	0.069085651
0.0031051051 	0.29896582 	2.0820846e-12 	-2.496311e-05 	0.068890934
0.0031171171 	0.29896582 	2.0794307e-12 	-2.4878729e-05 	0.06869642
0.0031291291 	0.29896582 	2.0767768e-12 	-2.4794347e-05 	0.068501906
0.0031411411 	0.29896582 	2.0741229e-12 	-2.4709966e-05 	0.068307392
0.0031531532 	0.29896581 	2.071469e-12 	-2.4625584e-05 	0.068112878
0.0031651652 	0.29896581 	2.0688151e-12 	-2.4541203e-05 	0.067918364
0.0031771772 	0.29896581 	2.0661612e-12 	-2.4456822e-05 	0.06772385
0.0031891892 	0.29896581 	2.0635072e-12 	-2.437244e-05 	0.067529336
0.0032012012 	0.29896581 	2.0608533e-12 	-2.4288059e-05 	0.067334822
0.0032132132 	0.29896581 	2.0581994e-12 	-2.4203678e-05 	0.067140308
0.0032252252 	0.29896581 	2.0555455e-12 	-2.4119296e-05 	0.066945794
0.0032372372 	0.29896581 	2.0528916e-12 	-2.4034915e-05 	0.06675128
0.0032492492 	0.29896581 	2.0502377e-12 	-2.3950534e-05 	0.066556767
0.0032612613 	0.29896581 	2.0475838e-12 	-2.3866152e-05 	0.066362253
0.0032732733 	0.29896581 	2.0449299e-12 	-2.3781771e-05 	0.066167739
0.0032852853 	0.29896581 	2.0422759e-12 	-2.369739e-05 	0.065973225
0.0032972973 	0.29896581 	2.039622e-12 	-2.3613008e-05 	0.065778711
0.0033093093 	0.29896581 	2.0369681e-12 	-2.3528627e-05 	0.065584197
0.0033213213 	0.29896581 	2.0343142e-12 	-2.3444246e-05 	0.065389683
0.0033333333 	0.29896581 	2.0316603e-12 	-2.3359864e-05 	0.065195169
0.0033453453 	0.29896581 	2.0290064e-12 	-2.3275483e-05 	0.065000655
0.0033573574 	0.29896581 	2.0263525e-12 	-2.3191102e-05 	0.064806141
0.0033693694 	0.29896581 	2.0236986e-12 	-2.310672e-05 	0.064611627
0.0033813814 	0.29896581 	2.0210446e-12 	-2.3022339e-05 	0.064417113
0.0033933934 	0.29896581 	2.0183907e-12 	-2.2937957e-05 	0.0642226
0.0034054054 	0.29896581 	2.0157368e-12 	-2.2853576e-05 	0.064028086
0.0034174174 	0.29896581 	2.0130829e-12 	-2.2769195e-05 	0.063833572
0.0034294294 	0.29896581 	2.010429e-12 	-2.2684813e-05 	0.063639058
0.0034414414 	0.29896581 	2.0030221e-12 	-2.2581607e-05 	0.063426367
0.0034534535 	0.29896581 	1.991939e-12 	-2.2463842e-05 	0.063199619
0.0034654655 	0.29896581 	1.9808559e-12 	-2.2346077e-05 	0.06297287
0.0034774775 	0.29896581 	1.9697729e-12 	-2.2228311e-05 	0.062746122
0.0034894895 	0.29896581 	1.9586898e-12 	-2.2110546e-05 	0.062519373
0.0035015015 	0.29896581 	1.9476068e-12 	-2.199278e-05 	0.062292625
0.0035135135 	0.29896581 	1.9365237e-12 	-2.1875015e-05 	0.062065876
0.0035255255 	0.29896581 	1.9254407e-12 	-2.175725e-05 	0.061839127
0.0035375375 	0.29896581 	1.9143576e-12 	-2.1639484e-05 	0.061612379
0.0035495495 	0.29896581 	1.9032746e-12 	-2.1521719e-05 	0.06138563
0.0035615616 	0.29896581 	1.8921915e-12 	-2.1403953e-05 	0.061158882
0.0035735736 	0.29896581 	1.8811085e-12 	-2.1286188e-05 	0.060932133
0.0035855856 	0.29896581 	1.8700254e-12 	-2.1168423e-05 	0.060705385
0.0035975976 	0.29896581 	1.8626895e-12 	-2.104395e-05 	0.060478828
0.0036096096 	0.29896581 	1.8563156e-12 	-2.0917756e-05 	0.060252321
0.0036216216 	0.29896581 	1.8499418e-12 	-2.0791561e-05 	0.060025814
0.0036336336 	0.2989658 	1.8435679e-12 	-2.0665367e-05 	0.059799306
0.0036456456 	0.2989658 	1.837194e-12 	-2.0539172e-05 	0.059572799
0.0036576577 	0.2989658 	1.8308202e-12 	-2.0412978e-05 	0.059346292
0.0036696697 	0.2989658 	1.8244463e-12 	-2.0286784e-05 	0.059119784
0.0036816817 	0.2989658 	1.8180724e-12 	-2.0160589e-05 	0.058893277
0.0036936937 	0.2989658 	1.8116985e-12 	-2.0034395e-05 	0.05866677
0.0037057057 	0.2989658 	1.8053247e-12 	-1.99082e-05 	0.058440263
0.0037177177 	0.2989658 	1.7989508e-12 	-1.9782006e-05 	0.058213755
0.0037297297 	0.2989658 	1.7925769e-12 	-1.9655811e-05 	0.057987248
0.0037417417 	0.2989658 	1.7862031e-12 	-1.9529617e-05 	0.057760741
0.0037537538 	0.2989658 	1.7798292e-12 	-1.9403422e-05 	0.057534234
0.0037657658 	0.2989658 	1.7734553e-12 	-1.9277228e-05 	0.057307726
0.0037777778 	0.2989658 	1.7670814e-12 	-1.9151033e-05 	0.057081219
0.0037897898 	0.2989658 	1.7607076e-12 	-1.9024839e-05 	0.056854712
0.0038018018 	0.2989658 	1.7543337e-12 	-1.8898645e-05 	0.056628205
0.0038138138 	0.2989658 	1.7479598e-12 	-1.877245e-05 	0.056401697
0.0038258258 	0.2989658 	1.741586e-12 	-1.8646256e-05 	0.05617519
0.0038378378 	0.2989658 	1.7352121e-12 	-1.8520061e-05 	0.055948683
0.0038498498 	0.2989658 	1.7288382e-12 	-1.8393867e-05 	0.055722175
0.0038618619 	0.2989658 	1.7224644e-12 	-1.8267672e-05 	0.055495668
0.0038738739 	0.2989658 	1.7160905e-12 	-1.8141478e-05 	0.055269161
0.0038858859 	0.2989658 	1.7096885e-12 	-1.80131e-05 	0.055034574
0.0038978979 	0.2989658 	1.7032159e-12 	-1.7879232e-05 	0.054779672
0.0039099099 	0.2989658 	1.6967432e-12 	-1.7745365e-05 	0.054524769
0.0039219219 	0.2989658 	1.6902706e-12 	-1.7611497e-05 	0.054269867
0.0039339339 	0.2989658 	1.6837979e-12 	-1.7477629e-05 	0.054014965
0.0039459459 	0.2989658 	1.6773253e-12 	-1.7343761e-05 	0.053760063
0.003957958 	0.2989658 	1.6708526e-12 	-1.7209894e-05 	0.05350516
0.00396997 	0.2989658 	1.66438e-12 	-1.7076026e-05 	0.053250258
0.003981982 	0.2989658 	1.6579073e-12 	-1.6942158e-05 	0.052995356
0.003993994 	0.2989658 	1.6514347e-12 	-1.680829e-05 	0.052740453
0.004006006 	0.2989658 	1.644962e-12 	-1.6674423e-05 	0.052485551
0.004018018 	0.2989658 	1.6384894e-12 	-1.6540234e-05 	0.052230653
0.00403003 	0.2989658 	1.6320176e-12 	-1.6395001e-05 	0.051975891
0.004042042 	0.2989658 	1.6255459e-12 	-1.6249768e-05 	0.051721129
0.0040540541 	0.2989658 	1.6190741e-12 	-1.6104534e-05 	0.051466368
0.0040660661 	0.2989658 	1.6126024e-12 	-1.5959301e-05 	0.051211606
0.0040780781 	0.2989658 	1.6061307e-12 	-1.5814068e-05 	0.050956844
0.0040900901 	0.29896579 	1.5996589e-12 	-1.5668835e-05 	0.050702083
0.0041021021 	0.29896579 	1.5931872e-12 	-1.5523602e-05 	0.050447321
0.0041141141 	0.29896579 	1.5867154e-12 	-1.5378368e-05 	0.050192559
0.0041261261 	0.29896579 	1.5802437e-12 	-1.5233135e-05 	0.049937798
0.0041381381 	0.29896579 	1.5737719e-12 	-1.5087902e-05 	0.049683036
0.0041501502 	0.29896579 	1.5673002e-12 	-1.4942669e-05 	0.049428274
0.0041621622 	0.29896579 	1.5608284e-12 	-1.4797435e-05 	0.049173513
0.0041741742 	0.29896579 	1.5543567e-12 	-1.4652202e-05 	0.048918751
0.0041861862 	0.29896579 	1.547885e-12 	-1.4506969e-05 	0.048663989
0.0041981982 	0.29896579 	1.5414132e-12 	-1.4361736e-05 	0.048409228
0.0042102102 	0.29896579 	1.5349415e-12 	-1.4216503e-05 	0.048154466
0.0042222222 	0.29896579 	1.5284697e-12 	-1.4071269e-05 	0.047899704
0.0042342342 	0.29896579 	1.521998e-12 	-1.3926036e-05 	0.047644943
0.0042462462 	0.29896579 	1.5155262e-12 	-1.3780803e-05 	0.047390181
0.0042582583 	0.29896579 	1.5090545e-12 	-1.363557e-05 	0.047135419
0.0042702703 	0.29896579 	1.5025827e-12 	-1.3490337e-05 	0.046880658
0.0042822823 	0.29896579 	1.4970152e-12 	-1.3350104e-05 	0.046615472
0.0042942943 	0.29896579 	1.4926994e-12 	-1.3216793e-05 	0.046335855
0.0043063063 	0.29896579 	1.4883837e-12 	-1.3083482e-05 	0.046056239
0.0043183183 	0.29896579 	1.4840679e-12 	-1.2950171e-05 	0.045776623
0.0043303303 	0.29896579 	1.4797521e-12 	-1.281686e-05 	0.045497007
0.0043423423 	0.29896579 	1.4754363e-12 	-1.2683549e-05 	0.04521739
0.0043543544 	0.29896579 	1.4711205e-12 	-1.2550238e-05 	0.044937774
0.0043663664 	0.29896579 	1.4668047e-12 	-1.2416927e-05 	0.044658158
0.0043783784 	0.29896579 	1.4624889e-12 	-1.2283616e-05 	0.044378542
0.0043903904 	0.29896579 	1.4581732e-12 	-1.2150305e-05 	0.044098925
0.0044024024 	0.29896579 	1.4530013e-12 	-1.2010885e-05 	0.04381933
0.0044144144 	0.29896579 	1.4469595e-12 	-1.1865256e-05 	0.043539755
0.0044264264 	0.29896579 	1.4409176e-12 	-1.1719626e-05 	0.04326018
0.0044384384 	0.29896579 	1.4348757e-12 	-1.1573997e-05 	0.042980606
0.0044504505 	0.29896579 	1.4288338e-12 	-1.1428367e-05 	0.042701031
0.0044624625 	0.29896579 	1.422792e-12 	-1.1282738e-05 	0.042421456
0.0044744745 	0.29896579 	1.4167501e-12 	-1.1137109e-05 	0.042141882
0.0044864865 	0.29896579 	1.4107082e-12 	-1.0991479e-05 	0.041862307
0.0044984985 	0.29896579 	1.4046664e-12 	-1.084585e-05 	0.041582732
0.0045105105 	0.29896579 	1.3986245e-12 	-1.0700221e-05 	0.041303158
0.0045225225 	0.29896579 	1.3925826e-12 	-1.0554591e-05 	0.041023583
0.0045345345 	0.29896579 	1.3865408e-12 	-1.0408962e-05 	0.040744008
0.0045465465 	0.29896579 	1.3804989e-12 	-1.0263332e-05 	0.040464434
0.0045585586 	0.29896579 	1.374457e-12 	-1.0117703e-05 	0.040184859
0.0045705706 	0.29896578 	1.3684152e-12 	-9.9720736e-06 	0.039905284
0.0045825826 	0.29896578 	1.3623733e-12 	-9.8264442e-06 	0.03962571
0.0045945946 	0.29896578 	1.3563314e-12 	-9.6808148e-06 	0.039346135
0.0046066066 	0.29896578 	1.3502896e-12 	-9.5351854e-06 	0.03906656
0.0046186186 	0.29896578 	1.3442477e-12 	-9.389556e-06 	0.038786986
0.0046306306 	0.29896578 	1.3393284e-12 	-9.2546796e-06 	0.038497738
0.0046426426 	0.29896578 	1.3358045e-12 	-9.1331711e-06 	0.038196464
0.0046546547 	0.29896578 	1.3322807e-12 	-9.0116626e-06 	0.037895191
0.0046666667 	0.29896578 	1.3287569e-12 	-8.890154e-06 	0.037593918
0.0046786787 	0.29896578 	1.325233e-12 	-8.7686455e-06 	0.037292645
0.0046906907 	0.29896578 	1.3217092e-12 	-8.6471369e-06 	0.036991371
0.0047027027 	0.29896578 	1.3181854e-12 	-8.5256284e-06 	0.036690098
0.0047147147 	0.29896578 	1.3146615e-12 	-8.4041198e-06 	0.036388825
0.0047267267 	0.29896578 	1.3111377e-12 	-8.2826113e-06 	0.036087551
0.0047387387 	0.29896578 	1.3050537e-12 	-8.1528911e-06 	0.035786247
0.0047507508 	0.29896578 	1.2978586e-12 	-8.0196073e-06 	0.035484928
0.0047627628 	0.29896578 	1.2906634e-12 	-7.8863235e-06 	0.03518361
0.0047747748 	0.29896578 	1.2834683e-12 	-7.7530396e-06 	0.034882291
0.0047867868 	0.29896578 	1.2762732e-12 	-7.6197558e-06 	0.034580973
0.0047987988 	0.29896578 	1.2690781e-12 	-7.4864719e-06 	0.034279654
0.0048108108 	0.29896578 	1.2618829e-12 	-7.3531881e-06 	0.033978336
0.0048228228 	0.29896578 	1.2546878e-12 	-7.2199043e-06 	0.033677018
0.0048348348 	0.29896578 	1.2474927e-12 	-7.0866204e-06 	0.033375699
0.0048468468 	0.29896578 	1.2402976e-12 	-6.9533366e-06 	0.033074381
0.0048588589 	0.29896578 	1.2331025e-12 	-6.8200527e-06 	0.032773062
0.0048708709 	0.29896578 	1.2259073e-12 	-6.6867689e-06 	0.032471744
0.0048828829 	0.29896578 	1.2187122e-12 	-6.5534851e-06 	0.032170425
0.0048948949 	0.29896578 	1.2115171e-12 	-6.4202012e-06 	0.031869107
0.0049069069 	0.29896578 	1.204322e-12 	-6.2869174e-06 	0.031567789
0.0049189189 	0.29896578 	1.1971269e-12 	-6.1536335e-06 	0.03126647
0.0049309309 	0.29896578 	1.1899317e-12 	-6.0203497e-06 	0.030965152
0.0049429429 	0.29896578 	1.1855228e-12 	-5.914399e-06 	0.030646739
0.004954955 	0.29896578 	1.1814136e-12 	-5.8113874e-06 	0.030326488
0.004966967 	0.29896578 	1.1773043e-12 	-5.7083758e-06 	0.030006238
0.004978979 	0.29896578 	1.173195e-12 	-5.6053642e-06 	0.029685987
0.004990991 	0.29896578 	1.1690857e-12 	-5.5023525e-06 	0.029365736
0.005003003 	0.29896578 	1.1649764e-12 	-5.3993409e-06 	0.029045486
0.005015015 	0.29896578 	1.1608671e-12 	-5.2963293e-06 	0.028725235
0.005027027 	0.29896578 	1.1563566e-12 	-5.1913627e-06 	0.028404962
0.005039039 	0.29896578 	1.1501394e-12 	-5.0780815e-06 	0.028084595
0.0050510511 	0.29896578 	1.1439223e-12 	-4.9648002e-06 	0.027764227
0.0050630631 	0.29896578 	1.1377052e-12 	-4.8515189e-06 	0.02744386
0.0050750751 	0.29896578 	1.131488e-12 	-4.7382377e-06 	0.027123492
0.0050870871 	0.29896577 	1.1252709e-12 	-4.6249564e-06 	0.026803124
0.0050990991 	0.29896577 	1.1190538e-12 	-4.5116752e-06 	0.026482757
0.0051111111 	0.29896577 	1.1128366e-12 	-4.3983939e-06 	0.026162389
0.0051231231 	0.29896577 	1.1066195e-12 	-4.2851126e-06 	0.025842022
0.0051351351 	0.29896577 	1.1004024e-12 	-4.1718314e-06 	0.025521654
0.0051471471 	0.29896577 	1.0941853e-12 	-4.0585501e-06 	0.025201287
0.0051591592 	0.29896577 	1.0879681e-12 	-3.9452688e-06 	0.024880919
0.0051711712 	0.29896577 	1.081751e-12 	-3.8319876e-06 	0.024560552
0.0051831832 	0.29896577 	1.0755339e-12 	-3.7187063e-06 	0.024240184
0.0051951952 	0.29896577 	1.0693167e-12 	-3.6054251e-06 	0.023919816
0.0052072072 	0.29896577 	1.0621481e-12 	-3.5045701e-06 	0.023593094
0.0052192192 	0.29896577 	1.0534566e-12 	-3.4236048e-06 	0.023256201
0.0052312312 	0.29896577 	1.044765e-12 	-3.3426394e-06 	0.022919308
0.0052432432 	0.29896577 	1.0360734e-12 	-3.2616741e-06 	0.022582415
0.0052552553 	0.29896577 	1.0273819e-12 	-3.1807087e-06 	0.022245521
0.0052672673 	0.29896577 	1.0186903e-12 	-3.0997434e-06 	0.021908628
0.0052792793 	0.29896577 	1.0099988e-12 	-3.018778e-06 	0.021571735
0.0052912913 	0.29896577 	1.0015281e-12 	-2.9330062e-06 	0.021234739
0.0053033033 	0.29896577 	9.9321394e-13 	-2.8438278e-06 	0.020897671
0.0053153153 	0.29896577 	9.848998e-13 	-2.7546493e-06 	0.020560603
0.0053273273 	0.29896577 	9.7658565e-13 	-2.6654708e-06 	0.020223535
0.0053393393 	0.29896577 	9.6827151e-13 	-2.5762924e-06 	0.019886467
0.0053513514 	0.29896577 	9.5995736e-13 	-2.4871139e-06 	0.019549399
0.0053633634 	0.29896577 	9.5164322e-13 	-2.3979354e-06 	0.01921233
0.0053753754 	0.29896577 	9.4332907e-13 	-2.3087569e-06 	0.018875262
0.0053873874 	0.29896577 	9.3501493e-13 	-2.2195785e-06 	0.018538194
0.0053993994 	0.29896577 	9.2670078e-13 	-2.1304e-06 	0.018201126
0.0054114114 	0.29896577 	9.1838664e-13 	-2.0412215e-06 	0.017864058
0.0054234234 	0.29896577 	9.1007249e-13 	-1.952043e-06 	0.01752699
0.0054354354 	0.29896577 	9.0175835e-13 	-1.8628646e-06 	0.017189922
0.0054474474 	0.29896577 	8.915885e-13 	-1.7906891e-06 	0.016845166
0.0054594595 	0.29896577 	8.7978957e-13 	-1.7334402e-06 	0.016493661
0.0054714715 	0.29896576 	8.6799064e-13 	-1.6761914e-06 	0.016142156
0.0054834835 	0.29896576 	8.5619171e-13 	-1.6189425e-06 	0.015790651
0.0054954955 	0.29896576 	8.4439279e-13 	-1.5616937e-06 	0.015439146
0.0055075075 	0.29896576 	8.3259386e-13 	-1.5044448e-06 	0.015087642
0.0055195195 	0.29896576 	8.1957126e-13 	-1.4440362e-06 	0.014736017
0.0055315315 	0.29896576 	8.0549913e-13 	-1.3809176e-06 	0.014384291
0.0055435435 	0.29896576 	7.91427e-13 	-1.317799e-06 	0.014032564
0.0055555556 	0.29896576 	7.7735486e-13 	-1.2546804e-06 	0.013680838
0.0055675676 	0.29896576 	7.6328273e-13 	-1.1915618e-06 	0.013329111
0.0055795796 	0.29896576 	7.492106e-13 	-1.1284431e-06 	0.012977385
0.0055915916 	0.29896576 	7.3513847e-13 	-1.0653245e-06 	0.012625658
0.0056036036 	0.29896576 	7.2106633e-13 	-1.0022059e-06 	0.012273932
0.0056156156 	0.29896576 	7.069942e-13 	-9.3908729e-07 	0.011922205
0.0056276276 	0.29896576 	6.9292207e-13 	-8.7596867e-07 	0.011570478
0.0056396396 	0.29896576 	6.7884994e-13 	-8.1285005e-07 	0.011218752
0.0056516517 	0.29896576 	6.6486995e-13 	-7.5064505e-07 	0.010866632
0.0056636637 	0.29896576 	6.5375532e-13 	-7.1684958e-07 	0.010502284
0.0056756757 	0.29896576 	6.4264068e-13 	-6.8305412e-07 	0.010137936
0.0056876877 	0.29896576 	6.3152605e-13 	-6.4925865e-07 	0.0097735873
0.0056996997 	0.29896576 	6.2041141e-13 	-6.1546319e-07 	0.0094092391
0.0057117117 	0.29896576 	6.0929678e-13 	-5.8166772e-07 	0.0090448908
0.0057237237 	0.29896575 	5.9439206e-13 	-5.4526838e-07 	0.0086803484
0.0057357357 	0.29896575 	5.7820169e-13 	-5.0798578e-07 	0.0083157401
0.0057477477 	0.29896575 	5.6201133e-13 	-4.7070318e-07 	0.0079511318
0.0057597598 	0.29896575 	5.4582096e-13 	-4.3342057e-07 	0.0075865235
0.0057717718 	0.29896575 	5.296306e-13 	-3.9613797e-07 	0.0072219152
0.0057837838 	0.29896575 	5.1344024e-13 	-3.5885537e-07 	0.0068573069
0.0057957958 	0.29896575 	4.9724987e-13 	-3.2157277e-07 	0.0064926986
0.0058078078 	0.29896575 	4.8105951e-13 	-2.8429016e-07 	0.0061280903
0.0058198198 	0.29896575 	4.6486915e-13 	-2.4700756e-07 	0.0057634819
0.0058318318 	0.29896575 	4.4867878e-13 	-2.0972496e-07 	0.0053988736
0.0058438438 	0.29896575 	4.309746e-13 	-1.8681223e-07 	0.0050213542
0.0058558559 	0.29896575 	4.1227007e-13 	-1.7339543e-07 	0.0046353029
0.0058678679 	0.29896575 	3.9356553e-13 	-1.5997863e-07 	0.0042492515
0.0058798799 	0.29896575 	3.7486099e-13 	-1.4656183e-07 	0.0038632002
0.0058918919 	0.29896575 	3.5615645e-13 	-1.3314502e-07 	0.0034771489
0.0059039039 	0.29896575 	3.1764029e-13 	-1.1842087e-07 	0.0030908141
0.0059159159 	0.29896575 	2.7793525e-13 	-1.0361826e-07 	0.0027044623
0.0059279279 	0.29896575 	2.3823022e-13 	-8.8815652e-08 	0.0023181106
0.0059399399 	0.29896575 	1.9852518e-13 	-7.4013043e-08 	0.0019317588
0.005951952 	0.29896575 	1.5882014e-13 	-5.9210434e-08 	0.0015454071
0.005963964 	0.29896575 	1.1911511e-13 	-4.4407826e-08 	0.0011590553
0.005975976 	0.29896575 	7.9410072e-14 	-2.9605217e-08 	0.00077270353
0.005987988 	0.29896575 	3.9705036e-14 	-1.4802609e-08 	0.00038635176
0.006 	0.29896575 	2.8670159e-25 	-1.0688648e-19 	2.7897636e-15
