-0.006 	-0.02030511 	0 	0 	0
-0.005987988 	-0.020305069 	-8.6291237e-11 	2.3738563e-06 	-0.000225684
-0.005975976 	-0.020305028 	-1.7258247e-10 	4.7477125e-06 	-0.000451368
-0.005963964 	-0.020304987 	-2.5887371e-10 	7.1215688e-06 	-0.000677052
-0.005951952 	-0.020304946 	-3.4516495e-10 	9.495425e-06 	-0.000902736
-0.0059399399 	-0.020304905 	-4.2002034e-10 	1.1812631e-05 	-0.001140495
-0.0059279279 	-0.020304867 	-4.6931415e-10 	1.4003213e-05 	-0.0014052444
-0.0059159159 	-0.020304829 	-5.1860795e-10 	1.6193794e-05 	-0.0016699938
-0.0059039039 	-0.020304791 	-5.6790176e-10 	1.8384376e-05 	-0.0019347431
-0.0058918919 	-0.020304752 	-6.1719556e-10 	2.0574957e-05 	-0.0021994925
-0.0058798799 	-0.020304714 	-6.6648937e-10 	2.2765538e-05 	-0.0024642418
-0.0058678679 	-0.020304676 	-7.1578317e-10 	2.495612e-05 	-0.0027289912
-0.0058558559 	-0.020304638 	-7.6507698e-10 	2.7146701e-05 	-0.0029937406
-0.0058438438 	-0.020304569 	-8.3402849e-10 	3.229298e-05 	-0.003212257
-0.0058318318 	-0.020304491 	-9.0861619e-10 	3.8286707e-05 	-0.0034175177
-0.0058198198 	-0.020304414 	-9.832039e-10 	4.4280435e-05 	-0.0036227784
-0.0058078078 	-0.020304336 	-1.0577916e-09 	5.0274163e-05 	-0.0038280392
-0.0057957958 	-0.020304259 	-1.1323793e-09 	5.626789e-05 	-0.0040332999
-0.0057837838 	-0.020304184 	-1.1921307e-09 	6.2042548e-05 	-0.0042540721
-0.0057717718 	-0.020304113 	-1.2341986e-09 	6.7556093e-05 	-0.0044933326
-0.0057597598 	-0.020304042 	-1.2762666e-09 	7.3069639e-05 	-0.0047325932
-0.0057477477 	-0.02030397 	-1.3183345e-09 	7.8583184e-05 	-0.0049718537
-0.0057357357 	-0.020303899 	-1.3604024e-09 	8.409673e-05 	-0.0052111143
-0.0057237237 	-0.020303828 	-1.4024703e-09 	8.9610275e-05 	-0.0054503748
-0.0057117117 	-0.020303757 	-1.4445382e-09 	9.5123821e-05 	-0.0056896354
-0.0056996997 	-0.020303685 	-1.4866061e-09 	0.00010063737 	-0.0059288959
-0.0056876877 	-0.020303614 	-1.528674e-09 	0.00010615091 	-0.0061681565
-0.0056756757 	-0.020303545 	-1.5911103e-09 	0.00011592188 	-0.0063606517
-0.0056636637 	-0.020303475 	-1.6554956e-09 	0.00012610025 	-0.0065486719
-0.0056516517 	-0.020303406 	-1.719881e-09 	0.00013627863 	-0.006736692
-0.0056396396 	-0.020303337 	-1.7842664e-09 	0.000146457 	-0.0069247121
-0.0056276276 	-0.020303267 	-1.8486517e-09 	0.00015663538 	-0.0071127322
-0.0056156156 	-0.020303198 	-1.9130371e-09 	0.00016681375 	-0.0073007524
-0.0056036036 	-0.020303134 	-1.9523934e-09 	0.00017624147 	-0.0075145072
-0.0055915916 	-0.020303071 	-1.9882408e-09 	0.00018556395 	-0.0077318699
-0.0055795796 	-0.020303007 	-2.0240881e-09 	0.00019488644 	-0.0079492325
-0.0055675676 	-0.020302944 	-2.0599355e-09 	0.00020420892 	-0.0081665952
-0.0055555556 	-0.020302881 	-2.0957829e-09 	0.0002135314 	-0.0083839579
-0.0055435435 	-0.020302818 	-2.1316303e-09 	0.00022285389 	-0.0086013205
-0.0055315315 	-0.020302755 	-2.1674777e-09 	0.00023217637 	-0.0088186832
-0.0055195195 	-0.020302691 	-2.2033251e-09 	0.00024149885 	-0.0090360458
-0.0055075075 	-0.020302628 	-2.2391725e-09 	0.00025082133 	-0.0092534085
-0.0054954955 	-0.020302568 	-2.2786255e-09 	0.0002610962 	-0.0094612684
-0.0054834835 	-0.020302519 	-2.3338602e-09 	0.00027553958 	-0.0096275356
-0.0054714715 	-0.02030247 	-2.3890948e-09 	0.00028998295 	-0.0097938028
-0.0054594595 	-0.020302421 	-2.4443295e-09 	0.00030442632 	-0.0099600699
-0.0054474474 	-0.020302373 	-2.4995641e-09 	0.0003188697 	-0.010126337
-0.0054354354 	-0.020302324 	-2.5547987e-09 	0.00033331307 	-0.010292604
-0.0054234234 	-0.020302275 	-2.6100334e-09 	0.00034775645 	-0.010458871
-0.0054114114 	-0.020302228 	-2.6569666e-09 	0.00036176338 	-0.010633224
-0.0053993994 	-0.020302184 	-2.687764e-09 	0.00037492199 	-0.010823291
-0.0053873874 	-0.02030214 	-2.7185614e-09 	0.0003880806 	-0.011013359
-0.0053753754 	-0.020302097 	-2.7493587e-09 	0.00040123921 	-0.011203426
-0.0053633634 	-0.020302053 	-2.7801561e-09 	0.00041439781 	-0.011393493
-0.0053513514 	-0.020302009 	-2.8109535e-09 	0.00042755642 	-0.011583561
-0.0053393393 	-0.020301966 	-2.8417509e-09 	0.00044071503 	-0.011773628
-0.0053273273 	-0.020301922 	-2.8725482e-09 	0.00045387364 	-0.011963696
-0.0053153153 	-0.020301878 	-2.9033456e-09 	0.00046703225 	-0.012153763
-0.0053033033 	-0.020301835 	-2.934143e-09 	0.00048019085 	-0.012343831
-0.0052912913 	-0.020301791 	-2.9649403e-09 	0.00049334946 	-0.012533898
-0.0052792793 	-0.020301755 	-3.0020765e-09 	0.00050835088 	-0.012705889
-0.0052672673 	-0.020301735 	-3.0511409e-09 	0.00052682009 	-0.012843865
-0.0052552553 	-0.020301714 	-3.1002054e-09 	0.0005452893 	-0.01298184
-0.0052432432 	-0.020301694 	-3.1492699e-09 	0.00056375851 	-0.013119816
-0.0052312312 	-0.020301674 	-3.1983343e-09 	0.00058222772 	-0.013257792
-0.0052192192 	-0.020301653 	-3.2473988e-09 	0.00060069694 	-0.013395767
-0.0052072072 	-0.020301633 	-3.2964632e-09 	0.00061916615 	-0.013533743
-0.0051951952 	-0.020301612 	-3.3455277e-09 	0.00063763536 	-0.013671718
-0.0051831832 	-0.020301594 	-3.3826121e-09 	0.00065508437 	-0.013819653
-0.0051711712 	-0.020301576 	-3.4110635e-09 	0.0006717982 	-0.013974765
-0.0051591592 	-0.020301559 	-3.4395149e-09 	0.00068851203 	-0.014129876
-0.0051471471 	-0.020301541 	-3.4679663e-09 	0.00070522586 	-0.014284988
-0.0051351351 	-0.020301524 	-3.4964177e-09 	0.00072193969 	-0.0144401
-0.0051231231 	-0.020301506 	-3.5248691e-09 	0.00073865353 	-0.014595211
-0.0051111111 	-0.020301489 	-3.5533205e-09 	0.00075536736 	-0.014750323
-0.0050990991 	-0.020301471 	-3.5817719e-09 	0.00077208119 	-0.014905435
-0.0050870871 	-0.020301454 	-3.6102233e-09 	0.00078879502 	-0.015060546
-0.0050750751 	-0.020301436 	-3.6386747e-09 	0.00080550885 	-0.015215658
-0.0050630631 	-0.020301419 	-3.6671261e-09 	0.00082222268 	-0.015370769
-0.0050510511 	-0.020301401 	-3.6955775e-09 	0.00083893652 	-0.015525881
-0.005039039 	-0.020301388 	-3.7262768e-09 	0.00085623653 	-0.015674854
-0.005027027 	-0.020301407 	-3.7747926e-09 	0.0008781826 	-0.015775172
-0.005015015 	-0.020301427 	-3.8233084e-09 	0.00090012868 	-0.01587549
-0.005003003 	-0.020301446 	-3.8718242e-09 	0.00092207476 	-0.015975808
-0.004990991 	-0.020301465 	-3.92034e-09 	0.00094402083 	-0.016076126
-0.004978979 	-0.020301485 	-3.9688559e-09 	0.00096596691 	-0.016176444
-0.004966967 	-0.020301504 	-4.0173717e-09 	0.00098791298 	-0.016276762
-0.004954955 	-0.020301523 	-4.0658875e-09 	0.0010098591 	-0.01637708
-0.0049429429 	-0.020301543 	-4.1144033e-09 	0.0010318051 	-0.016477398
-0.0049309309 	-0.020301562 	-4.1575986e-09 	0.0010530686 	-0.016580461
-0.0049189189 	-0.02030158 	-4.1885646e-09 	0.0010727629 	-0.016689831
-0.0049069069 	-0.020301598 	-4.2195306e-09 	0.0010924572 	-0.016799201
-0.0048948949 	-0.020301617 	-4.2504966e-09 	0.0011121515 	-0.016908572
-0.0048828829 	-0.020301635 	-4.2814626e-09 	0.0011318458 	-0.017017942
-0.0048708709 	-0.020301653 	-4.3124286e-09 	0.0011515401 	-0.017127313
-0.0048588589 	-0.020301671 	-4.3433946e-09 	0.0011712344 	-0.017236683
-0.0048468468 	-0.02030169 	-4.3743606e-09 	0.0011909288 	-0.017346054
-0.0048348348 	-0.020301708 	-4.4053266e-09 	0.0012106231 	-0.017455424
-0.0048228228 	-0.020301726 	-4.4362926e-09 	0.0012303174 	-0.017564795
-0.0048108108 	-0.020301745 	-4.4672586e-09 	0.0012500117 	-0.017674165
-0.0047987988 	-0.020301763 	-4.4982246e-09 	0.001269706 	-0.017783535
-0.0047867868 	-0.020301781 	-4.5291906e-09 	0.0012894003 	-0.017892906
-0.0047747748 	-0.0203018 	-4.5601566e-09 	0.0013090947 	-0.018002276
-0.0047627628 	-0.020301827 	-4.595218e-09 	0.001329524 	-0.018102054
-0.0047507508 	-0.0203019 	-4.6519007e-09 	0.0013538336 	-0.018151184
-0.0047387387 	-0.020301973 	-4.7085833e-09 	0.0013781433 	-0.018200315
-0.0047267267 	-0.020302046 	-4.765266e-09 	0.0014024529 	-0.018249446
-0.0047147147 	-0.020302119 	-4.8219487e-09 	0.0014267625 	-0.018298576
-0.0047027027 	-0.020302192 	-4.8786314e-09 	0.0014510722 	-0.018347707
-0.0046906907 	-0.020302265 	-4.935314e-09 	0.0014753818 	-0.018396838
-0.0046786787 	-0.020302338 	-4.9919967e-09 	0.0014996915 	-0.018445969
-0.0046666667 	-0.020302412 	-5.0486794e-09 	0.0015240011 	-0.018495099
-0.0046546547 	-0.020302485 	-5.1053621e-09 	0.0015483108 	-0.01854423
-0.0046426426 	-0.020302556 	-5.1594398e-09 	0.0015721641 	-0.018593221
-0.0046306306 	-0.020302622 	-5.2005467e-09 	0.0015937455 	-0.018641517
-0.0046186186 	-0.020302687 	-5.2416537e-09 	0.001615327 	-0.018689813
-0.0046066066 	-0.020302753 	-5.2827606e-09 	0.0016369084 	-0.018738109
-0.0045945946 	-0.020302818 	-5.3238675e-09 	0.0016584898 	-0.018786405
-0.0045825826 	-0.020302884 	-5.3649745e-09 	0.0016800712 	-0.018834701
-0.0045705706 	-0.020302949 	-5.4060814e-09 	0.0017016526 	-0.018882997
-0.0045585586 	-0.020303015 	-5.4471883e-09 	0.001723234 	-0.018931293
-0.0045465465 	-0.02030308 	-5.4882952e-09 	0.0017448154 	-0.018979589
-0.0045345345 	-0.020303145 	-5.5294022e-09 	0.0017663968 	-0.019027885
-0.0045225225 	-0.020303211 	-5.5705091e-09 	0.0017879782 	-0.019076181
-0.0045105105 	-0.020303276 	-5.611616e-09 	0.0018095597 	-0.019124477
-0.0044984985 	-0.020303342 	-5.652723e-09 	0.0018311411 	-0.019172774
-0.0044864865 	-0.020303407 	-5.6938299e-09 	0.0018527225 	-0.01922107
-0.0044744745 	-0.020303473 	-5.7349368e-09 	0.0018743039 	-0.019269366
-0.0044624625 	-0.020303538 	-5.7760438e-09 	0.0018958853 	-0.019317662
-0.0044504505 	-0.020303612 	-5.8216845e-09 	0.0019178441 	-0.019357176
-0.0044384384 	-0.02030375 	-5.8994666e-09 	0.0019424785 	-0.019334431
-0.0044264264 	-0.020303887 	-5.9772488e-09 	0.0019671128 	-0.019311687
-0.0044144144 	-0.020304025 	-6.0550309e-09 	0.0019917472 	-0.019288942
-0.0044024024 	-0.020304162 	-6.132813e-09 	0.0020163816 	-0.019266198
-0.0043903904 	-0.020304299 	-6.2105951e-09 	0.0020410159 	-0.019243454
-0.0043783784 	-0.020304437 	-6.2883773e-09 	0.0020656503 	-0.019220709
-0.0043663664 	-0.020304574 	-6.3661594e-09 	0.0020902846 	-0.019197965
-0.0043543544 	-0.020304711 	-6.4439415e-09 	0.002114919 	-0.01917522
-0.0043423423 	-0.020304849 	-6.5217237e-09 	0.0021395534 	-0.019152476
-0.0043303303 	-0.020304986 	-6.5995058e-09 	0.0021641877 	-0.019129732
-0.0043183183 	-0.020305124 	-6.6772879e-09 	0.0021888221 	-0.019106987
-0.0043063063 	-0.020305247 	-6.7432634e-09 	0.0022110173 	-0.019073941
-0.0042942943 	-0.020305367 	-6.8060922e-09 	0.0022325624 	-0.019038149
-0.0042822823 	-0.020305487 	-6.868921e-09 	0.0022541076 	-0.019002356
-0.0042702703 	-0.020305607 	-6.9317498e-09 	0.0022756527 	-0.018966564
-0.0042582583 	-0.020305727 	-6.9945786e-09 	0.0022971979 	-0.018930772
-0.0042462462 	-0.020305847 	-7.0574074e-09 	0.002318743 	-0.01889498
-0.0042342342 	-0.020305967 	-7.1202361e-09 	0.0023402881 	-0.018859188
-0.0042222222 	-0.020306087 	-7.1830649e-09 	0.0023618333 	-0.018823395
-0.0042102102 	-0.020306207 	-7.2458937e-09 	0.0023833784 	-0.018787603
-0.0041981982 	-0.020306327 	-7.3087225e-09 	0.0024049236 	-0.018751811
-0.0041861862 	-0.020306447 	-7.3715513e-09 	0.0024264687 	-0.018716019
-0.0041741742 	-0.020306568 	-7.4343801e-09 	0.0024480139 	-0.018680227
-0.0041621622 	-0.020306688 	-7.4972088e-09 	0.002469559 	-0.018644435
-0.0041501502 	-0.020306808 	-7.5600376e-09 	0.0024911041 	-0.018608642
-0.0041381381 	-0.020306928 	-7.6228664e-09 	0.0025126493 	-0.01857285
-0.0041261261 	-0.020307048 	-7.6856952e-09 	0.0025341944 	-0.018537058
-0.0041141141 	-0.020307168 	-7.748524e-09 	0.0025557396 	-0.018501266
-0.0041021021 	-0.020307288 	-7.8113528e-09 	0.0025772847 	-0.018465474
-0.0040900901 	-0.020307452 	-7.9066883e-09 	0.0025988183 	-0.018373267
-0.0040780781 	-0.020307647 	-8.0245126e-09 	0.0026203439 	-0.018242031
-0.0040660661 	-0.020307842 	-8.1423368e-09 	0.0026418695 	-0.018110796
-0.0040540541 	-0.020308037 	-8.2601611e-09 	0.0026633951 	-0.01797956
-0.004042042 	-0.020308231 	-8.3779854e-09 	0.0026849207 	-0.017848325
-0.00403003 	-0.020308426 	-8.4958096e-09 	0.0027064463 	-0.017717089
-0.004018018 	-0.020308621 	-8.6136339e-09 	0.0027279719 	-0.017585853
-0.004006006 	-0.020308816 	-8.7314581e-09 	0.0027494975 	-0.017454618
-0.003993994 	-0.020309011 	-8.8492824e-09 	0.0027710231 	-0.017323382
-0.003981982 	-0.020309206 	-8.9671066e-09 	0.0027925486 	-0.017192147
-0.00396997 	-0.020309401 	-9.0849309e-09 	0.0028140742 	-0.017060911
-0.003957958 	-0.020309596 	-9.2027552e-09 	0.0028355998 	-0.016929676
-0.0039459459 	-0.020309791 	-9.3205794e-09 	0.0028571254 	-0.01679844
-0.0039339339 	-0.020309965 	-9.4268065e-09 	0.0028763349 	-0.016646443
-0.0039219219 	-0.020310131 	-9.5288461e-09 	0.0028947081 	-0.01648695
-0.0039099099 	-0.020310298 	-9.6308858e-09 	0.0029130813 	-0.016327456
-0.0038978979 	-0.020310465 	-9.7329255e-09 	0.0029314544 	-0.016167963
-0.0038858859 	-0.020310631 	-9.8349651e-09 	0.0029498276 	-0.016008469
-0.0038738739 	-0.020310798 	-9.9370048e-09 	0.0029682008 	-0.015848976
-0.0038618619 	-0.020310965 	-1.0039044e-08 	0.002986574 	-0.015689483
-0.0038498498 	-0.020311131 	-1.0141084e-08 	0.0030049472 	-0.015529989
-0.0038378378 	-0.020311298 	-1.0243124e-08 	0.0030233204 	-0.015370496
-0.0038258258 	-0.020311465 	-1.0345163e-08 	0.0030416935 	-0.015211002
-0.0038138138 	-0.020311631 	-1.0447203e-08 	0.0030600667 	-0.015051509
-0.0038018018 	-0.020311798 	-1.0549243e-08 	0.0030784399 	-0.014892016
-0.0037897898 	-0.020311964 	-1.0651282e-08 	0.0030968131 	-0.014732522
-0.0037777778 	-0.020312131 	-1.0753322e-08 	0.0031151863 	-0.014573029
-0.0037657658 	-0.020312298 	-1.0855362e-08 	0.0031335595 	-0.014413535
-0.0037537538 	-0.020312464 	-1.0957401e-08 	0.0031519326 	-0.014254042
-0.0037417417 	-0.020312631 	-1.1059441e-08 	0.0031703058 	-0.014094549
-0.0037297297 	-0.020312798 	-1.1161481e-08 	0.003188679 	-0.013935055
-0.0037177177 	-0.020312964 	-1.126352e-08 	0.0032070522 	-0.013775562
-0.0037057057 	-0.020313131 	-1.136556e-08 	0.0032254254 	-0.013616069
-0.0036936937 	-0.020313302 	-1.1474682e-08 	0.0032433032 	-0.01344154
-0.0036816817 	-0.020313517 	-1.1653741e-08 	0.0032562894 	-0.013118532
-0.0036696697 	-0.020313732 	-1.1832801e-08 	0.0032692755 	-0.012795524
-0.0036576577 	-0.020313947 	-1.2011861e-08 	0.0032822617 	-0.012472516
-0.0036456456 	-0.020314162 	-1.219092e-08 	0.0032952479 	-0.012149508
-0.0036336336 	-0.020314377 	-1.236998e-08 	0.003308234 	-0.0118265
-0.0036216216 	-0.020314592 	-1.2549039e-08 	0.0033212202 	-0.011503492
-0.0036096096 	-0.020314807 	-1.2728099e-08 	0.0033342063 	-0.011180484
-0.0035975976 	-0.020315022 	-1.2907158e-08 	0.0033471925 	-0.010857476
-0.0035855856 	-0.020315237 	-1.3086218e-08 	0.0033601787 	-0.010534468
-0.0035735736 	-0.020315452 	-1.3265277e-08 	0.0033731648 	-0.01021146
-0.0035615616 	-0.020315667 	-1.3444337e-08 	0.003386151 	-0.0098884519
-0.0035495495 	-0.020315882 	-1.3623397e-08 	0.0033991371 	-0.0095654439
-0.0035375375 	-0.020316097 	-1.3802456e-08 	0.0034121233 	-0.0092424359
-0.0035255255 	-0.020316312 	-1.3981516e-08 	0.0034251095 	-0.0089194279
-0.0035135135 	-0.020316511 	-1.4151943e-08 	0.0034367078 	-0.0085728476
-0.0035015015 	-0.020316692 	-1.4314036e-08 	0.0034469664 	-0.0082035119
-0.0034894895 	-0.020316874 	-1.4476129e-08 	0.0034572249 	-0.0078341763
-0.0034774775 	-0.020317055 	-1.4638222e-08 	0.0034674835 	-0.0074648406
-0.0034654655 	-0.020317237 	-1.4800316e-08 	0.0034777421 	-0.0070955049
-0.0034534535 	-0.020317419 	-1.4962409e-08 	0.0034880007 	-0.0067261693
-0.0034414414 	-0.0203176 	-1.5124502e-08 	0.0034982593 	-0.0063568336
-0.0034294294 	-0.020317782 	-1.5286596e-08 	0.0035085179 	-0.0059874979
-0.0034174174 	-0.020317964 	-1.5448689e-08 	0.0035187764 	-0.0056181623
-0.0034054054 	-0.020318145 	-1.5610782e-08 	0.003529035 	-0.0052488266
-0.0033933934 	-0.020318327 	-1.5772875e-08 	0.0035392936 	-0.004879491
-0.0033813814 	-0.020318509 	-1.5934969e-08 	0.0035495522 	-0.0045101553
-0.0033693694 	-0.02031869 	-1.6097062e-08 	0.0035598108 	-0.0041408196
-0.0033573574 	-0.020318872 	-1.6259155e-08 	0.0035700693 	-0.003771484
-0.0033453453 	-0.020319054 	-1.6421249e-08 	0.0035803279 	-0.0034021483
-0.0033333333 	-0.020319235 	-1.6583342e-08 	0.0035905865 	-0.0030328126
-0.0033213213 	-0.020319417 	-1.6745435e-08 	0.0036008451 	-0.002663477
-0.0033093093 	-0.020319599 	-1.6907528e-08 	0.0036111037 	-0.0022941413
-0.0032972973 	-0.02031978 	-1.7069622e-08 	0.0036213622 	-0.0019248056
-0.0032852853 	-0.020319962 	-1.7231715e-08 	0.0036316208 	-0.00155547
-0.0032732733 	-0.020320144 	-1.7393808e-08 	0.0036418794 	-0.0011861343
-0.0032612613 	-0.020320325 	-1.7555902e-08 	0.003652138 	-0.00081679863
-0.0032492492 	-0.020320507 	-1.7717995e-08 	0.0036623966 	-0.00044746296
-0.0032372372 	-0.020320692 	-1.7884722e-08 	0.0036703201 	-4.119906e-05
-0.0032252252 	-0.020320913 	-1.8096395e-08 	0.0036555962 	0.0007232249
-0.0032132132 	-0.020321133 	-1.8308068e-08 	0.0036408723 	0.0014876489
-0.0032012012 	-0.020321353 	-1.8519741e-08 	0.0036261484 	0.0022520728
-0.0031891892 	-0.020321573 	-1.8731413e-08 	0.0036114245 	0.0030164968
-0.0031771772 	-0.020321794 	-1.8943086e-08 	0.0035967006 	0.0037809207
-0.0031651652 	-0.020322014 	-1.9154759e-08 	0.0035819767 	0.0045453447
-0.0031531532 	-0.020322234 	-1.9366432e-08 	0.0035672528 	0.0053097687
-0.0031411411 	-0.020322455 	-1.9578105e-08 	0.0035525289 	0.0060741926
-0.0031291291 	-0.020322675 	-1.9789777e-08 	0.003537805 	0.0068386166
-0.0031171171 	-0.020322895 	-2.000145e-08 	0.0035230811 	0.0076030405
-0.0031051051 	-0.020323116 	-2.0213123e-08 	0.0035083572 	0.0083674645
-0.0030930931 	-0.020323336 	-2.0424796e-08 	0.0034936333 	0.0091318885
-0.0030810811 	-0.020323556 	-2.0636468e-08 	0.0034789094 	0.0098963124
-0.0030690691 	-0.020323776 	-2.0848141e-08 	0.0034641855 	0.010660736
-0.0030570571 	-0.020323997 	-2.1059814e-08 	0.0034494616 	0.01142516
-0.003045045 	-0.020324217 	-2.1271487e-08 	0.0034347377 	0.012189584
-0.003033033 	-0.020324419 	-2.1481537e-08 	0.0034203225 	0.012985531
-0.003021021 	-0.020324606 	-2.1690269e-08 	0.0034061583 	0.013807099
-0.003009009 	-0.020324794 	-2.1899e-08 	0.003391994 	0.014628667
-0.002996997 	-0.020324981 	-2.2107732e-08 	0.0033778298 	0.015450235
-0.002984985 	-0.020325168 	-2.2316463e-08 	0.0033636656 	0.016271803
-0.002972973 	-0.020325355 	-2.2525195e-08 	0.0033495014 	0.017093371
-0.002960961 	-0.020325542 	-2.2733926e-08 	0.0033353371 	0.017914939
-0.0029489489 	-0.02032573 	-2.2942658e-08 	0.0033211729 	0.018736507
-0.0029369369 	-0.020325917 	-2.3151389e-08 	0.0033070087 	0.019558075
-0.0029249249 	-0.020326104 	-2.3360121e-08 	0.0032928444 	0.020379643
-0.0029129129 	-0.020326291 	-2.3568853e-08 	0.0032786802 	0.021201211
-0.0029009009 	-0.020326478 	-2.3777584e-08 	0.003264516 	0.022022779
-0.0028888889 	-0.020326666 	-2.3986316e-08 	0.0032503518 	0.022844347
-0.0028768769 	-0.020326853 	-2.4195047e-08 	0.0032361875 	0.023665915
-0.0028648649 	-0.02032704 	-2.4403779e-08 	0.0032220233 	0.024487483
-0.0028528529 	-0.020327227 	-2.461251e-08 	0.0032078591 	0.025309051
-0.0028408408 	-0.020327415 	-2.4821242e-08 	0.0031936948 	0.026130619
-0.0028288288 	-0.020327602 	-2.5029973e-08 	0.0031795306 	0.026952187
-0.0028168168 	-0.020327789 	-2.5238705e-08 	0.0031653664 	0.027773755
-0.0028048048 	-0.020327976 	-2.5447436e-08 	0.0031512022 	0.028595323
-0.0027927928 	-0.020328163 	-2.5656168e-08 	0.0031370379 	0.029416891
-0.0027807808 	-0.020328351 	-2.58649e-08 	0.0031228737 	0.030238459
-0.0027687688 	-0.020328538 	-2.6073631e-08 	0.0031087095 	0.031060027
-0.0027567568 	-0.020328725 	-2.6282363e-08 	0.0030945452 	0.031881595
-0.0027447447 	-0.020328912 	-2.6491094e-08 	0.003080381 	0.032703163
-0.0027327327 	-0.020329099 	-2.6699826e-08 	0.0030662168 	0.033524731
-0.0027207207 	-0.020329287 	-2.6908557e-08 	0.0030520526 	0.034346299
-0.0027087087 	-0.020329141 	-2.6953964e-08 	0.0030158727 	0.035710246
-0.0026966967 	-0.020328992 	-2.699794e-08 	0.0029794998 	0.037078945
-0.0026846847 	-0.020328843 	-2.7041916e-08 	0.002943127 	0.038447644
-0.0026726727 	-0.020328695 	-2.7085892e-08 	0.0029067542 	0.039816343
-0.0026606607 	-0.020328546 	-2.7129868e-08 	0.0028703814 	0.041185043
-0.0026486486 	-0.020328397 	-2.7173844e-08 	0.0028340086 	0.042553742
-0.0026366366 	-0.020328249 	-2.721782e-08 	0.0027976358 	0.043922441
-0.0026246246 	-0.0203281 	-2.7261796e-08 	0.002761263 	0.04529114
-0.0026126126 	-0.020327951 	-2.7305772e-08 	0.0027248902 	0.046659839
-0.0026006006 	-0.020327803 	-2.7349748e-08 	0.0026885174 	0.048028538
-0.0025885886 	-0.020327654 	-2.7393724e-08 	0.0026521445 	0.049397237
-0.0025765766 	-0.020327505 	-2.74377e-08 	0.0026157717 	0.050765937
-0.0025645646 	-0.020327357 	-2.7481676e-08 	0.0025793989 	0.052134636
-0.0025525526 	-0.020327208 	-2.7525652e-08 	0.0025430261 	0.053503335
-0.0025405405 	-0.020327059 	-2.7569628e-08 	0.0025066533 	0.054872034
-0.0025285285 	-0.020326911 	-2.7613604e-08 	0.0024702805 	0.056240733
-0.0025165165 	-0.020326762 	-2.765758e-08 	0.0024339077 	0.057609432
-0.0025045045 	-0.020326613 	-2.7701556e-08 	0.0023975349 	0.058978132
-0.0024924925 	-0.020326472 	-2.7753025e-08 	0.002362137 	0.060348231
-0.0024804805 	-0.020326355 	-2.7829907e-08 	0.0023300458 	0.06172308
-0.0024684685 	-0.020326239 	-2.790679e-08 	0.0022979546 	0.063097929
-0.0024564565 	-0.020326122 	-2.7983672e-08 	0.0022658634 	0.064472778
-0.0024444444 	-0.020326006 	-2.8060555e-08 	0.0022337723 	0.065847627
-0.0024324324 	-0.020325889 	-2.8137437e-08 	0.0022016811 	0.067222476
-0.0024204204 	-0.020325772 	-2.821432e-08 	0.0021695899 	0.068597326
-0.0024084084 	-0.020325656 	-2.8291202e-08 	0.0021374987 	0.069972175
-0.0023963964 	-0.020325539 	-2.8368085e-08 	0.0021054075 	0.071347024
-0.0023843844 	-0.020325423 	-2.8444967e-08 	0.0020733163 	0.072721873
-0.0023723724 	-0.020325306 	-2.852185e-08 	0.0020412251 	0.074096722
-0.0023603604 	-0.02032519 	-2.8598732e-08 	0.0020091339 	0.075471571
-0.0023483483 	-0.020325073 	-2.8675615e-08 	0.0019770428 	0.07684642
-0.0023363363 	-0.020324957 	-2.8752497e-08 	0.0019449516 	0.078221269
-0.0023243243 	-0.02032484 	-2.882938e-08 	0.0019128604 	0.079596118
-0.0023123123 	-0.020324723 	-2.8906262e-08 	0.0018807692 	0.080970967
-0.0023003003 	-0.020324607 	-2.8983145e-08 	0.001848678 	0.082345816
-0.0022882883 	-0.02032449 	-2.9060027e-08 	0.0018165868 	0.083720665
-0.0022762763 	-0.020324374 	-2.913691e-08 	0.0017844956 	0.085095514
-0.0022642643 	-0.020324257 	-2.9213792e-08 	0.0017524044 	0.086470363
-0.0022522523 	-0.020324141 	-2.9290674e-08 	0.0017203133 	0.087845213
-0.0022402402 	-0.020324024 	-2.9367557e-08 	0.0016882221 	0.089220062
-0.0022282282 	-0.020323908 	-2.9444439e-08 	0.0016561309 	0.090594911
-0.0022162162 	-0.020323791 	-2.9521322e-08 	0.0016240397 	0.09196976
-0.0022042042 	-0.020323674 	-2.9598204e-08 	0.0015919485 	0.093344609
-0.0021921922 	-0.020323558 	-2.9675087e-08 	0.0015598573 	0.094719458
-0.0021801802 	-0.020323441 	-2.9751969e-08 	0.0015277661 	0.096094307
-0.0021681682 	-0.020323325 	-2.9828852e-08 	0.0014956749 	0.097469156
-0.0021561562 	-0.020323208 	-2.9905734e-08 	0.0014635837 	0.098844005
-0.0021441441 	-0.020323092 	-2.9982617e-08 	0.0014314926 	0.10021885
-0.0021321321 	-0.0203227 	-2.998142e-08 	0.0013790469 	0.10250184
-0.0021201201 	-0.02031983 	-2.9277514e-08 	0.0011434114 	0.11295803
-0.0021081081 	-0.020317129 	-2.8677779e-08 	0.00091832794 	0.12329911
-0.0020960961 	-0.020314814 	-2.8315377e-08 	0.00071728534 	0.13337793
-0.0020840841 	-0.020312499 	-2.7952974e-08 	0.00051624274 	0.14345675
-0.0020720721 	-0.020310872 	-2.7600996e-08 	0.00036581708 	0.1510815
-0.0020600601 	-0.02031035 	-2.7265748e-08 	0.00029662891 	0.15476759
-0.002048048 	-0.020309866 	-2.6970797e-08 	0.00023080987 	0.15840029
-0.002036036 	-0.020309451 	-2.6751401e-08 	0.00017130776 	0.16193291
-0.002024024 	-0.020309037 	-2.6532006e-08 	0.00011180565 	0.16546553
-0.002012012 	-0.020308622 	-2.6306463e-08 	5.1992354e-05 	0.16901643
-0.002 	-0.020308189 	-2.5908035e-08 	-1.6572515e-05 	0.17308135
-0.001987988 	-0.020307756 	-2.5509607e-08 	-8.5137384e-05 	0.17714627
-0.001975976 	-0.020307386 	-2.51957e-08 	-0.00014691273 	0.18107104
-0.001963964 	-0.020307039 	-2.4913882e-08 	-0.00020611039 	0.18494261
-0.001951952 	-0.020306692 	-2.4632064e-08 	-0.00026530804 	0.18881417
-0.0019399399 	-0.020306345 	-2.4350246e-08 	-0.0003245057 	0.19268573
-0.0019279279 	-0.020305897 	-2.3905221e-08 	-0.00039059002 	0.19716095
-0.0019159159 	-0.020305445 	-2.3454501e-08 	-0.00045691469 	0.20165723
-0.0019039039 	-0.020305022 	-2.3041575e-08 	-0.00052024699 	0.20607123
-0.0018918919 	-0.020304652 	-2.2699911e-08 	-0.00057793716 	0.21033007
-0.0018798799 	-0.020304282 	-2.2358247e-08 	-0.00063562733 	0.21458891
-0.0018678679 	-0.020303912 	-2.2016582e-08 	-0.0006933175 	0.21884774
-0.0018558559 	-0.020303535 	-2.1663619e-08 	-0.00075121896 	0.22316542
-0.0018438438 	-0.020303077 	-2.1186142e-08 	-0.0008114487 	0.22813149
-0.0018318318 	-0.02030262 	-2.0708665e-08 	-0.00087167844 	0.23309756
-0.0018198198 	-0.02030217 	-2.0241194e-08 	-0.00093113461 	0.23803222
-0.0018078078 	-0.020301782 	-1.9853355e-08 	-0.00098443408 	0.24271689
-0.0017957958 	-0.020301394 	-1.9465515e-08 	-0.0010377335 	0.24740157
-0.0017837838 	-0.020301006 	-1.9077676e-08 	-0.001091033 	0.25208624
-0.0017717718 	-0.020300618 	-1.8689836e-08 	-0.0011443325 	0.25677092
-0.0017597598 	-0.020300219 	-1.8281717e-08 	-0.0011963894 	0.26166113
-0.0017477477 	-0.020299794 	-1.7820305e-08 	-0.0012451808 	0.26709149
-0.0017357357 	-0.020299369 	-1.7358893e-08 	-0.0012939723 	0.27252185
-0.0017237237 	-0.020298944 	-1.6897481e-08 	-0.0013427638 	0.27795221
-0.0017117117 	-0.020298558 	-1.6487151e-08 	-0.00138802 	0.28309862
-0.0016996997 	-0.020298176 	-1.6082188e-08 	-0.0014329048 	0.2882152
-0.0016876877 	-0.020297795 	-1.5677224e-08 	-0.0014777896 	0.29333179
-0.0016756757 	-0.020297413 	-1.5272261e-08 	-0.0015226744 	0.29844837
-0.0016636637 	-0.020297031 	-1.4867298e-08 	-0.0015675592 	0.30356495
-0.0016516517 	-0.020296659 	-1.446771e-08 	-0.001606821 	0.30896718
-0.0016396396 	-0.020296299 	-1.4075564e-08 	-0.0016382993 	0.31476481
-0.0016276276 	-0.02029594 	-1.3683417e-08 	-0.0016697776 	0.32056243
-0.0016156156 	-0.02029558 	-1.3291271e-08 	-0.0017012558 	0.32636006
-0.0016036036 	-0.020295224 	-1.2908053e-08 	-0.0017328278 	0.33197143
-0.0015915916 	-0.02029487 	-1.2530887e-08 	-0.0017644633 	0.33745655
-0.0015795796 	-0.020294517 	-1.2153721e-08 	-0.0017960987 	0.34294167
-0.0015675676 	-0.020294163 	-1.1776555e-08 	-0.0018277342 	0.34842678
-0.0015555556 	-0.020293809 	-1.1399389e-08 	-0.0018593696 	0.3539119
-0.0015435435 	-0.020293455 	-1.1022223e-08 	-0.0018910051 	0.35939702
-0.0015315315 	-0.020293132 	-1.0680871e-08 	-0.0019147093 	0.36504663
-0.0015195195 	-0.020292862 	-1.0399536e-08 	-0.001925122 	0.37097191
-0.0015075075 	-0.020292591 	-1.0118202e-08 	-0.0019355347 	0.37689719
-0.0014954955 	-0.020292321 	-9.8368679e-09 	-0.0019459475 	0.38282247
-0.0014834835 	-0.020292049 	-9.5548153e-09 	-0.0019564975 	0.38873845
-0.0014714715 	-0.02029174 	-9.2539357e-09 	-0.0019706467 	0.39441089
-0.0014594595 	-0.020291432 	-8.9530561e-09 	-0.0019847959 	0.40008333
-0.0014474474 	-0.020291123 	-8.6521765e-09 	-0.0019989451 	0.40575577
-0.0014354354 	-0.020290814 	-8.3512969e-09 	-0.0020130943 	0.41142821
-0.0014234234 	-0.020290506 	-8.0504173e-09 	-0.0020272435 	0.41710065
-0.0014114114 	-0.020290197 	-7.7495377e-09 	-0.0020413928 	0.42277309
-0.0013993994 	-0.020289889 	-7.4486581e-09 	-0.002055542 	0.42844553
-0.0013873874 	-0.020289713 	-7.2823096e-09 	-0.0020469935 	0.43411581
-0.0013753754 	-0.020289541 	-7.1188837e-09 	-0.0020379519 	0.43978604
-0.0013633634 	-0.020289369 	-6.9554577e-09 	-0.0020289103 	0.44545627
-0.0013513514 	-0.020289197 	-6.7920318e-09 	-0.0020198688 	0.4511265
-0.0013393393 	-0.02028902 	-6.6266244e-09 	-0.0020111171 	0.45678865
-0.0013273273 	-0.020288769 	-6.4297675e-09 	-0.0020069662 	0.46232248
-0.0013153153 	-0.020288518 	-6.2329106e-09 	-0.0020028153 	0.46785632
-0.0013033033 	-0.020288267 	-6.0360538e-09 	-0.0019986644 	0.47339015
-0.0012912913 	-0.020288016 	-5.8391969e-09 	-0.0019945135 	0.47892399
-0.0012792793 	-0.020287766 	-5.64234e-09 	-0.0019903626 	0.48445782
-0.0012672673 	-0.020287515 	-5.4454831e-09 	-0.0019862117 	0.48999166
-0.0012552553 	-0.020287264 	-5.2486263e-09 	-0.0019820608 	0.49552549
-0.0012432432 	-0.020287022 	-5.058313e-09 	-0.0019769839 	0.5010301
-0.0012312312 	-0.020286935 	-4.9842897e-09 	-0.0019554517 	0.50601527
-0.0012192192 	-0.020286848 	-4.9102664e-09 	-0.0019339194 	0.51100045
-0.0012072072 	-0.020286762 	-4.8362432e-09 	-0.0019123872 	0.51598562
-0.0011951952 	-0.020286675 	-4.7622199e-09 	-0.0018908549 	0.5209708
-0.0011831832 	-0.020286588 	-4.6881966e-09 	-0.0018693227 	0.52595597
-0.0011711712 	-0.020286453 	-4.6015064e-09 	-0.0018494441 	0.53093695
-0.0011591592 	-0.020286263 	-4.5007063e-09 	-0.0018314077 	0.53591326
-0.0011471471 	-0.020286073 	-4.3999063e-09 	-0.0018133712 	0.54088957
-0.0011351351 	-0.020285883 	-4.2991063e-09 	-0.0017953348 	0.54586588
-0.0011231231 	-0.020285694 	-4.1983063e-09 	-0.0017772983 	0.55084218
-0.0011111111 	-0.020285504 	-4.0975063e-09 	-0.0017592619 	0.55581849
-0.0010990991 	-0.020285314 	-3.9967063e-09 	-0.0017412254 	0.5607948
-0.0010870871 	-0.020285124 	-3.8959062e-09 	-0.001723189 	0.56577111
-0.0010750751 	-0.020284935 	-3.7951062e-09 	-0.0017051525 	0.57074742
-0.0010630631 	-0.020284799 	-3.7237982e-09 	-0.001683637 	0.57532769
-0.0010510511 	-0.020284746 	-3.69828e-09 	-0.0016567198 	0.57929305
-0.001039039 	-0.020284694 	-3.6727619e-09 	-0.0016298025 	0.58325842
-0.001027027 	-0.020284642 	-3.6472437e-09 	-0.0016028853 	0.58722379
-0.001015015 	-0.020284589 	-3.6217256e-09 	-0.0015759681 	0.59118916
-0.001003003 	-0.020284537 	-3.5962074e-09 	-0.0015490509 	0.59515453
-0.00099099099 	-0.020284478 	-3.5698691e-09 	-0.0015222226 	0.59912459
-0.00097897898 	-0.020284322 	-3.531133e-09 	-0.0014967395 	0.60316555
-0.00096696697 	-0.020284166 	-3.4923968e-09 	-0.0014712564 	0.60720652
-0.00095495495 	-0.02028401 	-3.4536606e-09 	-0.0014457733 	0.61124748
-0.00094294294 	-0.020283854 	-3.4149245e-09 	-0.0014202901 	0.61528845
-0.00093093093 	-0.020283699 	-3.3761883e-09 	-0.001394807 	0.61932941
-0.00091891892 	-0.020283543 	-3.3374522e-09 	-0.0013693239 	0.62337038
-0.00090690691 	-0.020283387 	-3.298716e-09 	-0.0013438407 	0.62741134
-0.00089489489 	-0.020283231 	-3.2599799e-09 	-0.0013183576 	0.6314523
-0.00088288288 	-0.020283075 	-3.2212437e-09 	-0.0012928745 	0.63549327
-0.00087087087 	-0.020282919 	-3.1825076e-09 	-0.0012673913 	0.63953423
-0.00085885886 	-0.020282968 	-3.1691675e-09 	-0.0012413515 	0.64277395
-0.00084684685 	-0.020283082 	-3.1638029e-09 	-0.0012151369 	0.64576205
-0.00083483483 	-0.020283196 	-3.1584384e-09 	-0.0011889223 	0.64875015
-0.00082282282 	-0.02028331 	-3.1530738e-09 	-0.0011627077 	0.65173824
-0.00081081081 	-0.020283424 	-3.1477092e-09 	-0.0011364931 	0.65472634
-0.0007987988 	-0.020283537 	-3.1423446e-09 	-0.0011102785 	0.65771444
-0.00078678679 	-0.020283651 	-3.13698e-09 	-0.0010840639 	0.66070253
-0.00077477477 	-0.020283704 	-3.1293473e-09 	-0.0010576294 	0.66376125
-0.00076276276 	-0.020283713 	-3.12008e-09 	-0.0010310364 	0.66687088
-0.00075075075 	-0.020283722 	-3.1108126e-09 	-0.0010044434 	0.6699805
-0.00073873874 	-0.020283731 	-3.1015452e-09 	-0.0009778504 	0.67309012
-0.00072672673 	-0.02028374 	-3.0922778e-09 	-0.00095125739 	0.67619974
-0.00071471471 	-0.020283749 	-3.0830105e-09 	-0.00092466439 	0.67930936
-0.0007027027 	-0.020283758 	-3.0737431e-09 	-0.00089807138 	0.68241898
-0.00069069069 	-0.020283767 	-3.0644757e-09 	-0.00087147837 	0.6855286
-0.00067867868 	-0.020283776 	-3.0552084e-09 	-0.00084488536 	0.68863822
-0.00066666667 	-0.020283785 	-3.045941e-09 	-0.00081829235 	0.69174785
-0.00065465465 	-0.020283793 	-3.0366736e-09 	-0.00079169935 	0.69485747
-0.00064264264 	-0.020283802 	-3.0274062e-09 	-0.00076510634 	0.69796709
-0.00063063063 	-0.02028381 	-3.0249922e-09 	-0.0007481289 	0.69970534
-0.00061861862 	-0.020283817 	-3.0233689e-09 	-0.00073226097 	0.70128536
-0.00060660661 	-0.020283824 	-3.0217457e-09 	-0.00071639305 	0.70286537
-0.00059459459 	-0.020283831 	-3.0201224e-09 	-0.00070052512 	0.70444539
-0.00058258258 	-0.020283839 	-3.0184992e-09 	-0.00068465719 	0.70602541
-0.00057057057 	-0.020283846 	-3.0168759e-09 	-0.00066878926 	0.70760542
-0.00055855856 	-0.020283853 	-3.0152527e-09 	-0.00065292133 	0.70918544
-0.00054654655 	-0.02028386 	-3.0136294e-09 	-0.00063705341 	0.71076546
-0.00053453453 	-0.020283868 	-3.0120062e-09 	-0.00062118548 	0.71234547
-0.00052252252 	-0.020283875 	-3.0103829e-09 	-0.00060531755 	0.71392549
-0.00051051051 	-0.020283882 	-3.0087596e-09 	-0.00058944962 	0.71550551
-0.0004984985 	-0.020283889 	-3.0071364e-09 	-0.00057358169 	0.71708552
-0.00048648649 	-0.020283896 	-3.0055131e-09 	-0.00055771377 	0.71866554
-0.00047447447 	-0.020283904 	-3.0038899e-09 	-0.00054184584 	0.72024556
-0.00046246246 	-0.020283911 	-3.0022666e-09 	-0.00052597791 	0.72182557
-0.00045045045 	-0.020283918 	-3.0006434e-09 	-0.00051010998 	0.72340559
-0.00043843844 	-0.020283943 	-2.9992258e-09 	-0.0004944321 	0.72496758
-0.00042642643 	-0.020284017 	-2.9983686e-09 	-0.00047927181 	0.72648047
-0.00041441441 	-0.020284091 	-2.9975113e-09 	-0.00046411152 	0.72799335
-0.0004024024 	-0.020284165 	-2.9966541e-09 	-0.00044895124 	0.72950624
-0.00039039039 	-0.020284238 	-2.9957968e-09 	-0.00043379095 	0.73101913
-0.00037837838 	-0.020284312 	-2.9949396e-09 	-0.00041863066 	0.73253202
-0.00036636637 	-0.020284386 	-2.9940823e-09 	-0.00040347037 	0.73404491
-0.00035435435 	-0.02028446 	-2.9932251e-09 	-0.00038831009 	0.73555779
-0.00034234234 	-0.020284534 	-2.9923678e-09 	-0.0003731498 	0.73707068
-0.00033033033 	-0.020284608 	-2.9915106e-09 	-0.00035798951 	0.73858357
-0.00031831832 	-0.020284657 	-2.9906399e-09 	-0.00034322229 	0.73990484
-0.00030630631 	-0.020284608 	-2.9897151e-09 	-0.00033004441 	0.74045129
-0.00029429429 	-0.020284558 	-2.9887902e-09 	-0.00031686653 	0.74099775
-0.00028228228 	-0.020284509 	-2.9878654e-09 	-0.00030368865 	0.74154421
-0.00027027027 	-0.020284459 	-2.9869405e-09 	-0.00029051077 	0.74209066
-0.00025825826 	-0.02028441 	-2.9860156e-09 	-0.0002773329 	0.74263712
-0.00024624625 	-0.020284361 	-2.9850908e-09 	-0.00026415502 	0.74318357
-0.00023423423 	-0.020284311 	-2.9841659e-09 	-0.00025097714 	0.74373003
-0.00022222222 	-0.020284262 	-2.9832411e-09 	-0.00023779926 	0.74427648
-0.00021021021 	-0.020284213 	-2.9823162e-09 	-0.00022462138 	0.74482294
-0.0001981982 	-0.020284163 	-2.9813914e-09 	-0.00021144351 	0.74536939
-0.00018618619 	-0.020284114 	-2.9804665e-09 	-0.00019826563 	0.74591585
-0.00017417417 	-0.020284065 	-2.9795417e-09 	-0.00018508775 	0.7464623
-0.00016216216 	-0.020284015 	-2.9786168e-09 	-0.00017190987 	0.74700876
-0.00015015015 	-0.020283966 	-2.9776919e-09 	-0.00015873199 	0.74755521
-0.00013813814 	-0.020283916 	-2.9767671e-09 	-0.00014555412 	0.74810167
-0.00012612613 	-0.020283867 	-2.9758422e-09 	-0.00013237624 	0.74864813
-0.00011411411 	-0.020283831 	-2.9750934e-09 	-0.00011953788 	0.74917842
-0.0001021021 	-0.020283805 	-2.9744772e-09 	-0.00010695536 	0.74969655
-9.009009e-05 	-0.020283779 	-2.973861e-09 	-9.4372834e-05 	0.75021467
-7.8078078e-05 	-0.020283753 	-2.9732448e-09 	-8.1790311e-05 	0.7507328
-6.6066066e-05 	-0.020283727 	-2.9726286e-09 	-6.9207789e-05 	0.75125092
-5.4054054e-05 	-0.020283701 	-2.9720125e-09 	-5.6625266e-05 	0.75176905
-4.2042042e-05 	-0.020283675 	-2.9713963e-09 	-4.4042743e-05 	0.75228717
-3.003003e-05 	-0.020283649 	-2.9707801e-09 	-3.146022e-05 	0.7528053
-1.8018018e-05 	-0.020283623 	-2.9701639e-09 	-1.8877697e-05 	0.75332342
-6.006006e-06 	-0.020283597 	-2.9695477e-09 	-6.2951737e-06 	0.75384155
6.006006e-06 	-0.020283609 	-2.9702587e-09 	6.5850283e-06 	0.75382738
1.8018018e-05 	-0.020283658 	-2.9722968e-09 	1.9762909e-05 	0.75328093
3.003003e-05 	-0.020283708 	-2.9743349e-09 	3.294079e-05 	0.75273447
4.2042042e-05 	-0.020283757 	-2.9763731e-09 	4.6118671e-05 	0.75218802
5.4054054e-05 	-0.020283807 	-2.9784112e-09 	5.9296552e-05 	0.75164156
6.6066066e-05 	-0.020283856 	-2.9804494e-09 	7.2474433e-05 	0.7510951
7.8078078e-05 	-0.020283905 	-2.9824875e-09 	8.5652314e-05 	0.75054865
9.009009e-05 	-0.020283955 	-2.9845256e-09 	9.8830195e-05 	0.75000219
0.0001021021 	-0.020284004 	-2.9865638e-09 	0.00011200808 	0.74945574
0.00011411411 	-0.020284053 	-2.9886019e-09 	0.00012518596 	0.74890928
0.00012612613 	-0.020284103 	-2.9906401e-09 	0.00013836384 	0.74836283
0.00013813814 	-0.020284152 	-2.9926782e-09 	0.00015154172 	0.74781637
0.00015015015 	-0.020284201 	-2.9947163e-09 	0.0001647196 	0.74726991
0.00016216216 	-0.020284251 	-2.9967545e-09 	0.00017789748 	0.74672346
0.00017417417 	-0.0202843 	-2.9987926e-09 	0.00019107536 	0.746177
0.00018618619 	-0.02028435 	-3.0008307e-09 	0.00020425324 	0.74563055
0.0001981982 	-0.020284399 	-3.0028689e-09 	0.00021743112 	0.74508409
0.00021021021 	-0.020284428 	-3.0043677e-09 	0.00023008985 	0.74456234
0.00022222222 	-0.020284454 	-3.0057874e-09 	0.00024267237 	0.74404422
0.00023423423 	-0.02028448 	-3.0072071e-09 	0.0002552549 	0.74352609
0.00024624625 	-0.020284506 	-3.0086268e-09 	0.00026783743 	0.74300797
0.00025825826 	-0.020284532 	-3.0100465e-09 	0.00028041995 	0.74248984
0.00027027027 	-0.020284558 	-3.0114661e-09 	0.00029300248 	0.74197172
0.00028228228 	-0.020284584 	-3.0128858e-09 	0.000305585 	0.74145359
0.00029429429 	-0.02028461 	-3.0143055e-09 	0.00031816753 	0.74093547
0.00030630631 	-0.020284636 	-3.0157252e-09 	0.00033075005 	0.74041734
0.00031831832 	-0.020284662 	-3.0171449e-09 	0.00034333258 	0.73989922
0.00033033033 	-0.020284661 	-3.0194729e-09 	0.0003585491 	0.73852975
0.00034234234 	-0.020284654 	-3.0220255e-09 	0.00037441704 	0.73694973
0.00035435435 	-0.020284646 	-3.0245782e-09 	0.00039028498 	0.73536971
0.00036636637 	-0.020284639 	-3.0271308e-09 	0.00040615292 	0.73378969
0.00037837838 	-0.020284632 	-3.0296835e-09 	0.00042202086 	0.73220968
0.00039039039 	-0.020284625 	-3.0322361e-09 	0.0004378888 	0.73062966
0.0004024024 	-0.020284618 	-3.0347887e-09 	0.00045375674 	0.72904964
0.00041441441 	-0.02028461 	-3.0373414e-09 	0.00046962468 	0.72746963
0.00042642643 	-0.020284603 	-3.039894e-09 	0.00048549262 	0.72588961
0.00043843844 	-0.020284596 	-3.0424467e-09 	0.00050136056 	0.72430959
0.00045045045 	-0.020284589 	-3.0449993e-09 	0.0005172285 	0.72272958
0.00046246246 	-0.020284582 	-3.047552e-09 	0.00053309643 	0.72114956
0.00047447447 	-0.020284574 	-3.0501046e-09 	0.00054896437 	0.71956954
0.00048648649 	-0.020284567 	-3.0526572e-09 	0.00056483231 	0.71798953
0.0004984985 	-0.02028456 	-3.0552099e-09 	0.00058070025 	0.71640951
0.00051051051 	-0.020284553 	-3.0577625e-09 	0.00059656819 	0.71482949
0.00052252252 	-0.020284534 	-3.0601192e-09 	0.00061231319 	0.71326114
0.00053453453 	-0.02028446 	-3.0615439e-09 	0.00062747349 	0.71174825
0.00054654655 	-0.020284386 	-3.0629686e-09 	0.00064263378 	0.71023536
0.00055855856 	-0.020284312 	-3.0643933e-09 	0.00065779408 	0.70872247
0.00057057057 	-0.020284239 	-3.065818e-09 	0.00067295438 	0.70720959
0.00058258258 	-0.020284165 	-3.0672427e-09 	0.00068811468 	0.7056967
0.00059459459 	-0.020284091 	-3.0686674e-09 	0.00070327497 	0.70418381
0.00060660661 	-0.020284017 	-3.0700921e-09 	0.00071843527 	0.70267092
0.00061861862 	-0.020283943 	-3.0715168e-09 	0.00073359557 	0.70115803
0.00063063063 	-0.020283869 	-3.0729415e-09 	0.00074875587 	0.69964514
0.00064264264 	-0.020283802 	-3.0753137e-09 	0.00076509888 	0.69796707
0.00065465465 	-0.020283793 	-3.0858975e-09 	0.00079169191 	0.69485745
0.00066666667 	-0.020283784 	-3.0964813e-09 	0.00081828494 	0.69174783
0.00067867868 	-0.020283776 	-3.1070651e-09 	0.00084487796 	0.68863821
0.00069069069 	-0.020283767 	-3.1176489e-09 	0.00087147099 	0.68552859
0.0007027027 	-0.020283758 	-3.1282327e-09 	0.00089806402 	0.68241897
0.00071471471 	-0.020283749 	-3.1388165e-09 	0.00092465705 	0.67930934
0.00072672673 	-0.02028374 	-3.1494003e-09 	0.00095125007 	0.67619972
0.00073873874 	-0.020283731 	-3.1599841e-09 	0.0009778431 	0.6730901
0.00075075075 	-0.020283722 	-3.1705679e-09 	0.0010044361 	0.66998048
0.00076276276 	-0.020283713 	-3.1811517e-09 	0.0010310292 	0.66687086
0.00077477477 	-0.020283704 	-3.1917354e-09 	0.0010576222 	0.66376124
0.00078678679 	-0.020283651 	-3.2004654e-09 	0.0010840567 	0.66070252
0.0007987988 	-0.020283537 	-3.2066232e-09 	0.0011102713 	0.65771442
0.00081081081 	-0.020283423 	-3.212781e-09 	0.001136486 	0.65472632
0.00082282282 	-0.02028331 	-3.2189388e-09 	0.0011627006 	0.65173822
0.00083483483 	-0.020283196 	-3.2250966e-09 	0.0011889152 	0.64875013
0.00084684685 	-0.020283082 	-3.2312544e-09 	0.0012151298 	0.64576203
0.00085885886 	-0.020282968 	-3.2374122e-09 	0.0012413444 	0.64277393
0.00087087087 	-0.020282919 	-3.251821e-09 	0.0012673842 	0.63953421
0.00088288288 	-0.020283075 	-3.2925032e-09 	0.0012928674 	0.63549325
0.00089489489 	-0.020283231 	-3.3331854e-09 	0.0013183505 	0.63145228
0.00090690691 	-0.020283387 	-3.3738677e-09 	0.0013438337 	0.62741132
0.00091891892 	-0.020283542 	-3.4145499e-09 	0.0013693168 	0.62337035
0.00093093093 	-0.020283698 	-3.4552322e-09 	0.0013948 	0.61932939
0.00094294294 	-0.020283854 	-3.4959144e-09 	0.0014202831 	0.61528842
0.00095495495 	-0.02028401 	-3.5365966e-09 	0.0014457663 	0.61124746
0.00096696697 	-0.020284166 	-3.5772789e-09 	0.0014712494 	0.60720649
0.00097897898 	-0.020284322 	-3.6179611e-09 	0.0014967326 	0.60316553
0.00099099099 	-0.020284478 	-3.6586434e-09 	0.0015222157 	0.59912456
0.001003003 	-0.020284536 	-3.6863753e-09 	0.001549044 	0.5951545
0.001015015 	-0.020284589 	-3.7132505e-09 	0.0015759612 	0.59118913
0.001027027 	-0.020284641 	-3.7401257e-09 	0.0016028784 	0.58722376
0.001039039 	-0.020284694 	-3.7670009e-09 	0.0016297957 	0.58325839
0.0010510511 	-0.020284746 	-3.7938761e-09 	0.0016567129 	0.57929302
0.0010630631 	-0.020284798 	-3.8207513e-09 	0.0016836301 	0.57532766
0.0010750751 	-0.020284934 	-3.8944519e-09 	0.0017051457 	0.57074739
0.0010870871 	-0.020285124 	-3.9983113e-09 	0.0017231821 	0.56577108
0.0010990991 	-0.020285314 	-4.1021707e-09 	0.0017412186 	0.56079477
0.0011111111 	-0.020285503 	-4.2060302e-09 	0.0017592551 	0.55581846
0.0011231231 	-0.020285693 	-4.3098896e-09 	0.0017772915 	0.55084215
0.0011351351 	-0.020285883 	-4.413749e-09 	0.001795328 	0.54586584
0.0011471471 	-0.020286073 	-4.5176085e-09 	0.0018133644 	0.54088953
0.0011591592 	-0.020286262 	-4.6214679e-09 	0.0018314009 	0.53591322
0.0011711712 	-0.020286452 	-4.7253274e-09 	0.0018494373 	0.53093691
0.0011831832 	-0.020286588 	-4.8146817e-09 	0.0018693159 	0.52595593
0.0011951952 	-0.020286674 	-4.8910142e-09 	0.0018908481 	0.52097076
0.0012072072 	-0.020286761 	-4.9673467e-09 	0.0019123804 	0.51598558
0.0012192192 	-0.020286848 	-5.0436792e-09 	0.0019339127 	0.51100041
0.0012312312 	-0.020286935 	-5.1200116e-09 	0.0019554449 	0.50601524
0.0012432432 	-0.020287022 	-5.1963441e-09 	0.0019769772 	0.50103006
0.0012552553 	-0.020287264 	-5.3907992e-09 	0.001982054 	0.49552545
0.0012672673 	-0.020287515 	-5.5919011e-09 	0.0019862049 	0.48999162
0.0012792793 	-0.020287765 	-5.7930029e-09 	0.0019903558 	0.48445778
0.0012912913 	-0.020288016 	-5.9941047e-09 	0.0019945066 	0.47892394
0.0013033033 	-0.020288267 	-6.1952065e-09 	0.0019986575 	0.47339011
0.0013153153 	-0.020288518 	-6.3963084e-09 	0.0020028084 	0.46785627
0.0013273273 	-0.020288769 	-6.5974102e-09 	0.0020069593 	0.46232243
0.0013393393 	-0.02028902 	-6.798512e-09 	0.0020111101 	0.4567886
0.0013513514 	-0.020289196 	-6.9675483e-09 	0.0020198618 	0.45112645
0.0013633634 	-0.020289369 	-7.1345642e-09 	0.0020289034 	0.44545622
0.0013753754 	-0.020289541 	-7.3015802e-09 	0.0020379449 	0.43978599
0.0013873874 	-0.020289713 	-7.4685961e-09 	0.0020469864 	0.43411576
0.0013993994 	-0.020289889 	-7.6385677e-09 	0.0020555349 	0.42844548
0.0014114114 	-0.020290197 	-7.9445955e-09 	0.0020413856 	0.42277304
0.0014234234 	-0.020290506 	-8.2506232e-09 	0.0020272364 	0.41710059
0.0014354354 	-0.020290814 	-8.556651e-09 	0.0020130871 	0.41142815
0.0014474474 	-0.020291123 	-8.8626788e-09 	0.0019989378 	0.40575571
0.0014594595 	-0.020291432 	-9.1687066e-09 	0.0019847886 	0.40008327
0.0014714715 	-0.02029174 	-9.4747343e-09 	0.0019706393 	0.39441083
0.0014834835 	-0.020292049 	-9.7807621e-09 	0.00195649 	0.38873839
0.0014954955 	-0.020292321 	-1.0068204e-08 	0.0019459399 	0.3828224
0.0015075075 	-0.020292591 	-1.0354937e-08 	0.0019355271 	0.37689712
0.0015195195 	-0.020292862 	-1.0641669e-08 	0.0019251143 	0.37097184
0.0015315315 	-0.020293132 	-1.0928402e-08 	0.0019147015 	0.36504656
0.0015435435 	-0.020293455 	-1.1274732e-08 	0.0018909973 	0.35939695
0.0015555556 	-0.020293809 	-1.1656624e-08 	0.0018593617 	0.35391183
0.0015675676 	-0.020294163 	-1.2038516e-08 	0.0018277261 	0.34842671
0.0015795796 	-0.020294516 	-1.2420408e-08 	0.0017960906 	0.34294159
0.0015915916 	-0.02029487 	-1.2802301e-08 	0.001764455 	0.33745647
0.0016036036 	-0.020295224 	-1.3184193e-08 	0.0017328194 	0.33197135
0.0016156156 	-0.02029558 	-1.3572805e-08 	0.0017012474 	0.32635998
0.0016276276 	-0.02029594 	-1.397133e-08 	0.001669769 	0.32056236
0.0016396396 	-0.020296299 	-1.4369856e-08 	0.0016382906 	0.31476473
0.0016516517 	-0.020296659 	-1.4768382e-08 	0.0016068122 	0.3089671
0.0016636637 	-0.020297031 	-1.5172533e-08 	0.0015675504 	0.30356487
0.0016756757 	-0.020297413 	-1.5580748e-08 	0.0015226654 	0.29844828
0.0016876877 	-0.020297794 	-1.5988963e-08 	0.0014777805 	0.2933317
0.0016996997 	-0.020298176 	-1.6397178e-08 	0.0014328955 	0.28821512
0.0017117117 	-0.020298558 	-1.6805393e-08 	0.0013880105 	0.28309853
0.0017237237 	-0.020298944 	-1.7219232e-08 	0.0013427542 	0.27795212
0.0017357357 	-0.020299369 	-1.7686606e-08 	0.0012939626 	0.27252176
0.0017477477 	-0.020299794 	-1.815398e-08 	0.001245171 	0.2670914
0.0017597598 	-0.020300219 	-1.8621355e-08 	0.0011963794 	0.26166104
0.0017717718 	-0.020300617 	-1.9031939e-08 	0.0011443223 	0.25677082
0.0017837838 	-0.020301006 	-1.9420912e-08 	0.0010910227 	0.25208614
0.0017957958 	-0.020301394 	-1.9809886e-08 	0.0010377231 	0.24740146
0.0018078078 	-0.020301782 	-2.019886e-08 	0.00098442347 	0.24271679
0.0018198198 	-0.02030217 	-2.0587834e-08 	0.00093112384 	0.23803211
0.0018318318 	-0.020302619 	-2.1060159e-08 	0.00087166751 	0.23309745
0.0018438438 	-0.020303077 	-2.1542956e-08 	0.0008114376 	0.22813138
0.0018558559 	-0.020303535 	-2.2025754e-08 	0.0007512077 	0.22316531
0.0018678679 	-0.020303912 	-2.2378046e-08 	0.00069330607 	0.21884763
0.0018798799 	-0.020304282 	-2.2718494e-08 	0.00063561573 	0.21458879
0.0018918919 	-0.020304652 	-2.3058942e-08 	0.0005779254 	0.21032995
0.0019039039 	-0.020305022 	-2.339939e-08 	0.00052023506 	0.20607111
0.0019159159 	-0.020305445 	-2.381441e-08 	0.00045690259 	0.20165711
0.0019279279 	-0.020305897 	-2.426898e-08 	0.00039057773 	0.19716082
0.0019399399 	-0.020306345 	-2.4717611e-08 	0.00032449322 	0.1926856
0.001951952 	-0.020306692 	-2.4996074e-08 	0.0002652954 	0.18881404
0.001963964 	-0.020307039 	-2.5274536e-08 	0.00020609758 	0.18494247
0.001975976 	-0.020307386 	-2.5552998e-08 	0.00014689976 	0.18107091
0.001987988 	-0.020307756 	-2.5864917e-08 	8.5124241e-05 	0.17714613
0.002 	-0.020308189 	-2.6264957e-08 	1.6559179e-05 	0.17308121
0.002012012 	-0.020308622 	-2.6664997e-08 	-5.2005883e-05 	0.16901629
0.002024024 	-0.020309037 	-2.6885386e-08 	-0.00011181934 	0.16546539
0.002036036 	-0.020309451 	-2.7099386e-08 	-0.00017132162 	0.16193277
0.002048048 	-0.020309866 	-2.7313387e-08 	-0.00023082389 	0.15840015
0.0020600601 	-0.02031035 	-2.7606138e-08 	-0.00029664312 	0.15476744
0.0020720721 	-0.020310872 	-2.7940889e-08 	-0.00036583148 	0.15108134
0.0020840841 	-0.020312499 	-2.8277213e-08 	-0.00051625755 	0.14345659
0.0020960961 	-0.020314814 	-2.8614518e-08 	-0.00071730068 	0.13337777
0.0021081081 	-0.020317129 	-2.8951822e-08 	-0.00091834381 	0.12329895
0.0021201201 	-0.02031983 	-2.9533217e-08 	-0.0011434279 	0.11295786
0.0021321321 	-0.0203227 	-3.0221747e-08 	-0.0013790641 	0.10250166
0.0021441441 	-0.020323091 	-3.0216441e-08 	-0.0014315098 	0.10021868
0.0021561562 	-0.020323208 	-3.0134041e-08 	-0.001463601 	0.098843826
0.0021681682 	-0.020323325 	-3.0051641e-08 	-0.0014956923 	0.097468976
0.0021801802 	-0.020323441 	-2.9969241e-08 	-0.0015277835 	0.096094127
0.0021921922 	-0.020323558 	-2.9886841e-08 	-0.0015598748 	0.094719277
0.0022042042 	-0.020323674 	-2.9804441e-08 	-0.001591966 	0.093344427
0.0022162162 	-0.020323791 	-2.9722041e-08 	-0.0016240573 	0.091969578
0.0022282282 	-0.020323907 	-2.9639641e-08 	-0.0016561485 	0.090594728
0.0022402402 	-0.020324024 	-2.9557241e-08 	-0.0016882398 	0.089219878
0.0022522523 	-0.02032414 	-2.9474841e-08 	-0.001720331 	0.087845029
0.0022642643 	-0.020324257 	-2.9392441e-08 	-0.0017524223 	0.086470179
0.0022762763 	-0.020324374 	-2.9310041e-08 	-0.0017845135 	0.085095329
0.0022882883 	-0.02032449 	-2.9227641e-08 	-0.0018166048 	0.08372048
0.0023003003 	-0.020324607 	-2.9145241e-08 	-0.001848696 	0.08234563
0.0023123123 	-0.020324723 	-2.9062841e-08 	-0.0018807872 	0.08097078
0.0023243243 	-0.02032484 	-2.8980442e-08 	-0.0019128785 	0.07959593
0.0023363363 	-0.020324956 	-2.8898042e-08 	-0.0019449697 	0.078221081
0.0023483483 	-0.020325073 	-2.8815642e-08 	-0.001977061 	0.076846231
0.0023603604 	-0.020325189 	-2.8733242e-08 	-0.0020091522 	0.075471381
0.0023723724 	-0.020325306 	-2.8650842e-08 	-0.0020412435 	0.074096532
0.0023843844 	-0.020325423 	-2.8568442e-08 	-0.0020733347 	0.072721682
0.0023963964 	-0.020325539 	-2.8486042e-08 	-0.002105426 	0.071346832
0.0024084084 	-0.020325656 	-2.8403642e-08 	-0.0021375172 	0.069971983
0.0024204204 	-0.020325772 	-2.8321242e-08 	-0.0021696085 	0.068597133
0.0024324324 	-0.020325889 	-2.8238842e-08 	-0.0022016997 	0.067222283
0.0024444444 	-0.020326005 	-2.8156442e-08 	-0.002233791 	0.065847434
0.0024564565 	-0.020326122 	-2.8074042e-08 	-0.0022658822 	0.064472584
0.0024684685 	-0.020326238 	-2.7991642e-08 	-0.0022979735 	0.063097734
0.0024804805 	-0.020326355 	-2.7909242e-08 	-0.0023300647 	0.061722885
0.0024924925 	-0.020326472 	-2.7826842e-08 	-0.0023621559 	0.060348035
0.0025045045 	-0.020326613 	-2.7769372e-08 	-0.0023975539 	0.058977935
0.0025165165 	-0.020326762 	-2.7719252e-08 	-0.0024339268 	0.057609235
0.0025285285 	-0.02032691 	-2.7669132e-08 	-0.0024702996 	0.056240535
0.0025405405 	-0.020327059 	-2.7619012e-08 	-0.0025066725 	0.054871835
0.0025525526 	-0.020327208 	-2.7568893e-08 	-0.0025430454 	0.053503135
0.0025645646 	-0.020327356 	-2.7518773e-08 	-0.0025794183 	0.052134436
0.0025765766 	-0.020327505 	-2.7468653e-08 	-0.0026157912 	0.050765736
0.0025885886 	-0.020327654 	-2.7418533e-08 	-0.002652164 	0.049397036
0.0026006006 	-0.020327803 	-2.7368413e-08 	-0.0026885369 	0.048028336
0.0026126126 	-0.020327951 	-2.7318293e-08 	-0.0027249098 	0.046659636
0.0026246246 	-0.0203281 	-2.7268173e-08 	-0.0027612827 	0.045290937
0.0026366366 	-0.020328249 	-2.7218053e-08 	-0.0027976556 	0.043922237
0.0026486486 	-0.020328397 	-2.7167934e-08 	-0.0028340285 	0.042553537
0.0026606607 	-0.020328546 	-2.7117814e-08 	-0.0028704013 	0.041184837
0.0026726727 	-0.020328695 	-2.7067694e-08 	-0.0029067742 	0.039816137
0.0026846847 	-0.020328843 	-2.7017574e-08 	-0.0029431471 	0.038447438
0.0026966967 	-0.020328992 	-2.6967454e-08 	-0.00297952 	0.037078738
0.0027087087 	-0.020329141 	-2.6917334e-08 	-0.0030158929 	0.035710038
0.0027207207 	-0.020329287 	-2.6865803e-08 	-0.0030520728 	0.034346091
0.0027327327 	-0.020329099 	-2.665321e-08 	-0.003066237 	0.033524523
0.0027447447 	-0.020328912 	-2.6440617e-08 	-0.0030804012 	0.032702954
0.0027567568 	-0.020328725 	-2.6228024e-08 	-0.0030945654 	0.031881386
0.0027687688 	-0.020328538 	-2.6015431e-08 	-0.0031087296 	0.031059818
0.0027807808 	-0.020328351 	-2.5802838e-08 	-0.0031228938 	0.03023825
0.0027927928 	-0.020328163 	-2.5590245e-08 	-0.003137058 	0.029416682
0.0028048048 	-0.020327976 	-2.5377652e-08 	-0.0031512222 	0.028595114
0.0028168168 	-0.020327789 	-2.516506e-08 	-0.0031653864 	0.027773545
0.0028288288 	-0.020327602 	-2.4952467e-08 	-0.0031795506 	0.026951977
0.0028408408 	-0.020327414 	-2.4739874e-08 	-0.0031937148 	0.026130409
0.0028528529 	-0.020327227 	-2.4527281e-08 	-0.003207879 	0.025308841
0.0028648649 	-0.02032704 	-2.4314688e-08 	-0.0032220431 	0.024487273
0.0028768769 	-0.020326853 	-2.4102095e-08 	-0.0032362073 	0.023665705
0.0028888889 	-0.020326666 	-2.3889502e-08 	-0.0032503715 	0.022844137
0.0029009009 	-0.020326478 	-2.3676909e-08 	-0.0032645357 	0.022022568
0.0029129129 	-0.020326291 	-2.3464316e-08 	-0.0032786999 	0.021201
0.0029249249 	-0.020326104 	-2.3251723e-08 	-0.0032928641 	0.020379432
0.0029369369 	-0.020325917 	-2.303913e-08 	-0.0033070283 	0.019557864
0.0029489489 	-0.02032573 	-2.2826537e-08 	-0.0033211925 	0.018736296
0.002960961 	-0.020325542 	-2.2613944e-08 	-0.0033353567 	0.017914728
0.002972973 	-0.020325355 	-2.2401351e-08 	-0.0033495209 	0.017093159
0.002984985 	-0.020325168 	-2.2188759e-08 	-0.0033636851 	0.016271591
0.002996997 	-0.020324981 	-2.1976166e-08 	-0.0033778493 	0.015450023
0.003009009 	-0.020324793 	-2.1763573e-08 	-0.0033920135 	0.014628455
0.003021021 	-0.020324606 	-2.155098e-08 	-0.0034061777 	0.013806887
0.003033033 	-0.020324419 	-2.1338387e-08 	-0.0034203419 	0.012985319
0.003045045 	-0.020324217 	-2.1123464e-08 	-0.003434757 	0.012189372
0.0030570571 	-0.020323997 	-2.0905676e-08 	-0.0034494809 	0.011424947
0.0030690691 	-0.020323776 	-2.0687887e-08 	-0.0034642047 	0.010660523
0.0030810811 	-0.020323556 	-2.0470099e-08 	-0.0034789286 	0.009896099
0.0030930931 	-0.020323336 	-2.025231e-08 	-0.0034936525 	0.0091316748
0.0031051051 	-0.020323116 	-2.0034522e-08 	-0.0035083764 	0.0083672506
0.0031171171 	-0.020322895 	-1.9816733e-08 	-0.0035231002 	0.0076028264
0.0031291291 	-0.020322675 	-1.9598945e-08 	-0.0035378241 	0.0068384022
0.0031411411 	-0.020322455 	-1.9381157e-08 	-0.003552548 	0.006073978
0.0031531532 	-0.020322234 	-1.9163368e-08 	-0.0035672719 	0.0053095537
0.0031651652 	-0.020322014 	-1.894558e-08 	-0.0035819957 	0.0045451295
0.0031771772 	-0.020321794 	-1.8727791e-08 	-0.0035967196 	0.0037807053
0.0031891892 	-0.020321573 	-1.8510003e-08 	-0.0036114435 	0.0030162811
0.0032012012 	-0.020321353 	-1.8292214e-08 	-0.0036261674 	0.0022518569
0.0032132132 	-0.020321133 	-1.8074426e-08 	-0.0036408913 	0.0014874327
0.0032252252 	-0.020320912 	-1.7856637e-08 	-0.0036556151 	0.00072300848
0.0032372372 	-0.020320692 	-1.7638849e-08 	-0.003670339 	-4.141573e-05
0.0032492492 	-0.020320507 	-1.7471969e-08 	-0.0036624154 	-0.00044767922
0.0032612613 	-0.020320325 	-1.7310338e-08 	-0.0036521567 	-0.00081701441
0.0032732733 	-0.020320144 	-1.7148708e-08 	-0.003641898 	-0.0011863496
0.0032852853 	-0.020319962 	-1.6987077e-08 	-0.0036316393 	-0.0015556848
0.0032972973 	-0.02031978 	-1.6825447e-08 	-0.0036213806 	-0.00192502
0.0033093093 	-0.020319599 	-1.6663816e-08 	-0.0036111219 	-0.0022943552
0.0033213213 	-0.020319417 	-1.6502185e-08 	-0.0036008632 	-0.0026636904
0.0033333333 	-0.020319235 	-1.6340555e-08 	-0.0035906045 	-0.0030330255
0.0033453453 	-0.020319054 	-1.6178924e-08 	-0.0035803458 	-0.0034023607
0.0033573574 	-0.020318872 	-1.6017293e-08 	-0.0035700871 	-0.0037716959
0.0033693694 	-0.02031869 	-1.5855663e-08 	-0.0035598284 	-0.0041410311
0.0033813814 	-0.020318509 	-1.5694032e-08 	-0.0035495697 	-0.0045103663
0.0033933934 	-0.020318327 	-1.5532402e-08 	-0.0035393111 	-0.0048797015
0.0034054054 	-0.020318145 	-1.5370771e-08 	-0.0035290524 	-0.0052490367
0.0034174174 	-0.020317964 	-1.520914e-08 	-0.0035187937 	-0.0056183719
0.0034294294 	-0.020317782 	-1.504751e-08 	-0.003508535 	-0.0059877071
0.0034414414 	-0.0203176 	-1.4885879e-08 	-0.0034982763 	-0.0063570422
0.0034534535 	-0.020317419 	-1.4724248e-08 	-0.0034880176 	-0.0067263774
0.0034654655 	-0.020317237 	-1.4562618e-08 	-0.0034777589 	-0.0070957126
0.0034774775 	-0.020317055 	-1.4400987e-08 	-0.0034675002 	-0.0074650478
0.0034894895 	-0.020316874 	-1.4239356e-08 	-0.0034572415 	-0.007834383
0.0035015015 	-0.020316692 	-1.4077726e-08 	-0.0034469828 	-0.0082037182
0.0035135135 	-0.02031651 	-1.3916095e-08 	-0.0034367241 	-0.0085730534
0.0035255255 	-0.020316312 	-1.3745599e-08 	-0.0034251257 	-0.0089196333
0.0035375375 	-0.020316097 	-1.3565918e-08 	-0.0034121394 	-0.0092426409
0.0035495495 	-0.020315882 	-1.3386238e-08 	-0.0033991531 	-0.0095656485
0.0035615616 	-0.020315667 	-1.3206557e-08 	-0.0033861669 	-0.0098886561
0.0035735736 	-0.020315452 	-1.3026876e-08 	-0.0033731806 	-0.010211664
0.0035855856 	-0.020315237 	-1.2847196e-08 	-0.0033601943 	-0.010534671
0.0035975976 	-0.020315022 	-1.2667515e-08 	-0.0033472081 	-0.010857679
0.0036096096 	-0.020314807 	-1.2487835e-08 	-0.0033342218 	-0.011180687
0.0036216216 	-0.020314592 	-1.2308154e-08 	-0.0033212355 	-0.011503694
0.0036336336 	-0.020314377 	-1.2128473e-08 	-0.0033082493 	-0.011826702
0.0036456456 	-0.020314162 	-1.1948793e-08 	-0.003295263 	-0.01214971
0.0036576577 	-0.020313947 	-1.1769112e-08 	-0.0032822767 	-0.012472717
0.0036696697 	-0.020313732 	-1.1589432e-08 	-0.0032692904 	-0.012795725
0.0036816817 	-0.020313517 	-1.1409751e-08 	-0.0032563042 	-0.013118732
0.0036936937 	-0.020313302 	-1.123007e-08 	-0.0032433179 	-0.01344174
0.0037057057 	-0.020313131 	-1.1122148e-08 	-0.0032254399 	-0.013616268
0.0037177177 	-0.020312964 	-1.1021492e-08 	-0.0032070666 	-0.01377576
0.0037297297 	-0.020312797 	-1.0920836e-08 	-0.0031886933 	-0.013935253
0.0037417417 	-0.020312631 	-1.082018e-08 	-0.00317032 	-0.014094746
0.0037537538 	-0.020312464 	-1.0719524e-08 	-0.0031519467 	-0.014254238
0.0037657658 	-0.020312298 	-1.0618869e-08 	-0.0031335734 	-0.014413731
0.0037777778 	-0.020312131 	-1.0518213e-08 	-0.0031152001 	-0.014573223
0.0037897898 	-0.020311964 	-1.0417557e-08 	-0.0030968268 	-0.014732716
0.0038018018 	-0.020311798 	-1.0316901e-08 	-0.0030784535 	-0.014892208
0.0038138138 	-0.020311631 	-1.0216245e-08 	-0.0030600802 	-0.015051701
0.0038258258 	-0.020311464 	-1.0115589e-08 	-0.0030417069 	-0.015211193
0.0038378378 	-0.020311298 	-1.0014933e-08 	-0.0030233336 	-0.015370686
0.0038498498 	-0.020311131 	-9.9142771e-09 	-0.0030049603 	-0.015530178
0.0038618619 	-0.020310964 	-9.8136212e-09 	-0.002986587 	-0.015689671
0.0038738739 	-0.020310798 	-9.7129653e-09 	-0.0029682137 	-0.015849164
0.0038858859 	-0.020310631 	-9.6123094e-09 	-0.0029498404 	-0.016008656
0.0038978979 	-0.020310464 	-9.5116535e-09 	-0.0029314671 	-0.016168149
0.0039099099 	-0.020310298 	-9.4109976e-09 	-0.0029130938 	-0.016327641
0.0039219219 	-0.020310131 	-9.3103416e-09 	-0.0028947205 	-0.016487134
0.0039339339 	-0.020309964 	-9.2096857e-09 	-0.0028763472 	-0.016646626
0.0039459459 	-0.02030979 	-9.1047415e-09 	-0.0028571376 	-0.016798622
0.003957958 	-0.020309595 	-8.9879204e-09 	-0.0028356119 	-0.016929857
0.00396997 	-0.0203094 	-8.8710993e-09 	-0.0028140862 	-0.017061092
0.003981982 	-0.020309206 	-8.7542782e-09 	-0.0027925605 	-0.017192327
0.003993994 	-0.020309011 	-8.6374572e-09 	-0.0027710348 	-0.017323562
0.004006006 	-0.020308816 	-8.5206361e-09 	-0.002749509 	-0.017454797
0.004018018 	-0.020308621 	-8.403815e-09 	-0.0027279833 	-0.017586031
0.00403003 	-0.020308426 	-8.2869939e-09 	-0.0027064576 	-0.017717266
0.004042042 	-0.020308231 	-8.1701729e-09 	-0.0026849319 	-0.017848501
0.0040540541 	-0.020308036 	-8.0533518e-09 	-0.0026634062 	-0.017979736
0.0040660661 	-0.020307841 	-7.9365307e-09 	-0.0026418804 	-0.018110971
0.0040780781 	-0.020307646 	-7.8197096e-09 	-0.0026203547 	-0.018242206
0.0040900901 	-0.020307452 	-7.7028885e-09 	-0.002598829 	-0.01837344
0.0041021021 	-0.020307287 	-7.6086664e-09 	-0.0025772953 	-0.018465646
0.0041141141 	-0.020307167 	-7.5471104e-09 	-0.00255575 	-0.018501437
0.0041261261 	-0.020307047 	-7.4855544e-09 	-0.0025342048 	-0.018537229
0.0041381381 	-0.020306927 	-7.4239984e-09 	-0.0025126595 	-0.01857302
0.0041501502 	-0.020306807 	-7.3624424e-09 	-0.0024911143 	-0.018608811
0.0041621622 	-0.020306687 	-7.3008864e-09 	-0.002469569 	-0.018644602
0.0041741742 	-0.020306567 	-7.2393303e-09 	-0.0024480238 	-0.018680393
0.0041861862 	-0.020306447 	-7.1777743e-09 	-0.0024264785 	-0.018716184
0.0041981982 	-0.020306327 	-7.1162183e-09 	-0.0024049333 	-0.018751975
0.0042102102 	-0.020306207 	-7.0546623e-09 	-0.002383388 	-0.018787766
0.0042222222 	-0.020306087 	-6.9931063e-09 	-0.0023618428 	-0.018823557
0.0042342342 	-0.020305967 	-6.9315503e-09 	-0.0023402975 	-0.018859348
0.0042462462 	-0.020305847 	-6.8699943e-09 	-0.0023187523 	-0.01889514
0.0042582583 	-0.020305727 	-6.8084383e-09 	-0.002297207 	-0.018930931
0.0042702703 	-0.020305607 	-6.7468823e-09 	-0.0022756618 	-0.018966722
0.0042822823 	-0.020305487 	-6.6853263e-09 	-0.0022541165 	-0.019002513
0.0042942943 	-0.020305367 	-6.6237702e-09 	-0.0022325713 	-0.019038304
0.0043063063 	-0.020305247 	-6.5622142e-09 	-0.0022110261 	-0.019074095
0.0043183183 	-0.020305123 	-6.4975187e-09 	-0.0021888307 	-0.01910714
0.0043303303 	-0.020304986 	-6.4210433e-09 	-0.0021641962 	-0.019129884
0.0043423423 	-0.020304848 	-6.344568e-09 	-0.0021395618 	-0.019152627
0.0043543544 	-0.020304711 	-6.2680927e-09 	-0.0021149273 	-0.019175371
0.0043663664 	-0.020304574 	-6.1916174e-09 	-0.0020902928 	-0.019198114
0.0043783784 	-0.020304436 	-6.1151421e-09 	-0.0020656583 	-0.019220858
0.0043903904 	-0.020304299 	-6.0386668e-09 	-0.0020410239 	-0.019243601
0.0044024024 	-0.020304162 	-5.9621915e-09 	-0.0020163894 	-0.019266344
0.0044144144 	-0.020304024 	-5.8857162e-09 	-0.0019917549 	-0.019289088
0.0044264264 	-0.020303887 	-5.8092409e-09 	-0.0019671204 	-0.019311831
0.0044384384 	-0.02030375 	-5.7327656e-09 	-0.0019424859 	-0.019334575
0.0044504505 	-0.020303612 	-5.6562903e-09 	-0.0019178515 	-0.019357318
0.0044624625 	-0.020303538 	-5.611739e-09 	-0.0018958926 	-0.019317803
0.0044744745 	-0.020303472 	-5.5716908e-09 	-0.0018743111 	-0.019269506
0.0044864865 	-0.020303407 	-5.5316427e-09 	-0.0018527295 	-0.019221209
0.0044984985 	-0.020303342 	-5.4915946e-09 	-0.001831148 	-0.019172911
0.0045105105 	-0.020303276 	-5.4515464e-09 	-0.0018095665 	-0.019124614
0.0045225225 	-0.020303211 	-5.4114983e-09 	-0.001787985 	-0.019076317
0.0045345345 	-0.020303145 	-5.3714502e-09 	-0.0017664035 	-0.01902802
0.0045465465 	-0.02030308 	-5.331402e-09 	-0.001744822 	-0.018979723
0.0045585586 	-0.020303014 	-5.2913539e-09 	-0.0017232405 	-0.018931425
0.0045705706 	-0.020302949 	-5.2513057e-09 	-0.001701659 	-0.018883128
0.0045825826 	-0.020302884 	-5.2112576e-09 	-0.0016800775 	-0.018834831
0.0045945946 	-0.020302818 	-5.1712095e-09 	-0.001658496 	-0.018786534
0.0046066066 	-0.020302753 	-5.1311613e-09 	-0.0016369145 	-0.018738236
0.0046186186 	-0.020302687 	-5.0911132e-09 	-0.001615333 	-0.018689939
0.0046306306 	-0.020302622 	-5.0510651e-09 	-0.0015937515 	-0.018641642
0.0046426426 	-0.020302556 	-5.0110169e-09 	-0.00157217 	-0.018593345
0.0046546547 	-0.020302485 	-4.9582316e-09 	-0.0015483165 	-0.018544353
0.0046666667 	-0.020302411 	-4.9028882e-09 	-0.0015240068 	-0.018495221
0.0046786787 	-0.020302338 	-4.8475447e-09 	-0.001499697 	-0.018446089
0.0046906907 	-0.020302265 	-4.7922013e-09 	-0.0014753873 	-0.018396957
0.0047027027 	-0.020302192 	-4.7368579e-09 	-0.0014510775 	-0.018347825
0.0047147147 	-0.020302119 	-4.6815145e-09 	-0.0014267678 	-0.018298694
0.0047267267 	-0.020302046 	-4.6261711e-09 	-0.001402458 	-0.018249562
0.0047387387 	-0.020301973 	-4.5708277e-09 	-0.0013781483 	-0.01820043
0.0047507508 	-0.0203019 	-4.5154843e-09 	-0.0013538386 	-0.018151298
0.0047627628 	-0.020301827 	-4.4601409e-09 	-0.0013295288 	-0.018102166
0.0047747748 	-0.0203018 	-4.4261191e-09 	-0.0013090994 	-0.018002388
0.0047867868 	-0.020301781 	-4.396136e-09 	-0.001289405 	-0.017893016
0.0047987988 	-0.020301763 	-4.3661528e-09 	-0.0012697106 	-0.017783645
0.0048108108 	-0.020301745 	-4.3361696e-09 	-0.0012500162 	-0.017674273
0.0048228228 	-0.020301726 	-4.3061865e-09 	-0.0012303219 	-0.017564901
0.0048348348 	-0.020301708 	-4.2762033e-09 	-0.0012106275 	-0.01745553
0.0048468468 	-0.02030169 	-4.2462201e-09 	-0.0011909331 	-0.017346158
0.0048588589 	-0.020301671 	-4.216237e-09 	-0.0011712387 	-0.017236786
0.0048708709 	-0.020301653 	-4.1862538e-09 	-0.0011515443 	-0.017127415
0.0048828829 	-0.020301635 	-4.1562706e-09 	-0.0011318499 	-0.017018043
0.0048948949 	-0.020301616 	-4.1262875e-09 	-0.0011121555 	-0.016908671
0.0049069069 	-0.020301598 	-4.0963043e-09 	-0.0010924611 	-0.0167993
0.0049189189 	-0.02030158 	-4.0663211e-09 	-0.0010727667 	-0.016689928
0.0049309309 	-0.020301562 	-4.036338e-09 	-0.0010530723 	-0.016580556
0.0049429429 	-0.020301543 	-3.994348e-09 	-0.0010318088 	-0.016477493
0.004954955 	-0.020301523 	-3.9471343e-09 	-0.0010098627 	-0.016377174
0.004966967 	-0.020301504 	-3.8999206e-09 	-0.00098791652 	-0.016276855
0.004978979 	-0.020301485 	-3.8527069e-09 	-0.00096597036 	-0.016176535
0.004990991 	-0.020301465 	-3.8054931e-09 	-0.0009440242 	-0.016076216
0.005003003 	-0.020301446 	-3.7582794e-09 	-0.00092207804 	-0.015975897
0.005015015 	-0.020301427 	-3.7110657e-09 	-0.00090013188 	-0.015875578
0.005027027 	-0.020301407 	-3.663852e-09 	-0.00087818573 	-0.015775259
0.005039039 	-0.020301388 	-3.6166383e-09 	-0.00085623957 	-0.01567494
0.0050510511 	-0.020301401 	-3.5870476e-09 	-0.00083893949 	-0.015525966
0.0050630631 	-0.020301419 	-3.5596803e-09 	-0.0008222256 	-0.015370853
0.0050750751 	-0.020301436 	-3.532313e-09 	-0.00080551171 	-0.01521574
0.0050870871 	-0.020301454 	-3.5049457e-09 	-0.00078879782 	-0.015060627
0.0050990991 	-0.020301471 	-3.4775785e-09 	-0.00077208393 	-0.014905514
0.0051111111 	-0.020301489 	-3.4502112e-09 	-0.00075537004 	-0.014750401
0.0051231231 	-0.020301506 	-3.4228439e-09 	-0.00073865615 	-0.014595288
0.0051351351 	-0.020301524 	-3.3954766e-09 	-0.00072194225 	-0.014440175
0.0051471471 	-0.020301541 	-3.3681094e-09 	-0.00070522836 	-0.014285063
0.0051591592 	-0.020301559 	-3.3407421e-09 	-0.00068851447 	-0.01412995
0.0051711712 	-0.020301576 	-3.3133748e-09 	-0.00067180058 	-0.013974837
0.0051831832 	-0.020301593 	-3.2860076e-09 	-0.00065508669 	-0.013819724
0.0051951952 	-0.020301612 	-3.2501382e-09 	-0.00063763762 	-0.013671788
0.0052072072 	-0.020301633 	-3.2024705e-09 	-0.00061916834 	-0.013533811
0.0052192192 	-0.020301653 	-3.1548029e-09 	-0.00060069907 	-0.013395835
0.0052312312 	-0.020301673 	-3.1071352e-09 	-0.00058222979 	-0.013257858
0.0052432432 	-0.020301694 	-3.0594675e-09 	-0.00056376051 	-0.013119881
0.0052552553 	-0.020301714 	-3.0117999e-09 	-0.00054529123 	-0.012981905
0.0052672673 	-0.020301735 	-2.9641322e-09 	-0.00052682195 	-0.012843928
0.0052792793 	-0.020301755 	-2.9164645e-09 	-0.00050835268 	-0.012705952
0.0052912913 	-0.020301791 	-2.8805839e-09 	-0.00049335121 	-0.012533959
0.0053033033 	-0.020301834 	-2.850967e-09 	-0.00048019256 	-0.01234389
0.0053153153 	-0.020301878 	-2.8213501e-09 	-0.0004670339 	-0.012153822
0.0053273273 	-0.020301922 	-2.7917332e-09 	-0.00045387525 	-0.011963753
0.0053393393 	-0.020301965 	-2.7621163e-09 	-0.0004407166 	-0.011773685
0.0053513514 	-0.020302009 	-2.7324994e-09 	-0.00042755795 	-0.011583616
0.0053633634 	-0.020302053 	-2.7028825e-09 	-0.00041439929 	-0.011393547
0.0053753754 	-0.020302097 	-2.6732656e-09 	-0.00040124064 	-0.011203479
0.0053873874 	-0.02030214 	-2.6436487e-09 	-0.00038808199 	-0.01101341
0.0053993994 	-0.020302184 	-2.6140318e-09 	-0.00037492334 	-0.010823342
0.0054114114 	-0.020302228 	-2.5844149e-09 	-0.00036176468 	-0.010633273
0.0054234234 	-0.020302275 	-2.5388689e-09 	-0.0003477577 	-0.01045892
0.0054354354 	-0.020302323 	-2.4851279e-09 	-0.00033331428 	-0.010292651
0.0054474474 	-0.020302372 	-2.4313868e-09 	-0.00031887085 	-0.010126383
0.0054594595 	-0.020302421 	-2.3776457e-09 	-0.00030442743 	-0.009960115
0.0054714715 	-0.02030247 	-2.3239047e-09 	-0.000289984 	-0.0097938468
0.0054834835 	-0.020302519 	-2.2701636e-09 	-0.00027554058 	-0.0096275785
0.0054954955 	-0.020302567 	-2.2164225e-09 	-0.00026109716 	-0.0094613103
0.0055075075 	-0.020302628 	-2.1783299e-09 	-0.00025082225 	-0.0092534493
0.0055195195 	-0.020302691 	-2.1438124e-09 	-0.00024149974 	-0.0090360855
0.0055315315 	-0.020302754 	-2.1092949e-09 	-0.00023217723 	-0.0088187218
0.0055435435 	-0.020302817 	-2.0747774e-09 	-0.00022285471 	-0.008601358
0.0055555556 	-0.020302881 	-2.0402599e-09 	-0.0002135322 	-0.0083839943
0.0055675676 	-0.020302944 	-2.0057424e-09 	-0.00020420968 	-0.0081666305
0.0055795796 	-0.020303007 	-1.971225e-09 	-0.00019488717 	-0.0079492667
0.0055915916 	-0.02030307 	-1.9367075e-09 	-0.00018556465 	-0.007731903
0.0056036036 	-0.020303133 	-1.90219e-09 	-0.00017624214 	-0.0075145392
0.0056156156 	-0.020303197 	-1.8641818e-09 	-0.00016681439 	-0.0073007833
0.0056276276 	-0.020303267 	-1.8012738e-09 	-0.00015663598 	-0.0071127622
0.0056396396 	-0.020303336 	-1.7383658e-09 	-0.00014645757 	-0.0069247411
0.0056516517 	-0.020303405 	-1.6754577e-09 	-0.00013627916 	-0.00673672
0.0056636637 	-0.020303475 	-1.6125497e-09 	-0.00012610075 	-0.0065486989
0.0056756757 	-0.020303544 	-1.5496417e-09 	-0.00011592234 	-0.0063606778
0.0056876877 	-0.020303614 	-1.4886839e-09 	-0.00010615134 	-0.0061681815
0.0056996997 	-0.020303685 	-1.4481054e-09 	-0.00010063777 	-0.00592892
0.0057117117 	-0.020303756 	-1.4075269e-09 	-9.5124209e-05 	-0.0056896584
0.0057237237 	-0.020303827 	-1.3669485e-09 	-8.9610644e-05 	-0.0054503968
0.0057357357 	-0.020303899 	-1.32637e-09 	-8.4097079e-05 	-0.0052111352
0.0057477477 	-0.02030397 	-1.2857916e-09 	-7.8583515e-05 	-0.0049718736
0.0057597598 	-0.020304041 	-1.2452131e-09 	-7.306995e-05 	-0.004732612
0.0057717718 	-0.020304113 	-1.2046346e-09 	-6.7556385e-05 	-0.0044933504
0.0057837838 	-0.020304184 	-1.1640562e-09 	-6.204282e-05 	-0.0042540888
0.0057957958 	-0.020304259 	-1.1058146e-09 	-5.6268141e-05 	-0.0040333156
0.0058078078 	-0.020304336 	-1.0327538e-09 	-5.027439e-05 	-0.003828054
0.0058198198 	-0.020304414 	-9.5969296e-10 	-4.4280639e-05 	-0.0036227924
0.0058318318 	-0.020304491 	-8.8663216e-10 	-3.8286888e-05 	-0.0034175308
0.0058438438 	-0.020304569 	-8.1357136e-10 	-3.2293137e-05 	-0.0032122692
0.0058558559 	-0.020304637 	-7.4616125e-10 	-2.7146838e-05 	-0.0029937518
0.0058678679 	-0.020304676 	-6.9845937e-10 	-2.4956247e-05 	-0.0027290015
0.0058798799 	-0.020304714 	-6.5075749e-10 	-2.2765656e-05 	-0.0024642511
0.0058918919 	-0.020304752 	-6.0305561e-10 	-2.0575065e-05 	-0.0021995008
0.0059039039 	-0.02030479 	-5.5535373e-10 	-1.8384474e-05 	-0.0019347504
0.0059159159 	-0.020304829 	-5.0765184e-10 	-1.6193883e-05 	-0.00167
0.0059279279 	-0.020304867 	-4.5994996e-10 	-1.4003292e-05 	-0.0014052497
0.0059399399 	-0.020304905 	-4.1224808e-10 	-1.1812701e-05 	-0.0011404993
0.005951952 	-0.020304945 	-3.3895702e-10 	-9.495482e-06 	-0.00090273938
0.005963964 	-0.020304987 	-2.5421777e-10 	-7.1216115e-06 	-0.00067705453
0.005975976 	-0.020305028 	-1.6947851e-10 	-4.747741e-06 	-0.00045136969
0.005987988 	-0.020305069 	-8.4739255e-11 	-2.3738705e-06 	-0.00022568484
0.006 	-0.02030511 	-6.0576523e-22 	-1.69698e-17 	-1.6133259e-15
