-0.002 	0.0061460547 	0 	0 	0
-0.001995996 	0.0061460464 	-6.4185756e-15 	3.8449642e-07 	0.0037831729
-0.001991992 	0.0061460381 	-1.2837151e-14 	7.6899284e-07 	0.0075663459
-0.001987988 	0.0061460297 	-1.9255726e-14 	1.1534893e-06 	0.011349519
-0.001983984 	0.0061460214 	-2.5674301e-14 	1.5379857e-06 	0.015132692
-0.00197998 	0.0061460131 	-3.2092876e-14 	1.9224821e-06 	0.018915865
-0.001975976 	0.0061460048 	-3.8511451e-14 	2.3069785e-06 	0.022699038
-0.001971972 	0.0061459964 	-4.4930026e-14 	2.6914749e-06 	0.026482211
-0.001967968 	0.0061459881 	-5.1348601e-14 	3.0759714e-06 	0.030265383
-0.001963964 	0.0061459798 	-5.7767176e-14 	3.4604678e-06 	0.034048556
-0.00195996 	0.0061459715 	-6.4185752e-14 	3.8449642e-06 	0.037831729
-0.001955956 	0.0061459632 	-8.1390794e-14 	4.2280184e-06 	0.041613833
-0.001951952 	0.0061459556 	-1.8422575e-13 	4.5996231e-06 	0.045387451
-0.0019479479 	0.006145948 	-2.870607e-13 	4.9712279e-06 	0.049161068
-0.0019439439 	0.0061459495 	-3.8573486e-13 	5.6165347e-06 	0.052844906
-0.0019399399 	0.0061459647 	-4.7819506e-13 	6.6706034e-06 	0.056394663
-0.0019359359 	0.0061459799 	-5.7065525e-13 	7.7246722e-06 	0.05994442
-0.0019319319 	0.0061459951 	-6.6311544e-13 	8.7787409e-06 	0.063494176
-0.0019279279 	0.0061460103 	-7.5557563e-13 	9.8328097e-06 	0.067043933
-0.0019239239 	0.0061460255 	-8.4803583e-13 	1.0886878e-05 	0.07059369
-0.0019199199 	0.0061460407 	-9.4049602e-13 	1.1940947e-05 	0.074143447
-0.0019159159 	0.0061460558 	-1.0329562e-12 	1.2995016e-05 	0.077693204
-0.0019119119 	0.006146071 	-1.1254164e-12 	1.4049085e-05 	0.08124296
-0.0019079079 	0.0061460862 	-1.2178766e-12 	1.5103153e-05 	0.084792717
-0.0019039039 	0.0061461014 	-1.3103368e-12 	1.6157222e-05 	0.088342474
-0.0018998999 	0.0061461166 	-1.402797e-12 	1.7211291e-05 	0.091892231
-0.0018958959 	0.0061461318 	-1.4975653e-12 	1.8263444e-05 	0.095441568
-0.0018918919 	0.0061461467 	-1.6357211e-12 	1.9279579e-05 	0.09898301
-0.0018878879 	0.0061461616 	-1.7738768e-12 	2.0295714e-05 	0.10252445
-0.0018838839 	0.0061461766 	-1.9120326e-12 	2.1311849e-05 	0.1060659
-0.0018798799 	0.0061461896 	-1.9844708e-12 	2.3130247e-05 	0.10946837
-0.0018758759 	0.0061462025 	-2.0552648e-12 	2.4968717e-05 	0.11286736
-0.0018718719 	0.0061462155 	-2.1260587e-12 	2.6807187e-05 	0.11626635
-0.0018678679 	0.0061462284 	-2.1968526e-12 	2.8645658e-05 	0.11966535
-0.0018638639 	0.0061462413 	-2.2676466e-12 	3.0484128e-05 	0.12306434
-0.0018598599 	0.0061462543 	-2.3384405e-12 	3.2322598e-05 	0.12646334
-0.0018558559 	0.0061462672 	-2.4092345e-12 	3.4161069e-05 	0.12986233
-0.0018518519 	0.0061462802 	-2.4800284e-12 	3.5999539e-05 	0.13326132
-0.0018478478 	0.0061462931 	-2.5508223e-12 	3.7838009e-05 	0.13666032
-0.0018438438 	0.0061463061 	-2.6216163e-12 	3.967648e-05 	0.14005931
-0.0018398398 	0.006146319 	-2.6924102e-12 	4.151495e-05 	0.1434583
-0.0018358358 	0.006146332 	-2.7632042e-12 	4.335342e-05 	0.1468573
-0.0018318318 	0.0061463449 	-2.8339981e-12 	4.5191891e-05 	0.15025629
-0.0018278278 	0.0061463579 	-2.9047921e-12 	4.7030361e-05 	0.15365529
-0.0018238238 	0.0061463706 	-3.0034077e-12 	4.8803931e-05 	0.15704732
-0.0018198198 	0.0061463833 	-3.102996e-12 	5.0575232e-05 	0.16043912
-0.0018158158 	0.006146396 	-3.2025842e-12 	5.2346533e-05 	0.16383091
-0.0018118118 	0.006146406 	-3.2726873e-12 	5.4539215e-05 	0.16714268
-0.0018078078 	0.0061464129 	-3.3106293e-12 	5.7191519e-05 	0.17036716
-0.0018038038 	0.0061464198 	-3.3485714e-12 	5.9843823e-05 	0.17359163
-0.0017997998 	0.0061464267 	-3.3865134e-12 	6.2496126e-05 	0.17681611
-0.0017957958 	0.0061464336 	-3.4244555e-12 	6.514843e-05 	0.18004059
-0.0017917918 	0.0061464405 	-3.4623976e-12 	6.7800734e-05 	0.18326507
-0.0017877878 	0.0061464475 	-3.5003396e-12 	7.0453037e-05 	0.18648955
-0.0017837838 	0.0061464544 	-3.5382817e-12 	7.3105341e-05 	0.18971403
-0.0017797798 	0.0061464613 	-3.5762238e-12 	7.5757645e-05 	0.19293851
-0.0017757758 	0.0061464682 	-3.6141658e-12 	7.8409948e-05 	0.19616299
-0.0017717718 	0.0061464751 	-3.6521079e-12 	8.1062252e-05 	0.19938746
-0.0017677678 	0.0061464821 	-3.69005e-12 	8.3714556e-05 	0.20261194
-0.0017637638 	0.006146489 	-3.727992e-12 	8.6366859e-05 	0.20583642
-0.0017597598 	0.0061464959 	-3.7659341e-12 	8.9019163e-05 	0.2090609
-0.0017557558 	0.0061465028 	-3.8038761e-12 	9.1671467e-05 	0.21228538
-0.0017517518 	0.0061465097 	-3.8418182e-12 	9.432377e-05 	0.21550986
-0.0017477477 	0.0061465166 	-3.8908422e-12 	9.6918841e-05 	0.21873092
-0.0017437437 	0.0061465234 	-3.9476538e-12 	9.9473692e-05 	0.22194958
-0.0017397397 	0.0061465302 	-4.0044653e-12 	0.00010202854 	0.22516824
-0.0017357357 	0.0061465371 	-4.0612768e-12 	0.0001045834 	0.2283869
-0.0017317317 	0.0061465409 	-4.0858814e-12 	0.00010769416 	0.23148096
-0.0017277277 	0.0061465429 	-4.0916436e-12 	0.00011113015 	0.23450212
-0.0017237237 	0.006146545 	-4.0974059e-12 	0.00011456614 	0.23752329
-0.0017197197 	0.0061465471 	-4.1031681e-12 	0.00011800213 	0.24054445
-0.0017157157 	0.0061465491 	-4.1089304e-12 	0.00012143812 	0.24356562
-0.0017117117 	0.0061465512 	-4.1146926e-12 	0.00012487411 	0.24658678
-0.0017077077 	0.0061465533 	-4.1204549e-12 	0.0001283101 	0.24960795
-0.0017037037 	0.0061465553 	-4.1262172e-12 	0.00013174609 	0.25262911
-0.0016996997 	0.0061465574 	-4.1319794e-12 	0.00013518208 	0.25565028
-0.0016956957 	0.0061465594 	-4.1377417e-12 	0.00013861807 	0.25867144
-0.0016916917 	0.0061465615 	-4.1435039e-12 	0.00014205406 	0.26169261
-0.0016876877 	0.0061465636 	-4.1492662e-12 	0.00014549005 	0.26471377
-0.0016836837 	0.0061465656 	-4.1550284e-12 	0.00014892604 	0.26773493
-0.0016796797 	0.0061465677 	-4.1607907e-12 	0.00015236203 	0.2707561
-0.0016756757 	0.0061465698 	-4.1665529e-12 	0.00015579802 	0.27377726
-0.0016716717 	0.0061465718 	-4.1723152e-12 	0.00015923401 	0.27679843
-0.0016676677 	0.0061465739 	-4.1780775e-12 	0.00016267 	0.27981959
-0.0016636637 	0.006146576 	-4.1838397e-12 	0.00016610599 	0.28284076
-0.0016596597 	0.006146578 	-4.1961987e-12 	0.00016946548 	0.28585945
-0.0016556557 	0.00614658 	-4.212855e-12 	0.00017277515 	0.28887654
-0.0016516517 	0.006146582 	-4.2295114e-12 	0.00017608481 	0.29189363
-0.0016476476 	0.0061465841 	-4.2461677e-12 	0.00017939448 	0.29491072
-0.0016436436 	0.0061465857 	-4.258031e-12 	0.00018280124 	0.29790027
-0.0016396396 	0.0061465847 	-4.2339819e-12 	0.00018693555 	0.30068346
-0.0016356356 	0.0061465837 	-4.2099329e-12 	0.00019106986 	0.30346665
-0.0016316316 	0.0061465827 	-4.1858838e-12 	0.00019520416 	0.30624984
-0.0016276276 	0.0061465817 	-4.1618347e-12 	0.00019933847 	0.30903303
-0.0016236236 	0.0061465807 	-4.1377857e-12 	0.00020347277 	0.31181622
-0.0016196196 	0.0061465798 	-4.1137366e-12 	0.00020760708 	0.31459941
-0.0016156156 	0.0061465788 	-4.0896875e-12 	0.00021174139 	0.3173826
-0.0016116116 	0.0061465778 	-4.0656385e-12 	0.00021587569 	0.3201658
-0.0016076076 	0.0061465768 	-4.0415894e-12 	0.00022001 	0.32294899
-0.0016036036 	0.0061465758 	-4.0175404e-12 	0.00022414431 	0.32573218
-0.0015995996 	0.0061465748 	-3.9934913e-12 	0.00022827861 	0.32851537
-0.0015955956 	0.0061465738 	-3.9694422e-12 	0.00023241292 	0.33129856
-0.0015915916 	0.0061465728 	-3.9453932e-12 	0.00023654723 	0.33408175
-0.0015875876 	0.0061465718 	-3.9213441e-12 	0.00024068153 	0.33686494
-0.0015835836 	0.0061465708 	-3.897295e-12 	0.00024481584 	0.33964813
-0.0015795796 	0.0061465698 	-3.873246e-12 	0.00024895014 	0.34243132
-0.0015755756 	0.0061465688 	-3.8491969e-12 	0.00025308445 	0.34521451
-0.0015715716 	0.0061465678 	-3.8251478e-12 	0.00025721876 	0.3479977
-0.0015675676 	0.0061465668 	-3.8010988e-12 	0.00026135306 	0.35078089
-0.0015635636 	0.0061465658 	-3.7770497e-12 	0.00026548737 	0.35356408
-0.0015595596 	0.0061465647 	-3.7657786e-12 	0.00026952017 	0.35634602
-0.0015555556 	0.0061465636 	-3.7607627e-12 	0.00027350328 	0.35912735
-0.0015515516 	0.0061465625 	-3.7557468e-12 	0.00027748639 	0.36190868
-0.0015475475 	0.0061465614 	-3.7507308e-12 	0.00028146949 	0.36469001
-0.0015435435 	0.0061465603 	-3.7457149e-12 	0.0002854526 	0.36747133
-0.0015395395 	0.0061465588 	-3.733796e-12 	0.00028981984 	0.37009191
-0.0015355355 	0.0061465571 	-3.7168947e-12 	0.00029446432 	0.37259645
-0.0015315315 	0.0061465553 	-3.6999934e-12 	0.0002991088 	0.37510099
-0.0015275275 	0.0061465535 	-3.6830921e-12 	0.00030375329 	0.37760554
-0.0015235235 	0.0061465517 	-3.6661908e-12 	0.00030839777 	0.38011008
-0.0015195195 	0.0061465499 	-3.6492895e-12 	0.00031304225 	0.38261462
-0.0015155155 	0.0061465481 	-3.6323882e-12 	0.00031768674 	0.38511917
-0.0015115115 	0.0061465463 	-3.6154869e-12 	0.00032233122 	0.38762371
-0.0015075075 	0.0061465446 	-3.5985856e-12 	0.0003269757 	0.39012825
-0.0015035035 	0.0061465428 	-3.5816843e-12 	0.00033162019 	0.3926328
-0.0014994995 	0.006146541 	-3.564783e-12 	0.00033626467 	0.39513734
-0.0014954955 	0.0061465392 	-3.5478817e-12 	0.00034090915 	0.39764188
-0.0014914915 	0.0061465374 	-3.5309804e-12 	0.00034555364 	0.40014643
-0.0014874875 	0.0061465356 	-3.5140791e-12 	0.00035019812 	0.40265097
-0.0014834835 	0.0061465339 	-3.4971778e-12 	0.00035484261 	0.40515551
-0.0014794795 	0.0061465321 	-3.4802765e-12 	0.00035948709 	0.40766006
-0.0014754755 	0.0061465303 	-3.4633752e-12 	0.00036413157 	0.4101646
-0.0014714715 	0.0061465285 	-3.4464739e-12 	0.00036877606 	0.41266915
-0.0014674675 	0.0061465267 	-3.4295726e-12 	0.00037342054 	0.41517369
-0.0014634635 	0.0061465249 	-3.4126713e-12 	0.00037806502 	0.41767823
-0.0014594595 	0.0061465232 	-3.39577e-12 	0.00038270951 	0.42018278
-0.0014554555 	0.0061465214 	-3.3788687e-12 	0.00038735399 	0.42268732
-0.0014514515 	0.0061465196 	-3.3619674e-12 	0.00039199847 	0.42519186
-0.0014474474 	0.0061465177 	-3.3397278e-12 	0.00039657796 	0.42769676
-0.0014434434 	0.0061465156 	-3.309075e-12 	0.00040105502 	0.4302022
-0.0014394394 	0.0061465135 	-3.2784222e-12 	0.00040553209 	0.43270764
-0.0014354354 	0.0061465114 	-3.2477694e-12 	0.00041000915 	0.43521308
-0.0014314314 	0.0061465094 	-3.2171167e-12 	0.00041448621 	0.43771853
-0.0014274274 	0.0061465073 	-3.1864639e-12 	0.00041896327 	0.44022397
-0.0014234234 	0.0061465068 	-3.1509602e-12 	0.00042364159 	0.44253009
-0.0014194194 	0.0061465073 	-3.112406e-12 	0.00042844648 	0.44471085
-0.0014154154 	0.0061465078 	-3.0738517e-12 	0.00043325137 	0.44689162
-0.0014114114 	0.0061465083 	-3.0352974e-12 	0.00043805626 	0.44907239
-0.0014074074 	0.0061465088 	-2.9967432e-12 	0.00044286115 	0.45125316
-0.0014034034 	0.0061465093 	-2.9581889e-12 	0.00044766604 	0.45343392
-0.0013993994 	0.0061465098 	-2.9196346e-12 	0.00045247093 	0.45561469
-0.0013953954 	0.0061465103 	-2.8810804e-12 	0.00045727582 	0.45779546
-0.0013913914 	0.0061465108 	-2.8425261e-12 	0.00046208072 	0.45997622
-0.0013873874 	0.0061465113 	-2.8039718e-12 	0.00046688561 	0.46215699
-0.0013833834 	0.0061465118 	-2.7654176e-12 	0.0004716905 	0.46433776
-0.0013793794 	0.0061465123 	-2.7268633e-12 	0.00047649539 	0.46651853
-0.0013753754 	0.0061465128 	-2.688309e-12 	0.00048130028 	0.46869929
-0.0013713714 	0.0061465133 	-2.6497548e-12 	0.00048610517 	0.47088006
-0.0013673674 	0.0061465138 	-2.6112005e-12 	0.00049091006 	0.47306083
-0.0013633634 	0.0061465143 	-2.5726462e-12 	0.00049571495 	0.47524159
-0.0013593594 	0.0061465148 	-2.534092e-12 	0.00050051984 	0.47742236
-0.0013553554 	0.0061465153 	-2.4955377e-12 	0.00050532473 	0.47960313
-0.0013513514 	0.0061465158 	-2.4569834e-12 	0.00051012962 	0.4817839
-0.0013473473 	0.0061465163 	-2.4184292e-12 	0.00051493451 	0.48396466
-0.0013433433 	0.0061465168 	-2.3798749e-12 	0.0005197394 	0.48614543
-0.0013393393 	0.0061465173 	-2.3413206e-12 	0.00052454429 	0.4883262
-0.0013353353 	0.0061465178 	-2.3027664e-12 	0.00052934918 	0.49050697
-0.0013313313 	0.0061465183 	-2.2642121e-12 	0.00053415407 	0.49268773
-0.0013273273 	0.0061465188 	-2.2256578e-12 	0.00053895896 	0.4948685
-0.0013233233 	0.0061465193 	-2.1871036e-12 	0.00054376385 	0.49704927
-0.0013193193 	0.0061465196 	-2.1299455e-12 	0.00054851732 	0.49923131
-0.0013153153 	0.0061465194 	-2.0306454e-12 	0.00055315429 	0.50141626
-0.0013113113 	0.0061465193 	-1.9313454e-12 	0.00055779126 	0.50360121
-0.0013073073 	0.0061465191 	-1.8320454e-12 	0.00056242824 	0.50578616
-0.0013033033 	0.0061465189 	-1.7327453e-12 	0.00056706521 	0.50797111
-0.0012992993 	0.0061465188 	-1.6334453e-12 	0.00057170218 	0.51015606
-0.0012952953 	0.0061465186 	-1.5341453e-12 	0.00057633915 	0.512341
-0.0012912913 	0.0061465232 	-1.4842945e-12 	0.00058079722 	0.51424408
-0.0012872873 	0.0061465294 	-1.4503672e-12 	0.00058519767 	0.51605639
-0.0012832833 	0.0061465356 	-1.4164399e-12 	0.00058959812 	0.5178687
-0.0012792793 	0.0061465418 	-1.3825125e-12 	0.00059399857 	0.51968101
-0.0012752753 	0.006146548 	-1.3485852e-12 	0.00059839902 	0.52149332
-0.0012712713 	0.0061465542 	-1.3146579e-12 	0.00060279947 	0.52330563
-0.0012672673 	0.0061465604 	-1.2807306e-12 	0.00060719992 	0.52511795
-0.0012632633 	0.0061465665 	-1.2468032e-12 	0.00061160037 	0.52693026
-0.0012592593 	0.0061465727 	-1.2128759e-12 	0.00061600082 	0.52874257
-0.0012552553 	0.0061465789 	-1.1789486e-12 	0.00062040128 	0.53055488
-0.0012512513 	0.0061465851 	-1.1450212e-12 	0.00062480173 	0.53236719
-0.0012472472 	0.0061465913 	-1.1110939e-12 	0.00062920218 	0.5341795
-0.0012432432 	0.0061465975 	-1.0771666e-12 	0.00063360263 	0.53599181
-0.0012392392 	0.0061466037 	-1.0432392e-12 	0.00063800308 	0.53780412
-0.0012352352 	0.0061466098 	-1.0093119e-12 	0.00064240353 	0.53961643
-0.0012312312 	0.006146616 	-9.7538458e-13 	0.00064680398 	0.54142874
-0.0012272272 	0.0061466222 	-9.4145725e-13 	0.00065120443 	0.54324105
-0.0012232232 	0.0061466284 	-9.0752992e-13 	0.00065560489 	0.54505336
-0.0012192192 	0.0061466346 	-8.7360259e-13 	0.00066000534 	0.54686567
-0.0012152152 	0.0061466408 	-8.3967526e-13 	0.00066440579 	0.54867798
-0.0012112112 	0.006146647 	-8.0574793e-13 	0.00066880624 	0.55049029
-0.0012072072 	0.0061466532 	-7.718206e-13 	0.00067320669 	0.5523026
-0.0012032032 	0.0061466593 	-7.3789327e-13 	0.00067760714 	0.55411492
-0.0011991992 	0.0061466655 	-7.0396594e-13 	0.00068200759 	0.55592723
-0.0011951952 	0.0061466717 	-6.7003861e-13 	0.00068640804 	0.55773954
-0.0011911912 	0.0061466779 	-6.3611128e-13 	0.00069080849 	0.55955185
-0.0011871872 	0.0061466841 	-6.0218395e-13 	0.00069520895 	0.56136416
-0.0011831832 	0.0061466903 	-5.6825662e-13 	0.0006996094 	0.56317647
-0.0011791792 	0.0061466965 	-5.3432928e-13 	0.00070400985 	0.56498878
-0.0011751752 	0.0061467026 	-5.0040195e-13 	0.0007084103 	0.56680109
-0.0011711712 	0.0061467077 	-4.6745706e-13 	0.00071267905 	0.56862047
-0.0011671672 	0.0061467127 	-4.3460306e-13 	0.00071693561 	0.5704405
-0.0011631632 	0.0061467177 	-4.0174907e-13 	0.00072119218 	0.57226053
-0.0011591592 	0.0061467227 	-3.6889507e-13 	0.00072544874 	0.57408056
-0.0011551552 	0.0061467277 	-3.3604108e-13 	0.00072970531 	0.57590059
-0.0011511512 	0.0061467327 	-3.0318708e-13 	0.00073396187 	0.57772062
-0.0011471471 	0.0061467377 	-2.7033308e-13 	0.00073821844 	0.57954065
-0.0011431431 	0.0061467473 	-2.6766344e-13 	0.00074196602 	0.58116132
-0.0011391391 	0.0061467618 	-2.9694893e-13 	0.00074517477 	0.58257094
-0.0011351351 	0.0061467763 	-3.2623442e-13 	0.00074838351 	0.58398056
-0.0011311311 	0.0061467908 	-3.5551991e-13 	0.00075159225 	0.58539018
-0.0011271271 	0.0061468052 	-3.848054e-13 	0.00075480099 	0.58679979
-0.0011231231 	0.0061468197 	-4.1409089e-13 	0.00075800974 	0.58820941
-0.0011191191 	0.0061468342 	-4.4337638e-13 	0.00076121848 	0.58961903
-0.0011151151 	0.0061468487 	-4.7266187e-13 	0.00076442722 	0.59102865
-0.0011111111 	0.0061468632 	-5.0194736e-13 	0.00076763596 	0.59243827
-0.0011071071 	0.0061468777 	-5.3123285e-13 	0.00077084471 	0.59384789
-0.0011031031 	0.0061468922 	-5.6051834e-13 	0.00077405345 	0.59525751
-0.0010990991 	0.0061469067 	-5.8980383e-13 	0.00077726219 	0.59666712
-0.0010950951 	0.0061469212 	-6.1908931e-13 	0.00078047093 	0.59807674
-0.0010910911 	0.0061469357 	-6.483748e-13 	0.00078367968 	0.59948636
-0.0010870871 	0.0061469502 	-6.7766029e-13 	0.00078688842 	0.60089598
-0.0010830831 	0.0061469647 	-7.0694578e-13 	0.00079009716 	0.6023056
-0.0010790791 	0.0061469792 	-7.3623127e-13 	0.0007933059 	0.60371522
-0.0010750751 	0.0061469937 	-7.6551676e-13 	0.00079651465 	0.60512484
-0.0010710711 	0.0061470082 	-7.9480225e-13 	0.00079972339 	0.60653445
-0.0010670671 	0.0061470227 	-8.2408774e-13 	0.00080293213 	0.60794407
-0.0010630631 	0.0061470372 	-8.5337323e-13 	0.00080614087 	0.60935369
-0.0010590591 	0.0061470517 	-8.8265872e-13 	0.00080934962 	0.61076331
-0.0010550551 	0.0061470662 	-9.1194421e-13 	0.00081255836 	0.61217293
-0.0010510511 	0.0061470807 	-9.412297e-13 	0.0008157671 	0.61358255
-0.001047047 	0.0061470952 	-9.7051519e-13 	0.00081897584 	0.61499216
-0.001043043 	0.0061471097 	-9.9980068e-13 	0.00082218459 	0.61640178
-0.001039039 	0.0061471242 	-1.0290862e-12 	0.00082539333 	0.6178114
-0.001035035 	0.0061471387 	-1.0583717e-12 	0.00082860207 	0.61922102
-0.001031031 	0.0061471532 	-1.0876571e-12 	0.00083181081 	0.62063064
-0.001027027 	0.0061471677 	-1.1169426e-12 	0.00083501956 	0.62204026
-0.001023023 	0.0061471822 	-1.1462281e-12 	0.0008382283 	0.62344988
-0.001019019 	0.0061471966 	-1.1755136e-12 	0.00084143704 	0.62485949
-0.001015015 	0.0061472111 	-1.2047991e-12 	0.00084464578 	0.62626911
-0.001011011 	0.0061472256 	-1.2340846e-12 	0.00084785453 	0.62767873
-0.001007007 	0.006147239 	-1.2445614e-12 	0.00085100677 	0.62909527
-0.001003003 	0.0061472517 	-1.2443018e-12 	0.00085412676 	0.63051576
-0.000998999 	0.0061472644 	-1.2440422e-12 	0.00085724676 	0.63193625
-0.00099499499 	0.0061472771 	-1.2437825e-12 	0.00086036675 	0.63335673
-0.00099099099 	0.0061472898 	-1.2435229e-12 	0.00086348674 	0.63477722
-0.00098698699 	0.0061473024 	-1.2432633e-12 	0.00086660674 	0.63619771
-0.00098298298 	0.0061473151 	-1.2430036e-12 	0.00086972673 	0.6376182
-0.00097897898 	0.0061473278 	-1.242744e-12 	0.00087284672 	0.63903868
-0.00097497497 	0.006147343 	-1.2424553e-12 	0.00087555976 	0.64037091
-0.00097097097 	0.0061473673 	-1.2420567e-12 	0.0008767341 	0.64136941
-0.00096696697 	0.0061473916 	-1.2416581e-12 	0.00087790844 	0.64236792
-0.00096296296 	0.006147416 	-1.2412594e-12 	0.00087908279 	0.64336642
-0.00095895896 	0.0061474403 	-1.2408608e-12 	0.00088025713 	0.64436492
-0.00095495495 	0.0061474647 	-1.2404622e-12 	0.00088143147 	0.64536343
-0.00095095095 	0.006147489 	-1.2400635e-12 	0.00088260582 	0.64636193
-0.00094694695 	0.0061475134 	-1.2396649e-12 	0.00088378016 	0.64736043
-0.00094294294 	0.0061475377 	-1.2392663e-12 	0.0008849545 	0.64835894
-0.00093893894 	0.006147562 	-1.2388677e-12 	0.00088612885 	0.64935744
-0.00093493493 	0.0061475864 	-1.238469e-12 	0.00088730319 	0.65035595
-0.00093093093 	0.0061476107 	-1.2380704e-12 	0.00088847753 	0.65135445
-0.00092692693 	0.0061476351 	-1.2376718e-12 	0.00088965188 	0.65235295
-0.00092292292 	0.0061476594 	-1.2372731e-12 	0.00089082622 	0.65335146
-0.00091891892 	0.0061476838 	-1.2368745e-12 	0.00089200056 	0.65434996
-0.00091491491 	0.0061477081 	-1.2364759e-12 	0.00089317491 	0.65534846
-0.00091091091 	0.0061477324 	-1.2360773e-12 	0.00089434925 	0.65634697
-0.00090690691 	0.0061477568 	-1.2356786e-12 	0.00089552359 	0.65734547
-0.0009029029 	0.0061477811 	-1.23528e-12 	0.00089669794 	0.65834398
-0.0008988989 	0.0061478055 	-1.2348814e-12 	0.00089787228 	0.65934248
-0.00089489489 	0.0061478298 	-1.2344827e-12 	0.00089904662 	0.66034098
-0.00089089089 	0.0061478542 	-1.2340841e-12 	0.00090022097 	0.66133949
-0.00088688689 	0.0061478785 	-1.2336855e-12 	0.00090139531 	0.66233799
-0.00088288288 	0.0061479029 	-1.2332869e-12 	0.00090256965 	0.66333649
-0.00087887888 	0.0061479272 	-1.2328882e-12 	0.000903744 	0.664335
-0.00087487487 	0.0061479515 	-1.2324896e-12 	0.00090491834 	0.6653335
-0.00087087087 	0.0061479759 	-1.232091e-12 	0.00090609268 	0.66633201
-0.00086686687 	0.0061480002 	-1.2316923e-12 	0.00090726703 	0.66733051
-0.00086286286 	0.0061480246 	-1.2312937e-12 	0.00090844137 	0.66832901
-0.00085885886 	0.0061480489 	-1.2308951e-12 	0.00090961571 	0.66932752
-0.00085485485 	0.0061480733 	-1.2304965e-12 	0.00091079006 	0.67032602
-0.00085085085 	0.0061480976 	-1.2300978e-12 	0.0009119644 	0.67132452
-0.00084684685 	0.0061481219 	-1.2296992e-12 	0.00091313874 	0.67232303
-0.00084284284 	0.0061481463 	-1.2293006e-12 	0.00091431309 	0.67332153
-0.00083883884 	0.0061481706 	-1.2289019e-12 	0.00091548743 	0.67432004
-0.00083483483 	0.006148195 	-1.2285033e-12 	0.00091666177 	0.67531854
-0.00083083083 	0.0061482193 	-1.2281047e-12 	0.00091783612 	0.67631704
-0.00082682683 	0.0061482437 	-1.2277061e-12 	0.00091901046 	0.67731555
-0.00082282282 	0.006148268 	-1.2273074e-12 	0.00092018481 	0.67831405
-0.00081881882 	0.0061482905 	-1.2058476e-12 	0.0009213545 	0.67932284
-0.00081481481 	0.0061483127 	-1.1795644e-12 	0.00092252313 	0.68033398
-0.00081081081 	0.0061483348 	-1.1532811e-12 	0.00092369176 	0.68134512
-0.00080680681 	0.0061483569 	-1.1269979e-12 	0.00092486039 	0.68235625
-0.0008028028 	0.006148379 	-1.1007146e-12 	0.00092602902 	0.68336739
-0.0007987988 	0.0061484012 	-1.0744314e-12 	0.00092719765 	0.68437853
-0.00079479479 	0.0061484233 	-1.0481481e-12 	0.00092836628 	0.68538967
-0.00079079079 	0.0061484454 	-1.0218649e-12 	0.00092953491 	0.68640081
-0.00078678679 	0.0061484675 	-9.955816e-13 	0.00093070354 	0.68741195
-0.00078278278 	0.006148492 	-9.643783e-13 	0.00093108774 	0.68833035
-0.00077877878 	0.0061485234 	-9.187477e-13 	0.00092917173 	0.68897681
-0.00077477477 	0.0061485547 	-8.7311709e-13 	0.00092725571 	0.68962327
-0.00077077077 	0.006148586 	-8.2748649e-13 	0.0009253397 	0.69026973
-0.00076676677 	0.0061486174 	-7.8185588e-13 	0.00092342369 	0.69091619
-0.00076276276 	0.0061486487 	-7.3622528e-13 	0.00092150767 	0.69156266
-0.00075875876 	0.0061486801 	-6.9059467e-13 	0.00091959166 	0.69220912
-0.00075475475 	0.0061487114 	-6.4496407e-13 	0.00091767565 	0.69285558
-0.00075075075 	0.0061487427 	-5.9933346e-13 	0.00091575963 	0.69350204
-0.00074674675 	0.0061487741 	-5.5370286e-13 	0.00091384362 	0.6941485
-0.00074274274 	0.0061488054 	-5.0807226e-13 	0.00091192761 	0.69479496
-0.00073873874 	0.0061488368 	-4.6244165e-13 	0.00091001159 	0.69544142
-0.00073473473 	0.0061488681 	-4.1681105e-13 	0.00090809558 	0.69608788
-0.00073073073 	0.0061488994 	-3.7118044e-13 	0.00090617957 	0.69673434
-0.00072672673 	0.0061489308 	-3.2554984e-13 	0.00090426355 	0.6973808
-0.00072272272 	0.0061489621 	-2.7991923e-13 	0.00090234754 	0.69802726
-0.00071871872 	0.0061489935 	-2.3428863e-13 	0.00090043152 	0.69867372
-0.00071471471 	0.0061490248 	-1.8865802e-13 	0.00089851551 	0.69932018
-0.00071071071 	0.0061490561 	-1.4302742e-13 	0.0008965995 	0.69996664
-0.00070670671 	0.0061490875 	-9.7396815e-14 	0.00089468348 	0.7006131
-0.0007027027 	0.0061491188 	-5.1766211e-14 	0.00089276747 	0.70125956
-0.0006986987 	0.0061491502 	-6.1356065e-15 	0.00089085146 	0.70190602
-0.00069469469 	0.0061491815 	3.9494998e-14 	0.00088893544 	0.70255248
-0.00069069069 	0.0061492129 	8.5125602e-14 	0.00088701943 	0.70319894
-0.00068668669 	0.0061492442 	1.3075621e-13 	0.00088510342 	0.7038454
-0.00068268268 	0.0061492755 	1.7638681e-13 	0.0008831874 	0.70449186
-0.00067867868 	0.0061493069 	2.2201742e-13 	0.00088127139 	0.70513832
-0.00067467467 	0.0061493382 	2.6764802e-13 	0.00087935538 	0.70578478
-0.00067067067 	0.0061493696 	3.1327862e-13 	0.00087743936 	0.70643124
-0.00066666667 	0.0061494009 	3.5890923e-13 	0.00087552335 	0.7070777
-0.00066266266 	0.0061494322 	4.0453983e-13 	0.00087360734 	0.70772417
-0.00065865866 	0.0061494636 	4.5017044e-13 	0.00087169132 	0.70837063
-0.00065465465 	0.0061494949 	4.9580104e-13 	0.00086977531 	0.70901709
-0.00065065065 	0.0061495263 	5.4143165e-13 	0.00086785929 	0.70966355
-0.00064664665 	0.0061495576 	5.8706225e-13 	0.00086594328 	0.71031001
-0.00064264264 	0.0061495889 	6.3269286e-13 	0.00086402727 	0.71095647
-0.00063863864 	0.0061496203 	6.7832346e-13 	0.00086211125 	0.71160293
-0.00063463463 	0.0061496516 	7.2395406e-13 	0.00086019524 	0.71224939
-0.00063063063 	0.006149683 	7.6958467e-13 	0.00085827923 	0.71289585
-0.00062662663 	0.0061497143 	8.1521527e-13 	0.00085636321 	0.71354231
-0.00062262262 	0.0061497457 	8.6084588e-13 	0.0008544472 	0.71418877
-0.00061861862 	0.006149777 	9.0647648e-13 	0.00085253119 	0.71483523
-0.00061461461 	0.0061498083 	9.5210709e-13 	0.00085061517 	0.71548169
-0.00061061061 	0.0061498397 	9.9773769e-13 	0.00084869916 	0.71612815
-0.00060660661 	0.0061498698 	1.0271327e-12 	0.00084686077 	0.71678335
-0.0006026026 	0.0061498993 	1.0496289e-12 	0.00084505537 	0.71744226
-0.0005985986 	0.0061499289 	1.0721252e-12 	0.00084324996 	0.71810118
-0.00059459459 	0.0061499585 	1.0946214e-12 	0.00084144456 	0.71876009
-0.00059059059 	0.0061499881 	1.1171177e-12 	0.00083963915 	0.719419
-0.00058658659 	0.0061500176 	1.1396139e-12 	0.00083783375 	0.72007791
-0.00058258258 	0.0061500472 	1.1621102e-12 	0.00083602834 	0.72073683
-0.00057857858 	0.0061500768 	1.1846064e-12 	0.00083422294 	0.72139574
-0.00057457457 	0.0061501064 	1.2071027e-12 	0.00083241753 	0.72205465
-0.00057057057 	0.0061501359 	1.2295989e-12 	0.00083061213 	0.72271357
-0.00056656657 	0.0061501655 	1.2520952e-12 	0.00082880673 	0.72337248
-0.00056256256 	0.0061501959 	1.2404148e-12 	0.00082442533 	0.72373284
-0.00055855856 	0.0061502265 	1.2231014e-12 	0.00081961935 	0.72404398
-0.00055455455 	0.006150257 	1.205788e-12 	0.00081481338 	0.72435513
-0.00055055055 	0.0061502876 	1.1884746e-12 	0.0008100074 	0.72466628
-0.00054654655 	0.0061503182 	1.1711612e-12 	0.00080520143 	0.72497743
-0.00054254254 	0.0061503487 	1.1538478e-12 	0.00080039545 	0.72528858
-0.00053853854 	0.0061503793 	1.1365343e-12 	0.00079558948 	0.72559973
-0.00053453453 	0.0061504098 	1.1192209e-12 	0.0007907835 	0.72591088
-0.00053053053 	0.0061504404 	1.1019075e-12 	0.00078597752 	0.72622202
-0.00052652653 	0.0061504709 	1.0845941e-12 	0.00078117155 	0.72653317
-0.00052252252 	0.0061505015 	1.0672807e-12 	0.00077636557 	0.72684432
-0.00051851852 	0.006150532 	1.0499673e-12 	0.0007715596 	0.72715547
-0.00051451451 	0.0061505626 	1.0326539e-12 	0.00076675362 	0.72746662
-0.00051051051 	0.0061505931 	1.0153405e-12 	0.00076194765 	0.72777777
-0.00050650651 	0.0061506246 	9.9759777e-13 	0.00075700892 	0.72808237
-0.0005025025 	0.0061506564 	9.7972632e-13 	0.00075203038 	0.728385
-0.0004984985 	0.0061506882 	9.6185487e-13 	0.00074705184 	0.72868763
-0.00049449449 	0.00615072 	9.4398342e-13 	0.0007420733 	0.72899027
-0.00049049049 	0.0061507518 	9.2611197e-13 	0.00073709475 	0.7292929
-0.00048648649 	0.0061507836 	9.0824052e-13 	0.00073211621 	0.72959553
-0.00048248248 	0.0061508154 	8.9036907e-13 	0.00072713767 	0.72989817
-0.00047847848 	0.0061508471 	8.7249762e-13 	0.00072215913 	0.7302008
-0.00047447447 	0.0061508789 	8.5462617e-13 	0.00071718058 	0.73050343
-0.00047047047 	0.0061509107 	8.3675472e-13 	0.00071220204 	0.73080607
-0.00046646647 	0.0061509425 	8.1888327e-13 	0.0007072235 	0.7311087
-0.00046246246 	0.0061509743 	8.0101182e-13 	0.00070224496 	0.73141133
-0.00045845846 	0.0061510061 	7.8314037e-13 	0.00069726641 	0.73171396
-0.00045445445 	0.0061510379 	7.6526892e-13 	0.00069228787 	0.7320166
-0.00045045045 	0.0061510696 	7.4739746e-13 	0.00068730933 	0.73231923
-0.00044644645 	0.0061511014 	7.2952601e-13 	0.00068233078 	0.73262186
-0.00044244244 	0.0061511332 	7.1165456e-13 	0.00067735224 	0.7329245
-0.00043843844 	0.006151165 	6.9378311e-13 	0.0006723737 	0.73322713
-0.00043443443 	0.0061511968 	6.7591166e-13 	0.00066739516 	0.73352976
-0.00043043043 	0.0061512286 	6.5804021e-13 	0.00066241661 	0.7338324
-0.00042642643 	0.0061512604 	6.4016876e-13 	0.00065743807 	0.73413503
-0.00042242242 	0.0061512921 	6.2229731e-13 	0.00065245953 	0.73443766
-0.00041841842 	0.0061513239 	6.0442586e-13 	0.00064748099 	0.7347403
-0.00041441441 	0.0061513557 	5.8655441e-13 	0.00064250244 	0.73504293
-0.00041041041 	0.0061513875 	5.6868296e-13 	0.0006375239 	0.73534556
-0.00040640641 	0.0061514193 	5.5081151e-13 	0.00063254536 	0.7356482
-0.0004024024 	0.0061514511 	5.3294006e-13 	0.00062756682 	0.73595083
-0.0003983984 	0.0061514829 	5.1506861e-13 	0.00062258827 	0.73625346
-0.00039439439 	0.0061515146 	4.9719716e-13 	0.00061760973 	0.7365561
-0.00039039039 	0.0061515464 	4.7932571e-13 	0.00061263119 	0.73685873
-0.00038638639 	0.0061515782 	4.6145426e-13 	0.00060765265 	0.73716136
-0.00038238238 	0.00615161 	4.4358281e-13 	0.0006026741 	0.737464
-0.00037837838 	0.0061516418 	4.2571136e-13 	0.00059769556 	0.73776663
-0.00037437437 	0.0061516736 	4.0783991e-13 	0.00059271702 	0.73806926
-0.00037037037 	0.0061517054 	3.8996846e-13 	0.00058773848 	0.7383719
-0.00036636637 	0.0061517372 	3.72097e-13 	0.00058275993 	0.73867453
-0.00036236236 	0.0061517689 	3.5422555e-13 	0.00057778139 	0.73897716
-0.00035835836 	0.0061518007 	3.363541e-13 	0.00057280285 	0.7392798
-0.00035435435 	0.0061518325 	3.1848265e-13 	0.00056782431 	0.73958243
-0.00035035035 	0.0061518643 	3.006112e-13 	0.00056284576 	0.73988506
-0.00034634635 	0.0061518961 	2.8273975e-13 	0.00055786722 	0.7401877
-0.00034234234 	0.0061519279 	2.648683e-13 	0.00055288868 	0.74049033
-0.00033833834 	0.0061519597 	2.4699685e-13 	0.00054791014 	0.74079296
-0.00033433433 	0.0061519914 	2.291254e-13 	0.00054293159 	0.74109559
-0.00033033033 	0.0061520232 	2.1125395e-13 	0.00053795305 	0.74139823
-0.00032632633 	0.006152055 	1.933825e-13 	0.00053297451 	0.74170086
-0.00032232232 	0.0061520868 	1.7551105e-13 	0.00052799597 	0.74200349
-0.00031831832 	0.0061521186 	1.576396e-13 	0.00052301742 	0.74230613
-0.00031431431 	0.0061521504 	1.3976815e-13 	0.00051803888 	0.74260876
-0.00031031031 	0.0061521822 	1.218967e-13 	0.00051306034 	0.74291139
-0.00030630631 	0.0061522139 	1.0402525e-13 	0.0005080818 	0.74321403
-0.0003023023 	0.0061522457 	8.6153798e-14 	0.00050310325 	0.74351666
-0.0002982983 	0.0061522775 	6.8282347e-14 	0.00049812471 	0.74381929
-0.00029429429 	0.0061523093 	5.0410897e-14 	0.00049314617 	0.74412193
-0.00029029029 	0.0061523411 	3.2539446e-14 	0.00048816763 	0.74442456
-0.00028628629 	0.0061523729 	1.4667996e-14 	0.00048318908 	0.74472719
-0.00028228228 	0.0061524024 	-6.2417707e-15 	0.00047791249 	0.74499248
-0.00027827828 	0.0061524214 	-4.106338e-14 	0.00047127121 	0.74508678
-0.00027427427 	0.0061524405 	-7.5884989e-14 	0.00046462992 	0.74518108
-0.00027027027 	0.0061524595 	-1.107066e-13 	0.00045798863 	0.74527538
-0.00026626627 	0.0061524785 	-1.4552821e-13 	0.00045134735 	0.74536967
-0.00026226226 	0.0061524976 	-1.8034982e-13 	0.00044470606 	0.74546397
-0.00025825826 	0.0061525166 	-2.1517143e-13 	0.00043806478 	0.74555827
-0.00025425425 	0.0061525357 	-2.4999303e-13 	0.00043142349 	0.74565257
-0.00025025025 	0.0061525547 	-2.8481464e-13 	0.0004247822 	0.74574686
-0.00024624625 	0.0061525738 	-3.1963625e-13 	0.00041814092 	0.74584116
-0.00024224224 	0.0061525928 	-3.5445786e-13 	0.00041149963 	0.74593546
-0.00023823824 	0.0061526118 	-3.8927947e-13 	0.00040485834 	0.74602976
-0.00023423423 	0.0061526309 	-4.2410108e-13 	0.00039821706 	0.74612406
-0.00023023023 	0.0061526499 	-4.5892269e-13 	0.00039157577 	0.74621835
-0.00022622623 	0.006152669 	-4.9541067e-13 	0.00038491905 	0.74631237
-0.00022222222 	0.0061526888 	-5.4874747e-13 	0.00037810633 	0.74640349
-0.00021821822 	0.0061527086 	-6.0208427e-13 	0.0003712936 	0.74649461
-0.00021421421 	0.0061527283 	-6.5542107e-13 	0.00036448087 	0.74658574
-0.00021021021 	0.0061527481 	-7.0875787e-13 	0.00035766815 	0.74667686
-0.00020620621 	0.0061527678 	-7.6209467e-13 	0.00035085542 	0.74676799
-0.0002022022 	0.0061527876 	-8.1543147e-13 	0.00034404269 	0.74685911
-0.0001981982 	0.0061528074 	-8.6876827e-13 	0.00033722997 	0.74695024
-0.00019419419 	0.0061528271 	-9.2210507e-13 	0.00033041724 	0.74704136
-0.00019019019 	0.0061528469 	-9.7544187e-13 	0.00032360451 	0.74713248
-0.00018618619 	0.0061528667 	-1.0287787e-12 	0.00031679179 	0.74722361
-0.00018218218 	0.0061528864 	-1.0821155e-12 	0.00030997906 	0.74731473
-0.00017817818 	0.0061529062 	-1.1354523e-12 	0.00030316633 	0.74740586
-0.00017417417 	0.0061529259 	-1.1887891e-12 	0.00029635361 	0.74749698
-0.00017017017 	0.0061529457 	-1.2421259e-12 	0.00028954088 	0.74758811
-0.00016616617 	0.0061529655 	-1.2954627e-12 	0.00028272815 	0.74767923
-0.00016216216 	0.0061529852 	-1.3487995e-12 	0.00027591543 	0.74777035
-0.00015815816 	0.006153005 	-1.4021363e-12 	0.0002691027 	0.74786148
-0.00015415415 	0.0061530248 	-1.4554731e-12 	0.00026228997 	0.7479526
-0.00015015015 	0.0061530445 	-1.5088099e-12 	0.00025547725 	0.74804373
-0.00014614615 	0.0061530643 	-1.5621467e-12 	0.00024866452 	0.74813485
-0.00014214214 	0.006153084 	-1.6154835e-12 	0.00024185179 	0.74822597
-0.00013813814 	0.0061531038 	-1.6688203e-12 	0.00023503907 	0.7483171
-0.00013413413 	0.0061531236 	-1.7221571e-12 	0.00022822634 	0.74840822
-0.00013013013 	0.0061531433 	-1.7754939e-12 	0.00022141361 	0.74849935
-0.00012612613 	0.0061531631 	-1.8288307e-12 	0.00021460089 	0.74859047
-0.00012212212 	0.0061531828 	-1.8821675e-12 	0.00020778816 	0.7486816
-0.00011811812 	0.0061532026 	-1.9355043e-12 	0.00020097543 	0.74877272
-0.00011411411 	0.0061532224 	-1.9888411e-12 	0.00019416271 	0.74886384
-0.00011011011 	0.0061532421 	-2.0421779e-12 	0.00018734998 	0.74895497
-0.00010610611 	0.0061532619 	-2.0955147e-12 	0.00018053725 	0.74904609
-0.0001021021 	0.0061532817 	-2.1488515e-12 	0.00017372453 	0.74913722
-9.8098098e-05 	0.0061533014 	-2.2021883e-12 	0.0001669118 	0.74922834
-9.4094094e-05 	0.0061533212 	-2.2555251e-12 	0.00016009907 	0.74931947
-9.009009e-05 	0.0061533409 	-2.3088619e-12 	0.00015328635 	0.74941059
-8.6086086e-05 	0.0061533607 	-2.3621987e-12 	0.00014647362 	0.74950171
-8.2082082e-05 	0.0061533805 	-2.4155355e-12 	0.00013966089 	0.74959284
-7.8078078e-05 	0.0061534002 	-2.4688723e-12 	0.00013284817 	0.74968396
-7.4074074e-05 	0.00615342 	-2.5222091e-12 	0.00012603544 	0.74977509
-7.007007e-05 	0.0061534398 	-2.5755459e-12 	0.00011922271 	0.74986621
-6.6066066e-05 	0.0061534595 	-2.6288827e-12 	0.00011240999 	0.74995734
-6.2062062e-05 	0.0061534793 	-2.6822195e-12 	0.00010559726 	0.75004846
-5.8058058e-05 	0.006153499 	-2.7355563e-12 	9.8784533e-05 	0.75013958
-5.4054054e-05 	0.0061535188 	-2.7888931e-12 	9.1971807e-05 	0.75023071
-5.005005e-05 	0.0061535386 	-2.8422299e-12 	8.515908e-05 	0.75032183
-4.6046046e-05 	0.0061535583 	-2.8955667e-12 	7.8346353e-05 	0.75041296
-4.2042042e-05 	0.0061535781 	-2.9489035e-12 	7.1533627e-05 	0.75050408
-3.8038038e-05 	0.0061535979 	-3.0022403e-12 	6.47209e-05 	0.75059521
-3.4034034e-05 	0.0061536176 	-3.0555771e-12 	5.7908173e-05 	0.75068633
-3.003003e-05 	0.0061536374 	-3.1089139e-12 	5.1095447e-05 	0.75077745
-2.6026026e-05 	0.0061536571 	-3.1622507e-12 	4.428272e-05 	0.75086858
-2.2022022e-05 	0.0061536769 	-3.2155875e-12 	3.7469993e-05 	0.7509597
-1.8018018e-05 	0.0061536967 	-3.2689243e-12 	3.0657267e-05 	0.75105083
-1.4014014e-05 	0.0061537164 	-3.3222611e-12 	2.384454e-05 	0.75114195
-1.001001e-05 	0.0061537362 	-3.3755979e-12 	1.7031813e-05 	0.75123308
-6.006006e-06 	0.006153756 	-3.4289346e-12 	1.0219087e-05 	0.7513242
-2.002002e-06 	0.0061537757 	-3.4822714e-12 	3.4063598e-06 	0.75141532
2.002002e-06 	0.0061537761 	-3.51792e-12 	-3.3206467e-06 	0.75141374
6.006006e-06 	0.006153757 	-3.5358802e-12 	-9.9619331e-06 	0.75131944
1.001001e-05 	0.006153738 	-3.5538405e-12 	-1.6603219e-05 	0.75122514
1.4014014e-05 	0.0061537189 	-3.5718007e-12 	-2.3244506e-05 	0.75113084
1.8018018e-05 	0.0061536999 	-3.589761e-12 	-2.9885792e-05 	0.75103655
2.2022022e-05 	0.0061536809 	-3.6077213e-12 	-3.6527079e-05 	0.75094225
2.6026026e-05 	0.0061536618 	-3.6256815e-12 	-4.3168365e-05 	0.75084795
3.003003e-05 	0.0061536428 	-3.6436418e-12 	-4.9809651e-05 	0.75075365
3.4034034e-05 	0.0061536237 	-3.661602e-12 	-5.6450938e-05 	0.75065936
3.8038038e-05 	0.0061536047 	-3.6795623e-12 	-6.3092224e-05 	0.75056506
4.2042042e-05 	0.0061535857 	-3.6975225e-12 	-6.973351e-05 	0.75047076
4.6046046e-05 	0.0061535666 	-3.7154828e-12 	-7.6374797e-05 	0.75037646
5.005005e-05 	0.0061535476 	-3.733443e-12 	-8.3016083e-05 	0.75028216
5.4054054e-05 	0.0061535285 	-3.7514033e-12 	-8.965737e-05 	0.75018787
5.8058058e-05 	0.0061535092 	-3.7762849e-12 	-9.6369075e-05 	0.75009487
6.2062062e-05 	0.0061534894 	-3.8110955e-12 	-0.0001031818 	0.75000375
6.6066066e-05 	0.0061534697 	-3.8459061e-12 	-0.00010999453 	0.74991262
7.007007e-05 	0.0061534499 	-3.8807168e-12 	-0.00011680726 	0.7498215
7.4074074e-05 	0.0061534301 	-3.9155274e-12 	-0.00012361998 	0.74973038
7.8078078e-05 	0.0061534104 	-3.9503381e-12 	-0.00013043271 	0.74963925
8.2082082e-05 	0.0061533906 	-3.9851487e-12 	-0.00013724544 	0.74954813
8.6086086e-05 	0.0061533709 	-4.0199593e-12 	-0.00014405816 	0.749457
9.009009e-05 	0.0061533511 	-4.05477e-12 	-0.00015087089 	0.74936588
9.4094094e-05 	0.0061533313 	-4.0895806e-12 	-0.00015768362 	0.74927475
9.8098098e-05 	0.0061533116 	-4.1243913e-12 	-0.00016449634 	0.74918363
0.0001021021 	0.0061532918 	-4.1592019e-12 	-0.00017130907 	0.74909251
0.00010610611 	0.006153272 	-4.1940125e-12 	-0.0001781218 	0.74900138
0.00011011011 	0.0061532523 	-4.2288232e-12 	-0.00018493452 	0.74891026
0.00011411411 	0.0061532325 	-4.2636338e-12 	-0.00019174725 	0.74881913
0.00011811812 	0.0061532128 	-4.2984445e-12 	-0.00019855998 	0.74872801
0.00012212212 	0.006153193 	-4.3332551e-12 	-0.0002053727 	0.74863688
0.00012612613 	0.0061531732 	-4.3680658e-12 	-0.00021218543 	0.74854576
0.00013013013 	0.0061531535 	-4.4028764e-12 	-0.00021899816 	0.74845464
0.00013413413 	0.0061531337 	-4.437687e-12 	-0.00022581088 	0.74836351
0.00013813814 	0.0061531139 	-4.4724977e-12 	-0.00023262361 	0.74827239
0.00014214214 	0.0061530942 	-4.5073083e-12 	-0.00023943634 	0.74818126
0.00014614615 	0.0061530744 	-4.542119e-12 	-0.00024624906 	0.74809014
0.00015015015 	0.0061530547 	-4.5769296e-12 	-0.00025306179 	0.74799901
0.00015415415 	0.0061530349 	-4.6117402e-12 	-0.00025987452 	0.74790789
0.00015815816 	0.0061530151 	-4.6465509e-12 	-0.00026668724 	0.74781677
0.00016216216 	0.0061529954 	-4.6813615e-12 	-0.00027349997 	0.74772564
0.00016616617 	0.0061529756 	-4.7161722e-12 	-0.0002803127 	0.74763452
0.00017017017 	0.0061529558 	-4.7509828e-12 	-0.00028712542 	0.74754339
0.00017417417 	0.0061529361 	-4.7857935e-12 	-0.00029393815 	0.74745227
0.00017817818 	0.0061529163 	-4.8206041e-12 	-0.00030075088 	0.74736114
0.00018218218 	0.0061528966 	-4.8554147e-12 	-0.0003075636 	0.74727002
0.00018618619 	0.0061528768 	-4.8902254e-12 	-0.00031437633 	0.7471789
0.00019019019 	0.006152857 	-4.925036e-12 	-0.00032118906 	0.74708777
0.00019419419 	0.0061528373 	-4.9598467e-12 	-0.00032800178 	0.74699665
0.0001981982 	0.0061528175 	-4.9946573e-12 	-0.00033481451 	0.74690552
0.0002022022 	0.0061527978 	-5.0294679e-12 	-0.00034162724 	0.7468144
0.00020620621 	0.006152778 	-5.0642786e-12 	-0.00034843996 	0.74672327
0.00021021021 	0.0061527582 	-5.0990892e-12 	-0.00035525269 	0.74663215
0.00021421421 	0.0061527385 	-5.1338999e-12 	-0.00036206542 	0.74654103
0.00021821822 	0.0061527187 	-5.1687105e-12 	-0.00036887814 	0.7464499
0.00022222222 	0.0061526989 	-5.2035211e-12 	-0.00037569087 	0.74635878
0.00022622623 	0.0061526792 	-5.2383318e-12 	-0.0003825036 	0.74626765
0.00023023023 	0.0061526594 	-5.2731424e-12 	-0.00038931632 	0.74617653
0.00023423423 	0.0061526397 	-5.3079531e-12 	-0.00039612905 	0.7460854
0.00023823824 	0.0061526199 	-5.3427637e-12 	-0.00040294178 	0.74599428
0.00024224224 	0.0061526001 	-5.3775744e-12 	-0.0004097545 	0.74590316
0.00024624625 	0.0061525804 	-5.412385e-12 	-0.00041656723 	0.74581203
0.00025025025 	0.0061525606 	-5.4471956e-12 	-0.00042337996 	0.74572091
0.00025425425 	0.0061525408 	-5.4820063e-12 	-0.00043019268 	0.74562978
0.00025825826 	0.0061525211 	-5.5168169e-12 	-0.00043700541 	0.74553866
0.00026226226 	0.0061525013 	-5.5516276e-12 	-0.00044381814 	0.74544753
0.00026626627 	0.0061524816 	-5.5864382e-12 	-0.00045063086 	0.74535641
0.00027027027 	0.0061524618 	-5.6212488e-12 	-0.00045744359 	0.74526529
0.00027427427 	0.006152442 	-5.6560595e-12 	-0.00046425632 	0.74517416
0.00027827828 	0.0061524223 	-5.6908701e-12 	-0.00047106904 	0.74508304
0.00028228228 	0.0061524025 	-5.7256808e-12 	-0.00047788177 	0.74499191
0.00028628629 	0.0061523739 	-5.7614899e-12 	-0.00048304746 	0.7447202
0.00029029029 	0.0061523433 	-5.7975171e-12 	-0.00048785343 	0.74440906
0.00029429429 	0.0061523128 	-5.8335443e-12 	-0.00049265941 	0.74409791
0.0002982983 	0.0061522822 	-5.8695715e-12 	-0.00049746538 	0.74378676
0.0003023023 	0.0061522517 	-5.9055987e-12 	-0.00050227136 	0.74347561
0.00030630631 	0.0061522211 	-5.9416259e-12 	-0.00050707733 	0.74316446
0.00031031031 	0.0061521906 	-5.9776532e-12 	-0.00051188331 	0.74285331
0.00031431431 	0.00615216 	-6.0136804e-12 	-0.00051668929 	0.74254216
0.00031831832 	0.0061521295 	-6.0497076e-12 	-0.00052149526 	0.74223102
0.00032232232 	0.0061520989 	-6.0857348e-12 	-0.00052630124 	0.74191987
0.00032632633 	0.0061520684 	-6.121762e-12 	-0.00053110721 	0.74160872
0.00033033033 	0.0061520378 	-6.1577892e-12 	-0.00053591319 	0.74129757
0.00033433433 	0.0061520072 	-6.1938164e-12 	-0.00054071916 	0.74098642
0.00033833834 	0.0061519767 	-6.2298436e-12 	-0.00054552514 	0.74067527
0.00034234234 	0.0061519452 	-6.2522446e-12 	-0.00055045735 	0.74037035
0.00034634635 	0.0061519135 	-6.2696439e-12 	-0.00055543589 	0.74006772
0.00035035035 	0.0061518817 	-6.2870433e-12 	-0.00056041443 	0.73976509
0.00035435435 	0.0061518499 	-6.3044427e-12 	-0.00056539298 	0.73946245
0.00035835836 	0.0061518181 	-6.3218421e-12 	-0.00057037152 	0.73915982
0.00036236236 	0.0061517863 	-6.3392414e-12 	-0.00057535006 	0.73885719
0.00036636637 	0.0061517545 	-6.3566408e-12 	-0.0005803286 	0.73855455
0.00037037037 	0.0061517227 	-6.3740402e-12 	-0.00058530715 	0.73825192
0.00037437437 	0.0061516909 	-6.3914395e-12 	-0.00059028569 	0.73794929
0.00037837838 	0.0061516592 	-6.4088389e-12 	-0.00059526423 	0.73764665
0.00038238238 	0.0061516274 	-6.4262383e-12 	-0.00060024277 	0.73734402
0.00038638639 	0.0061515956 	-6.4436377e-12 	-0.00060522132 	0.73704139
0.00039039039 	0.0061515638 	-6.461037e-12 	-0.00061019986 	0.73673875
0.00039439439 	0.006151532 	-6.4784364e-12 	-0.0006151784 	0.73643612
0.0003983984 	0.0061515002 	-6.4958358e-12 	-0.00062015694 	0.73613349
0.0004024024 	0.0061514684 	-6.5132351e-12 	-0.00062513549 	0.73583085
0.00040640641 	0.0061514367 	-6.5306345e-12 	-0.00063011403 	0.73552822
0.00041041041 	0.0061514049 	-6.5480339e-12 	-0.00063509257 	0.73522559
0.00041441441 	0.0061513731 	-6.5654333e-12 	-0.00064007111 	0.73492295
0.00041841842 	0.0061513413 	-6.5828326e-12 	-0.00064504966 	0.73462032
0.00042242242 	0.0061513095 	-6.600232e-12 	-0.0006500282 	0.73431769
0.00042642643 	0.0061512777 	-6.6176314e-12 	-0.00065500674 	0.73401505
0.00043043043 	0.0061512459 	-6.6350307e-12 	-0.00065998528 	0.73371242
0.00043443443 	0.0061512142 	-6.6524301e-12 	-0.00066496383 	0.73340979
0.00043843844 	0.0061511824 	-6.6698295e-12 	-0.00066994237 	0.73310715
0.00044244244 	0.0061511506 	-6.6872289e-12 	-0.00067492091 	0.73280452
0.00044644645 	0.0061511188 	-6.7046282e-12 	-0.00067989945 	0.73250189
0.00045045045 	0.006151087 	-6.7220276e-12 	-0.000684878 	0.73219926
0.00045445445 	0.0061510552 	-6.739427e-12 	-0.00068985654 	0.73189662
0.00045845846 	0.0061510234 	-6.7568263e-12 	-0.00069483508 	0.73159399
0.00046246246 	0.0061509917 	-6.7742257e-12 	-0.00069981362 	0.73129136
0.00046646647 	0.0061509599 	-6.7916251e-12 	-0.00070479217 	0.73098872
0.00047047047 	0.0061509281 	-6.8090245e-12 	-0.00070977071 	0.73068609
0.00047447447 	0.0061508963 	-6.8264238e-12 	-0.00071474925 	0.73038346
0.00047847848 	0.0061508645 	-6.8438232e-12 	-0.00071972779 	0.73008082
0.00048248248 	0.0061508327 	-6.8612226e-12 	-0.00072470634 	0.72977819
0.00048648649 	0.0061508009 	-6.8786219e-12 	-0.00072968488 	0.72947556
0.00049049049 	0.0061507691 	-6.8960213e-12 	-0.00073466342 	0.72917292
0.00049449449 	0.0061507374 	-6.9134207e-12 	-0.00073964196 	0.72887029
0.0004984985 	0.0061507056 	-6.9308201e-12 	-0.00074462051 	0.72856766
0.0005025025 	0.0061506738 	-6.9482194e-12 	-0.00074959905 	0.72826502
0.00050650651 	0.006150642 	-6.9656188e-12 	-0.00075457759 	0.72796239
0.00051051051 	0.0061506102 	-6.9830182e-12 	-0.00075955613 	0.72765976
0.00051451451 	0.0061505784 	-7.0004175e-12 	-0.00076453468 	0.72735712
0.00051851852 	0.0061505466 	-7.0178169e-12 	-0.00076951322 	0.72705449
0.00052252252 	0.0061505149 	-7.0352163e-12 	-0.00077449176 	0.72675186
0.00052652653 	0.0061504831 	-7.0526157e-12 	-0.0007794703 	0.72644922
0.00053053053 	0.0061504513 	-7.070015e-12 	-0.00078444885 	0.72614659
0.00053453453 	0.0061504195 	-7.0874144e-12 	-0.00078942739 	0.72584396
0.00053853854 	0.0061503877 	-7.1048138e-12 	-0.00079440593 	0.72554132
0.00054254254 	0.0061503559 	-7.1222131e-12 	-0.00079938447 	0.72523869
0.00054654655 	0.0061503241 	-7.1396125e-12 	-0.00080436302 	0.72493606
0.00055055055 	0.0061502924 	-7.1570119e-12 	-0.00080934156 	0.72463342
0.00055455455 	0.0061502606 	-7.1744113e-12 	-0.0008143201 	0.72433079
0.00055855856 	0.0061502288 	-7.1918106e-12 	-0.00081929864 	0.72402816
0.00056256256 	0.006150197 	-7.20921e-12 	-0.00082427719 	0.72372552
0.00056656657 	0.0061501655 	-7.2273319e-12 	-0.00082880673 	0.72337248
0.00057057057 	0.0061501359 	-7.2498375e-12 	-0.00083061213 	0.72271357
0.00057457457 	0.0061501064 	-7.272343e-12 	-0.00083241754 	0.72205465
0.00057857858 	0.0061500768 	-7.2948486e-12 	-0.00083422294 	0.72139574
0.00058258258 	0.0061500472 	-7.3173542e-12 	-0.00083602835 	0.72073683
0.00058658659 	0.0061500176 	-7.3398598e-12 	-0.00083783375 	0.72007791
0.00059059059 	0.0061499881 	-7.3623653e-12 	-0.00083963916 	0.719419
0.00059459459 	0.0061499585 	-7.3848709e-12 	-0.00084144456 	0.71876009
0.0005985986 	0.0061499289 	-7.4073765e-12 	-0.00084324997 	0.71810118
0.0006026026 	0.0061498993 	-7.4298821e-12 	-0.00084505537 	0.71744226
0.00060660661 	0.0061498698 	-7.4523876e-12 	-0.00084686077 	0.71678335
0.00061061061 	0.0061498397 	-7.4683953e-12 	-0.00084869916 	0.71612815
0.00061461461 	0.0061498083 	-7.4691106e-12 	-0.00085061518 	0.71548169
0.00061861862 	0.006149777 	-7.469826e-12 	-0.00085253119 	0.71483523
0.00062262262 	0.0061497456 	-7.4705413e-12 	-0.0008544472 	0.71418877
0.00062662663 	0.0061497143 	-7.4712567e-12 	-0.00085636322 	0.71354231
0.00063063063 	0.006149683 	-7.471972e-12 	-0.00085827923 	0.71289585
0.00063463463 	0.0061496516 	-7.4726874e-12 	-0.00086019524 	0.71224939
0.00063863864 	0.0061496203 	-7.4734027e-12 	-0.00086211126 	0.71160293
0.00064264264 	0.0061495889 	-7.4741181e-12 	-0.00086402727 	0.71095647
0.00064664665 	0.0061495576 	-7.4748334e-12 	-0.00086594328 	0.71031001
0.00065065065 	0.0061495263 	-7.4755488e-12 	-0.0008678593 	0.70966355
0.00065465465 	0.0061494949 	-7.4762641e-12 	-0.00086977531 	0.70901709
0.00065865866 	0.0061494636 	-7.4769795e-12 	-0.00087169132 	0.70837063
0.00066266266 	0.0061494322 	-7.4776948e-12 	-0.00087360734 	0.70772417
0.00066666667 	0.0061494009 	-7.4784102e-12 	-0.00087552335 	0.7070777
0.00067067067 	0.0061493696 	-7.4791255e-12 	-0.00087743937 	0.70643124
0.00067467467 	0.0061493382 	-7.4798409e-12 	-0.00087935538 	0.70578478
0.00067867868 	0.0061493069 	-7.4805562e-12 	-0.00088127139 	0.70513832
0.00068268268 	0.0061492755 	-7.4812715e-12 	-0.00088318741 	0.70449186
0.00068668669 	0.0061492442 	-7.4819869e-12 	-0.00088510342 	0.7038454
0.00069069069 	0.0061492128 	-7.4827022e-12 	-0.00088701943 	0.70319894
0.00069469469 	0.0061491815 	-7.4834176e-12 	-0.00088893545 	0.70255248
0.0006986987 	0.0061491502 	-7.4841329e-12 	-0.00089085146 	0.70190602
0.0007027027 	0.0061491188 	-7.4848483e-12 	-0.00089276747 	0.70125956
0.00070670671 	0.0061490875 	-7.4855636e-12 	-0.00089468349 	0.7006131
0.00071071071 	0.0061490561 	-7.486279e-12 	-0.0008965995 	0.69996664
0.00071471471 	0.0061490248 	-7.4869943e-12 	-0.00089851551 	0.69932018
0.00071871872 	0.0061489935 	-7.4877097e-12 	-0.00090043153 	0.69867372
0.00072272272 	0.0061489621 	-7.488425e-12 	-0.00090234754 	0.69802726
0.00072672673 	0.0061489308 	-7.4891404e-12 	-0.00090426355 	0.6973808
0.00073073073 	0.0061488994 	-7.4898557e-12 	-0.00090617957 	0.69673434
0.00073473473 	0.0061488681 	-7.4905711e-12 	-0.00090809558 	0.69608788
0.00073873874 	0.0061488367 	-7.4912864e-12 	-0.00091001159 	0.69544142
0.00074274274 	0.0061488054 	-7.4920018e-12 	-0.00091192761 	0.69479496
0.00074674675 	0.0061487741 	-7.4927171e-12 	-0.00091384362 	0.6941485
0.00075075075 	0.0061487427 	-7.4934325e-12 	-0.00091575964 	0.69350204
0.00075475475 	0.0061487114 	-7.4941478e-12 	-0.00091767565 	0.69285558
0.00075875876 	0.00614868 	-7.4948632e-12 	-0.00091959166 	0.69220912
0.00076276276 	0.0061486487 	-7.4955785e-12 	-0.00092150768 	0.69156266
0.00076676677 	0.0061486174 	-7.4962938e-12 	-0.00092342369 	0.69091619
0.00077077077 	0.006148586 	-7.4970092e-12 	-0.0009253397 	0.69026973
0.00077477477 	0.0061485547 	-7.4977245e-12 	-0.00092725572 	0.68962327
0.00077877878 	0.0061485233 	-7.4984399e-12 	-0.00092917173 	0.68897681
0.00078278278 	0.006148492 	-7.4991552e-12 	-0.00093108774 	0.68833035
0.00078678679 	0.0061484675 	-7.4797095e-12 	-0.00093070354 	0.68741195
0.00079079079 	0.0061484454 	-7.4533883e-12 	-0.00092953491 	0.68640081
0.00079479479 	0.0061484233 	-7.4270671e-12 	-0.00092836628 	0.68538967
0.0007987988 	0.0061484011 	-7.4007458e-12 	-0.00092719765 	0.68437853
0.0008028028 	0.006148379 	-7.3744246e-12 	-0.00092602902 	0.68336739
0.00080680681 	0.0061483569 	-7.3481034e-12 	-0.00092486039 	0.68235625
0.00081081081 	0.0061483348 	-7.3217822e-12 	-0.00092369176 	0.68134512
0.00081481481 	0.0061483126 	-7.295461e-12 	-0.00092252313 	0.68033398
0.00081881882 	0.0061482905 	-7.2691398e-12 	-0.0009213545 	0.67932284
0.00082282282 	0.006148268 	-7.2429714e-12 	-0.00092018481 	0.67831405
0.00082682683 	0.0061482436 	-7.21747e-12 	-0.00091901046 	0.67731555
0.00083083083 	0.0061482193 	-7.1919685e-12 	-0.00091783612 	0.67631704
0.00083483483 	0.006148195 	-7.1664671e-12 	-0.00091666178 	0.67531854
0.00083883884 	0.0061481706 	-7.1409657e-12 	-0.00091548743 	0.67432004
0.00084284284 	0.0061481463 	-7.1154643e-12 	-0.00091431309 	0.67332153
0.00084684685 	0.0061481219 	-7.0899628e-12 	-0.00091313875 	0.67232303
0.00085085085 	0.0061480976 	-7.0644614e-12 	-0.0009119644 	0.67132452
0.00085485485 	0.0061480732 	-7.03896e-12 	-0.00091079006 	0.67032602
0.00085885886 	0.0061480489 	-7.0134586e-12 	-0.00090961572 	0.66932752
0.00086286286 	0.0061480245 	-6.9879571e-12 	-0.00090844137 	0.66832901
0.00086686687 	0.0061480002 	-6.9624557e-12 	-0.00090726703 	0.66733051
0.00087087087 	0.0061479759 	-6.9369543e-12 	-0.00090609269 	0.66633201
0.00087487487 	0.0061479515 	-6.9114529e-12 	-0.00090491834 	0.6653335
0.00087887888 	0.0061479272 	-6.8859514e-12 	-0.000903744 	0.664335
0.00088288288 	0.0061479028 	-6.86045e-12 	-0.00090256966 	0.66333649
0.00088688689 	0.0061478785 	-6.8349486e-12 	-0.00090139531 	0.66233799
0.00089089089 	0.0061478541 	-6.8094471e-12 	-0.00090022097 	0.66133949
0.00089489489 	0.0061478298 	-6.7839457e-12 	-0.00089904663 	0.66034098
0.0008988989 	0.0061478055 	-6.7584443e-12 	-0.00089787228 	0.65934248
0.0009029029 	0.0061477811 	-6.7329429e-12 	-0.00089669794 	0.65834398
0.00090690691 	0.0061477568 	-6.7074414e-12 	-0.0008955236 	0.65734547
0.00091091091 	0.0061477324 	-6.68194e-12 	-0.00089434925 	0.65634697
0.00091491491 	0.0061477081 	-6.6564386e-12 	-0.00089317491 	0.65534846
0.00091891892 	0.0061476837 	-6.6309372e-12 	-0.00089200057 	0.65434996
0.00092292292 	0.0061476594 	-6.6054357e-12 	-0.00089082622 	0.65335146
0.00092692693 	0.0061476351 	-6.5799343e-12 	-0.00088965188 	0.65235295
0.00093093093 	0.0061476107 	-6.5544329e-12 	-0.00088847754 	0.65135445
0.00093493493 	0.0061475864 	-6.5289315e-12 	-0.00088730319 	0.65035595
0.00093893894 	0.006147562 	-6.50343e-12 	-0.00088612885 	0.64935744
0.00094294294 	0.0061475377 	-6.4779286e-12 	-0.0008849545 	0.64835894
0.00094694695 	0.0061475133 	-6.4524272e-12 	-0.00088378016 	0.64736043
0.00095095095 	0.006147489 	-6.4269258e-12 	-0.00088260582 	0.64636193
0.00095495495 	0.0061474646 	-6.4014243e-12 	-0.00088143147 	0.64536343
0.00095895896 	0.0061474403 	-6.3759229e-12 	-0.00088025713 	0.64436492
0.00096296296 	0.006147416 	-6.3504215e-12 	-0.00087908279 	0.64336642
0.00096696697 	0.0061473916 	-6.3249201e-12 	-0.00087790844 	0.64236792
0.00097097097 	0.0061473673 	-6.2994186e-12 	-0.0008767341 	0.64136941
0.00097497497 	0.0061473429 	-6.2739172e-12 	-0.00087555976 	0.64037091
0.00097897898 	0.0061473278 	-6.2454074e-12 	-0.00087284672 	0.63903868
0.00098298298 	0.0061473151 	-6.2161019e-12 	-0.00086972673 	0.6376182
0.00098698699 	0.0061473024 	-6.1867964e-12 	-0.00086660674 	0.63619771
0.00099099099 	0.0061472897 	-6.1574909e-12 	-0.00086348675 	0.63477722
0.00099499499 	0.006147277 	-6.1281854e-12 	-0.00086036675 	0.63335673
0.000998999 	0.0061472643 	-6.0988799e-12 	-0.00085724676 	0.63193625
0.001003003 	0.0061472517 	-6.0695744e-12 	-0.00085412677 	0.63051576
0.001007007 	0.006147239 	-6.0402689e-12 	-0.00085100677 	0.62909527
0.001011011 	0.0061472256 	-6.0212065e-12 	-0.00084785453 	0.62767873
0.001015015 	0.0061472111 	-6.0200886e-12 	-0.00084464579 	0.62626911
0.001019019 	0.0061471966 	-6.0189707e-12 	-0.00084143704 	0.62485949
0.001023023 	0.0061471821 	-6.0178528e-12 	-0.0008382283 	0.62344988
0.001027027 	0.0061471676 	-6.0167348e-12 	-0.00083501956 	0.62204026
0.001031031 	0.0061471531 	-6.0156169e-12 	-0.00083181082 	0.62063064
0.001035035 	0.0061471386 	-6.014499e-12 	-0.00082860207 	0.61922102
0.001039039 	0.0061471242 	-6.0133811e-12 	-0.00082539333 	0.6178114
0.001043043 	0.0061471097 	-6.0122632e-12 	-0.00082218459 	0.61640178
0.001047047 	0.0061470952 	-6.0111453e-12 	-0.00081897585 	0.61499216
0.0010510511 	0.0061470807 	-6.0100273e-12 	-0.0008157671 	0.61358255
0.0010550551 	0.0061470662 	-6.0089094e-12 	-0.00081255836 	0.61217293
0.0010590591 	0.0061470517 	-6.0077915e-12 	-0.00080934962 	0.61076331
0.0010630631 	0.0061470372 	-6.0066736e-12 	-0.00080614088 	0.60935369
0.0010670671 	0.0061470227 	-6.0055557e-12 	-0.00080293213 	0.60794407
0.0010710711 	0.0061470082 	-6.0044378e-12 	-0.00079972339 	0.60653445
0.0010750751 	0.0061469937 	-6.0033199e-12 	-0.00079651465 	0.60512484
0.0010790791 	0.0061469792 	-6.0022019e-12 	-0.00079330591 	0.60371522
0.0010830831 	0.0061469647 	-6.001084e-12 	-0.00079009716 	0.6023056
0.0010870871 	0.0061469502 	-5.9999661e-12 	-0.00078688842 	0.60089598
0.0010910911 	0.0061469357 	-5.9988482e-12 	-0.00078367968 	0.59948636
0.0010950951 	0.0061469212 	-5.9977303e-12 	-0.00078047094 	0.59807674
0.0010990991 	0.0061469067 	-5.9966124e-12 	-0.00077726219 	0.59666712
0.0011031031 	0.0061468922 	-5.9954944e-12 	-0.00077405345 	0.59525751
0.0011071071 	0.0061468777 	-5.9943765e-12 	-0.00077084471 	0.59384789
0.0011111111 	0.0061468632 	-5.9932586e-12 	-0.00076763597 	0.59243827
0.0011151151 	0.0061468487 	-5.9921407e-12 	-0.00076442722 	0.59102865
0.0011191191 	0.0061468342 	-5.9910228e-12 	-0.00076121848 	0.58961903
0.0011231231 	0.0061468197 	-5.9899049e-12 	-0.00075800974 	0.58820941
0.0011271271 	0.0061468052 	-5.9887869e-12 	-0.000754801 	0.58679979
0.0011311311 	0.0061467908 	-5.987669e-12 	-0.00075159225 	0.58539018
0.0011351351 	0.0061467763 	-5.9865511e-12 	-0.00074838351 	0.58398056
0.0011391391 	0.0061467618 	-5.9854332e-12 	-0.00074517477 	0.58257094
0.0011431431 	0.0061467473 	-5.9843153e-12 	-0.00074196603 	0.58116132
0.0011471471 	0.0061467377 	-5.9837722e-12 	-0.00073821844 	0.57954065
0.0011511512 	0.0061467327 	-5.9837722e-12 	-0.00073396188 	0.57772062
0.0011551552 	0.0061467277 	-5.9837722e-12 	-0.00072970531 	0.57590059
0.0011591592 	0.0061467227 	-5.9837722e-12 	-0.00072544875 	0.57408056
0.0011631632 	0.0061467177 	-5.9837722e-12 	-0.00072119218 	0.57226053
0.0011671672 	0.0061467127 	-5.9837722e-12 	-0.00071693562 	0.5704405
0.0011711712 	0.0061467077 	-5.9837722e-12 	-0.00071267905 	0.56862047
0.0011751752 	0.0061467026 	-5.9865858e-12 	-0.0007084103 	0.56680109
0.0011791792 	0.0061466965 	-6.0198089e-12 	-0.00070400985 	0.56498878
0.0011831832 	0.0061466903 	-6.053032e-12 	-0.0006996094 	0.56317647
0.0011871872 	0.0061466841 	-6.086255e-12 	-0.00069520895 	0.56136416
0.0011911912 	0.0061466779 	-6.1194781e-12 	-0.0006908085 	0.55955185
0.0011951952 	0.0061466717 	-6.1527012e-12 	-0.00068640805 	0.55773954
0.0011991992 	0.0061466655 	-6.1859242e-12 	-0.0006820076 	0.55592723
0.0012032032 	0.0061466593 	-6.2191473e-12 	-0.00067760714 	0.55411492
0.0012072072 	0.0061466531 	-6.2523703e-12 	-0.00067320669 	0.5523026
0.0012112112 	0.006146647 	-6.2855934e-12 	-0.00066880624 	0.55049029
0.0012152152 	0.0061466408 	-6.3188165e-12 	-0.00066440579 	0.54867798
0.0012192192 	0.0061466346 	-6.3520395e-12 	-0.00066000534 	0.54686567
0.0012232232 	0.0061466284 	-6.3852626e-12 	-0.00065560489 	0.54505336
0.0012272272 	0.0061466222 	-6.4184857e-12 	-0.00065120444 	0.54324105
0.0012312312 	0.006146616 	-6.4517087e-12 	-0.00064680399 	0.54142874
0.0012352352 	0.0061466098 	-6.4849318e-12 	-0.00064240354 	0.53961643
0.0012392392 	0.0061466037 	-6.5181549e-12 	-0.00063800308 	0.53780412
0.0012432432 	0.0061465975 	-6.5513779e-12 	-0.00063360263 	0.53599181
0.0012472472 	0.0061465913 	-6.584601e-12 	-0.00062920218 	0.5341795
0.0012512513 	0.0061465851 	-6.617824e-12 	-0.00062480173 	0.53236719
0.0012552553 	0.0061465789 	-6.6510471e-12 	-0.00062040128 	0.53055488
0.0012592593 	0.0061465727 	-6.6842702e-12 	-0.00061600083 	0.52874257
0.0012632633 	0.0061465665 	-6.7174932e-12 	-0.00061160038 	0.52693026
0.0012672673 	0.0061465603 	-6.7507163e-12 	-0.00060719993 	0.52511795
0.0012712713 	0.0061465542 	-6.7839394e-12 	-0.00060279947 	0.52330563
0.0012752753 	0.006146548 	-6.8171624e-12 	-0.00059839902 	0.52149332
0.0012792793 	0.0061465418 	-6.8503855e-12 	-0.00059399857 	0.51968101
0.0012832833 	0.0061465356 	-6.8836086e-12 	-0.00058959812 	0.5178687
0.0012872873 	0.0061465294 	-6.9168316e-12 	-0.00058519767 	0.51605639
0.0012912913 	0.0061465232 	-6.9500547e-12 	-0.00058079722 	0.51424408
0.0012952953 	0.0061465186 	-6.9770599e-12 	-0.00057633916 	0.512341
0.0012992993 	0.0061465188 	-6.984756e-12 	-0.00057170218 	0.51015606
0.0013033033 	0.0061465189 	-6.9924522e-12 	-0.00056706521 	0.50797111
0.0013073073 	0.0061465191 	-7.0001483e-12 	-0.00056242824 	0.50578616
0.0013113113 	0.0061465193 	-7.0078444e-12 	-0.00055779127 	0.50360121
0.0013153153 	0.0061465194 	-7.0155405e-12 	-0.00055315429 	0.50141626
0.0013193193 	0.0061465196 	-7.0232366e-12 	-0.00054851732 	0.49923131
0.0013233233 	0.0061465193 	-7.0256308e-12 	-0.00054376386 	0.49704927
0.0013273273 	0.0061465188 	-7.0256845e-12 	-0.00053895897 	0.4948685
0.0013313313 	0.0061465183 	-7.0257381e-12 	-0.00053415408 	0.49268773
0.0013353353 	0.0061465178 	-7.0257917e-12 	-0.00052934919 	0.49050697
0.0013393393 	0.0061465173 	-7.0258454e-12 	-0.0005245443 	0.4883262
0.0013433433 	0.0061465168 	-7.025899e-12 	-0.0005197394 	0.48614543
0.0013473473 	0.0061465163 	-7.0259527e-12 	-0.00051493451 	0.48396466
0.0013513514 	0.0061465158 	-7.0260063e-12 	-0.00051012962 	0.4817839
0.0013553554 	0.0061465153 	-7.02606e-12 	-0.00050532473 	0.47960313
0.0013593594 	0.0061465148 	-7.0261136e-12 	-0.00050051984 	0.47742236
0.0013633634 	0.0061465143 	-7.0261673e-12 	-0.00049571495 	0.47524159
0.0013673674 	0.0061465138 	-7.0262209e-12 	-0.00049091006 	0.47306083
0.0013713714 	0.0061465133 	-7.0262745e-12 	-0.00048610517 	0.47088006
0.0013753754 	0.0061465128 	-7.0263282e-12 	-0.00048130028 	0.46869929
0.0013793794 	0.0061465123 	-7.0263818e-12 	-0.00047649539 	0.46651853
0.0013833834 	0.0061465118 	-7.0264355e-12 	-0.0004716905 	0.46433776
0.0013873874 	0.0061465113 	-7.0264891e-12 	-0.00046688561 	0.46215699
0.0013913914 	0.0061465108 	-7.0265428e-12 	-0.00046208072 	0.45997622
0.0013953954 	0.0061465103 	-7.0265964e-12 	-0.00045727583 	0.45779546
0.0013993994 	0.0061465098 	-7.02665e-12 	-0.00045247094 	0.45561469
0.0014034034 	0.0061465093 	-7.0267037e-12 	-0.00044766605 	0.45343392
0.0014074074 	0.0061465088 	-7.0267573e-12 	-0.00044286116 	0.45125316
0.0014114114 	0.0061465083 	-7.026811e-12 	-0.00043805627 	0.44907239
0.0014154154 	0.0061465078 	-7.0268646e-12 	-0.00043325138 	0.44689162
0.0014194194 	0.0061465073 	-7.0269183e-12 	-0.00042844649 	0.44471085
0.0014234234 	0.0061465068 	-7.0269719e-12 	-0.0004236416 	0.44253009
0.0014274274 	0.0061465073 	-7.0403723e-12 	-0.00041896327 	0.44022397
0.0014314314 	0.0061465093 	-7.0749956e-12 	-0.00041448621 	0.43771853
0.0014354354 	0.0061465114 	-7.109619e-12 	-0.00041000915 	0.43521308
0.0014394394 	0.0061465135 	-7.1442423e-12 	-0.00040553209 	0.43270764
0.0014434434 	0.0061465156 	-7.1788657e-12 	-0.00040105503 	0.4302022
0.0014474474 	0.0061465177 	-7.213489e-12 	-0.00039657797 	0.42769676
0.0014514515 	0.0061465196 	-7.2141062e-12 	-0.00039199848 	0.42519186
0.0014554555 	0.0061465214 	-7.1931461e-12 	-0.00038735399 	0.42268732
0.0014594595 	0.0061465231 	-7.172186e-12 	-0.00038270951 	0.42018278
0.0014634635 	0.0061465249 	-7.151226e-12 	-0.00037806503 	0.41767823
0.0014674675 	0.0061465267 	-7.1302659e-12 	-0.00037342054 	0.41517369
0.0014714715 	0.0061465285 	-7.1093058e-12 	-0.00036877606 	0.41266915
0.0014754755 	0.0061465303 	-7.0883458e-12 	-0.00036413158 	0.4101646
0.0014794795 	0.0061465321 	-7.0673857e-12 	-0.00035948709 	0.40766006
0.0014834835 	0.0061465338 	-7.0464256e-12 	-0.00035484261 	0.40515551
0.0014874875 	0.0061465356 	-7.0254656e-12 	-0.00035019813 	0.40265097
0.0014914915 	0.0061465374 	-7.0045055e-12 	-0.00034555364 	0.40014643
0.0014954955 	0.0061465392 	-6.9835454e-12 	-0.00034090916 	0.39764188
0.0014994995 	0.006146541 	-6.9625854e-12 	-0.00033626468 	0.39513734
0.0015035035 	0.0061465428 	-6.9416253e-12 	-0.00033162019 	0.3926328
0.0015075075 	0.0061465446 	-6.9206652e-12 	-0.00032697571 	0.39012825
0.0015115115 	0.0061465463 	-6.8997052e-12 	-0.00032233123 	0.38762371
0.0015155155 	0.0061465481 	-6.8787451e-12 	-0.00031768674 	0.38511917
0.0015195195 	0.0061465499 	-6.857785e-12 	-0.00031304226 	0.38261462
0.0015235235 	0.0061465517 	-6.836825e-12 	-0.00030839778 	0.38011008
0.0015275275 	0.0061465535 	-6.8158649e-12 	-0.00030375329 	0.37760554
0.0015315315 	0.0061465553 	-6.7949048e-12 	-0.00029910881 	0.37510099
0.0015355355 	0.006146557 	-6.7739448e-12 	-0.00029446432 	0.37259645
0.0015395395 	0.0061465588 	-6.7529847e-12 	-0.00028981984 	0.37009191
0.0015435435 	0.0061465603 	-6.7592985e-12 	-0.00028545261 	0.36747133
0.0015475475 	0.0061465614 	-6.8034002e-12 	-0.0002814695 	0.36469001
0.0015515516 	0.0061465625 	-6.8475019e-12 	-0.00027748639 	0.36190868
0.0015555556 	0.0061465636 	-6.8916036e-12 	-0.00027350328 	0.35912735
0.0015595596 	0.0061465647 	-6.9357053e-12 	-0.00026952017 	0.35634602
0.0015635636 	0.0061465658 	-6.9575158e-12 	-0.00026548737 	0.35356408
0.0015675676 	0.0061465668 	-6.9337905e-12 	-0.00026135307 	0.35078089
0.0015715716 	0.0061465678 	-6.9100651e-12 	-0.00025721876 	0.3479977
0.0015755756 	0.0061465688 	-6.8863398e-12 	-0.00025308445 	0.34521451
0.0015795796 	0.0061465698 	-6.8626145e-12 	-0.00024895015 	0.34243132
0.0015835836 	0.0061465708 	-6.8388891e-12 	-0.00024481584 	0.33964813
0.0015875876 	0.0061465718 	-6.8151638e-12 	-0.00024068153 	0.33686494
0.0015915916 	0.0061465728 	-6.7914384e-12 	-0.00023654723 	0.33408175
0.0015955956 	0.0061465738 	-6.7677131e-12 	-0.00023241292 	0.33129856
0.0015995996 	0.0061465748 	-6.7439878e-12 	-0.00022827862 	0.32851537
0.0016036036 	0.0061465758 	-6.7202624e-12 	-0.00022414431 	0.32573218
0.0016076076 	0.0061465768 	-6.6965371e-12 	-0.00022001 	0.32294899
0.0016116116 	0.0061465778 	-6.6728117e-12 	-0.0002158757 	0.3201658
0.0016156156 	0.0061465787 	-6.6490864e-12 	-0.00021174139 	0.3173826
0.0016196196 	0.0061465797 	-6.6253611e-12 	-0.00020760708 	0.31459941
0.0016236236 	0.0061465807 	-6.6016357e-12 	-0.00020347278 	0.31181622
0.0016276276 	0.0061465817 	-6.5779104e-12 	-0.00019933847 	0.30903303
0.0016316316 	0.0061465827 	-6.5541851e-12 	-0.00019520416 	0.30624984
0.0016356356 	0.0061465837 	-6.5304597e-12 	-0.00019106986 	0.30346665
0.0016396396 	0.0061465847 	-6.5067344e-12 	-0.00018693555 	0.30068346
0.0016436436 	0.0061465857 	-6.483009e-12 	-0.00018280124 	0.29790027
0.0016476476 	0.0061465841 	-6.5097016e-12 	-0.00017939448 	0.29491072
0.0016516517 	0.006146582 	-6.5431231e-12 	-0.00017608481 	0.29189363
0.0016556557 	0.00614658 	-6.5765447e-12 	-0.00017277515 	0.28887654
0.0016596597 	0.006146578 	-6.6099662e-12 	-0.00016946548 	0.28585945
0.0016636637 	0.006146576 	-6.6346313e-12 	-0.00016610599 	0.28284076
0.0016676677 	0.0061465739 	-6.6458545e-12 	-0.00016267 	0.27981959
0.0016716717 	0.0061465718 	-6.6570777e-12 	-0.00015923401 	0.27679843
0.0016756757 	0.0061465698 	-6.6683009e-12 	-0.00015579802 	0.27377726
0.0016796797 	0.0061465677 	-6.679524e-12 	-0.00015236203 	0.2707561
0.0016836837 	0.0061465656 	-6.6907472e-12 	-0.00014892604 	0.26773493
0.0016876877 	0.0061465636 	-6.7019704e-12 	-0.00014549005 	0.26471377
0.0016916917 	0.0061465615 	-6.7131936e-12 	-0.00014205406 	0.26169261
0.0016956957 	0.0061465594 	-6.7244168e-12 	-0.00013861807 	0.25867144
0.0016996997 	0.0061465574 	-6.73564e-12 	-0.00013518208 	0.25565028
0.0017037037 	0.0061465553 	-6.7468632e-12 	-0.00013174609 	0.25262911
0.0017077077 	0.0061465533 	-6.7580863e-12 	-0.0001283101 	0.24960795
0.0017117117 	0.0061465512 	-6.7693095e-12 	-0.00012487411 	0.24658678
0.0017157157 	0.0061465491 	-6.7805327e-12 	-0.00012143812 	0.24356562
0.0017197197 	0.0061465471 	-6.7917559e-12 	-0.00011800213 	0.24054445
0.0017237237 	0.006146545 	-6.8029791e-12 	-0.00011456614 	0.23752329
0.0017277277 	0.0061465429 	-6.8142023e-12 	-0.00011113015 	0.23450212
0.0017317317 	0.0061465409 	-6.8254255e-12 	-0.00010769416 	0.23148096
0.0017357357 	0.0061465371 	-6.8324888e-12 	-0.0001045834 	0.2283869
0.0017397397 	0.0061465302 	-6.8324418e-12 	-0.00010202854 	0.22516824
0.0017437437 	0.0061465234 	-6.8323947e-12 	-9.9473693e-05 	0.22194958
0.0017477477 	0.0061465166 	-6.8323477e-12 	-9.6918841e-05 	0.21873092
0.0017517518 	0.0061465097 	-6.8323062e-12 	-9.4323771e-05 	0.21550986
0.0017557558 	0.0061465028 	-6.8322726e-12 	-9.1671467e-05 	0.21228538
0.0017597598 	0.0061464959 	-6.832239e-12 	-8.9019164e-05 	0.2090609
0.0017637638 	0.006146489 	-6.8322054e-12 	-8.636686e-05 	0.20583642
0.0017677678 	0.0061464821 	-6.8321717e-12 	-8.3714556e-05 	0.20261194
0.0017717718 	0.0061464751 	-6.8321381e-12 	-8.1062253e-05 	0.19938746
0.0017757758 	0.0061464682 	-6.8321045e-12 	-7.8409949e-05 	0.19616299
0.0017797798 	0.0061464613 	-6.8320709e-12 	-7.5757645e-05 	0.19293851
0.0017837838 	0.0061464544 	-6.8320373e-12 	-7.3105342e-05 	0.18971403
0.0017877878 	0.0061464475 	-6.8320037e-12 	-7.0453038e-05 	0.18648955
0.0017917918 	0.0061464405 	-6.8319701e-12 	-6.7800734e-05 	0.18326507
0.0017957958 	0.0061464336 	-6.8319365e-12 	-6.5148431e-05 	0.18004059
0.0017997998 	0.0061464267 	-6.8319028e-12 	-6.2496127e-05 	0.17681611
0.0018038038 	0.0061464198 	-6.8318692e-12 	-5.9843823e-05 	0.17359163
0.0018078078 	0.0061464129 	-6.8318356e-12 	-5.719152e-05 	0.17036716
0.0018118118 	0.006146406 	-6.831802e-12 	-5.4539216e-05 	0.16714268
0.0018158158 	0.006146396 	-6.7906172e-12 	-5.2346533e-05 	0.16383091
0.0018198198 	0.0061463833 	-6.7117049e-12 	-5.0575232e-05 	0.16043912
0.0018238238 	0.0061463706 	-6.6327926e-12 	-4.8803931e-05 	0.15704732
0.0018278278 	0.0061463579 	-6.554999e-12 	-4.7030362e-05 	0.15365529
0.0018318318 	0.0061463449 	-6.5092042e-12 	-4.5191891e-05 	0.15025629
0.0018358358 	0.006146332 	-6.4634095e-12 	-4.3353421e-05 	0.1468573
0.0018398398 	0.006146319 	-6.4176147e-12 	-4.151495e-05 	0.1434583
0.0018438438 	0.0061463061 	-6.3718199e-12 	-3.967648e-05 	0.14005931
0.0018478478 	0.0061462931 	-6.3260252e-12 	-3.783801e-05 	0.13666032
0.0018518519 	0.0061462802 	-6.2802304e-12 	-3.5999539e-05 	0.13326132
0.0018558559 	0.0061462672 	-6.2344357e-12 	-3.4161069e-05 	0.12986233
0.0018598599 	0.0061462543 	-6.1886409e-12 	-3.2322599e-05 	0.12646334
0.0018638639 	0.0061462413 	-6.1428461e-12 	-3.0484128e-05 	0.12306434
0.0018678679 	0.0061462284 	-6.0970514e-12 	-2.8645658e-05 	0.11966535
0.0018718719 	0.0061462155 	-6.0512566e-12 	-2.6807188e-05 	0.11626635
0.0018758759 	0.0061462025 	-6.0054618e-12 	-2.4968717e-05 	0.11286736
0.0018798799 	0.0061461896 	-5.9596671e-12 	-2.3130247e-05 	0.10946837
0.0018838839 	0.0061461766 	-5.9105298e-12 	-2.131185e-05 	0.1060659
0.0018878879 	0.0061461616 	-5.7278026e-12 	-2.0295715e-05 	0.10252445
0.0018918919 	0.0061461467 	-5.5450755e-12 	-1.9279579e-05 	0.09898301
0.0018958959 	0.0061461318 	-5.3623483e-12 	-1.8263444e-05 	0.095441568
0.0018998999 	0.0061461166 	-5.2358997e-12 	-1.7211291e-05 	0.091892231
0.0019039039 	0.0061461014 	-5.112445e-12 	-1.6157222e-05 	0.088342474
0.0019079079 	0.0061460862 	-4.9889903e-12 	-1.5103154e-05 	0.084792717
0.0019119119 	0.006146071 	-4.8655356e-12 	-1.4049085e-05 	0.08124296
0.0019159159 	0.0061460558 	-4.7420809e-12 	-1.2995016e-05 	0.077693204
0.0019199199 	0.0061460407 	-4.6186262e-12 	-1.1940947e-05 	0.074143447
0.0019239239 	0.0061460255 	-4.4951715e-12 	-1.0886879e-05 	0.07059369
0.0019279279 	0.0061460103 	-4.3717168e-12 	-9.8328098e-06 	0.067043933
0.0019319319 	0.0061459951 	-4.2482622e-12 	-8.7787411e-06 	0.063494176
0.0019359359 	0.0061459799 	-4.1248075e-12 	-7.7246723e-06 	0.05994442
0.0019399399 	0.0061459647 	-4.0013528e-12 	-6.6706035e-06 	0.056394663
0.0019439439 	0.0061459495 	-3.8778981e-12 	-5.6165348e-06 	0.052844906
0.0019479479 	0.006145948 	-3.6551129e-12 	-4.9712279e-06 	0.049161068
0.001951952 	0.0061459556 	-3.3658173e-12 	-4.5996232e-06 	0.045387451
0.001955956 	0.0061459632 	-3.0765216e-12 	-4.2280184e-06 	0.041613833
0.00195996 	0.0061459715 	-2.7958503e-12 	-3.8449642e-06 	0.037831729
0.001963964 	0.0061459798 	-2.5162652e-12 	-3.4604678e-06 	0.034048556
0.001967968 	0.0061459881 	-2.2366802e-12 	-3.0759714e-06 	0.030265383
0.001971972 	0.0061459964 	-1.9570952e-12 	-2.691475e-06 	0.026482211
0.001975976 	0.0061460048 	-1.6775102e-12 	-2.3069785e-06 	0.022699038
0.00197998 	0.0061460131 	-1.3979251e-12 	-1.9224821e-06 	0.018915865
0.001983984 	0.0061460214 	-1.1183401e-12 	-1.5379857e-06 	0.015132692
0.001987988 	0.0061460297 	-8.3875508e-13 	-1.1534893e-06 	0.011349519
0.001991992 	0.0061460381 	-5.5917005e-13 	-7.6899284e-07 	0.0075663459
0.001995996 	0.0061460464 	-2.7958503e-13 	-3.8449642e-07 	0.0037831729
0.002 	0.0061460547 	0 	0 	0
