-0.006 	-0.020455455 	0 	0 	0
-0.0058438438 	-0.020454357 	0 	0 	0
-0.0058318318 	-0.020454203 	0 	0 	0
-0.0058198198 	-0.020454049 	-1.0137955e-21 	3.7699498e-19 	-6.0964643e-18
-0.0056756757 	-0.020452205 	5.194655e-21 	1.7589246e-20 	-1.3362697e-20
-0.0056636637 	-0.020452067 	5.194655e-21 	1.7589246e-20 	-1.3362697e-20
-0.0056516517 	-0.020451929 	5.1224075e-21 	1.4581678e-18 	-1.236298e-17
-0.0054714715 	-0.020449884 	0 	0 	0
-0.0054594595 	-0.020449779 	0 	0 	0
-0.0054474474 	-0.020449674 	0 	0 	0
-0.0054354354 	-0.020449568 	0 	0 	0
-0.0054234234 	-0.020449463 	0 	0 	0
-0.0054114114 	-0.020449358 	0 	0 	0
-0.0053993994 	-0.020449253 	-2.7182088e-21 	7.2685666e-18 	-3.8502965e-17
-0.0052552553 	-0.020448004 	4.6400337e-37 	1.4704674e-36 	-2.282608e-37
-0.0052432432 	-0.020447948 	9.5670835e-38 	3.013793e-37 	-4.0502586e-38
-0.0052312312 	-0.020447891 	3.8268192e-37 	1.2757394e-36 	-4.1659639e-37
-0.0052192192 	-0.020447835 	1.4748033e-22 	-7.3050124e-18 	2.6483855e-17
-0.0052072072 	-0.020447779 	-1.4748033e-22 	7.3050124e-18 	-2.6483855e-17
-0.0051951952 	-0.020447723 	-1.4748033e-22 	7.3050124e-18 	-2.6483855e-17
-0.005003003 	-0.020446853 	7.2156409e-23 	2.2307768e-22 	-1.5920628e-23
-0.004990991 	-0.020446877 	2.5483727e-22 	-1.3000923e-17 	3.4125787e-17
-0.004978979 	-0.020446901 	-1.8643876e-22 	1.3001134e-17 	-3.4125802e-17
-0.004966967 	-0.020446925 	5.2388659e-37 	2.6187705e-36 	-2.7380277e-36
-0.004954955 	-0.020446949 	5.2387226e-37 	3.6185969e-36 	-5.3624049e-36
-0.0049429429 	-0.020446973 	1.8643876e-22 	-1.3001134e-17 	3.4125802e-17
-0.0049309309 	-0.020446997 	-1.8643876e-22 	1.3001134e-17 	-3.4125802e-17
-0.0049189189 	-0.020447021 	-1.8643876e-22 	1.3001134e-17 	-3.4125802e-17
-0.00403003 	-0.020463084 	0 	0 	0
-0.004018018 	-0.020463796 	0 	0 	0
-0.004006006 	-0.020464508 	0 	0 	0
-0.003993994 	-0.020465221 	0 	0 	0
-0.003981982 	-0.020465933 	-1.2435816e-19 	4.8606252e-17 	-5.2878557e-17
-0.0026006006 	-0.020633356 	-9.0005859e-19 	1.0896055e-16 	1.0283842e-16
-0.0025885886 	-0.020642826 	0 	0 	0
-0.0025765766 	-0.020652296 	0 	0 	0
-0.0025645646 	-0.020661765 	0 	0 	0
-0.0025525526 	-0.020671235 	0 	0 	0
-0.0025405405 	-0.020680705 	0 	0 	0
-0.0025285285 	-0.020690174 	0 	0 	0
-0.0025165165 	-0.020699644 	0 	0 	0
-0.0025045045 	-0.020709114 	6.273837e-17 	-3.137792e-16 	-2.9007005e-16
-0.0024924925 	-0.020718583 	0 	0 	0
-0.0024804805 	-0.020728053 	-8.7265556e-19 	1.1002417e-16 	1.0384594e-16
-0.0024684685 	-0.020737523 	0 	0 	0
-0.0024564565 	-0.020746992 	0 	0 	0
-0.0024444444 	-0.020756462 	6.273837e-17 	-3.137792e-16 	-2.9007005e-16
-0.0024324324 	-0.020765932 	-8.6174739e-19 	1.0996962e-16 	1.037955e-16
-0.0024204204 	-0.020775402 	-8.6440828e-19 	1.0998293e-16 	1.0380781e-16
-0.002 	-0.021106841 	4.2952018e-24 	2.0897327e-19 	-6.1225917e-17
-0.001987988 	-0.021147487 	-1.0668399e-09 	-5.1904665e-05 	0.015207259
-0.001975976 	-0.021188133 	-2.1336797e-09 	-0.00010380933 	0.030414519
-0.001963964 	-0.02122878 	-3.2005196e-09 	-0.00015571399 	0.045621778
-0.001951952 	-0.021269426 	-4.2673594e-09 	-0.00020761866 	0.060829037
-0.0019399399 	-0.021286128 	-4.7362934e-09 	-0.00037465403 	0.073027505
-0.0019279279 	-0.021275505 	-4.5228663e-09 	-0.0006730825 	0.081792185
-0.0019159159 	-0.021264881 	-4.3094392e-09 	-0.00097151096 	0.090556866
-0.0019039039 	-0.021254257 	-4.0960121e-09 	-0.0012699394 	0.099321546
-0.0018918919 	-0.021243633 	-3.882585e-09 	-0.0015683679 	0.10808623
-0.0018798799 	-0.021232239 	-3.6854785e-09 	-0.0018215975 	0.1169176
-0.0018678679 	-0.021219243 	-3.5222383e-09 	-0.0019810367 	0.12588739
-0.0018558559 	-0.021206248 	-3.358998e-09 	-0.0021404758 	0.13485717
-0.0018438438 	-0.021193253 	-3.1957578e-09 	-0.002299915 	0.14382695
-0.0018318318 	-0.021180258 	-3.0325176e-09 	-0.0024593542 	0.15279673
-0.0018198198 	-0.021167262 	-2.8692774e-09 	-0.0026187933 	0.16176652
-0.0018078078 	-0.02115375 	-2.7340089e-09 	-0.0027273266 	0.17072587
-0.0017957958 	-0.021139707 	-2.6275333e-09 	-0.0027834593 	0.1796745
-0.0017837838 	-0.021125663 	-2.5210579e-09 	-0.002839592 	0.18862312
-0.0017717718 	-0.021111619 	-2.4145823e-09 	-0.0028957247 	0.19757175
-0.0017597598 	-0.021097576 	-2.3081068e-09 	-0.0029518574 	0.20652037
-0.0017477477 	-0.021083532 	-2.2016313e-09 	-0.00300799 	0.21546899
-0.0017357357 	-0.021069489 	-2.0951558e-09 	-0.0030641227 	0.22441762
-0.0017237237 	-0.021054624 	-2.0285656e-09 	-0.0030686734 	0.23313013
-0.0017117117 	-0.021039645 	-1.9675711e-09 	-0.0030659874 	0.24180951
-0.0016996997 	-0.021024666 	-1.9065766e-09 	-0.0030633014 	0.25048889
-0.0016876877 	-0.021009687 	-1.845582e-09 	-0.0030606154 	0.25916827
-0.0016756757 	-0.020994707 	-1.7845875e-09 	-0.0030579294 	0.26784765
-0.0016636637 	-0.020979728 	-1.723593e-09 	-0.0030552434 	0.27652703
-0.0016516517 	-0.020964749 	-1.6625985e-09 	-0.0030525574 	0.28520642
-0.0016396396 	-0.020949663 	-1.6120506e-09 	-0.0030394556 	0.2937001
-0.0016276276 	-0.020934398 	-1.5790945e-09 	-0.0030088138 	0.30188108
-0.0016156156 	-0.020919132 	-1.5461385e-09 	-0.0029781721 	0.31006206
-0.0016036036 	-0.020903867 	-1.5131824e-09 	-0.0029475303 	0.31824304
-0.0015915916 	-0.020888601 	-1.4802263e-09 	-0.0029168886 	0.32642402
-0.0015795796 	-0.020873336 	-1.4472702e-09 	-0.0028862468 	0.334605
-0.0015675676 	-0.02085807 	-1.4143141e-09 	-0.0028556051 	0.34278598
-0.0015555556 	-0.020842805 	-1.381358e-09 	-0.0028249633 	0.35096696
-0.0015435435 	-0.020827539 	-1.3484019e-09 	-0.0027943216 	0.35914794
-0.0015315315 	-0.020812747 	-1.3280519e-09 	-0.00275503 	0.36673441
-0.0015195195 	-0.020798032 	-1.3097494e-09 	-0.0027143334 	0.37422431
-0.0015075075 	-0.020783317 	-1.2914469e-09 	-0.0026736368 	0.38171421
-0.0014954955 	-0.020768602 	-1.2731444e-09 	-0.0026329402 	0.38920412
-0.0014834835 	-0.020753887 	-1.2548419e-09 	-0.0025922435 	0.39669402
-0.0014714715 	-0.020739172 	-1.2365394e-09 	-0.0025515469 	0.40418392
-0.0014594595 	-0.020724457 	-1.2182369e-09 	-0.0025108503 	0.41167382
-0.0014474474 	-0.020709742 	-1.1999344e-09 	-0.0024701537 	0.41916373
-0.0014354354 	-0.020695027 	-1.1816319e-09 	-0.0024294571 	0.42665363
-0.0014234234 	-0.020680556 	-1.164826e-09 	-0.0023885273 	0.43396915
-0.0014114114 	-0.020667031 	-1.1538365e-09 	-0.002346691 	0.44060693
-0.0013993994 	-0.020653507 	-1.1428471e-09 	-0.0023048546 	0.4472447
-0.0013873874 	-0.020639983 	-1.1318577e-09 	-0.0022630183 	0.45388248
-0.0013753754 	-0.020626459 	-1.1208683e-09 	-0.002221182 	0.46052025
-0.0013633634 	-0.020612935 	-1.1098788e-09 	-0.0021793457 	0.46715803
-0.0013513514 	-0.020599411 	-1.0988894e-09 	-0.0021375093 	0.4737958
-0.0013393393 	-0.020585887 	-1.0879e-09 	-0.002095673 	0.48043357
-0.0013273273 	-0.020572363 	-1.0769106e-09 	-0.0020538367 	0.48707135
-0.0013153153 	-0.020558839 	-1.0659211e-09 	-0.0020120004 	0.49370912
-0.0013033033 	-0.020545314 	-1.0549317e-09 	-0.0019701641 	0.5003469
-0.0012912913 	-0.020532198 	-1.0449916e-09 	-0.0019290063 	0.5067346
-0.0012792793 	-0.020520289 	-1.0381637e-09 	-0.0018898614 	0.51238055
-0.0012672673 	-0.020508381 	-1.0313359e-09 	-0.0018507164 	0.51802651
-0.0012552553 	-0.020496473 	-1.024508e-09 	-0.0018115715 	0.52367247
-0.0012432432 	-0.020484565 	-1.0176802e-09 	-0.0017724265 	0.52931843
-0.0012312312 	-0.020472656 	-1.0108523e-09 	-0.0017332816 	0.53496439
-0.0012192192 	-0.020460748 	-1.0040245e-09 	-0.0016941367 	0.54061035
-0.0012072072 	-0.02044884 	-9.9719661e-10 	-0.0016549917 	0.54625631
-0.0011951952 	-0.020436932 	-9.9036875e-10 	-0.0016158468 	0.55190227
-0.0011831832 	-0.020425023 	-9.835409e-10 	-0.0015767018 	0.55754823
-0.0011711712 	-0.020413115 	-9.7671305e-10 	-0.0015375569 	0.56319419
-0.0011591592 	-0.020401207 	-9.6988519e-10 	-0.0014984119 	0.56884015
-0.0011471471 	-0.020389298 	-9.6305734e-10 	-0.001459267 	0.57448611
-0.0011351351 	-0.02037898 	-9.5866225e-10 	-0.001424094 	0.57921502
-0.0011231231 	-0.020368991 	-9.5477046e-10 	-0.0013897426 	0.58375423
-0.0011111111 	-0.020359001 	-9.5087867e-10 	-0.0013553913 	0.58829343
-0.0010990991 	-0.020349012 	-9.4698687e-10 	-0.00132104 	0.59283263
-0.0010870871 	-0.020339023 	-9.4309507e-10 	-0.0012866887 	0.59737183
-0.0010750751 	-0.020329033 	-9.3920328e-10 	-0.0012523374 	0.60191103
-0.0010630631 	-0.020319044 	-9.3531149e-10 	-0.0012179861 	0.60645023
-0.0010510511 	-0.020309055 	-9.314197e-10 	-0.0011836348 	0.61098944
-0.001039039 	-0.020299065 	-9.275279e-10 	-0.0011492834 	0.61552864
-0.001027027 	-0.020289076 	-9.2363611e-10 	-0.0011149321 	0.62006784
-0.001015015 	-0.020279087 	-9.1974431e-10 	-0.0010805808 	0.62460704
-0.001003003 	-0.020269097 	-9.1585252e-10 	-0.0010462295 	0.62914624
-0.00099099099 	-0.020259108 	-9.1196073e-10 	-0.0010118782 	0.63368545
-0.00097897898 	-0.020249118 	-9.0806893e-10 	-0.00097752688 	0.63822465
-0.00096696697 	-0.020240679 	-9.0542563e-10 	-0.00094741426 	0.64190269
-0.00095495495 	-0.020232795 	-9.0322927e-10 	-0.000918819 	0.64527244
-0.00094294294 	-0.020224911 	-9.010329e-10 	-0.00089022375 	0.6486422
-0.00093093093 	-0.020217027 	-8.9883654e-10 	-0.00086162849 	0.65201196
-0.00091891892 	-0.020209143 	-8.9664018e-10 	-0.00083303324 	0.65538172
-0.00090690691 	-0.020201259 	-8.9444381e-10 	-0.00080443798 	0.65875148
-0.00089489489 	-0.020193376 	-8.9224745e-10 	-0.00077584273 	0.66212124
-0.00088288288 	-0.020185492 	-8.9005108e-10 	-0.00074724747 	0.665491
-0.00087087087 	-0.020177608 	-8.8785472e-10 	-0.00071865222 	0.66886076
-0.00085885886 	-0.020169724 	-8.8565836e-10 	-0.00069005696 	0.67223052
-0.00084684685 	-0.02016184 	-8.8346199e-10 	-0.00066146171 	0.67560027
-0.00083483483 	-0.020153956 	-8.8126563e-10 	-0.00063286645 	0.67897003
-0.00082282282 	-0.020146072 	-8.7906926e-10 	-0.0006042712 	0.68233979
-0.00081081081 	-0.020138188 	-8.768729e-10 	-0.00057567594 	0.68570955
-0.0007987988 	-0.020130304 	-8.7467654e-10 	-0.00054708068 	0.68907931
-0.00078678679 	-0.02012242 	-8.7248017e-10 	-0.00051848543 	0.69244907
-0.00077477477 	-0.020116722 	-8.7108069e-10 	-0.00049809018 	0.69502909
-0.00076276276 	-0.020111748 	-8.699448e-10 	-0.0004804074 	0.69734788
-0.00075075075 	-0.020106774 	-8.6880892e-10 	-0.00046272462 	0.69966666
-0.00073873874 	-0.020101799 	-8.6767304e-10 	-0.00044504184 	0.70198544
-0.00072672673 	-0.020096825 	-8.6653715e-10 	-0.00042735906 	0.70430423
-0.00071471471 	-0.020091851 	-8.6540127e-10 	-0.00040967628 	0.70662301
-0.0007027027 	-0.020086877 	-8.6426538e-10 	-0.0003919935 	0.7089418
-0.00069069069 	-0.020081903 	-8.631295e-10 	-0.00037431072 	0.71126058
-0.00067867868 	-0.020076928 	-8.6199361e-10 	-0.00035662794 	0.71357937
-0.00066666667 	-0.020071954 	-8.6085773e-10 	-0.00033894516 	0.71589815
-0.00065465465 	-0.02006698 	-8.5972185e-10 	-0.00032126238 	0.71821694
-0.00064264264 	-0.020062006 	-8.5858596e-10 	-0.0003035796 	0.72053572
-0.00063063063 	-0.020057031 	-8.5745008e-10 	-0.00028589682 	0.72285451
-0.00061861862 	-0.020052057 	-8.5631419e-10 	-0.00026821404 	0.72517329
-0.00060660661 	-0.020047083 	-8.5517831e-10 	-0.00025053126 	0.72749208
-0.00059459459 	-0.020042109 	-8.5404242e-10 	-0.00023284848 	0.72981086
-0.00058258258 	-0.020037135 	-8.5290654e-10 	-0.0002151657 	0.73212965
-0.00057057057 	-0.02003216 	-8.5177065e-10 	-0.00019748292 	0.73444843
-0.00055855856 	-0.020028735 	-8.5109716e-10 	-0.00018726099 	0.73606119
-0.00054654655 	-0.020026261 	-8.5070766e-10 	-0.00018162156 	0.7372403
-0.00053453453 	-0.020023787 	-8.5031816e-10 	-0.00017598214 	0.73841941
-0.00052252252 	-0.020021313 	-8.4992866e-10 	-0.00017034271 	0.73959852
-0.00051051051 	-0.020018839 	-8.4953916e-10 	-0.00016470328 	0.74077763
-0.0004984985 	-0.020016365 	-8.4914966e-10 	-0.00015906385 	0.74195674
-0.00048648649 	-0.020013891 	-8.4876016e-10 	-0.00015342443 	0.74313585
-0.00047447447 	-0.020011417 	-8.4837067e-10 	-0.000147785 	0.74431496
-0.00046246246 	-0.020008943 	-8.4798117e-10 	-0.00014214557 	0.74549407
-0.00045045045 	-0.02000647 	-8.4759167e-10 	-0.00013650614 	0.74667318
-0.00043843844 	-0.020003996 	-8.4720217e-10 	-0.00013086671 	0.74785229
-0.00042642643 	-0.020001522 	-8.4681267e-10 	-0.00012522729 	0.7490314
-0.00041441441 	-0.019999048 	-8.4642317e-10 	-0.00011958786 	0.75021051
-0.0004024024 	-0.019996574 	-8.4603367e-10 	-0.00011394843 	0.75138962
-0.00039039039 	-0.0199941 	-8.4564417e-10 	-0.000108309 	0.75256873
-0.00037837838 	-0.019991626 	-8.4525468e-10 	-0.00010266957 	0.75374784
-0.00036636637 	-0.019989152 	-8.4486518e-10 	-9.7030147e-05 	0.75492695
-0.00035435435 	-0.019986678 	-8.4447568e-10 	-9.1390719e-05 	0.75610606
-0.00034234234 	-0.019984204 	-8.4408618e-10 	-8.5751291e-05 	0.75728518
-0.00033033033 	-0.01998173 	-8.4369668e-10 	-8.0111863e-05 	0.75846429
-0.00031831832 	-0.019979256 	-8.4330718e-10 	-7.4472435e-05 	0.7596434
-0.00030630631 	-0.019976782 	-8.4291768e-10 	-6.8833007e-05 	0.76082251
-0.00029429429 	-0.019974308 	-8.4252819e-10 	-6.3193579e-05 	0.76200162
-0.00028228228 	-0.019971923 	-8.4215983e-10 	-5.7744292e-05 	0.76313281
-0.00027027027 	-0.019970928 	-8.4212413e-10 	-5.5287136e-05 	0.76350998
-0.00025825826 	-0.019969933 	-8.4208844e-10 	-5.2829979e-05 	0.76388716
-0.00024624625 	-0.019968939 	-8.4205275e-10 	-5.0372823e-05 	0.76426433
-0.00023423423 	-0.019967944 	-8.4201706e-10 	-4.7915666e-05 	0.7646415
-0.00022222222 	-0.01996695 	-8.4198137e-10 	-4.545851e-05 	0.76501867
-0.00021021021 	-0.019965955 	-8.4194567e-10 	-4.3001353e-05 	0.76539585
-0.0001981982 	-0.019964961 	-8.4190998e-10 	-4.0544197e-05 	0.76577302
-0.00018618619 	-0.019963966 	-8.4187429e-10 	-3.808704e-05 	0.76615019
-0.00017417417 	-0.019962971 	-8.418386e-10 	-3.5629884e-05 	0.76652737
-0.00016216216 	-0.019961977 	-8.4180291e-10 	-3.3172727e-05 	0.76690454
-0.00015015015 	-0.019960982 	-8.4176721e-10 	-3.0715571e-05 	0.76728171
-0.00013813814 	-0.019959988 	-8.4173152e-10 	-2.8258414e-05 	0.76765888
-0.00012612613 	-0.019958993 	-8.4169583e-10 	-2.5801258e-05 	0.76803606
-0.00011411411 	-0.019957999 	-8.4166014e-10 	-2.3344101e-05 	0.76841323
-0.0001021021 	-0.019957004 	-8.4162445e-10 	-2.0886945e-05 	0.7687904
-9.009009e-05 	-0.019956009 	-8.4158875e-10 	-1.8429788e-05 	0.76916757
-7.8078078e-05 	-0.019955015 	-8.4155306e-10 	-1.5972632e-05 	0.76954475
-6.6066066e-05 	-0.01995402 	-8.4151737e-10 	-1.3515475e-05 	0.76992192
-5.4054054e-05 	-0.019953026 	-8.4148168e-10 	-1.1058319e-05 	0.77029909
-4.2042042e-05 	-0.019952031 	-8.4144599e-10 	-8.6011624e-06 	0.77067626
-3.003003e-05 	-0.019951037 	-8.4141029e-10 	-6.1440059e-06 	0.77105344
-1.8018018e-05 	-0.019950042 	-8.413746e-10 	-3.6868494e-06 	0.77143061
-6.006006e-06 	-0.019949048 	-8.4133891e-10 	-1.2296929e-06 	0.77180778
6.006006e-06 	-0.019949048 	-8.4149265e-10 	1.2274643e-06 	0.77180778
1.8018018e-05 	-0.019950042 	-8.4183582e-10 	3.6846221e-06 	0.77143061
3.003003e-05 	-0.019951037 	-8.42179e-10 	6.1417799e-06 	0.77105344
4.2042042e-05 	-0.019952031 	-8.4252217e-10 	8.5989378e-06 	0.77067626
5.4054054e-05 	-0.019953026 	-8.4286534e-10 	1.1056096e-05 	0.77029909
6.6066066e-05 	-0.01995402 	-8.4320851e-10 	1.3513253e-05 	0.76992192
7.8078078e-05 	-0.019955015 	-8.4355169e-10 	1.5970411e-05 	0.76954475
9.009009e-05 	-0.019956009 	-8.4389485e-10 	1.8427569e-05 	0.76916757
0.0001021021 	-0.019957004 	-8.4423803e-10 	2.0884727e-05 	0.7687904
0.00011411411 	-0.019957998 	-8.445812e-10 	2.3341885e-05 	0.76841323
0.00012612613 	-0.019958993 	-8.4492438e-10 	2.5799043e-05 	0.76803606
0.00013813814 	-0.019959988 	-8.4526755e-10 	2.82562e-05 	0.76765888
0.00015015015 	-0.019960982 	-8.4561072e-10 	3.0713358e-05 	0.76728171
0.00016216216 	-0.019961977 	-8.4595389e-10 	3.3170516e-05 	0.76690454
0.00017417417 	-0.019962971 	-8.4629706e-10 	3.5627674e-05 	0.76652737
0.00018618619 	-0.019963966 	-8.4664024e-10 	3.8084832e-05 	0.76615019
0.0001981982 	-0.01996496 	-8.4698341e-10 	4.054199e-05 	0.76577302
0.00021021021 	-0.019965955 	-8.4732658e-10 	4.2999147e-05 	0.76539585
0.00022222222 	-0.019966949 	-8.4766975e-10 	4.5456305e-05 	0.76501867
0.00023423423 	-0.019967944 	-8.4801293e-10 	4.7913463e-05 	0.7646415
0.00024624625 	-0.019968938 	-8.483561e-10 	5.0370621e-05 	0.76426433
0.00025825826 	-0.019969933 	-8.4869927e-10 	5.2827779e-05 	0.76388716
0.00027027027 	-0.019970928 	-8.4904244e-10 	5.5284937e-05 	0.76350998
0.00028228228 	-0.019971922 	-8.4938562e-10 	5.7742094e-05 	0.76313281
0.00029429429 	-0.019974308 	-8.4999293e-10 	6.3191386e-05 	0.76200162
0.00030630631 	-0.019976782 	-8.5061703e-10 	6.8830818e-05 	0.76082251
0.00031831832 	-0.019979255 	-8.5124113e-10 	7.447025e-05 	0.7596434
0.00033033033 	-0.019981729 	-8.5186523e-10 	8.0109682e-05 	0.75846429
0.00034234234 	-0.019984203 	-8.5248933e-10 	8.5749114e-05 	0.75728518
0.00035435435 	-0.019986677 	-8.5311343e-10 	9.1388546e-05 	0.75610606
0.00036636637 	-0.019989151 	-8.5373753e-10 	9.7027978e-05 	0.75492695
0.00037837838 	-0.019991625 	-8.5436163e-10 	0.00010266741 	0.75374784
0.00039039039 	-0.019994099 	-8.5498573e-10 	0.00010830684 	0.75256873
0.0004024024 	-0.019996573 	-8.5560983e-10 	0.00011394627 	0.75138962
0.00041441441 	-0.019999047 	-8.5623393e-10 	0.00011958571 	0.75021051
0.00042642643 	-0.020001521 	-8.5685803e-10 	0.00012522514 	0.7490314
0.00043843844 	-0.020003995 	-8.5748213e-10 	0.00013086457 	0.74785229
0.00045045045 	-0.020006469 	-8.5810623e-10 	0.000136504 	0.74667318
0.00046246246 	-0.020008943 	-8.5873033e-10 	0.00014214343 	0.74549407
0.00047447447 	-0.020011417 	-8.5935443e-10 	0.00014778287 	0.74431496
0.00048648649 	-0.020013891 	-8.5997853e-10 	0.0001534223 	0.74313585
0.0004984985 	-0.020016365 	-8.6060263e-10 	0.00015906173 	0.74195674
0.00051051051 	-0.020018839 	-8.6122673e-10 	0.00016470116 	0.74077763
0.00052252252 	-0.020021312 	-8.6185083e-10 	0.00017034059 	0.73959852
0.00053453453 	-0.020023786 	-8.6247493e-10 	0.00017598003 	0.73841941
0.00054654655 	-0.02002626 	-8.6309903e-10 	0.00018161946 	0.7372403
0.00055855856 	-0.020028734 	-8.6372313e-10 	0.00018725889 	0.73606119
0.00057057057 	-0.02003216 	-8.6457234e-10 	0.00019748082 	0.73444843
0.00058258258 	-0.020037134 	-8.6578803e-10 	0.0002151636 	0.73212965
0.00059459459 	-0.020042108 	-8.6700373e-10 	0.00023284639 	0.72981086
0.00060660661 	-0.020047082 	-8.6821943e-10 	0.00025052917 	0.72749208
0.00061861862 	-0.020052056 	-8.6943513e-10 	0.00026821196 	0.72517329
0.00063063063 	-0.020057031 	-8.7065083e-10 	0.00028589474 	0.72285451
0.00064264264 	-0.020062005 	-8.7186653e-10 	0.00030357753 	0.72053572
0.00065465465 	-0.020066979 	-8.7308223e-10 	0.00032126031 	0.71821694
0.00066666667 	-0.020071953 	-8.7429793e-10 	0.0003389431 	0.71589815
0.00067867868 	-0.020076928 	-8.7551362e-10 	0.00035662588 	0.71357937
0.00069069069 	-0.020081902 	-8.7672932e-10 	0.00037430867 	0.71126058
0.0007027027 	-0.020086876 	-8.7794502e-10 	0.00039199146 	0.7089418
0.00071471471 	-0.02009185 	-8.7916072e-10 	0.00040967424 	0.70662301
0.00072672673 	-0.020096824 	-8.8037642e-10 	0.00042735703 	0.70430423
0.00073873874 	-0.020101799 	-8.8159212e-10 	0.00044503981 	0.70198544
0.00075075075 	-0.020106773 	-8.8280782e-10 	0.0004627226 	0.69966666
0.00076276276 	-0.020111747 	-8.8402352e-10 	0.00048040538 	0.69734787
0.00077477477 	-0.020116721 	-8.8523921e-10 	0.00049808817 	0.69502909
0.00078678679 	-0.020122419 	-8.867284e-10 	0.00051848342 	0.69244906
0.0007987988 	-0.020130303 	-8.8904438e-10 	0.00054707868 	0.68907931
0.00081081081 	-0.020138187 	-8.9136035e-10 	0.00057567394 	0.68570955
0.00082282282 	-0.020146071 	-8.9367632e-10 	0.0006042692 	0.68233979
0.00083483483 	-0.020153955 	-8.959923e-10 	0.00063286446 	0.67897003
0.00084684685 	-0.020161839 	-8.9830827e-10 	0.00066145972 	0.67560027
0.00085885886 	-0.020169723 	-9.0062424e-10 	0.00069005498 	0.67223051
0.00087087087 	-0.020177607 	-9.0294021e-10 	0.00071865024 	0.66886075
0.00088288288 	-0.020185491 	-9.0525619e-10 	0.0007472455 	0.66549099
0.00089489489 	-0.020193375 	-9.0757216e-10 	0.00077584076 	0.66212123
0.00090690691 	-0.020201259 	-9.0988813e-10 	0.00080443602 	0.65875147
0.00091891892 	-0.020209143 	-9.1220411e-10 	0.00083303128 	0.65538171
0.00093093093 	-0.020217027 	-9.1452008e-10 	0.00086162654 	0.65201196
0.00094294294 	-0.020224911 	-9.1683605e-10 	0.0008902218 	0.6486422
0.00095495495 	-0.020232795 	-9.1915202e-10 	0.00091881706 	0.64527244
0.00096696697 	-0.020240679 	-9.21468e-10 	0.00094741232 	0.64190268
0.00097897898 	-0.020249118 	-9.2424888e-10 	0.00097752495 	0.63822464
0.00099099099 	-0.020259107 	-9.2832849e-10 	0.0010118763 	0.63368544
0.001003003 	-0.020269096 	-9.3240809e-10 	0.0010462276 	0.62914624
0.001015015 	-0.020279086 	-9.364877e-10 	0.0010805789 	0.62460704
0.001027027 	-0.020289075 	-9.405673e-10 	0.0011149302 	0.62006783
0.001039039 	-0.020299065 	-9.4464691e-10 	0.0011492815 	0.61552863
0.0010510511 	-0.020309054 	-9.4872652e-10 	0.0011836329 	0.61098943
0.0010630631 	-0.020319043 	-9.5280612e-10 	0.0012179842 	0.60645023
0.0010750751 	-0.020329033 	-9.5688573e-10 	0.0012523355 	0.60191103
0.0010870871 	-0.020339022 	-9.6096533e-10 	0.0012866868 	0.59737183
0.0010990991 	-0.020349011 	-9.6504494e-10 	0.0013210381 	0.59283262
0.0011111111 	-0.020359001 	-9.6912454e-10 	0.0013553895 	0.58829342
0.0011231231 	-0.02036899 	-9.7320415e-10 	0.0013897408 	0.58375422
0.0011351351 	-0.020378979 	-9.7728375e-10 	0.0014240921 	0.57921502
0.0011471471 	-0.020389298 	-9.818361e-10 	0.0014592651 	0.5744861
0.0011591592 	-0.020401206 	-9.8867359e-10 	0.0014984101 	0.56884014
0.0011711712 	-0.020413114 	-9.9551107e-10 	0.001537555 	0.56319418
0.0011831832 	-0.020425022 	-1.0023486e-09 	0.0015767 	0.55754822
0.0011951952 	-0.020436931 	-1.009186e-09 	0.001615845 	0.55190227
0.0012072072 	-0.020448839 	-1.0160235e-09 	0.0016549899 	0.54625631
0.0012192192 	-0.020460747 	-1.022861e-09 	0.0016941349 	0.54061035
0.0012312312 	-0.020472655 	-1.0296985e-09 	0.0017332798 	0.53496439
0.0012432432 	-0.020484564 	-1.036536e-09 	0.0017724248 	0.52931843
0.0012552553 	-0.020496472 	-1.0433735e-09 	0.0018115697 	0.52367247
0.0012672673 	-0.02050838 	-1.050211e-09 	0.0018507147 	0.51802651
0.0012792793 	-0.020520288 	-1.0570484e-09 	0.0018898596 	0.51238055
0.0012912913 	-0.020532197 	-1.0638859e-09 	0.0019290046 	0.50673459
0.0013033033 	-0.020545313 	-1.0738899e-09 	0.0019701623 	0.50034689
0.0013153153 	-0.020558837 	-1.0849616e-09 	0.0020119987 	0.49370912
0.0013273273 	-0.020572362 	-1.0960332e-09 	0.002053835 	0.48707135
0.0013393393 	-0.020585886 	-1.1071048e-09 	0.0020956713 	0.48043357
0.0013513514 	-0.02059941 	-1.1181764e-09 	0.0021375077 	0.4737958
0.0013633634 	-0.020612934 	-1.1292481e-09 	0.002179344 	0.46715802
0.0013753754 	-0.020626458 	-1.1403197e-09 	0.0022211803 	0.46052025
0.0013873874 	-0.020639982 	-1.1513913e-09 	0.0022630167 	0.45388247
0.0013993994 	-0.020653506 	-1.1624629e-09 	0.002304853 	0.4472447
0.0014114114 	-0.02066703 	-1.1735345e-09 	0.0023466893 	0.44060692
0.0014234234 	-0.020680554 	-1.1846062e-09 	0.0023885257 	0.43396915
0.0014354354 	-0.020695026 	-1.201846e-09 	0.0024294555 	0.42665363
0.0014474474 	-0.020709741 	-1.2206729e-09 	0.0024701521 	0.41916372
0.0014594595 	-0.020724456 	-1.2394998e-09 	0.0025108487 	0.41167382
0.0014714715 	-0.020739171 	-1.2583267e-09 	0.0025515454 	0.40418392
0.0014834835 	-0.020753886 	-1.2771536e-09 	0.002592242 	0.39669401
0.0014954955 	-0.020768601 	-1.2959805e-09 	0.0026329386 	0.38920411
0.0015075075 	-0.020783316 	-1.3148074e-09 	0.0026736352 	0.38171421
0.0015195195 	-0.020798031 	-1.3336343e-09 	0.0027143318 	0.37422431
0.0015315315 	-0.020812746 	-1.3524611e-09 	0.0027550284 	0.3667344
0.0015435435 	-0.020827538 	-1.3733605e-09 	0.0027943201 	0.35914794
0.0015555556 	-0.020842804 	-1.4070186e-09 	0.0028249618 	0.35096696
0.0015675676 	-0.020858069 	-1.4406768e-09 	0.0028556036 	0.34278598
0.0015795796 	-0.020873334 	-1.474335e-09 	0.0028862453 	0.334605
0.0015915916 	-0.0208886 	-1.5079932e-09 	0.0029168871 	0.32642402
0.0016036036 	-0.020903865 	-1.5416513e-09 	0.0029475289 	0.31824304
0.0016156156 	-0.020919131 	-1.5753095e-09 	0.0029781706 	0.31006206
0.0016276276 	-0.020934396 	-1.6089677e-09 	0.0030088124 	0.30188108
0.0016396396 	-0.020949662 	-1.6426259e-09 	0.0030394541 	0.2937001
0.0016516517 	-0.020964748 	-1.6940877e-09 	0.003052556 	0.28520641
0.0016636637 	-0.020979727 	-1.7561221e-09 	0.003055242 	0.27652703
0.0016756757 	-0.020994706 	-1.8181564e-09 	0.003057928 	0.26784765
0.0016876877 	-0.021009685 	-1.8801908e-09 	0.003060614 	0.25916826
0.0016996997 	-0.021024665 	-1.9422251e-09 	0.0030633 	0.25048888
0.0017117117 	-0.021039644 	-2.0042595e-09 	0.003065986 	0.2418095
0.0017237237 	-0.021054623 	-2.0662938e-09 	0.003068672 	0.23313012
0.0017357357 	-0.021069487 	-2.1339793e-09 	0.0030641214 	0.22441761
0.0017477477 	-0.021083531 	-2.2419455e-09 	0.0030079887 	0.21546899
0.0017597598 	-0.021097575 	-2.3499116e-09 	0.002951856 	0.20652036
0.0017717718 	-0.021111618 	-2.4578778e-09 	0.0028957233 	0.19757174
0.0017837838 	-0.021125662 	-2.565844e-09 	0.0028395906 	0.18862311
0.0017957958 	-0.021139706 	-2.6738102e-09 	0.0027834579 	0.17967449
0.0018078078 	-0.021153749 	-2.7817763e-09 	0.0027273252 	0.17072587
0.0018198198 	-0.021167261 	-2.9189674e-09 	0.0026187919 	0.16176651
0.0018318318 	-0.021180256 	-3.0845498e-09 	0.0024593528 	0.15279673
0.0018438438 	-0.021193252 	-3.2501323e-09 	0.0022999136 	0.14382695
0.0018558559 	-0.021206247 	-3.4157147e-09 	0.0021404744 	0.13485716
0.0018678679 	-0.021219242 	-3.5812971e-09 	0.0019810352 	0.12588738
0.0018798799 	-0.021232237 	-3.7468795e-09 	0.0018215961 	0.1169176
0.0018918919 	-0.021243632 	-3.94714e-09 	0.0015683664 	0.10808622
0.0019039039 	-0.021254256 	-4.1641123e-09 	0.0012699379 	0.099321542
0.0019159159 	-0.021264879 	-4.3810845e-09 	0.00097150945 	0.090556861
0.0019279279 	-0.021275503 	-4.5980568e-09 	0.00067308096 	0.081792181
0.0019399399 	-0.021286127 	-4.8150291e-09 	0.00037465247 	0.073027501
0.001951952 	-0.021269424 	-4.3382985e-09 	0.00020761727 	0.060829033
0.001963964 	-0.021228778 	-3.2537238e-09 	0.00015571295 	0.045621775
0.001975976 	-0.021188132 	-2.1691492e-09 	0.00010380864 	0.030414517
0.001987988 	-0.021147486 	-1.0845746e-09 	5.1904318e-05 	0.015207258
0.002 	-0.02110684 	-3.2858693e-21 	1.5725133e-16 	4.6072499e-14
0.004042042 	-0.020462668 	-1.671401e-17 	8.3806283e-17 	5.0872199e-17
0.0040540541 	-0.020462296 	7.0520116e-20 	-3.2519354e-17 	-4.7703564e-17
0.0040660661 	-0.020461924 	0 	0 	0
0.0040780781 	-0.020461552 	0 	0 	0
0.0040900901 	-0.020461181 	0 	0 	0
0.0041021021 	-0.020460809 	0 	0 	0
0.0041141141 	-0.020460437 	-3.3428021e-17 	1.6761257e-16 	1.017444e-16
0.0041261261 	-0.020460065 	6.1180468e-20 	-3.2472524e-17 	-4.7675137e-17
0.0041381381 	-0.020459693 	5.962386e-20 	-3.2464719e-17 	-4.7670399e-17
0.0041501502 	-0.020459322 	0 	0 	0
0.0041621622 	-0.02045895 	0 	0 	0
0.0041741742 	-0.020458578 	0 	0 	0
0.0041861862 	-0.020458206 	5.3117755e-20 	-6.6059933e-17 	-9.7298107e-17
0.0047267267 	-0.020447405 	3.7557927e-20 	-1.330093e-17 	-3.4614777e-17
0.005015015 	-0.020446879 	0 	0 	0
0.005027027 	-0.020446936 	7.6539548e-36 	2.4110106e-35 	3.2401679e-36
0.005039039 	-0.020446992 	-3.0616971e-37 	-1.5261828e-36 	-2.1663014e-36
0.0050510511 	-0.020447048 	-3.0616971e-37 	-1.5261828e-36 	-2.1663014e-36
0.0050630631 	-0.020447104 	1.4973958e-22 	7.3050258e-18 	2.6483937e-17
0.0050750751 	-0.02044716 	-1.4973958e-22 	-7.3050258e-18 	-2.6483937e-17
0.0050870871 	-0.020447216 	-1.4973958e-22 	-7.3050258e-18 	-2.6483937e-17
0.0052672673 	-0.020448094 	-1.1115389e-22 	-3.6172352e-18 	-1.9181358e-17
0.0052792793 	-0.020448199 	9.7126877e-37 	3.1510925e-36 	9.4067402e-37
0.0052912913 	-0.020448304 	9.7126877e-37 	3.1510925e-36 	9.4067402e-37
0.0053033033 	-0.02044841 	1.1115389e-22 	3.6172352e-18 	1.9181358e-17
0.0053153153 	-0.020448515 	-1.1115389e-22 	-3.6172352e-18 	-1.9181358e-17
0.0053273273 	-0.02044862 	1.1115389e-22 	3.6172352e-18 	1.9181358e-17
0.0053393393 	-0.020448725 	-1.1115389e-22 	-3.6172352e-18 	-1.9181358e-17
0.0053513514 	-0.020448831 	-1.1115389e-22 	-3.6172352e-18 	-1.9181358e-17
0.0056876877 	-0.020452357 	3.2665687e-21 	-3.882223e-19 	-6.1642328e-18
0.006 	-0.020455454 	4.3501474e-22 	-1.9561901e-21 	-3.1816748e-20
