-0.002 	0.051682678 	0 	0 	0
-0.001995996 	0.051682678 	-3.2183416e-14 	8.5674262e-07 	0.0040338165
-0.001991992 	0.051682678 	-6.4366831e-14 	1.7134852e-06 	0.008067633
-0.001987988 	0.051682678 	-9.6550246e-14 	2.5702278e-06 	0.01210145
-0.001983984 	0.051682678 	-1.2873366e-13 	3.4269705e-06 	0.016135266
-0.00197998 	0.051682678 	-1.6091708e-13 	4.2837131e-06 	0.020169083
-0.001975976 	0.051682678 	-1.9310049e-13 	5.1404557e-06 	0.024202899
-0.001971972 	0.051682676 	-2.2289847e-13 	5.9282892e-06 	0.028207787
-0.001967968 	0.051682673 	-2.522549e-13 	6.7033677e-06 	0.032207321
-0.001963964 	0.05168267 	-2.8161133e-13 	7.4784462e-06 	0.036206855
-0.00195996 	0.051682667 	-3.1096776e-13 	8.2535246e-06 	0.040206389
-0.001955956 	0.051682665 	-3.4032419e-13 	9.0286031e-06 	0.044205922
-0.001951952 	0.051682662 	-3.6968062e-13 	9.8036816e-06 	0.048205456
-0.0019479479 	0.051682659 	-3.9903705e-13 	1.057876e-05 	0.05220499
-0.0019439439 	0.051682677 	-4.1824086e-13 	1.197672e-05 	0.056111828
-0.0019399399 	0.051682727 	-4.2228218e-13 	1.4304926e-05 	0.059880228
-0.0019359359 	0.051682777 	-4.263235e-13 	1.6633131e-05 	0.063648629
-0.0019319319 	0.051682827 	-4.3036482e-13 	1.8961337e-05 	0.06741703
-0.0019279279 	0.051682876 	-4.3440614e-13 	2.1289543e-05 	0.07118543
-0.0019239239 	0.051682926 	-4.3844746e-13 	2.3617749e-05 	0.074953831
-0.0019199199 	0.051682976 	-4.4248877e-13 	2.5945955e-05 	0.078722232
-0.0019159159 	0.051683023 	-4.4413559e-13 	2.8188268e-05 	0.082478123
-0.0019119119 	0.051683066 	-4.4244853e-13 	3.0310992e-05 	0.086216597
-0.0019079079 	0.051683109 	-4.4076147e-13 	3.2433717e-05 	0.08995507
-0.0019039039 	0.051683153 	-4.3907441e-13 	3.4556441e-05 	0.093693544
-0.0018998999 	0.051683196 	-4.3738735e-13 	3.6679166e-05 	0.097432018
-0.0018958959 	0.051683239 	-4.3570029e-13 	3.880189e-05 	0.10117049
-0.0018918919 	0.051683282 	-4.3401323e-13 	4.0924615e-05 	0.10490897
-0.0018878879 	0.051683325 	-4.3232618e-13 	4.3047339e-05 	0.10864744
-0.0018838839 	0.051683368 	-4.3063912e-13 	4.5170064e-05 	0.11238591
-0.0018798799 	0.051683415 	-4.376728e-13 	4.917228e-05 	0.11597756
-0.0018758759 	0.051683462 	-4.4492468e-13 	5.3221523e-05 	0.11956553
-0.0018718719 	0.051683509 	-4.5217656e-13 	5.7270766e-05 	0.1231535
-0.0018678679 	0.051683556 	-4.5942843e-13 	6.1320009e-05 	0.12674147
-0.0018638639 	0.051683603 	-4.6668031e-13 	6.5369251e-05 	0.13032944
-0.0018598599 	0.05168365 	-4.7393219e-13 	6.9418494e-05 	0.13391741
-0.0018558559 	0.051683696 	-4.8118407e-13 	7.3467737e-05 	0.13750538
-0.0018518519 	0.051683743 	-4.880274e-13 	7.749781e-05 	0.14109194
-0.0018478478 	0.051683783 	-4.8780182e-13 	8.1196198e-05 	0.14465409
-0.0018438438 	0.051683824 	-4.8757624e-13 	8.4894586e-05 	0.14821625
-0.0018398398 	0.051683864 	-4.8735066e-13 	8.8592975e-05 	0.15177841
-0.0018358358 	0.051683904 	-4.8712508e-13 	9.2291363e-05 	0.15534056
-0.0018318318 	0.051683945 	-4.868995e-13 	9.5989751e-05 	0.15890272
-0.0018278278 	0.051683985 	-4.8667392e-13 	9.968814e-05 	0.16246488
-0.0018238238 	0.051684025 	-4.8644834e-13 	0.00010338653 	0.16602703
-0.0018198198 	0.051684066 	-4.8622276e-13 	0.00010708492 	0.16958919
-0.0018158158 	0.051684106 	-4.8599718e-13 	0.0001107833 	0.17315135
-0.0018118118 	0.051684145 	-4.8894165e-13 	0.00011549935 	0.17662453
-0.0018078078 	0.051684181 	-4.9534384e-13 	0.0001213254 	0.18000066
-0.0018038038 	0.051684218 	-5.0174602e-13 	0.00012715145 	0.18337679
-0.0017997998 	0.051684255 	-5.081482e-13 	0.0001329775 	0.18675292
-0.0017957958 	0.051684291 	-5.1455039e-13 	0.00013880355 	0.19012905
-0.0017917918 	0.051684328 	-5.2095257e-13 	0.0001446296 	0.19350518
-0.0017877878 	0.051684365 	-5.2735476e-13 	0.00015045565 	0.19688131
-0.0017837838 	0.051684401 	-5.3375694e-13 	0.0001562817 	0.20025744
-0.0017797798 	0.051684438 	-5.4015913e-13 	0.00016210775 	0.20363357
-0.0017757758 	0.051684472 	-5.4330536e-13 	0.00016768693 	0.20699954
-0.0017717718 	0.051684502 	-5.4310937e-13 	0.00017301271 	0.21035509
-0.0017677678 	0.051684533 	-5.4291338e-13 	0.00017833848 	0.21371064
-0.0017637638 	0.051684564 	-5.4271739e-13 	0.00018366426 	0.21706619
-0.0017597598 	0.051684595 	-5.4252139e-13 	0.00018899003 	0.22042174
-0.0017557558 	0.051684626 	-5.423254e-13 	0.00019431581 	0.22377729
-0.0017517518 	0.051684656 	-5.4212941e-13 	0.00019964158 	0.22713284
-0.0017477477 	0.051684687 	-5.4193342e-13 	0.00020496736 	0.23048839
-0.0017437437 	0.051684718 	-5.4173742e-13 	0.00021029313 	0.23384394
-0.0017397397 	0.051684749 	-5.4154143e-13 	0.00021561891 	0.23719949
-0.0017357357 	0.05168478 	-5.4134544e-13 	0.00022094468 	0.24055504
-0.0017317317 	0.05168481 	-5.6516909e-13 	0.00022764824 	0.24376509
-0.0017277277 	0.05168484 	-6.0304507e-13 	0.00023515785 	0.24689002
-0.0017237237 	0.051684871 	-6.4092105e-13 	0.00024266747 	0.25001496
-0.0017197197 	0.051684901 	-6.7879703e-13 	0.00025017708 	0.25313989
-0.0017157157 	0.051684932 	-7.1667301e-13 	0.0002576867 	0.25626482
-0.0017117117 	0.051684962 	-7.5454899e-13 	0.00026519631 	0.25938975
-0.0017077077 	0.051684992 	-7.9242497e-13 	0.00027270592 	0.26251468
-0.0017037037 	0.051685023 	-8.3030095e-13 	0.00028021554 	0.26563962
-0.0016996997 	0.051685053 	-8.6817693e-13 	0.00028772515 	0.26876455
-0.0016956957 	0.051685083 	-9.0605291e-13 	0.00029523477 	0.27188948
-0.0016916917 	0.051685111 	-9.2248502e-13 	0.00030246397 	0.27500836
-0.0016876877 	0.051685136 	-9.1154606e-13 	0.00030933527 	0.27811951
-0.0016836837 	0.051685161 	-9.006071e-13 	0.00031620656 	0.28123066
-0.0016796797 	0.051685185 	-8.8966814e-13 	0.00032307785 	0.28434181
-0.0016756757 	0.05168521 	-8.7872918e-13 	0.00032994914 	0.28745296
-0.0016716717 	0.051685235 	-8.6779022e-13 	0.00033682043 	0.29056411
-0.0016676677 	0.051685259 	-8.5685126e-13 	0.00034369172 	0.29367526
-0.0016636637 	0.051685284 	-8.459123e-13 	0.00035056302 	0.29678642
-0.0016596597 	0.051685309 	-8.3497334e-13 	0.00035743431 	0.29989757
-0.0016556557 	0.051685333 	-8.2403438e-13 	0.0003643056 	0.30300872
-0.0016516517 	0.051685358 	-8.1309542e-13 	0.00037117689 	0.30611987
-0.0016476476 	0.051685383 	-8.0215646e-13 	0.00037804818 	0.30923102
-0.0016436436 	0.051685408 	-7.9076617e-13 	0.00038516349 	0.31230854
-0.0016396396 	0.051685438 	-7.759941e-13 	0.00039410708 	0.31513405
-0.0016356356 	0.051685468 	-7.6122203e-13 	0.00040305066 	0.31795956
-0.0016316316 	0.051685498 	-7.4644995e-13 	0.00041199425 	0.32078507
-0.0016276276 	0.051685528 	-7.3167788e-13 	0.00042093784 	0.32361059
-0.0016236236 	0.051685558 	-7.1690581e-13 	0.00042988143 	0.3264361
-0.0016196196 	0.051685588 	-7.0213373e-13 	0.00043882502 	0.32926161
-0.0016156156 	0.051685618 	-6.8736166e-13 	0.00044776861 	0.33208712
-0.0016116116 	0.051685648 	-6.7258959e-13 	0.0004567122 	0.33491263
-0.0016076076 	0.051685678 	-6.5781752e-13 	0.00046565578 	0.33773814
-0.0016036036 	0.051685708 	-6.4304544e-13 	0.00047459937 	0.34056366
-0.0015995996 	0.051685738 	-6.2827337e-13 	0.00048354296 	0.34338917
-0.0015955956 	0.051685765 	-6.1913472e-13 	0.00049207067 	0.34621191
-0.0015915916 	0.051685788 	-6.1447148e-13 	0.000500268 	0.34903245
-0.0015875876 	0.051685812 	-6.0980825e-13 	0.00050846532 	0.35185299
-0.0015835836 	0.051685836 	-6.0514501e-13 	0.00051666264 	0.35467354
-0.0015795796 	0.05168586 	-6.0048178e-13 	0.00052485997 	0.35749408
-0.0015755756 	0.051685884 	-5.9581854e-13 	0.00053305729 	0.36031462
-0.0015715716 	0.051685907 	-5.9115531e-13 	0.00054125462 	0.36313516
-0.0015675676 	0.051685931 	-5.8649207e-13 	0.00054945194 	0.3659557
-0.0015635636 	0.051685955 	-5.8182884e-13 	0.00055764926 	0.36877625
-0.0015595596 	0.051685979 	-5.771656e-13 	0.00056584659 	0.37159679
-0.0015555556 	0.051686003 	-5.7250237e-13 	0.00057404391 	0.37441733
-0.0015515516 	0.051686026 	-5.6783913e-13 	0.00058224123 	0.37723787
-0.0015475475 	0.05168605 	-5.631759e-13 	0.00059043856 	0.38005841
-0.0015435435 	0.051686074 	-5.5851266e-13 	0.00059863588 	0.38287895
-0.0015395395 	0.051686105 	-5.3190718e-13 	0.00060779443 	0.38549603
-0.0015355355 	0.051686142 	-4.8946454e-13 	0.00061764675 	0.38796624
-0.0015315315 	0.051686179 	-4.4702189e-13 	0.00062749907 	0.39043645
-0.0015275275 	0.051686216 	-4.0457925e-13 	0.0006373514 	0.39290667
-0.0015235235 	0.051686253 	-3.6213661e-13 	0.00064720372 	0.39537688
-0.0015195195 	0.05168629 	-3.1969397e-13 	0.00065705604 	0.39784709
-0.0015155155 	0.051686327 	-2.7725133e-13 	0.00066690837 	0.40031731
-0.0015115115 	0.051686363 	-2.3480869e-13 	0.00067676069 	0.40278752
-0.0015075075 	0.0516864 	-1.9236605e-13 	0.00068661301 	0.40525773
-0.0015035035 	0.051686437 	-1.4992341e-13 	0.00069646533 	0.40772795
-0.0014994995 	0.051686474 	-1.0748077e-13 	0.00070631766 	0.41019816
-0.0014954955 	0.051686511 	-6.5038126e-14 	0.00071616998 	0.41266837
-0.0014914915 	0.051686548 	-2.2595485e-14 	0.0007260223 	0.41513858
-0.0014874875 	0.051686581 	5.4092406e-19 	0.00073550334 	0.41761161
-0.0014834835 	0.05168661 	5.9249975e-19 	0.00074456166 	0.42008784
-0.0014794795 	0.05168664 	6.4407544e-19 	0.00075361998 	0.42256406
-0.0014754755 	0.051686669 	6.9565113e-19 	0.0007626783 	0.42504029
-0.0014714715 	0.051686698 	7.4722683e-19 	0.00077173662 	0.42751652
-0.0014674675 	0.051686728 	7.9880252e-19 	0.00078079494 	0.42999275
-0.0014634635 	0.051686757 	8.5037821e-19 	0.00078985326 	0.43246897
-0.0014594595 	0.051686786 	9.019539e-19 	0.00079891158 	0.4349452
-0.0014554555 	0.051686815 	9.5352959e-19 	0.00080796991 	0.43742143
-0.0014514515 	0.051686845 	1.0051053e-18 	0.00081702823 	0.43989765
-0.0014474474 	0.051686874 	1.056681e-18 	0.00082608655 	0.44237388
-0.0014434434 	0.051686903 	1.1082567e-18 	0.00083514487 	0.44485011
-0.0014394394 	0.051686932 	1.1598324e-18 	0.00084420319 	0.44732633
-0.0014354354 	0.051686962 	1.2114081e-18 	0.00085326151 	0.44980256
-0.0014314314 	0.051686991 	1.2629837e-18 	0.00086231983 	0.45227879
-0.0014274274 	0.05168702 	1.3145594e-18 	0.00087137815 	0.45475502
-0.0014234234 	0.051687064 	1.2811379e-18 	0.00088091042 	0.45697404
-0.0014194194 	0.051687116 	1.231463e-18 	0.00089074076 	0.4590313
-0.0014154154 	0.051687168 	1.181788e-18 	0.00090057109 	0.46108857
-0.0014114114 	0.05168722 	1.1321131e-18 	0.00091040143 	0.46314584
-0.0014074074 	0.051687272 	1.0824381e-18 	0.00092023176 	0.4652031
-0.0014034034 	0.051687324 	1.0327632e-18 	0.0009300621 	0.46726037
-0.0013993994 	0.051687376 	9.830882e-19 	0.00093989243 	0.46931764
-0.0013953954 	0.051687428 	9.3341325e-19 	0.00094972277 	0.47137491
-0.0013913914 	0.05168748 	8.837383e-19 	0.0009595531 	0.47343217
-0.0013873874 	0.051687532 	8.3406334e-19 	0.00096938344 	0.47548944
-0.0013833834 	0.051687585 	7.8438839e-19 	0.00097921377 	0.47754671
-0.0013793794 	0.051687637 	7.3471344e-19 	0.00098904411 	0.47960398
-0.0013753754 	0.051687689 	6.8503849e-19 	0.00099887444 	0.48166124
-0.0013713714 	0.051687741 	6.3536354e-19 	0.0010087048 	0.48371851
-0.0013673674 	0.051687793 	5.8568859e-19 	0.0010185351 	0.48577578
-0.0013633634 	0.051687838 	2.8634624e-14 	0.0010278165 	0.48784675
-0.0013593594 	0.05168788 	6.7357357e-14 	0.0010369045 	0.48992255
-0.0013553554 	0.051687922 	1.0608009e-13 	0.0010459925 	0.49199835
-0.0013513514 	0.051687964 	1.4480282e-13 	0.0010550806 	0.49407416
-0.0013473473 	0.051688007 	1.8352555e-13 	0.0010641686 	0.49614996
-0.0013433433 	0.051688049 	2.2224829e-13 	0.0010732566 	0.49822576
-0.0013393393 	0.051688091 	2.6097102e-13 	0.0010823446 	0.50030156
-0.0013353353 	0.051688133 	2.9969375e-13 	0.0010914326 	0.50237736
-0.0013313313 	0.051688176 	3.3841649e-13 	0.0011005206 	0.50445317
-0.0013273273 	0.051688218 	3.7713922e-13 	0.0011096086 	0.50652897
-0.0013233233 	0.05168826 	4.1586195e-13 	0.0011186966 	0.50860477
-0.0013193193 	0.051688302 	4.5458468e-13 	0.0011277846 	0.51068057
-0.0013153153 	0.051688345 	4.9330742e-13 	0.0011368726 	0.51275637
-0.0013113113 	0.051688387 	5.3203015e-13 	0.0011459606 	0.51483217
-0.0013073073 	0.051688429 	5.7075288e-13 	0.0011550487 	0.51690798
-0.0013033033 	0.051688471 	6.0947561e-13 	0.0011641367 	0.51898378
-0.0012992993 	0.051688514 	6.4819835e-13 	0.0011732247 	0.52105958
-0.0012952953 	0.051688556 	6.8692108e-13 	0.0011823127 	0.52313538
-0.0012912913 	0.051688622 	6.7140176e-13 	0.0011908812 	0.52485009
-0.0012872873 	0.051688696 	6.3841573e-13 	0.0011992825 	0.52644852
-0.0012832833 	0.05168877 	6.054297e-13 	0.0012076837 	0.52804695
-0.0012792793 	0.051688844 	5.7244368e-13 	0.001216085 	0.52964537
-0.0012752753 	0.051688919 	5.3945765e-13 	0.0012244863 	0.5312438
-0.0012712713 	0.051688993 	5.0647162e-13 	0.0012328875 	0.53284223
-0.0012672673 	0.051689067 	4.7348559e-13 	0.0012412888 	0.53444066
-0.0012632633 	0.051689141 	4.4049956e-13 	0.00124969 	0.53603909
-0.0012592593 	0.051689215 	4.0751353e-13 	0.0012580913 	0.53763752
-0.0012552553 	0.051689289 	3.745275e-13 	0.0012664926 	0.53923595
-0.0012512513 	0.051689363 	3.4154147e-13 	0.0012748938 	0.54083437
-0.0012472472 	0.051689437 	3.0855544e-13 	0.0012832951 	0.5424328
-0.0012432432 	0.051689511 	2.7556941e-13 	0.0012916963 	0.54403123
-0.0012392392 	0.051689585 	2.4258338e-13 	0.0013000976 	0.54562966
-0.0012352352 	0.051689659 	2.0959735e-13 	0.0013084988 	0.54722809
-0.0012312312 	0.051689734 	1.7661132e-13 	0.0013169001 	0.54882652
-0.0012272272 	0.051689808 	1.4362529e-13 	0.0013253014 	0.55042495
-0.0012232232 	0.051689871 	1.3974851e-13 	0.0013332124 	0.55205034
-0.0012192192 	0.051689932 	1.3968623e-13 	0.0013410593 	0.55367928
-0.0012152152 	0.051689994 	1.3962395e-13 	0.0013489061 	0.55530821
-0.0012112112 	0.051690055 	1.3956168e-13 	0.0013567529 	0.55693714
-0.0012072072 	0.051690117 	1.394994e-13 	0.0013645997 	0.55856608
-0.0012032032 	0.051690179 	1.3943712e-13 	0.0013724466 	0.56019501
-0.0011991992 	0.05169024 	1.3937484e-13 	0.0013802934 	0.56182395
-0.0011951952 	0.051690302 	1.3931256e-13 	0.0013881402 	0.56345288
-0.0011911912 	0.051690364 	1.3925028e-13 	0.001395987 	0.56508181
-0.0011871872 	0.051690425 	1.39188e-13 	0.0014038339 	0.56671075
-0.0011831832 	0.051690487 	1.3912572e-13 	0.0014116807 	0.56833968
-0.0011791792 	0.051690548 	1.3906344e-13 	0.0014195275 	0.56996861
-0.0011751752 	0.05169061 	1.3900116e-13 	0.0014273744 	0.57159755
-0.0011711712 	0.051690672 	1.3893888e-13 	0.0014352212 	0.57322648
-0.0011671672 	0.051690733 	1.388766e-13 	0.001443068 	0.57485541
-0.0011631632 	0.051690795 	1.3881432e-13 	0.0014509148 	0.57648435
-0.0011591592 	0.051690856 	1.3875204e-13 	0.0014587617 	0.57811328
-0.0011551552 	0.051690918 	1.3868976e-13 	0.0014666085 	0.57974221
-0.0011511512 	0.05169098 	1.3862749e-13 	0.0014744553 	0.58137115
-0.0011471471 	0.051691041 	1.3856521e-13 	0.0014823021 	0.58300008
-0.0011431431 	0.05169112 	1.2445796e-13 	0.0014888676 	0.58438506
-0.0011391391 	0.051691217 	9.5481812e-14 	0.0014940764 	0.58551179
-0.0011351351 	0.051691314 	6.6505665e-14 	0.0014992852 	0.58663852
-0.0011311311 	0.051691411 	3.7529518e-14 	0.0015044941 	0.58776524
-0.0011271271 	0.051691508 	8.5533711e-15 	0.0015097029 	0.58889197
-0.0011231231 	0.051691605 	-2.0422776e-14 	0.0015149117 	0.59001869
-0.0011191191 	0.051691703 	-4.9398923e-14 	0.0015201206 	0.59114542
-0.0011151151 	0.0516918 	-7.8375069e-14 	0.0015253294 	0.59227214
-0.0011111111 	0.051691897 	-1.0735122e-13 	0.0015305382 	0.59339887
-0.0011071071 	0.051691994 	-1.3632736e-13 	0.0015357471 	0.59452559
-0.0011031031 	0.051692091 	-1.6530351e-13 	0.0015409559 	0.59565232
-0.0010990991 	0.051692188 	-1.9427966e-13 	0.0015461647 	0.59677905
-0.0010950951 	0.051692285 	-2.232558e-13 	0.0015513736 	0.59790577
-0.0010910911 	0.051692382 	-2.5223195e-13 	0.0015565824 	0.5990325
-0.0010870871 	0.051692479 	-2.812081e-13 	0.0015617912 	0.60015922
-0.0010830831 	0.051692576 	-3.1018424e-13 	0.0015670001 	0.60128595
-0.0010790791 	0.051692673 	-3.3916039e-13 	0.0015722089 	0.60241267
-0.0010750751 	0.05169277 	-3.6813654e-13 	0.0015774177 	0.6035394
-0.0010710711 	0.051692867 	-3.9711268e-13 	0.0015826266 	0.60466612
-0.0010670671 	0.051692959 	-4.1597668e-13 	0.0015877586 	0.60580612
-0.0010630631 	0.051693042 	-4.1583748e-13 	0.0015927464 	0.60697106
-0.0010590591 	0.051693125 	-4.1569827e-13 	0.0015977342 	0.608136
-0.0010550551 	0.051693207 	-4.1555907e-13 	0.001602722 	0.60930094
-0.0010510511 	0.05169329 	-4.1541986e-13 	0.0016077098 	0.61046587
-0.001047047 	0.051693373 	-4.1528066e-13 	0.0016126976 	0.61163081
-0.001043043 	0.051693455 	-4.1514145e-13 	0.0016176854 	0.61279575
-0.001039039 	0.051693538 	-4.1500225e-13 	0.0016226732 	0.61396069
-0.001035035 	0.051693621 	-4.1486304e-13 	0.001627661 	0.61512563
-0.001031031 	0.051693703 	-4.1472384e-13 	0.0016326488 	0.61629057
-0.001027027 	0.051693786 	-4.1458463e-13 	0.0016376366 	0.6174555
-0.001023023 	0.051693868 	-4.1444543e-13 	0.0016426244 	0.61862044
-0.001019019 	0.051693951 	-4.1430622e-13 	0.0016476122 	0.61978538
-0.001015015 	0.051694034 	-4.1416702e-13 	0.0016526 	0.62095032
-0.001011011 	0.051694116 	-4.1402781e-13 	0.0016575878 	0.62211526
-0.001007007 	0.051694199 	-4.1388861e-13 	0.0016625756 	0.6232802
-0.001003003 	0.051694282 	-4.137494e-13 	0.0016675634 	0.62444514
-0.000998999 	0.051694364 	-4.136102e-13 	0.0016725512 	0.62561007
-0.00099499499 	0.051694447 	-4.1347099e-13 	0.001677539 	0.62677501
-0.00099099099 	0.05169453 	-4.1333179e-13 	0.0016825268 	0.62793995
-0.00098698699 	0.051694612 	-4.1319258e-13 	0.0016875146 	0.62910489
-0.00098298298 	0.051694695 	-4.1305338e-13 	0.0016925024 	0.63026983
-0.00097897898 	0.051694778 	-4.1291417e-13 	0.0016974902 	0.63143477
-0.00097497497 	0.051694867 	-4.1279915e-13 	0.0017015434 	0.63250154
-0.00097097097 	0.05169498 	-4.1277553e-13 	0.0017020627 	0.63319714
-0.00096696697 	0.051695093 	-4.1275191e-13 	0.0017025821 	0.63389275
-0.00096296296 	0.051695206 	-4.1272829e-13 	0.0017031014 	0.63458835
-0.00095895896 	0.051695319 	-4.1270468e-13 	0.0017036208 	0.63528396
-0.00095495495 	0.051695431 	-4.1268106e-13 	0.0017041401 	0.63597956
-0.00095095095 	0.051695544 	-4.1265744e-13 	0.0017046595 	0.63667517
-0.00094694695 	0.051695657 	-4.1263382e-13 	0.0017051788 	0.63737077
-0.00094294294 	0.05169577 	-4.126102e-13 	0.0017056981 	0.63806638
-0.00093893894 	0.051695883 	-4.1258658e-13 	0.0017062175 	0.63876198
-0.00093493493 	0.051695996 	-4.1256296e-13 	0.0017067368 	0.63945759
-0.00093093093 	0.051696109 	-4.1253935e-13 	0.0017072562 	0.64015319
-0.00092692693 	0.051696222 	-4.1251573e-13 	0.0017077755 	0.6408488
-0.00092292292 	0.051696335 	-4.1249211e-13 	0.0017082949 	0.6415444
-0.00091891892 	0.051696448 	-4.1246849e-13 	0.0017088142 	0.64224001
-0.00091491491 	0.051696561 	-4.1244487e-13 	0.0017093335 	0.64293561
-0.00091091091 	0.051696674 	-4.1242125e-13 	0.0017098529 	0.64363122
-0.00090690691 	0.051696787 	-4.1239763e-13 	0.0017103722 	0.64432682
-0.0009029029 	0.0516969 	-4.1237402e-13 	0.0017108916 	0.64502243
-0.0008988989 	0.051697013 	-4.123504e-13 	0.0017114109 	0.64571803
-0.00089489489 	0.051697126 	-4.1232678e-13 	0.0017119303 	0.64641364
-0.00089089089 	0.051697239 	-4.1230316e-13 	0.0017124496 	0.64710924
-0.00088688689 	0.051697345 	-4.1237644e-13 	0.0017130581 	0.64782381
-0.00088288288 	0.051697443 	-4.1254653e-13 	0.0017137556 	0.64855731
-0.00087887888 	0.051697541 	-4.1271663e-13 	0.0017144531 	0.64929082
-0.00087487487 	0.051697639 	-4.1288673e-13 	0.0017151506 	0.65002433
-0.00087087087 	0.051697738 	-4.1305683e-13 	0.0017158481 	0.65075784
-0.00086686687 	0.051697836 	-4.1322692e-13 	0.0017165456 	0.65149134
-0.00086286286 	0.051697934 	-4.1339702e-13 	0.0017172431 	0.65222485
-0.00085885886 	0.051698032 	-4.1356712e-13 	0.0017179406 	0.65295836
-0.00085485485 	0.05169813 	-4.1373721e-13 	0.0017186381 	0.65369186
-0.00085085085 	0.051698229 	-4.1390731e-13 	0.0017193356 	0.65442537
-0.00084684685 	0.051698327 	-4.1407741e-13 	0.0017200331 	0.65515888
-0.00084284284 	0.051698425 	-4.1424751e-13 	0.0017207306 	0.65589239
-0.00083883884 	0.051698523 	-4.144176e-13 	0.0017214281 	0.65662589
-0.00083483483 	0.051698621 	-4.145877e-13 	0.0017221256 	0.6573594
-0.00083083083 	0.05169872 	-4.147578e-13 	0.0017228231 	0.65809291
-0.00082682683 	0.051698818 	-4.1492789e-13 	0.0017235206 	0.65882641
-0.00082282282 	0.051698916 	-4.1509799e-13 	0.0017242181 	0.65955992
-0.00081881882 	0.051699014 	-4.1526809e-13 	0.0017249156 	0.66029343
-0.00081481481 	0.051699112 	-4.1543819e-13 	0.0017256132 	0.66102694
-0.00081081081 	0.05169921 	-4.1560828e-13 	0.0017263107 	0.66176044
-0.00080680681 	0.051699309 	-4.1577838e-13 	0.0017270082 	0.66249395
-0.0008028028 	0.051699407 	-4.1594848e-13 	0.0017277057 	0.66322746
-0.0007987988 	0.051699505 	-4.1611857e-13 	0.0017284032 	0.66396096
-0.00079479479 	0.051699603 	-4.1628867e-13 	0.0017291007 	0.66469447
-0.00079079079 	0.051699701 	-4.1645877e-13 	0.0017297982 	0.66542798
-0.00078678679 	0.0516998 	-4.1662887e-13 	0.0017304957 	0.66616149
-0.00078278278 	0.051699896 	-4.1675461e-13 	0.0017294788 	0.6668034
-0.00077877878 	0.051699988 	-4.1675032e-13 	0.0017234349 	0.66717673
-0.00077477477 	0.05170008 	-4.1674602e-13 	0.0017173909 	0.66755006
-0.00077077077 	0.051700171 	-4.1674172e-13 	0.001711347 	0.66792338
-0.00076676677 	0.051700263 	-4.1673743e-13 	0.001705303 	0.66829671
-0.00076276276 	0.051700355 	-4.1673313e-13 	0.0016992591 	0.66867004
-0.00075875876 	0.051700447 	-4.1672883e-13 	0.0016932151 	0.66904337
-0.00075475475 	0.051700538 	-4.1672454e-13 	0.0016871712 	0.66941669
-0.00075075075 	0.05170063 	-4.1672024e-13 	0.0016811272 	0.66979002
-0.00074674675 	0.051700722 	-4.1671594e-13 	0.0016750833 	0.67016335
-0.00074274274 	0.051700814 	-4.1671165e-13 	0.0016690393 	0.67053668
-0.00073873874 	0.051700905 	-4.1670735e-13 	0.0016629954 	0.67091001
-0.00073473473 	0.051700997 	-4.1670306e-13 	0.0016569515 	0.67128333
-0.00073073073 	0.051701089 	-4.1669876e-13 	0.0016509075 	0.67165666
-0.00072672673 	0.051701181 	-4.1669446e-13 	0.0016448636 	0.67202999
-0.00072272272 	0.051701272 	-4.1669017e-13 	0.0016388196 	0.67240332
-0.00071871872 	0.051701364 	-4.1668587e-13 	0.0016327757 	0.67277665
-0.00071471471 	0.051701456 	-4.1668157e-13 	0.0016267317 	0.67314997
-0.00071071071 	0.051701548 	-4.1667728e-13 	0.0016206878 	0.6735233
-0.00070670671 	0.051701639 	-4.1667298e-13 	0.0016146438 	0.67389663
-0.0007027027 	0.051701731 	-4.1666868e-13 	0.0016085999 	0.67426996
-0.0006986987 	0.051701823 	-4.1666439e-13 	0.0016025559 	0.67464328
-0.00069469469 	0.051701914 	-4.1666009e-13 	0.001596512 	0.67501661
-0.00069069069 	0.051702006 	-4.1665579e-13 	0.001590468 	0.67538994
-0.00068668669 	0.051702098 	-4.166515e-13 	0.0015844241 	0.67576327
-0.00068268268 	0.051702184 	-4.3132195e-13 	0.0015788081 	0.67615597
-0.00067867868 	0.051702266 	-4.5462776e-13 	0.0015734439 	0.67656007
-0.00067467467 	0.051702348 	-4.7793357e-13 	0.0015680797 	0.67696418
-0.00067067067 	0.05170243 	-5.0123938e-13 	0.0015627156 	0.67736828
-0.00066666667 	0.051702513 	-5.245452e-13 	0.0015573514 	0.67777238
-0.00066266266 	0.051702595 	-5.4785101e-13 	0.0015519873 	0.67817649
-0.00065865866 	0.051702677 	-5.7115682e-13 	0.0015466231 	0.67858059
-0.00065465465 	0.051702759 	-5.9446263e-13 	0.0015412589 	0.67898469
-0.00065065065 	0.051702841 	-6.1776844e-13 	0.0015358948 	0.6793888
-0.00064664665 	0.051702924 	-6.4107425e-13 	0.0015305306 	0.6797929
-0.00064264264 	0.051703006 	-6.6438006e-13 	0.0015251665 	0.680197
-0.00063863864 	0.051703088 	-6.8768587e-13 	0.0015198023 	0.68060111
-0.00063463463 	0.05170317 	-7.1099168e-13 	0.0015144381 	0.68100521
-0.00063063063 	0.051703253 	-7.3429749e-13 	0.001509074 	0.68140931
-0.00062662663 	0.051703335 	-7.576033e-13 	0.0015037098 	0.68181342
-0.00062262262 	0.051703417 	-7.8090911e-13 	0.0014983457 	0.68221752
-0.00061861862 	0.051703499 	-8.0421492e-13 	0.0014929815 	0.68262162
-0.00061461461 	0.051703582 	-8.2752074e-13 	0.0014876173 	0.68302573
-0.00061061061 	0.051703664 	-8.5082655e-13 	0.0014822532 	0.68342983
-0.00060660661 	0.051703746 	-8.7413236e-13 	0.001476889 	0.68383393
-0.0006026026 	0.051703828 	-8.9743817e-13 	0.0014715248 	0.68423803
-0.0005985986 	0.05170391 	-9.2074398e-13 	0.0014661607 	0.68464214
-0.00059459459 	0.051703993 	-9.4404979e-13 	0.0014607965 	0.68504624
-0.00059059059 	0.051704075 	-9.673556e-13 	0.0014554324 	0.68545034
-0.00058658659 	0.051704157 	-9.9066141e-13 	0.0014500682 	0.68585445
-0.00058258258 	0.051704239 	-1.0139672e-12 	0.001444704 	0.68625855
-0.00057857858 	0.051704322 	-1.037273e-12 	0.0014393399 	0.68666265
-0.00057457457 	0.051704404 	-1.0605788e-12 	0.0014339757 	0.68706676
-0.00057057057 	0.051704486 	-1.0838847e-12 	0.0014286116 	0.68747086
-0.00056656657 	0.051704568 	-1.1071905e-12 	0.0014232474 	0.68787496
-0.00056256256 	0.051704635 	-1.1104882e-12 	0.0014144491 	0.68806638
-0.00055855856 	0.051704699 	-1.1104882e-12 	0.0014050847 	0.68822273
-0.00055455455 	0.051704762 	-1.1104882e-12 	0.0013957203 	0.68837909
-0.00055055055 	0.051704826 	-1.1104881e-12 	0.0013863559 	0.68853545
-0.00054654655 	0.05170489 	-1.1104881e-12 	0.0013769915 	0.6886918
-0.00054254254 	0.051704954 	-1.1104881e-12 	0.0013676272 	0.68884816
-0.00053853854 	0.051705018 	-1.1104881e-12 	0.0013582628 	0.68900452
-0.00053453453 	0.051705082 	-1.1104881e-12 	0.0013488984 	0.68916087
-0.00053053053 	0.051705146 	-1.110488e-12 	0.001339534 	0.68931723
-0.00052652653 	0.05170521 	-1.110488e-12 	0.0013301696 	0.68947359
-0.00052252252 	0.051705274 	-1.110488e-12 	0.0013208053 	0.68962994
-0.00051851852 	0.051705337 	-1.110488e-12 	0.0013114409 	0.6897863
-0.00051451451 	0.051705401 	-1.1104879e-12 	0.0013020765 	0.68994266
-0.00051051051 	0.051705465 	-1.1104879e-12 	0.0012927121 	0.69009901
-0.00050650651 	0.051705529 	-1.1104879e-12 	0.0012833477 	0.69025537
-0.0005025025 	0.051705593 	-1.1104879e-12 	0.0012739834 	0.69041173
-0.0004984985 	0.051705657 	-1.1104878e-12 	0.001264619 	0.69056808
-0.00049449449 	0.051705721 	-1.1104878e-12 	0.0012552546 	0.69072444
-0.00049049049 	0.051705785 	-1.1104878e-12 	0.0012458902 	0.6908808
-0.00048648649 	0.051705849 	-1.1104878e-12 	0.0012365258 	0.69103715
-0.00048248248 	0.051705912 	-1.1104877e-12 	0.0012271615 	0.69119351
-0.00047847848 	0.051705976 	-1.1104877e-12 	0.0012177971 	0.69134987
-0.00047447447 	0.05170604 	-1.1104877e-12 	0.0012084327 	0.69150622
-0.00047047047 	0.051706104 	-1.1104877e-12 	0.0011990683 	0.69166258
-0.00046646647 	0.051706168 	-1.1104877e-12 	0.0011897039 	0.69181894
-0.00046246246 	0.051706232 	-1.1104876e-12 	0.0011803396 	0.6919753
-0.00045845846 	0.051706296 	-1.1104876e-12 	0.0011709752 	0.69213165
-0.00045445445 	0.05170636 	-1.1104876e-12 	0.0011616108 	0.69228801
-0.00045045045 	0.051706424 	-1.1104876e-12 	0.0011522464 	0.69244437
-0.00044644645 	0.051706487 	-1.1104875e-12 	0.0011428821 	0.69260072
-0.00044244244 	0.051706551 	-1.1104875e-12 	0.0011335177 	0.69275708
-0.00043843844 	0.051706615 	-1.1104875e-12 	0.0011241533 	0.69291344
-0.00043443443 	0.051706679 	-1.1104875e-12 	0.0011147889 	0.69306979
-0.00043043043 	0.051706743 	-1.1104874e-12 	0.0011054245 	0.69322615
-0.00042642643 	0.051706807 	-1.1104874e-12 	0.0010960602 	0.69338251
-0.00042242242 	0.051706871 	-1.1104874e-12 	0.0010866958 	0.69353886
-0.00041841842 	0.051706935 	-1.1104874e-12 	0.0010773314 	0.69369522
-0.00041441441 	0.051706999 	-1.1104873e-12 	0.001067967 	0.69385158
-0.00041041041 	0.051707064 	-1.1074428e-12 	0.0010584706 	0.69400513
-0.00040640641 	0.051707133 	-1.0900908e-12 	0.0010483536 	0.69414554
-0.0004024024 	0.051707203 	-1.0727387e-12 	0.0010382366 	0.69428594
-0.0003983984 	0.051707273 	-1.0553867e-12 	0.0010281196 	0.69442635
-0.00039439439 	0.051707342 	-1.0380347e-12 	0.0010180027 	0.69456675
-0.00039039039 	0.051707412 	-1.0206826e-12 	0.0010078857 	0.69470716
-0.00038638639 	0.051707482 	-1.0033306e-12 	0.0009977687 	0.69484756
-0.00038238238 	0.051707551 	-9.8597857e-13 	0.00098765172 	0.69498797
-0.00037837838 	0.051707621 	-9.6862653e-13 	0.00097753474 	0.69512837
-0.00037437437 	0.051707691 	-9.512745e-13 	0.00096741776 	0.69526878
-0.00037037037 	0.05170776 	-9.3392247e-13 	0.00095730078 	0.69540918
-0.00036636637 	0.05170783 	-9.1657044e-13 	0.0009471838 	0.69554959
-0.00036236236 	0.0517079 	-8.9921841e-13 	0.00093706681 	0.69568999
-0.00035835836 	0.051707969 	-8.8186638e-13 	0.00092694983 	0.6958304
-0.00035435435 	0.051708039 	-8.6451435e-13 	0.00091683285 	0.6959708
-0.00035035035 	0.051708109 	-8.4716231e-13 	0.00090671587 	0.69611121
-0.00034634635 	0.051708178 	-8.2981028e-13 	0.00089659889 	0.69625161
-0.00034234234 	0.051708248 	-8.1245825e-13 	0.00088648191 	0.69639202
-0.00033833834 	0.051708318 	-7.9510622e-13 	0.00087636493 	0.69653242
-0.00033433433 	0.051708387 	-7.7775419e-13 	0.00086624795 	0.69667283
-0.00033033033 	0.051708457 	-7.6040216e-13 	0.00085613097 	0.69681323
-0.00032632633 	0.051708527 	-7.4305013e-13 	0.00084601398 	0.69695363
-0.00032232232 	0.051708596 	-7.2569809e-13 	0.000835897 	0.69709404
-0.00031831832 	0.051708666 	-7.0834606e-13 	0.00082578002 	0.69723444
-0.00031431431 	0.051708736 	-6.9099403e-13 	0.00081566304 	0.69737485
-0.00031031031 	0.051708805 	-6.73642e-13 	0.00080554606 	0.69751525
-0.00030630631 	0.051708875 	-6.5628997e-13 	0.00079542908 	0.69765566
-0.0003023023 	0.051708945 	-6.3893794e-13 	0.0007853121 	0.69779606
-0.0002982983 	0.051709014 	-6.2158591e-13 	0.00077519512 	0.69793647
-0.00029429429 	0.051709084 	-6.0423387e-13 	0.00076507814 	0.69807687
-0.00029029029 	0.051709154 	-5.8688184e-13 	0.00075496115 	0.69821728
-0.00028628629 	0.051709223 	-5.6952981e-13 	0.00074484417 	0.69835768
-0.00028228228 	0.051709287 	-5.5839946e-13 	0.00073470998 	0.69848016
-0.00027827828 	0.051709327 	-5.7575695e-13 	0.000724497 	0.69852054
-0.00027427427 	0.051709366 	-5.9311443e-13 	0.00071428402 	0.69856092
-0.00027027027 	0.051709405 	-6.1047192e-13 	0.00070407104 	0.69860131
-0.00026626627 	0.051709445 	-6.278294e-13 	0.00069385806 	0.69864169
-0.00026226226 	0.051709484 	-6.4518689e-13 	0.00068364508 	0.69868207
-0.00025825826 	0.051709523 	-6.6254437e-13 	0.0006734321 	0.69872245
-0.00025425425 	0.051709563 	-6.7990186e-13 	0.00066321912 	0.69876284
-0.00025025025 	0.051709602 	-6.9725934e-13 	0.00065300614 	0.69880322
-0.00024624625 	0.051709641 	-7.1461683e-13 	0.00064279316 	0.6988436
-0.00024224224 	0.051709681 	-7.3197431e-13 	0.00063258018 	0.69888398
-0.00023823824 	0.05170972 	-7.493318e-13 	0.0006223672 	0.69892437
-0.00023423423 	0.051709759 	-7.6668928e-13 	0.00061215422 	0.69896475
-0.00023023023 	0.051709799 	-7.8404677e-13 	0.00060194124 	0.69900513
-0.00022622623 	0.051709838 	-8.0140425e-13 	0.00059172826 	0.69904551
-0.00022222222 	0.051709877 	-8.1876174e-13 	0.00058151528 	0.69908589
-0.00021821822 	0.051709917 	-8.3611922e-13 	0.0005713023 	0.69912628
-0.00021421421 	0.051709956 	-8.5347671e-13 	0.00056108932 	0.69916666
-0.00021021021 	0.051709995 	-8.7083419e-13 	0.00055087634 	0.69920704
-0.00020620621 	0.051710035 	-8.8819168e-13 	0.00054066336 	0.69924742
-0.0002022022 	0.051710074 	-9.0554916e-13 	0.00053045038 	0.69928781
-0.0001981982 	0.051710113 	-9.2290665e-13 	0.0005202374 	0.69932819
-0.00019419419 	0.051710152 	-9.4026413e-13 	0.00051002442 	0.69936857
-0.00019019019 	0.051710192 	-9.5762162e-13 	0.00049981144 	0.69940895
-0.00018618619 	0.051710231 	-9.749791e-13 	0.00048959846 	0.69944934
-0.00018218218 	0.05171027 	-9.9233659e-13 	0.00047938548 	0.69948972
-0.00017817818 	0.05171031 	-1.0096941e-12 	0.0004691725 	0.6995301
-0.00017417417 	0.051710349 	-1.0270516e-12 	0.00045895952 	0.69957048
-0.00017017017 	0.051710388 	-1.044409e-12 	0.00044874654 	0.69961087
-0.00016616617 	0.051710428 	-1.0617665e-12 	0.00043853356 	0.69965125
-0.00016216216 	0.051710467 	-1.079124e-12 	0.00042832058 	0.69969163
-0.00015815816 	0.051710506 	-1.0964815e-12 	0.0004181076 	0.69973201
-0.00015415415 	0.051710546 	-1.113839e-12 	0.00040789462 	0.6997724
-0.00015015015 	0.051710585 	-1.1311965e-12 	0.00039768164 	0.69981278
-0.00014614615 	0.051710624 	-1.148554e-12 	0.00038746866 	0.69985316
-0.00014214214 	0.051710664 	-1.1659114e-12 	0.00037725568 	0.69989354
-0.00013813814 	0.051710703 	-1.1832689e-12 	0.0003670427 	0.69993393
-0.00013413413 	0.051710742 	-1.2006264e-12 	0.00035682972 	0.69997431
-0.00013013013 	0.051710782 	-1.2179839e-12 	0.00034661674 	0.70001469
-0.00012612613 	0.051710823 	-1.2270566e-12 	0.00033617587 	0.70005263
-0.00012212212 	0.051710866 	-1.227718e-12 	0.00032550362 	0.70008808
-0.00011811812 	0.051710909 	-1.2283794e-12 	0.00031483137 	0.70012353
-0.00011411411 	0.051710952 	-1.2290408e-12 	0.00030415912 	0.70015898
-0.00011011011 	0.051710995 	-1.2297022e-12 	0.00029348687 	0.70019444
-0.00010610611 	0.051711038 	-1.2303635e-12 	0.00028281462 	0.70022989
-0.0001021021 	0.051711081 	-1.2310249e-12 	0.00027214237 	0.70026534
-9.8098098e-05 	0.051711124 	-1.2316863e-12 	0.00026147012 	0.70030079
-9.4094094e-05 	0.051711167 	-1.2323477e-12 	0.00025079787 	0.70033625
-9.009009e-05 	0.05171121 	-1.233009e-12 	0.00024012562 	0.7003717
-8.6086086e-05 	0.051711253 	-1.2336704e-12 	0.00022945337 	0.70040715
-8.2082082e-05 	0.051711296 	-1.2343318e-12 	0.00021878112 	0.70044261
-7.8078078e-05 	0.051711339 	-1.2349932e-12 	0.00020810887 	0.70047806
-7.4074074e-05 	0.051711382 	-1.2356545e-12 	0.00019743662 	0.70051351
-7.007007e-05 	0.051711425 	-1.2363159e-12 	0.00018676437 	0.70054896
-6.6066066e-05 	0.051711468 	-1.2369773e-12 	0.00017609212 	0.70058442
-6.2062062e-05 	0.051711511 	-1.2376387e-12 	0.00016541987 	0.70061987
-5.8058058e-05 	0.051711554 	-1.2383e-12 	0.00015474762 	0.70065532
-5.4054054e-05 	0.051711597 	-1.2389614e-12 	0.00014407537 	0.70069077
-5.005005e-05 	0.05171164 	-1.2396228e-12 	0.00013340312 	0.70072623
-4.6046046e-05 	0.051711683 	-1.2402842e-12 	0.00012273087 	0.70076168
-4.2042042e-05 	0.051711726 	-1.2409455e-12 	0.00011205863 	0.70079713
-3.8038038e-05 	0.051711769 	-1.2416069e-12 	0.00010138638 	0.70083258
-3.4034034e-05 	0.051711812 	-1.2422683e-12 	9.0714126e-05 	0.70086804
-3.003003e-05 	0.051711855 	-1.2429297e-12 	8.0041876e-05 	0.70090349
-2.6026026e-05 	0.051711898 	-1.243591e-12 	6.9369627e-05 	0.70093894
-2.2022022e-05 	0.051711941 	-1.2442524e-12 	5.8697377e-05 	0.70097439
-1.8018018e-05 	0.051711984 	-1.2449138e-12 	4.8025128e-05 	0.70100985
-1.4014014e-05 	0.051712027 	-1.2455752e-12 	3.7352878e-05 	0.7010453
-1.001001e-05 	0.05171207 	-1.2462365e-12 	2.6680629e-05 	0.70108075
-6.006006e-06 	0.051712113 	-1.2468979e-12 	1.6008379e-05 	0.70111621
-2.002002e-06 	0.051712156 	-1.2475593e-12 	5.3361294e-06 	0.70115166
2.002002e-06 	0.051712158 	-1.2565687e-12 	-5.1064855e-06 	0.70114919
6.006006e-06 	0.051712118 	-1.2739262e-12 	-1.5319466e-05 	0.70110881
1.001001e-05 	0.051712079 	-1.2912837e-12 	-2.5532446e-05 	0.70106843
1.4014014e-05 	0.05171204 	-1.3086412e-12 	-3.5745426e-05 	0.70102805
1.8018018e-05 	0.051712 	-1.3259987e-12 	-4.5958406e-05 	0.70098766
2.2022022e-05 	0.051711961 	-1.3433562e-12 	-5.6171387e-05 	0.70094728
2.6026026e-05 	0.051711922 	-1.3607137e-12 	-6.6384367e-05 	0.7009069
3.003003e-05 	0.051711882 	-1.3780712e-12 	-7.6597347e-05 	0.70086652
3.4034034e-05 	0.051711843 	-1.3954287e-12 	-8.6810327e-05 	0.70082613
3.8038038e-05 	0.051711804 	-1.4127862e-12 	-9.7023308e-05 	0.70078575
4.2042042e-05 	0.051711764 	-1.4301437e-12 	-0.00010723629 	0.70074537
4.6046046e-05 	0.051711725 	-1.4475012e-12 	-0.00011744927 	0.70070499
5.005005e-05 	0.051711686 	-1.4648586e-12 	-0.00012766225 	0.7006646
5.4054054e-05 	0.051711646 	-1.4822161e-12 	-0.00013787523 	0.70062422
5.8058058e-05 	0.051711607 	-1.4995736e-12 	-0.00014808821 	0.70058384
6.2062062e-05 	0.051711568 	-1.5169311e-12 	-0.00015830119 	0.70054346
6.6066066e-05 	0.051711528 	-1.5342886e-12 	-0.00016851417 	0.70050307
7.007007e-05 	0.051711489 	-1.5516461e-12 	-0.00017872715 	0.70046269
7.4074074e-05 	0.05171145 	-1.5690036e-12 	-0.00018894013 	0.70042231
7.8078078e-05 	0.05171141 	-1.5863611e-12 	-0.00019915311 	0.70038193
8.2082082e-05 	0.051711371 	-1.6037186e-12 	-0.00020936609 	0.70034155
8.6086086e-05 	0.051711332 	-1.6210761e-12 	-0.00021957907 	0.70030116
9.009009e-05 	0.051711293 	-1.6384336e-12 	-0.00022979205 	0.70026078
9.4094094e-05 	0.051711253 	-1.6557911e-12 	-0.00024000503 	0.7002204
9.8098098e-05 	0.051711214 	-1.6731486e-12 	-0.00025021801 	0.70018002
0.0001021021 	0.051711175 	-1.6905061e-12 	-0.00026043099 	0.70013963
0.00010610611 	0.051711135 	-1.7078636e-12 	-0.00027064397 	0.70009925
0.00011011011 	0.051711096 	-1.725221e-12 	-0.00028085695 	0.70005887
0.00011411411 	0.051711057 	-1.7425785e-12 	-0.00029106993 	0.70001849
0.00011811812 	0.051711017 	-1.759936e-12 	-0.00030128291 	0.6999781
0.00012212212 	0.051710978 	-1.7772935e-12 	-0.00031149589 	0.69993772
0.00012612613 	0.051710939 	-1.794651e-12 	-0.00032170887 	0.69989734
0.00013013013 	0.051710899 	-1.8120085e-12 	-0.00033192185 	0.69985696
0.00013413413 	0.05171086 	-1.829366e-12 	-0.00034213483 	0.69981657
0.00013813814 	0.051710821 	-1.8467235e-12 	-0.00035234781 	0.69977619
0.00014214214 	0.051710781 	-1.864081e-12 	-0.00036256079 	0.69973581
0.00014614615 	0.051710742 	-1.8814385e-12 	-0.00037277377 	0.69969543
0.00015015015 	0.051710703 	-1.898796e-12 	-0.00038298675 	0.69965504
0.00015415415 	0.051710663 	-1.9161535e-12 	-0.00039319973 	0.69961466
0.00015815816 	0.051710621 	-1.9482273e-12 	-0.00040378792 	0.69957831
0.00016216216 	0.051710578 	-1.9835983e-12 	-0.00041446017 	0.69954285
0.00016616617 	0.051710535 	-2.0189694e-12 	-0.00042513242 	0.6995074
0.00017017017 	0.051710492 	-2.0543404e-12 	-0.00043580467 	0.69947195
0.00017417417 	0.051710449 	-2.0897115e-12 	-0.00044647692 	0.6994365
0.00017817818 	0.051710406 	-2.1250826e-12 	-0.00045714917 	0.69940104
0.00018218218 	0.051710363 	-2.1604536e-12 	-0.00046782142 	0.69936559
0.00018618619 	0.05171032 	-2.1958247e-12 	-0.00047849367 	0.69933014
0.00019019019 	0.051710277 	-2.2311957e-12 	-0.00048916591 	0.69929469
0.00019419419 	0.051710234 	-2.2665668e-12 	-0.00049983816 	0.69925923
0.0001981982 	0.051710191 	-2.3019378e-12 	-0.00051051041 	0.69922378
0.0002022022 	0.051710148 	-2.3373089e-12 	-0.00052118266 	0.69918833
0.00020620621 	0.051710105 	-2.37268e-12 	-0.00053185491 	0.69915288
0.00021021021 	0.051710062 	-2.408051e-12 	-0.00054252716 	0.69911742
0.00021421421 	0.051710019 	-2.4434221e-12 	-0.00055319941 	0.69908197
0.00021821822 	0.051709976 	-2.4787931e-12 	-0.00056387166 	0.69904652
0.00022222222 	0.051709933 	-2.5141642e-12 	-0.00057454391 	0.69901106
0.00022622623 	0.05170989 	-2.5495352e-12 	-0.00058521616 	0.69897561
0.00023023023 	0.051709847 	-2.5849063e-12 	-0.00059588841 	0.69894016
0.00023423423 	0.051709804 	-2.6202773e-12 	-0.00060656066 	0.69890471
0.00023823824 	0.051709761 	-2.6556484e-12 	-0.00061723291 	0.69886925
0.00024224224 	0.051709718 	-2.6910195e-12 	-0.00062790516 	0.6988338
0.00024624625 	0.051709675 	-2.7263905e-12 	-0.00063857741 	0.69879835
0.00025025025 	0.051709632 	-2.7617616e-12 	-0.00064924966 	0.6987629
0.00025425425 	0.051709589 	-2.7971326e-12 	-0.00065992191 	0.69872744
0.00025825826 	0.051709546 	-2.8325037e-12 	-0.00067059416 	0.69869199
0.00026226226 	0.051709503 	-2.8678747e-12 	-0.00068126641 	0.69865654
0.00026626627 	0.05170946 	-2.9032458e-12 	-0.00069193866 	0.69862109
0.00027027027 	0.051709417 	-2.9386169e-12 	-0.00070261091 	0.69858563
0.00027427427 	0.051709374 	-2.9739879e-12 	-0.00071328316 	0.69855018
0.00027827828 	0.051709331 	-3.009359e-12 	-0.00072395541 	0.69851473
0.00028228228 	0.051709288 	-3.04473e-12 	-0.00073462766 	0.69847928
0.00028628629 	0.051709228 	-3.0516125e-12 	-0.00074422647 	0.69834459
0.00029029029 	0.051709164 	-3.0522731e-12 	-0.00075359085 	0.69818823
0.00029429429 	0.0517091 	-3.0529337e-12 	-0.00076295523 	0.69803188
0.0002982983 	0.051709036 	-3.0535943e-12 	-0.00077231961 	0.69787552
0.0003023023 	0.051708972 	-3.0542549e-12 	-0.00078168399 	0.69771916
0.00030630631 	0.051708908 	-3.0549155e-12 	-0.00079104837 	0.69756281
0.00031031031 	0.051708845 	-3.0555761e-12 	-0.00080041275 	0.69740645
0.00031431431 	0.051708781 	-3.0562367e-12 	-0.00080977713 	0.69725009
0.00031831832 	0.051708717 	-3.0568973e-12 	-0.00081914151 	0.69709374
0.00032232232 	0.051708653 	-3.0575579e-12 	-0.00082850589 	0.69693738
0.00032632633 	0.051708589 	-3.0582185e-12 	-0.00083787027 	0.69678102
0.00033033033 	0.051708525 	-3.0588791e-12 	-0.00084723464 	0.69662467
0.00033433433 	0.051708461 	-3.0595397e-12 	-0.00085659902 	0.69646831
0.00033833834 	0.051708397 	-3.0602003e-12 	-0.0008659634 	0.69631195
0.00034234234 	0.051708333 	-3.0608609e-12 	-0.00087532778 	0.6961556
0.00034634635 	0.05170827 	-3.0615215e-12 	-0.00088469216 	0.69599924
0.00035035035 	0.051708206 	-3.0621821e-12 	-0.00089405654 	0.69584288
0.00035435435 	0.051708142 	-3.0628427e-12 	-0.00090342092 	0.69568653
0.00035835836 	0.051708078 	-3.0635033e-12 	-0.0009127853 	0.69553017
0.00036236236 	0.051708014 	-3.0641639e-12 	-0.00092214968 	0.69537381
0.00036636637 	0.05170795 	-3.0648245e-12 	-0.00093151406 	0.69521746
0.00037037037 	0.051707886 	-3.0654851e-12 	-0.00094087844 	0.6950611
0.00037437437 	0.051707822 	-3.0661457e-12 	-0.00095024282 	0.69490474
0.00037837838 	0.051707758 	-3.0668063e-12 	-0.0009596072 	0.69474839
0.00038238238 	0.051707695 	-3.0674669e-12 	-0.00096897158 	0.69459203
0.00038638639 	0.051707631 	-3.0681275e-12 	-0.00097833596 	0.69443567
0.00039039039 	0.051707567 	-3.0687881e-12 	-0.00098770034 	0.69427932
0.00039439439 	0.051707503 	-3.0694487e-12 	-0.00099706471 	0.69412296
0.0003983984 	0.051707439 	-3.0701093e-12 	-0.0010064291 	0.6939666
0.0004024024 	0.051707375 	-3.07077e-12 	-0.0010157935 	0.69381024
0.00040640641 	0.051707311 	-3.0714306e-12 	-0.0010251579 	0.69365389
0.00041041041 	0.051707247 	-3.0720912e-12 	-0.0010345222 	0.69349753
0.00041441441 	0.051707183 	-3.0727518e-12 	-0.0010438866 	0.69334117
0.00041841842 	0.05170712 	-3.0734124e-12 	-0.001053251 	0.69318482
0.00042242242 	0.051707056 	-3.074073e-12 	-0.0010626154 	0.69302846
0.00042642643 	0.051706992 	-3.0747336e-12 	-0.0010719798 	0.6928721
0.00043043043 	0.051706928 	-3.0753942e-12 	-0.0010813441 	0.69271575
0.00043443443 	0.051706864 	-3.0760548e-12 	-0.0010907085 	0.69255939
0.00043843844 	0.051706799 	-3.0741332e-12 	-0.0011001765 	0.69240523
0.00044244244 	0.05170673 	-3.0560424e-12 	-0.0011102935 	0.69226483
0.00044644645 	0.05170666 	-3.0379517e-12 	-0.0011204105 	0.69212442
0.00045045045 	0.05170659 	-3.0198609e-12 	-0.0011305275 	0.69198402
0.00045445445 	0.051706521 	-3.0017702e-12 	-0.0011406445 	0.69184361
0.00045845846 	0.051706451 	-2.9836794e-12 	-0.0011507614 	0.69170321
0.00046246246 	0.051706381 	-2.9655887e-12 	-0.0011608784 	0.6915628
0.00046646647 	0.051706312 	-2.9474979e-12 	-0.0011709954 	0.6914224
0.00047047047 	0.051706242 	-2.9294072e-12 	-0.0011811124 	0.69128199
0.00047447447 	0.051706172 	-2.9113164e-12 	-0.0011912294 	0.69114159
0.00047847848 	0.051706103 	-2.8932257e-12 	-0.0012013463 	0.69100118
0.00048248248 	0.051706033 	-2.875135e-12 	-0.0012114633 	0.69086078
0.00048648649 	0.051705963 	-2.8570442e-12 	-0.0012215803 	0.69072037
0.00049049049 	0.051705894 	-2.8389535e-12 	-0.0012316973 	0.69057997
0.00049449449 	0.051705824 	-2.8208627e-12 	-0.0012418143 	0.69043956
0.0004984985 	0.051705754 	-2.802772e-12 	-0.0012519312 	0.69029916
0.0005025025 	0.051705685 	-2.7846812e-12 	-0.0012620482 	0.69015875
0.00050650651 	0.051705615 	-2.7665905e-12 	-0.0012721652 	0.69001835
0.00051051051 	0.051705545 	-2.7484997e-12 	-0.0012822822 	0.68987794
0.00051451451 	0.051705476 	-2.730409e-12 	-0.0012923992 	0.68973754
0.00051851852 	0.051705406 	-2.7123182e-12 	-0.0013025161 	0.68959713
0.00052252252 	0.051705336 	-2.6942275e-12 	-0.0013126331 	0.68945673
0.00052652653 	0.051705267 	-2.6761367e-12 	-0.0013227501 	0.68931633
0.00053053053 	0.051705197 	-2.658046e-12 	-0.0013328671 	0.68917592
0.00053453453 	0.051705127 	-2.6399552e-12 	-0.0013429841 	0.68903552
0.00053853854 	0.051705058 	-2.6218645e-12 	-0.0013531011 	0.68889511
0.00054254254 	0.051704988 	-2.6037737e-12 	-0.001363218 	0.68875471
0.00054654655 	0.051704918 	-2.585683e-12 	-0.001373335 	0.6886143
0.00055055055 	0.051704849 	-2.5675922e-12 	-0.001383452 	0.6884739
0.00055455455 	0.051704779 	-2.5495015e-12 	-0.001393569 	0.68833349
0.00055855856 	0.051704709 	-2.5314107e-12 	-0.001403686 	0.68819309
0.00056256256 	0.05170464 	-2.51332e-12 	-0.0014138029 	0.68805268
0.00056656657 	0.051704568 	-2.4979088e-12 	-0.0014232474 	0.68787496
0.00057057057 	0.051704486 	-2.4987548e-12 	-0.0014286116 	0.68747086
0.00057457457 	0.051704404 	-2.4996009e-12 	-0.0014339757 	0.68706676
0.00057857858 	0.051704322 	-2.5004469e-12 	-0.0014393399 	0.68666265
0.00058258258 	0.051704239 	-2.501293e-12 	-0.001444704 	0.68625855
0.00058658659 	0.051704157 	-2.502139e-12 	-0.0014500682 	0.68585445
0.00059059059 	0.051704075 	-2.502985e-12 	-0.0014554324 	0.68545034
0.00059459459 	0.051703993 	-2.5038311e-12 	-0.0014607965 	0.68504624
0.0005985986 	0.05170391 	-2.5046771e-12 	-0.0014661607 	0.68464214
0.0006026026 	0.051703828 	-2.5055232e-12 	-0.0014715248 	0.68423803
0.00060660661 	0.051703746 	-2.5063692e-12 	-0.001476889 	0.68383393
0.00061061061 	0.051703664 	-2.5072152e-12 	-0.0014822532 	0.68342983
0.00061461461 	0.051703582 	-2.5080613e-12 	-0.0014876173 	0.68302573
0.00061861862 	0.051703499 	-2.5089073e-12 	-0.0014929815 	0.68262162
0.00062262262 	0.051703417 	-2.5097534e-12 	-0.0014983457 	0.68221752
0.00062662663 	0.051703335 	-2.5105994e-12 	-0.0015037098 	0.68181342
0.00063063063 	0.051703253 	-2.5114454e-12 	-0.001509074 	0.68140931
0.00063463463 	0.05170317 	-2.5122915e-12 	-0.0015144381 	0.68100521
0.00063863864 	0.051703088 	-2.5131375e-12 	-0.0015198023 	0.68060111
0.00064264264 	0.051703006 	-2.5139836e-12 	-0.0015251665 	0.680197
0.00064664665 	0.051702924 	-2.5148296e-12 	-0.0015305306 	0.6797929
0.00065065065 	0.051702841 	-2.5156756e-12 	-0.0015358948 	0.6793888
0.00065465465 	0.051702759 	-2.5165217e-12 	-0.0015412589 	0.67898469
0.00065865866 	0.051702677 	-2.5173677e-12 	-0.0015466231 	0.67858059
0.00066266266 	0.051702595 	-2.5182138e-12 	-0.0015519873 	0.67817649
0.00066666667 	0.051702513 	-2.5190598e-12 	-0.0015573514 	0.67777238
0.00067067067 	0.05170243 	-2.5199058e-12 	-0.0015627156 	0.67736828
0.00067467467 	0.051702348 	-2.5207519e-12 	-0.0015680797 	0.67696418
0.00067867868 	0.051702266 	-2.5215979e-12 	-0.0015734439 	0.67656007
0.00068268268 	0.051702184 	-2.522444e-12 	-0.0015788081 	0.67615597
0.00068668669 	0.051702098 	-2.5059865e-12 	-0.0015844241 	0.67576327
0.00069069069 	0.051702006 	-2.4601239e-12 	-0.001590468 	0.67538994
0.00069469469 	0.051701914 	-2.4142612e-12 	-0.001596512 	0.67501661
0.0006986987 	0.051701823 	-2.3683985e-12 	-0.0016025559 	0.67464328
0.0007027027 	0.051701731 	-2.3225359e-12 	-0.0016085999 	0.67426996
0.00070670671 	0.051701639 	-2.2766732e-12 	-0.0016146438 	0.67389663
0.00071071071 	0.051701548 	-2.2308106e-12 	-0.0016206878 	0.6735233
0.00071471471 	0.051701456 	-2.1849479e-12 	-0.0016267317 	0.67314997
0.00071871872 	0.051701364 	-2.1390853e-12 	-0.0016327756 	0.67277665
0.00072272272 	0.051701272 	-2.0932226e-12 	-0.0016388196 	0.67240332
0.00072672673 	0.051701181 	-2.0473599e-12 	-0.0016448635 	0.67202999
0.00073073073 	0.051701089 	-2.0014973e-12 	-0.0016509075 	0.67165666
0.00073473473 	0.051700997 	-1.9556346e-12 	-0.0016569514 	0.67128333
0.00073873874 	0.051700905 	-1.909772e-12 	-0.0016629954 	0.67091001
0.00074274274 	0.051700814 	-1.8639093e-12 	-0.0016690393 	0.67053668
0.00074674675 	0.051700722 	-1.8180467e-12 	-0.0016750833 	0.67016335
0.00075075075 	0.05170063 	-1.772184e-12 	-0.0016811272 	0.66979002
0.00075475475 	0.051700538 	-1.7263213e-12 	-0.0016871712 	0.66941669
0.00075875876 	0.051700447 	-1.6804587e-12 	-0.0016932151 	0.66904337
0.00076276276 	0.051700355 	-1.634596e-12 	-0.0016992591 	0.66867004
0.00076676677 	0.051700263 	-1.5887334e-12 	-0.001705303 	0.66829671
0.00077077077 	0.051700171 	-1.5428707e-12 	-0.001711347 	0.66792338
0.00077477477 	0.05170008 	-1.4970081e-12 	-0.0017173909 	0.66755006
0.00077877878 	0.051699988 	-1.4511454e-12 	-0.0017234349 	0.66717673
0.00078278278 	0.051699896 	-1.4052827e-12 	-0.0017294788 	0.6668034
0.00078678679 	0.0516998 	-1.3738644e-12 	-0.0017304957 	0.66616149
0.00079079079 	0.051699701 	-1.347372e-12 	-0.0017297982 	0.66542798
0.00079479479 	0.051699603 	-1.3208796e-12 	-0.0017291007 	0.66469447
0.0007987988 	0.051699505 	-1.2943871e-12 	-0.0017284032 	0.66396096
0.0008028028 	0.051699407 	-1.2678947e-12 	-0.0017277057 	0.66322746
0.00080680681 	0.051699309 	-1.2414023e-12 	-0.0017270082 	0.66249395
0.00081081081 	0.05169921 	-1.2149099e-12 	-0.0017263107 	0.66176044
0.00081481481 	0.051699112 	-1.1884174e-12 	-0.0017256131 	0.66102694
0.00081881882 	0.051699014 	-1.161925e-12 	-0.0017249156 	0.66029343
0.00082282282 	0.051698916 	-1.1354326e-12 	-0.0017242181 	0.65955992
0.00082682683 	0.051698818 	-1.1089401e-12 	-0.0017235206 	0.65882641
0.00083083083 	0.05169872 	-1.0824477e-12 	-0.0017228231 	0.65809291
0.00083483483 	0.051698621 	-1.0559553e-12 	-0.0017221256 	0.6573594
0.00083883884 	0.051698523 	-1.0294628e-12 	-0.0017214281 	0.65662589
0.00084284284 	0.051698425 	-1.0029704e-12 	-0.0017207306 	0.65589239
0.00084684685 	0.051698327 	-9.7647798e-13 	-0.0017200331 	0.65515888
0.00085085085 	0.051698229 	-9.4998555e-13 	-0.0017193356 	0.65442537
0.00085485485 	0.05169813 	-9.2349312e-13 	-0.0017186381 	0.65369186
0.00085885886 	0.051698032 	-8.9700069e-13 	-0.0017179406 	0.65295836
0.00086286286 	0.051697934 	-8.7050826e-13 	-0.0017172431 	0.65222485
0.00086686687 	0.051697836 	-8.4401583e-13 	-0.0017165456 	0.65149134
0.00087087087 	0.051697738 	-8.175234e-13 	-0.0017158481 	0.65075784
0.00087487487 	0.051697639 	-7.9103097e-13 	-0.0017151506 	0.65002433
0.00087887888 	0.051697541 	-7.6453854e-13 	-0.0017144531 	0.64929082
0.00088288288 	0.051697443 	-7.3804611e-13 	-0.0017137556 	0.64855731
0.00088688689 	0.051697345 	-7.1155368e-13 	-0.001713058 	0.64782381
0.00089089089 	0.051697239 	-7.1106389e-13 	-0.0017124496 	0.64710924
0.00089489489 	0.051697126 	-7.3659691e-13 	-0.0017119302 	0.64641364
0.0008988989 	0.051697013 	-7.6212994e-13 	-0.0017114109 	0.64571803
0.0009029029 	0.0516969 	-7.8766296e-13 	-0.0017108916 	0.64502243
0.00090690691 	0.051696787 	-8.1319598e-13 	-0.0017103722 	0.64432682
0.00091091091 	0.051696674 	-8.38729e-13 	-0.0017098529 	0.64363122
0.00091491491 	0.051696561 	-8.6426203e-13 	-0.0017093335 	0.64293561
0.00091891892 	0.051696448 	-8.8979505e-13 	-0.0017088142 	0.64224001
0.00092292292 	0.051696335 	-9.1532807e-13 	-0.0017082948 	0.6415444
0.00092692693 	0.051696222 	-9.4086109e-13 	-0.0017077755 	0.6408488
0.00093093093 	0.051696109 	-9.6639412e-13 	-0.0017072562 	0.64015319
0.00093493493 	0.051695996 	-9.9192714e-13 	-0.0017067368 	0.63945759
0.00093893894 	0.051695883 	-1.0174602e-12 	-0.0017062175 	0.63876198
0.00094294294 	0.05169577 	-1.0429932e-12 	-0.0017056981 	0.63806638
0.00094694695 	0.051695657 	-1.0685262e-12 	-0.0017051788 	0.63737077
0.00095095095 	0.051695544 	-1.0940592e-12 	-0.0017046595 	0.63667517
0.00095495495 	0.051695431 	-1.1195923e-12 	-0.0017041401 	0.63597956
0.00095895896 	0.051695319 	-1.1451253e-12 	-0.0017036208 	0.63528396
0.00096296296 	0.051695206 	-1.1706583e-12 	-0.0017031014 	0.63458835
0.00096696697 	0.051695093 	-1.1961913e-12 	-0.0017025821 	0.63389275
0.00097097097 	0.05169498 	-1.2217243e-12 	-0.0017020627 	0.63319714
0.00097497497 	0.051694867 	-1.2472574e-12 	-0.0017015434 	0.63250154
0.00097897898 	0.051694778 	-1.2524879e-12 	-0.0016974902 	0.63143477
0.00098298298 	0.051694695 	-1.2523487e-12 	-0.0016925024 	0.63026983
0.00098698699 	0.051694612 	-1.2522095e-12 	-0.0016875146 	0.62910489
0.00099099099 	0.05169453 	-1.2520702e-12 	-0.0016825268 	0.62793995
0.00099499499 	0.051694447 	-1.251931e-12 	-0.001677539 	0.62677501
0.000998999 	0.051694364 	-1.2517918e-12 	-0.0016725512 	0.62561007
0.001003003 	0.051694282 	-1.2516526e-12 	-0.0016675634 	0.62444514
0.001007007 	0.051694199 	-1.2515134e-12 	-0.0016625756 	0.6232802
0.001011011 	0.051694116 	-1.2513742e-12 	-0.0016575878 	0.62211526
0.001015015 	0.051694034 	-1.251235e-12 	-0.0016526 	0.62095032
0.001019019 	0.051693951 	-1.2510958e-12 	-0.0016476122 	0.61978538
0.001023023 	0.051693868 	-1.2509566e-12 	-0.0016426244 	0.61862044
0.001027027 	0.051693786 	-1.2508174e-12 	-0.0016376366 	0.6174555
0.001031031 	0.051693703 	-1.2506782e-12 	-0.0016326488 	0.61629057
0.001035035 	0.051693621 	-1.250539e-12 	-0.001627661 	0.61512563
0.001039039 	0.051693538 	-1.2503998e-12 	-0.0016226732 	0.61396069
0.001043043 	0.051693455 	-1.2502606e-12 	-0.0016176854 	0.61279575
0.001047047 	0.051693373 	-1.2501214e-12 	-0.0016126976 	0.61163081
0.0010510511 	0.05169329 	-1.2499822e-12 	-0.0016077098 	0.61046587
0.0010550551 	0.051693207 	-1.249843e-12 	-0.001602722 	0.60930094
0.0010590591 	0.051693125 	-1.2497038e-12 	-0.0015977342 	0.608136
0.0010630631 	0.051693042 	-1.2495646e-12 	-0.0015927464 	0.60697106
0.0010670671 	0.051692959 	-1.2494254e-12 	-0.0015877586 	0.60580612
0.0010710711 	0.051692867 	-1.2494539e-12 	-0.0015826266 	0.60466612
0.0010750751 	0.05169277 	-1.2495718e-12 	-0.0015774177 	0.6035394
0.0010790791 	0.051692673 	-1.2496897e-12 	-0.0015722089 	0.60241267
0.0010830831 	0.051692576 	-1.2498075e-12 	-0.0015670001 	0.60128595
0.0010870871 	0.051692479 	-1.2499254e-12 	-0.0015617912 	0.60015922
0.0010910911 	0.051692382 	-1.2500433e-12 	-0.0015565824 	0.5990325
0.0010950951 	0.051692285 	-1.2501611e-12 	-0.0015513736 	0.59790577
0.0010990991 	0.051692188 	-1.250279e-12 	-0.0015461647 	0.59677905
0.0011031031 	0.051692091 	-1.2503968e-12 	-0.0015409559 	0.59565232
0.0011071071 	0.051691994 	-1.2505147e-12 	-0.0015357471 	0.59452559
0.0011111111 	0.051691897 	-1.2506326e-12 	-0.0015305382 	0.59339887
0.0011151151 	0.0516918 	-1.2507504e-12 	-0.0015253294 	0.59227214
0.0011191191 	0.051691703 	-1.2508683e-12 	-0.0015201206 	0.59114542
0.0011231231 	0.051691605 	-1.2509862e-12 	-0.0015149117 	0.59001869
0.0011271271 	0.051691508 	-1.251104e-12 	-0.0015097029 	0.58889197
0.0011311311 	0.051691411 	-1.2512219e-12 	-0.0015044941 	0.58776524
0.0011351351 	0.051691314 	-1.2513397e-12 	-0.0014992852 	0.58663852
0.0011391391 	0.051691217 	-1.2514576e-12 	-0.0014940764 	0.58551179
0.0011431431 	0.05169112 	-1.2515755e-12 	-0.0014888676 	0.58438506
0.0011471471 	0.051691041 	-1.2691927e-12 	-0.0014823021 	0.58300008
0.0011511512 	0.05169098 	-1.3033397e-12 	-0.0014744553 	0.58137115
0.0011551552 	0.051690918 	-1.3374866e-12 	-0.0014666085 	0.57974221
0.0011591592 	0.051690856 	-1.3716336e-12 	-0.0014587617 	0.57811328
0.0011631632 	0.051690795 	-1.4057805e-12 	-0.0014509148 	0.57648435
0.0011671672 	0.051690733 	-1.4399274e-12 	-0.001443068 	0.57485541
0.0011711712 	0.051690672 	-1.4740744e-12 	-0.0014352212 	0.57322648
0.0011751752 	0.05169061 	-1.5082213e-12 	-0.0014273744 	0.57159755
0.0011791792 	0.051690548 	-1.5423682e-12 	-0.0014195275 	0.56996861
0.0011831832 	0.051690487 	-1.5765152e-12 	-0.0014116807 	0.56833968
0.0011871872 	0.051690425 	-1.6106621e-12 	-0.0014038339 	0.56671075
0.0011911912 	0.051690364 	-1.6448091e-12 	-0.001395987 	0.56508181
0.0011951952 	0.051690302 	-1.678956e-12 	-0.0013881402 	0.56345288
0.0011991992 	0.05169024 	-1.7131029e-12 	-0.0013802934 	0.56182395
0.0012032032 	0.051690179 	-1.7472499e-12 	-0.0013724466 	0.56019501
0.0012072072 	0.051690117 	-1.7813968e-12 	-0.0013645997 	0.55856608
0.0012112112 	0.051690055 	-1.8155437e-12 	-0.0013567529 	0.55693714
0.0012152152 	0.051689994 	-1.8496907e-12 	-0.0013489061 	0.55530821
0.0012192192 	0.051689932 	-1.8838376e-12 	-0.0013410593 	0.55367928
0.0012232232 	0.051689871 	-1.9179846e-12 	-0.0013332124 	0.55205034
0.0012272272 	0.051689808 	-1.9481694e-12 	-0.0013253014 	0.55042495
0.0012312312 	0.051689734 	-1.9481189e-12 	-0.0013169001 	0.54882652
0.0012352352 	0.051689659 	-1.9480684e-12 	-0.0013084988 	0.54722809
0.0012392392 	0.051689585 	-1.9480178e-12 	-0.0013000976 	0.54562966
0.0012432432 	0.051689511 	-1.9479673e-12 	-0.0012916963 	0.54403123
0.0012472472 	0.051689437 	-1.9479168e-12 	-0.0012832951 	0.5424328
0.0012512513 	0.051689363 	-1.9478662e-12 	-0.0012748938 	0.54083437
0.0012552553 	0.051689289 	-1.9478157e-12 	-0.0012664926 	0.53923595
0.0012592593 	0.051689215 	-1.9477652e-12 	-0.0012580913 	0.53763752
0.0012632633 	0.051689141 	-1.9477146e-12 	-0.00124969 	0.53603909
0.0012672673 	0.051689067 	-1.9476641e-12 	-0.0012412888 	0.53444066
0.0012712713 	0.051688993 	-1.9476136e-12 	-0.0012328875 	0.53284223
0.0012752753 	0.051688919 	-1.947563e-12 	-0.0012244863 	0.5312438
0.0012792793 	0.051688844 	-1.9475125e-12 	-0.001216085 	0.52964537
0.0012832833 	0.05168877 	-1.947462e-12 	-0.0012076837 	0.52804695
0.0012872873 	0.051688696 	-1.9474114e-12 	-0.0011992825 	0.52644852
0.0012912913 	0.051688622 	-1.9473609e-12 	-0.0011908812 	0.52485009
0.0012952953 	0.051688556 	-1.9473143e-12 	-0.0011823127 	0.52313538
0.0012992993 	0.051688514 	-1.9472801e-12 	-0.0011732247 	0.52105958
0.0013033033 	0.051688471 	-1.9472459e-12 	-0.0011641367 	0.51898378
0.0013073073 	0.051688429 	-1.9472117e-12 	-0.0011550487 	0.51690798
0.0013113113 	0.051688387 	-1.9471775e-12 	-0.0011459606 	0.51483217
0.0013153153 	0.051688345 	-1.9471433e-12 	-0.0011368726 	0.51275637
0.0013193193 	0.051688302 	-1.9471091e-12 	-0.0011277846 	0.51068057
0.0013233233 	0.05168826 	-1.9470749e-12 	-0.0011186966 	0.50860477
0.0013273273 	0.051688218 	-1.9470407e-12 	-0.0011096086 	0.50652897
0.0013313313 	0.051688176 	-1.9470064e-12 	-0.0011005206 	0.50445317
0.0013353353 	0.051688133 	-1.9469722e-12 	-0.0010914326 	0.50237736
0.0013393393 	0.051688091 	-1.946938e-12 	-0.0010823446 	0.50030156
0.0013433433 	0.051688049 	-1.9469038e-12 	-0.0010732566 	0.49822576
0.0013473473 	0.051688007 	-1.9468696e-12 	-0.0010641686 	0.49614996
0.0013513514 	0.051687964 	-1.9468354e-12 	-0.0010550806 	0.49407416
0.0013553554 	0.051687922 	-1.9468012e-12 	-0.0010459925 	0.49199835
0.0013593594 	0.05168788 	-1.946767e-12 	-0.0010369045 	0.48992255
0.0013633634 	0.051687838 	-1.9467328e-12 	-0.0010278165 	0.48784675
0.0013673674 	0.051687793 	-1.9564625e-12 	-0.0010185351 	0.48577578
0.0013713714 	0.051687741 	-1.9939047e-12 	-0.0010087048 	0.48371851
0.0013753754 	0.051687689 	-2.031347e-12 	-0.00099887444 	0.48166124
0.0013793794 	0.051687637 	-2.0687892e-12 	-0.00098904411 	0.47960398
0.0013833834 	0.051687585 	-2.1062314e-12 	-0.00097921377 	0.47754671
0.0013873874 	0.051687532 	-2.1436736e-12 	-0.00096938344 	0.47548944
0.0013913914 	0.05168748 	-2.1811158e-12 	-0.0009595531 	0.47343217
0.0013953954 	0.051687428 	-2.2185581e-12 	-0.00094972277 	0.47137491
0.0013993994 	0.051687376 	-2.2560003e-12 	-0.00093989243 	0.46931764
0.0014034034 	0.051687324 	-2.2934425e-12 	-0.0009300621 	0.46726037
0.0014074074 	0.051687272 	-2.3308847e-12 	-0.00092023176 	0.4652031
0.0014114114 	0.05168722 	-2.3683269e-12 	-0.00091040143 	0.46314584
0.0014154154 	0.051687168 	-2.4057692e-12 	-0.00090057109 	0.46108857
0.0014194194 	0.051687116 	-2.4432114e-12 	-0.00089074076 	0.4590313
0.0014234234 	0.051687064 	-2.4806536e-12 	-0.00088091042 	0.45697404
0.0014274274 	0.05168702 	-2.5036263e-12 	-0.00087137815 	0.45475502
0.0014314314 	0.051686991 	-2.5035906e-12 	-0.00086231983 	0.45227879
0.0014354354 	0.051686962 	-2.503555e-12 	-0.00085326151 	0.44980256
0.0014394394 	0.051686932 	-2.5035193e-12 	-0.00084420319 	0.44732633
0.0014434434 	0.051686903 	-2.5034837e-12 	-0.00083514487 	0.44485011
0.0014474474 	0.051686874 	-2.503448e-12 	-0.00082608655 	0.44237388
0.0014514515 	0.051686845 	-2.5034123e-12 	-0.00081702823 	0.43989765
0.0014554555 	0.051686815 	-2.5033767e-12 	-0.00080796991 	0.43742143
0.0014594595 	0.051686786 	-2.503341e-12 	-0.00079891159 	0.4349452
0.0014634635 	0.051686757 	-2.5033054e-12 	-0.00078985326 	0.43246897
0.0014674675 	0.051686728 	-2.5032697e-12 	-0.00078079494 	0.42999275
0.0014714715 	0.051686698 	-2.503234e-12 	-0.00077173662 	0.42751652
0.0014754755 	0.051686669 	-2.5031984e-12 	-0.0007626783 	0.42504029
0.0014794795 	0.05168664 	-2.5031627e-12 	-0.00075361998 	0.42256406
0.0014834835 	0.05168661 	-2.5031271e-12 	-0.00074456166 	0.42008784
0.0014874875 	0.051686581 	-2.5030914e-12 	-0.00073550334 	0.41761161
0.0014914915 	0.051686548 	-2.4804968e-12 	-0.0007260223 	0.41513858
0.0014954955 	0.051686511 	-2.438088e-12 	-0.00071616998 	0.41266837
0.0014994995 	0.051686474 	-2.3956792e-12 	-0.00070631766 	0.41019816
0.0015035035 	0.051686437 	-2.3532705e-12 	-0.00069646534 	0.40772795
0.0015075075 	0.0516864 	-2.3108617e-12 	-0.00068661301 	0.40525773
0.0015115115 	0.051686363 	-2.2684529e-12 	-0.00067676069 	0.40278752
0.0015155155 	0.051686327 	-2.2260442e-12 	-0.00066690837 	0.40031731
0.0015195195 	0.05168629 	-2.1836354e-12 	-0.00065705604 	0.39784709
0.0015235235 	0.051686253 	-2.1412266e-12 	-0.00064720372 	0.39537688
0.0015275275 	0.051686216 	-2.0988179e-12 	-0.0006373514 	0.39290667
0.0015315315 	0.051686179 	-2.0564091e-12 	-0.00062749908 	0.39043645
0.0015355355 	0.051686142 	-2.0140003e-12 	-0.00061764675 	0.38796624
0.0015395395 	0.051686105 	-1.9715916e-12 	-0.00060779443 	0.38549603
0.0015435435 	0.051686074 	-1.9489001e-12 	-0.00059863588 	0.38287895
0.0015475475 	0.05168605 	-1.9535268e-12 	-0.00059043856 	0.38005841
0.0015515516 	0.051686026 	-1.9581536e-12 	-0.00058224124 	0.37723787
0.0015555556 	0.051686003 	-1.9627804e-12 	-0.00057404391 	0.37441733
0.0015595596 	0.051685979 	-1.9674071e-12 	-0.00056584659 	0.37159679
0.0015635636 	0.051685955 	-1.9720339e-12 	-0.00055764926 	0.36877625
0.0015675676 	0.051685931 	-1.9766606e-12 	-0.00054945194 	0.3659557
0.0015715716 	0.051685907 	-1.9812874e-12 	-0.00054125462 	0.36313516
0.0015755756 	0.051685884 	-1.9859141e-12 	-0.00053305729 	0.36031462
0.0015795796 	0.05168586 	-1.9905409e-12 	-0.00052485997 	0.35749408
0.0015835836 	0.051685836 	-1.9951677e-12 	-0.00051666265 	0.35467354
0.0015875876 	0.051685812 	-1.9997944e-12 	-0.00050846532 	0.35185299
0.0015915916 	0.051685788 	-2.0044212e-12 	-0.000500268 	0.34903245
0.0015955956 	0.051685765 	-2.0090479e-12 	-0.00049207067 	0.34621191
0.0015995996 	0.051685738 	-2.0011166e-12 	-0.00048354296 	0.34338917
0.0016036036 	0.051685708 	-1.9773779e-12 	-0.00047459937 	0.34056366
0.0016076076 	0.051685678 	-1.9536392e-12 	-0.00046565578 	0.33773814
0.0016116116 	0.051685648 	-1.9299005e-12 	-0.0004567122 	0.33491263
0.0016156156 	0.051685618 	-1.9061618e-12 	-0.00044776861 	0.33208712
0.0016196196 	0.051685588 	-1.882423e-12 	-0.00043882502 	0.32926161
0.0016236236 	0.051685558 	-1.8586843e-12 	-0.00042988143 	0.3264361
0.0016276276 	0.051685528 	-1.8349456e-12 	-0.00042093784 	0.32361059
0.0016316316 	0.051685498 	-1.8112069e-12 	-0.00041199425 	0.32078507
0.0016356356 	0.051685468 	-1.7874682e-12 	-0.00040305066 	0.31795956
0.0016396396 	0.051685438 	-1.7637295e-12 	-0.00039410708 	0.31513405
0.0016436436 	0.051685408 	-1.7399907e-12 	-0.00038516349 	0.31230854
0.0016476476 	0.051685383 	-1.736861e-12 	-0.00037804818 	0.30923102
0.0016516517 	0.051685358 	-1.7364817e-12 	-0.00037117689 	0.30611987
0.0016556557 	0.051685333 	-1.7361025e-12 	-0.0003643056 	0.30300872
0.0016596597 	0.051685309 	-1.7357233e-12 	-0.00035743431 	0.29989757
0.0016636637 	0.051685284 	-1.7353441e-12 	-0.00035056302 	0.29678642
0.0016676677 	0.051685259 	-1.7349648e-12 	-0.00034369172 	0.29367526
0.0016716717 	0.051685235 	-1.7345856e-12 	-0.00033682043 	0.29056411
0.0016756757 	0.05168521 	-1.7342064e-12 	-0.00032994914 	0.28745296
0.0016796797 	0.051685185 	-1.7338272e-12 	-0.00032307785 	0.28434181
0.0016836837 	0.051685161 	-1.7334479e-12 	-0.00031620656 	0.28123066
0.0016876877 	0.051685136 	-1.7330687e-12 	-0.00030933526 	0.27811951
0.0016916917 	0.051685111 	-1.7326895e-12 	-0.00030246397 	0.27500836
0.0016956957 	0.051685083 	-1.7480373e-12 	-0.00029523477 	0.27188948
0.0016996997 	0.051685053 	-1.7757066e-12 	-0.00028772515 	0.26876455
0.0017037037 	0.051685023 	-1.8033759e-12 	-0.00028021554 	0.26563962
0.0017077077 	0.051684992 	-1.8310451e-12 	-0.00027270592 	0.26251468
0.0017117117 	0.051684962 	-1.8587144e-12 	-0.00026519631 	0.25938975
0.0017157157 	0.051684932 	-1.8863836e-12 	-0.0002576867 	0.25626482
0.0017197197 	0.051684901 	-1.9140529e-12 	-0.00025017708 	0.25313989
0.0017237237 	0.051684871 	-1.9417222e-12 	-0.00024266747 	0.25001496
0.0017277277 	0.05168484 	-1.9693914e-12 	-0.00023515785 	0.24689002
0.0017317317 	0.05168481 	-1.9970607e-12 	-0.00022764824 	0.24376509
0.0017357357 	0.05168478 	-2.0051369e-12 	-0.00022094468 	0.24055504
0.0017397397 	0.051684749 	-1.9797228e-12 	-0.0002156189 	0.23719949
0.0017437437 	0.051684718 	-1.9543086e-12 	-0.00021029313 	0.23384394
0.0017477477 	0.051684687 	-1.9288945e-12 	-0.00020496736 	0.23048839
0.0017517518 	0.051684656 	-1.9034804e-12 	-0.00019964158 	0.22713284
0.0017557558 	0.051684626 	-1.8780662e-12 	-0.00019431581 	0.22377729
0.0017597598 	0.051684595 	-1.8526521e-12 	-0.00018899003 	0.22042174
0.0017637638 	0.051684564 	-1.827238e-12 	-0.00018366426 	0.21706619
0.0017677678 	0.051684533 	-1.8018239e-12 	-0.00017833848 	0.21371064
0.0017717718 	0.051684502 	-1.7764097e-12 	-0.00017301271 	0.21035509
0.0017757758 	0.051684472 	-1.7509956e-12 	-0.00016768693 	0.20699954
0.0017797798 	0.051684438 	-1.7320735e-12 	-0.00016210775 	0.20363357
0.0017837838 	0.051684401 	-1.7194759e-12 	-0.0001562817 	0.20025744
0.0017877878 	0.051684365 	-1.7068783e-12 	-0.00015045565 	0.19688131
0.0017917918 	0.051684328 	-1.6942808e-12 	-0.0001446296 	0.19350518
0.0017957958 	0.051684291 	-1.6816832e-12 	-0.00013880355 	0.19012905
0.0017997998 	0.051684255 	-1.6690856e-12 	-0.0001329775 	0.18675292
0.0018038038 	0.051684218 	-1.656488e-12 	-0.00012715145 	0.18337679
0.0018078078 	0.051684181 	-1.6438904e-12 	-0.0001213254 	0.18000066
0.0018118118 	0.051684145 	-1.6312928e-12 	-0.00011549935 	0.17662453
0.0018158158 	0.051684106 	-1.6064557e-12 	-0.0001107833 	0.17315135
0.0018198198 	0.051684066 	-1.5703973e-12 	-0.00010708492 	0.16958919
0.0018238238 	0.051684025 	-1.5343389e-12 	-0.00010338653 	0.16602703
0.0018278278 	0.051683985 	-1.4982806e-12 	-9.9688139e-05 	0.16246488
0.0018318318 	0.051683945 	-1.4622222e-12 	-9.5989751e-05 	0.15890272
0.0018358358 	0.051683904 	-1.4261638e-12 	-9.2291362e-05 	0.15534056
0.0018398398 	0.051683864 	-1.3901054e-12 	-8.8592974e-05 	0.15177841
0.0018438438 	0.051683824 	-1.354047e-12 	-8.4894586e-05 	0.14821625
0.0018478478 	0.051683783 	-1.3179887e-12 	-8.1196197e-05 	0.14465409
0.0018518519 	0.051683743 	-1.2819303e-12 	-7.7497809e-05 	0.14109194
0.0018558559 	0.051683696 	-1.2664618e-12 	-7.3467736e-05 	0.13750538
0.0018598599 	0.05168365 	-1.2521833e-12 	-6.9418494e-05 	0.13391741
0.0018638639 	0.051683603 	-1.2379048e-12 	-6.5369251e-05 	0.13032944
0.0018678679 	0.051683556 	-1.2236264e-12 	-6.1320008e-05 	0.12674147
0.0018718719 	0.051683509 	-1.2093479e-12 	-5.7270766e-05 	0.1231535
0.0018758759 	0.051683462 	-1.1950694e-12 	-5.3221523e-05 	0.11956553
0.0018798799 	0.051683415 	-1.1807909e-12 	-4.917228e-05 	0.11597756
0.0018838839 	0.051683368 	-1.1660406e-12 	-4.5170064e-05 	0.11238591
0.0018878879 	0.051683325 	-1.1324313e-12 	-4.3047339e-05 	0.10864744
0.0018918919 	0.051683282 	-1.098822e-12 	-4.0924615e-05 	0.10490897
0.0018958959 	0.051683239 	-1.0652128e-12 	-3.880189e-05 	0.10117049
0.0018998999 	0.051683196 	-1.0316035e-12 	-3.6679166e-05 	0.097432018
0.0019039039 	0.051683153 	-9.9799424e-13 	-3.4556441e-05 	0.093693544
0.0019079079 	0.051683109 	-9.6438497e-13 	-3.2433717e-05 	0.08995507
0.0019119119 	0.051683066 	-9.307757e-13 	-3.0310992e-05 	0.086216597
0.0019159159 	0.051683023 	-8.9716643e-13 	-2.8188268e-05 	0.082478123
0.0019199199 	0.051682976 	-8.7607779e-13 	-2.5945954e-05 	0.078722232
0.0019239239 	0.051682926 	-8.639819e-13 	-2.3617749e-05 	0.074953831
0.0019279279 	0.051682876 	-8.5188601e-13 	-2.1289543e-05 	0.07118543
0.0019319319 	0.051682827 	-8.3979012e-13 	-1.8961337e-05 	0.06741703
0.0019359359 	0.051682777 	-8.2769423e-13 	-1.6633131e-05 	0.063648629
0.0019399399 	0.051682727 	-8.1559833e-13 	-1.4304926e-05 	0.059880228
0.0019439439 	0.051682677 	-8.0350244e-13 	-1.197672e-05 	0.056111828
0.0019479479 	0.051682659 	-7.5476685e-13 	-1.057876e-05 	0.05220499
0.001951952 	0.051682662 	-6.8149775e-13 	-9.8036815e-06 	0.048205456
0.001955956 	0.051682665 	-6.0822866e-13 	-9.0286031e-06 	0.044205922
0.00195996 	0.051682667 	-5.3495956e-13 	-8.2535246e-06 	0.040206389
0.001963964 	0.05168267 	-4.6169046e-13 	-7.4784461e-06 	0.036206855
0.001967968 	0.051682673 	-3.8842137e-13 	-6.7033677e-06 	0.032207321
0.001971972 	0.051682676 	-3.1515227e-13 	-5.9282892e-06 	0.028207787
0.001975976 	0.051682678 	-2.4689983e-13 	-5.1404557e-06 	0.024202899
0.00197998 	0.051682678 	-2.0574986e-13 	-4.2837131e-06 	0.020169083
0.001983984 	0.051682678 	-1.6459989e-13 	-3.4269705e-06 	0.016135266
0.001987988 	0.051682678 	-1.2344992e-13 	-2.5702279e-06 	0.01210145
0.001991992 	0.051682678 	-8.2299944e-14 	-1.7134852e-06 	0.008067633
0.001995996 	0.051682678 	-4.1149972e-14 	-8.5674262e-07 	0.0040338165
0.002 	0.051682678 	0 	0 	0
