-0.006 	-0.01656872 	0 	0 	0
-0.005987988 	-0.016568701 	6.2778872e-12 	4.6057309e-07 	-0.00070317157
-0.005975976 	-0.016568683 	1.2537929e-11 	9.1497091e-07 	-0.0014079273
-0.005963964 	-0.016568664 	1.879797e-11 	1.3693687e-06 	-0.002112683
-0.005951952 	-0.016568646 	2.5058011e-11 	1.8237666e-06 	-0.0028174388
-0.0059399399 	-0.016568627 	3.1318053e-11 	2.2781644e-06 	-0.0035221945
-0.0059279279 	-0.016568608 	3.7578094e-11 	2.7325622e-06 	-0.0042269502
-0.0059159159 	-0.01656859 	4.3838135e-11 	3.18696e-06 	-0.004931706
-0.0059039039 	-0.016568571 	5.0098177e-11 	3.6413578e-06 	-0.0056364617
-0.0058918919 	-0.016568552 	5.6358218e-11 	4.0957557e-06 	-0.0063412174
-0.0058798799 	-0.016568534 	6.261826e-11 	4.5501535e-06 	-0.0070459732
-0.0058678679 	-0.016568516 	6.794841e-11 	5.3676493e-06 	-0.0077088184
-0.0058558559 	-0.016568498 	7.2021481e-11 	6.5699789e-06 	-0.0083264421
-0.0058438438 	-0.016568481 	7.6094553e-11 	7.7723085e-06 	-0.0089440657
-0.0058318318 	-0.016568464 	8.0167624e-11 	8.9746382e-06 	-0.0095616894
-0.0058198198 	-0.016568447 	8.4240695e-11 	1.0176968e-05 	-0.010179313
-0.0058078078 	-0.016568429 	8.8313767e-11 	1.1379297e-05 	-0.010796937
-0.0057957958 	-0.016568412 	9.2386838e-11 	1.2581627e-05 	-0.01141456
-0.0057837838 	-0.016568395 	9.6459909e-11 	1.3783957e-05 	-0.012032184
-0.0057717718 	-0.016568378 	1.0053298e-10 	1.4986286e-05 	-0.012649808
-0.0057597598 	-0.016568361 	1.0460605e-10 	1.6188616e-05 	-0.013267431
-0.0057477477 	-0.016568343 	1.0867912e-10 	1.7390946e-05 	-0.013885055
-0.0057357357 	-0.016568326 	1.1275219e-10 	1.8593275e-05 	-0.014502679
-0.0057237237 	-0.016568311 	1.1563512e-10 	2.0224415e-05 	-0.015078879
-0.0057117117 	-0.016568297 	1.1707392e-10 	2.2204233e-05 	-0.015618441
-0.0056996997 	-0.016568284 	1.1851273e-10 	2.4184051e-05 	-0.016158002
-0.0056876877 	-0.016568271 	1.1995153e-10 	2.6163869e-05 	-0.016697564
-0.0056756757 	-0.016568258 	1.2139034e-10 	2.8143687e-05 	-0.017237126
-0.0056636637 	-0.016568245 	1.2282915e-10 	3.0123506e-05 	-0.017776687
-0.0056516517 	-0.016568232 	1.2426795e-10 	3.2103324e-05 	-0.018316249
-0.0056396396 	-0.016568218 	1.2570676e-10 	3.4083142e-05 	-0.018855811
-0.0056276276 	-0.016568205 	1.2714557e-10 	3.606296e-05 	-0.019395372
-0.0056156156 	-0.016568192 	1.2858437e-10 	3.8042778e-05 	-0.019934934
-0.0056036036 	-0.016568179 	1.3002318e-10 	4.0022596e-05 	-0.020474496
-0.0055915916 	-0.016568166 	1.3146199e-10 	4.2002414e-05 	-0.021014057
-0.0055795796 	-0.016568152 	1.3290079e-10 	4.3982232e-05 	-0.021553619
-0.0055675676 	-0.016568139 	1.343396e-10 	4.596205e-05 	-0.02209318
-0.0055555556 	-0.016568131 	1.3320232e-10 	4.864826e-05 	-0.022544097
-0.0055435435 	-0.016568124 	1.3170105e-10 	5.1316609e-05 	-0.022992214
-0.0055315315 	-0.016568116 	1.3019978e-10 	5.3984957e-05 	-0.023440331
-0.0055195195 	-0.016568109 	1.2869852e-10 	5.6653306e-05 	-0.023888448
-0.0055075075 	-0.016568101 	1.2719725e-10 	5.9321655e-05 	-0.024336565
-0.0054954955 	-0.016568094 	1.2569598e-10 	6.1990003e-05 	-0.024784682
-0.0054834835 	-0.016568086 	1.2419472e-10 	6.4658352e-05 	-0.025232799
-0.0054714715 	-0.016568079 	1.2269345e-10 	6.7326701e-05 	-0.025680917
-0.0054594595 	-0.016568071 	1.2119218e-10 	6.9995049e-05 	-0.026129034
-0.0054474474 	-0.016568064 	1.1969091e-10 	7.2663398e-05 	-0.026577151
-0.0054354354 	-0.016568056 	1.1818965e-10 	7.5331747e-05 	-0.027025268
-0.0054234234 	-0.016568049 	1.1668838e-10 	7.8000095e-05 	-0.027473385
-0.0054114114 	-0.016568041 	1.1518711e-10 	8.0668444e-05 	-0.027921502
-0.0053993994 	-0.016568034 	1.1368585e-10 	8.3336793e-05 	-0.02836962
-0.0053873874 	-0.016568026 	1.1218458e-10 	8.6005141e-05 	-0.028817737
-0.0053753754 	-0.016568022 	1.0939836e-10 	8.9047728e-05 	-0.029202504
-0.0053633634 	-0.016568021 	1.0519379e-10 	9.2243844e-05 	-0.029542722
-0.0053513514 	-0.016568021 	1.0098921e-10 	9.543996e-05 	-0.02988294
-0.0053393393 	-0.01656802 	9.6784638e-11 	9.8636075e-05 	-0.030223158
-0.0053273273 	-0.016568019 	9.2580062e-11 	0.00010183219 	-0.030563376
-0.0053153153 	-0.016568018 	8.8375487e-11 	0.00010502831 	-0.030903595
-0.0053033033 	-0.016568017 	8.4170912e-11 	0.00010822442 	-0.031243813
-0.0052912913 	-0.016568016 	7.9966337e-11 	0.00011142054 	-0.031584031
-0.0052792793 	-0.016568016 	7.5761762e-11 	0.00011461665 	-0.031924249
-0.0052672673 	-0.016568015 	7.1557187e-11 	0.00011781277 	-0.032264467
-0.0052552553 	-0.016568014 	6.7352611e-11 	0.00012100888 	-0.032604685
-0.0052432432 	-0.016568013 	6.3148036e-11 	0.000124205 	-0.032944904
-0.0052312312 	-0.016568012 	5.8943461e-11 	0.00012740111 	-0.033285122
-0.0052192192 	-0.016568011 	5.4738886e-11 	0.00013059723 	-0.03362534
-0.0052072072 	-0.016568011 	5.0534311e-11 	0.00013379335 	-0.033965558
-0.0051951952 	-0.01656801 	4.6329736e-11 	0.00013698946 	-0.034305776
-0.0051831832 	-0.016568009 	4.2125161e-11 	0.00014018558 	-0.034645994
-0.0051711712 	-0.016568009 	3.7822888e-11 	0.00014347169 	-0.034968783
-0.0051591592 	-0.016568016 	3.1838481e-11 	0.00014698488 	-0.035180289
-0.0051471471 	-0.016568024 	2.5743904e-11 	0.0001504587 	-0.03539225
-0.0051351351 	-0.016568031 	1.9649327e-11 	0.00015393253 	-0.03560421
-0.0051231231 	-0.016568038 	1.3554751e-11 	0.00015740635 	-0.035816171
-0.0051111111 	-0.016568045 	7.4601738e-12 	0.00016088018 	-0.036028132
-0.0050990991 	-0.016568053 	1.365597e-12 	0.000164354 	-0.036240092
-0.0050870871 	-0.01656806 	-4.7289798e-12 	0.00016782783 	-0.036452053
-0.0050750751 	-0.016568067 	-1.0823557e-11 	0.00017130165 	-0.036664013
-0.0050630631 	-0.016568074 	-1.6918133e-11 	0.00017477548 	-0.036875974
-0.0050510511 	-0.016568082 	-2.301271e-11 	0.0001782493 	-0.037087935
-0.005039039 	-0.016568089 	-2.9107287e-11 	0.00018172313 	-0.037299895
-0.005027027 	-0.016568096 	-3.5201864e-11 	0.00018519695 	-0.037511856
-0.005015015 	-0.016568104 	-4.1296441e-11 	0.00018867078 	-0.037723817
-0.005003003 	-0.016568111 	-4.7391017e-11 	0.0001921446 	-0.037935777
-0.004990991 	-0.016568118 	-5.3485594e-11 	0.00019561843 	-0.038147738
-0.004978979 	-0.016568125 	-5.9580171e-11 	0.00019909225 	-0.038359699
-0.004966967 	-0.016568133 	-6.5674748e-11 	0.00020256608 	-0.038571659
-0.004954955 	-0.01656814 	-7.1769325e-11 	0.0002060399 	-0.03878362
-0.0049429429 	-0.016568147 	-7.7863902e-11 	0.00020951373 	-0.03899558
-0.0049309309 	-0.016568158 	-8.4004184e-11 	0.0002130653 	-0.039153878
-0.0049189189 	-0.016568175 	-9.0769658e-11 	0.00021643368 	-0.039212132
-0.0049069069 	-0.016568191 	-9.7535132e-11 	0.00021980206 	-0.039270386
-0.0048948949 	-0.016568208 	-1.0430061e-10 	0.00022317045 	-0.039328641
-0.0048828829 	-0.016568225 	-1.1106608e-10 	0.00022653883 	-0.039386895
-0.0048708709 	-0.016568242 	-1.1783155e-10 	0.00022990721 	-0.039445149
-0.0048588589 	-0.016568258 	-1.2459703e-10 	0.0002332756 	-0.039503403
-0.0048468468 	-0.016568275 	-1.313625e-10 	0.00023664398 	-0.039561657
-0.0048348348 	-0.016568292 	-1.3812798e-10 	0.00024001236 	-0.039619912
-0.0048228228 	-0.016568309 	-1.4489345e-10 	0.00024338075 	-0.039678166
-0.0048108108 	-0.016568325 	-1.5165893e-10 	0.00024674913 	-0.03973642
-0.0047987988 	-0.016568342 	-1.584244e-10 	0.00025011751 	-0.039794674
-0.0047867868 	-0.016568359 	-1.6518987e-10 	0.0002534859 	-0.039852928
-0.0047747748 	-0.016568376 	-1.7195535e-10 	0.00025685428 	-0.039911183
-0.0047627628 	-0.016568392 	-1.7872082e-10 	0.00026022266 	-0.039969437
-0.0047507508 	-0.016568409 	-1.854863e-10 	0.00026359105 	-0.040027691
-0.0047387387 	-0.016568426 	-1.9225177e-10 	0.00026695943 	-0.040085945
-0.0047267267 	-0.016568442 	-1.9901724e-10 	0.00027032781 	-0.040144199
-0.0047147147 	-0.016568459 	-2.0578272e-10 	0.0002736962 	-0.040202454
-0.0047027027 	-0.016568476 	-2.1254819e-10 	0.00027706458 	-0.040260708
-0.0046906907 	-0.016568493 	-2.1931367e-10 	0.00028043296 	-0.040318962
-0.0046786787 	-0.016568509 	-2.2607914e-10 	0.00028380134 	-0.040377216
-0.0046666667 	-0.016568526 	-2.3284461e-10 	0.00028716973 	-0.04043547
-0.0046546547 	-0.016568552 	-2.3910872e-10 	0.00029006256 	-0.040325799
-0.0046426426 	-0.016568579 	-2.4532899e-10 	0.00029275978 	-0.040197844
-0.0046306306 	-0.016568606 	-2.5154927e-10 	0.000295457 	-0.040069889
-0.0046186186 	-0.016568632 	-2.5776955e-10 	0.00029815422 	-0.039941934
-0.0046066066 	-0.016568659 	-2.6398982e-10 	0.00030085144 	-0.03981398
-0.0045945946 	-0.016568686 	-2.702101e-10 	0.00030354866 	-0.039686025
-0.0045825826 	-0.016568712 	-2.7643037e-10 	0.00030624588 	-0.03955807
-0.0045705706 	-0.016568739 	-2.8265065e-10 	0.00030894309 	-0.039430115
-0.0045585586 	-0.016568766 	-2.8887092e-10 	0.00031164031 	-0.03930216
-0.0045465465 	-0.016568792 	-2.950912e-10 	0.00031433753 	-0.039174206
-0.0045345345 	-0.016568819 	-3.0131147e-10 	0.00031703475 	-0.039046251
-0.0045225225 	-0.016568846 	-3.0753175e-10 	0.00031973197 	-0.038918296
-0.0045105105 	-0.016568872 	-3.1375202e-10 	0.00032242919 	-0.038790341
-0.0044984985 	-0.016568899 	-3.199723e-10 	0.00032512641 	-0.038662387
-0.0044864865 	-0.016568926 	-3.2619257e-10 	0.00032782362 	-0.038534432
-0.0044744745 	-0.016568952 	-3.3241285e-10 	0.00033052084 	-0.038406477
-0.0044624625 	-0.016568979 	-3.3863312e-10 	0.00033321806 	-0.038278522
-0.0044504505 	-0.016569006 	-3.448534e-10 	0.00033591528 	-0.038150567
-0.0044384384 	-0.016569032 	-3.5107367e-10 	0.0003386125 	-0.038022613
-0.0044264264 	-0.016569059 	-3.5729395e-10 	0.00034130972 	-0.037894658
-0.0044144144 	-0.016569086 	-3.6351422e-10 	0.00034400694 	-0.037766703
-0.0044024024 	-0.016569113 	-3.697345e-10 	0.00034670416 	-0.037638748
-0.0043903904 	-0.016569139 	-3.7595477e-10 	0.00034940137 	-0.037510793
-0.0043783784 	-0.016569166 	-3.8217505e-10 	0.00035209859 	-0.037382839
-0.0043663664 	-0.016569193 	-3.8839533e-10 	0.00035479581 	-0.037254884
-0.0043543544 	-0.016569224 	-3.946003e-10 	0.00035696522 	-0.037025654
-0.0043423423 	-0.016569259 	-3.9995066e-10 	0.00035818145 	-0.036668123
-0.0043303303 	-0.016569294 	-4.0530102e-10 	0.00035939768 	-0.036310591
-0.0043183183 	-0.016569329 	-4.1065138e-10 	0.00036061391 	-0.035953059
-0.0043063063 	-0.016569364 	-4.1600174e-10 	0.00036183014 	-0.035595528
-0.0042942943 	-0.016569399 	-4.213521e-10 	0.00036304637 	-0.035237996
-0.0042822823 	-0.016569435 	-4.2670246e-10 	0.00036426259 	-0.034880465
-0.0042702703 	-0.01656947 	-4.3205282e-10 	0.00036547882 	-0.034522933
-0.0042582583 	-0.016569505 	-4.3740319e-10 	0.00036669505 	-0.034165402
-0.0042462462 	-0.01656954 	-4.4275355e-10 	0.00036791128 	-0.03380787
-0.0042342342 	-0.016569575 	-4.4810391e-10 	0.00036912751 	-0.033450339
-0.0042222222 	-0.01656961 	-4.5345427e-10 	0.00037034374 	-0.033092807
-0.0042102102 	-0.016569645 	-4.5880463e-10 	0.00037155997 	-0.032735276
-0.0041981982 	-0.016569681 	-4.6415499e-10 	0.0003727762 	-0.032377744
-0.0041861862 	-0.016569716 	-4.6950535e-10 	0.00037399243 	-0.032020213
-0.0041741742 	-0.016569751 	-4.7485571e-10 	0.00037520866 	-0.031662681
-0.0041621622 	-0.016569786 	-4.8020608e-10 	0.00037642489 	-0.03130515
-0.0041501502 	-0.016569821 	-4.8555644e-10 	0.00037764112 	-0.030947618
-0.0041381381 	-0.016569856 	-4.909068e-10 	0.00037885735 	-0.030590086
-0.0041261261 	-0.016569891 	-4.9625716e-10 	0.00038007358 	-0.030232555
-0.0041141141 	-0.016569927 	-5.0160752e-10 	0.00038128981 	-0.029875023
-0.0041021021 	-0.016569962 	-5.0695788e-10 	0.00038250604 	-0.029517492
-0.0040900901 	-0.016569997 	-5.1230824e-10 	0.00038372227 	-0.02915996
-0.0040780781 	-0.016570032 	-5.176586e-10 	0.0003849385 	-0.028802429
-0.0040660661 	-0.016570067 	-5.2300897e-10 	0.00038615473 	-0.028444897
-0.0040540541 	-0.016570102 	-5.2835933e-10 	0.00038737096 	-0.028087366
-0.004042042 	-0.016570138 	-5.3370969e-10 	0.00038858719 	-0.027729834
-0.00403003 	-0.016570173 	-5.3906005e-10 	0.00038980342 	-0.027372303
-0.004018018 	-0.016570208 	-5.4441041e-10 	0.00039101965 	-0.027014771
-0.004006006 	-0.016570246 	-5.5185167e-10 	0.00039082792 	-0.026492644
-0.003993994 	-0.016570286 	-5.5869381e-10 	0.00038939246 	-0.025843003
-0.003981982 	-0.016570326 	-5.6553595e-10 	0.000387957 	-0.025193361
-0.00396997 	-0.016570366 	-5.7237809e-10 	0.00038652154 	-0.02454372
-0.003957958 	-0.016570406 	-5.7922023e-10 	0.00038508608 	-0.023894078
-0.0039459459 	-0.016570446 	-5.8606237e-10 	0.00038365062 	-0.023244437
-0.0039339339 	-0.016570485 	-5.9290451e-10 	0.00038221516 	-0.022594796
-0.0039219219 	-0.016570525 	-5.9974665e-10 	0.0003807797 	-0.021945154
-0.0039099099 	-0.016570565 	-6.0658879e-10 	0.00037934423 	-0.021295513
-0.0038978979 	-0.016570605 	-6.1343093e-10 	0.00037790877 	-0.020645872
-0.0038858859 	-0.016570645 	-6.2027307e-10 	0.00037647331 	-0.01999623
-0.0038738739 	-0.016570685 	-6.2711521e-10 	0.00037503785 	-0.019346589
-0.0038618619 	-0.016570724 	-6.3395735e-10 	0.00037360239 	-0.018696948
-0.0038498498 	-0.016570764 	-6.4079949e-10 	0.00037216693 	-0.018047306
-0.0038378378 	-0.016570804 	-6.4764163e-10 	0.00037073147 	-0.017397665
-0.0038258258 	-0.016570844 	-6.5448377e-10 	0.000369296 	-0.016748023
-0.0038138138 	-0.016570884 	-6.6132591e-10 	0.00036786054 	-0.016098382
-0.0038018018 	-0.016570924 	-6.6816805e-10 	0.00036642508 	-0.015448741
-0.0037897898 	-0.016570963 	-6.7501019e-10 	0.00036498962 	-0.014799099
-0.0037777778 	-0.016571003 	-6.8185233e-10 	0.00036355416 	-0.014149458
-0.0037657658 	-0.016571043 	-6.8869447e-10 	0.0003621187 	-0.013499817
-0.0037537538 	-0.016571083 	-6.9553661e-10 	0.00036068324 	-0.012850175
-0.0037417417 	-0.016571123 	-7.0237875e-10 	0.00035924777 	-0.012200534
-0.0037297297 	-0.016571163 	-7.0922089e-10 	0.00035781231 	-0.011550892
-0.0037177177 	-0.016571202 	-7.1606303e-10 	0.00035637685 	-0.010901251
-0.0037057057 	-0.016571242 	-7.2290517e-10 	0.00035494139 	-0.01025161
-0.0036936937 	-0.016571282 	-7.2974731e-10 	0.00035350593 	-0.0096019683
-0.0036816817 	-0.016571322 	-7.3658945e-10 	0.00035207047 	-0.008952327
-0.0036696697 	-0.016571362 	-7.4343159e-10 	0.00035063501 	-0.0083026856
-0.0036576577 	-0.016571402 	-7.5027373e-10 	0.00034919955 	-0.0076530442
-0.0036456456 	-0.016571441 	-7.5711587e-10 	0.00034776408 	-0.0070034029
-0.0036336336 	-0.016571481 	-7.6395801e-10 	0.00034632862 	-0.0063537615
-0.0036216216 	-0.016571521 	-7.7080015e-10 	0.00034489316 	-0.0057041201
-0.0036096096 	-0.016571562 	-7.8920966e-10 	0.00033952234 	-0.0047357314
-0.0035975976 	-0.016571602 	-8.0669388e-10 	0.00033327086 	-0.0036935385
-0.0035855856 	-0.016571641 	-8.241781e-10 	0.00032701938 	-0.0026513456
-0.0035735736 	-0.016571681 	-8.4166233e-10 	0.0003207679 	-0.0016091527
-0.0035615616 	-0.016571721 	-8.5914655e-10 	0.00031451642 	-0.00056695985
-0.0035495495 	-0.01657176 	-8.7663077e-10 	0.00030826493 	0.00047523304
-0.0035375375 	-0.0165718 	-8.9411499e-10 	0.00030201345 	0.0015174259
-0.0035255255 	-0.01657184 	-9.1159921e-10 	0.00029576197 	0.0025596188
-0.0035135135 	-0.01657188 	-9.2908343e-10 	0.00028951049 	0.0036018117
-0.0035015015 	-0.016571919 	-9.4656766e-10 	0.00028325901 	0.0046440046
-0.0034894895 	-0.016571959 	-9.6405188e-10 	0.00027700752 	0.0056861975
-0.0034774775 	-0.016571999 	-9.815361e-10 	0.00027075604 	0.0067283904
-0.0034654655 	-0.016572039 	-9.9902032e-10 	0.00026450456 	0.0077705833
-0.0034534535 	-0.016572078 	-1.0165045e-09 	0.00025825308 	0.0088127761
-0.0034414414 	-0.016572118 	-1.0339888e-09 	0.0002520016 	0.009854969
-0.0034294294 	-0.016572158 	-1.051473e-09 	0.00024575012 	0.010897162
-0.0034174174 	-0.016572197 	-1.0689572e-09 	0.00023949863 	0.011939355
-0.0034054054 	-0.016572237 	-1.0864414e-09 	0.00023324715 	0.012981548
-0.0033933934 	-0.016572277 	-1.1039257e-09 	0.00022699567 	0.014023741
-0.0033813814 	-0.016572317 	-1.1214099e-09 	0.00022074419 	0.015065933
-0.0033693694 	-0.016572356 	-1.1388941e-09 	0.00021449271 	0.016108126
-0.0033573574 	-0.016572396 	-1.1563783e-09 	0.00020824122 	0.017150319
-0.0033453453 	-0.016572436 	-1.1738625e-09 	0.00020198974 	0.018192512
-0.0033333333 	-0.016572476 	-1.1913468e-09 	0.00019573826 	0.019234705
-0.0033213213 	-0.016572515 	-1.208831e-09 	0.00018948678 	0.020276898
-0.0033093093 	-0.016572555 	-1.2263152e-09 	0.0001832353 	0.021319091
-0.0032972973 	-0.016572595 	-1.2437994e-09 	0.00017698382 	0.022361284
-0.0032852853 	-0.016572634 	-1.2612836e-09 	0.00017073233 	0.023403477
-0.0032732733 	-0.016572674 	-1.2787679e-09 	0.00016448085 	0.024445669
-0.0032612613 	-0.016572714 	-1.2962521e-09 	0.00015822937 	0.025487862
-0.0032492492 	-0.016572754 	-1.3137363e-09 	0.00015197789 	0.026530055
-0.0032372372 	-0.016572793 	-1.3312205e-09 	0.00014572641 	0.027572248
-0.0032252252 	-0.016572833 	-1.3487048e-09 	0.00013947492 	0.028614441
-0.0032132132 	-0.016572873 	-1.366189e-09 	0.00013322344 	0.029656634
-0.0032012012 	-0.016572912 	-1.3836732e-09 	0.00012697196 	0.030698827
-0.0031891892 	-0.016572952 	-1.4011574e-09 	0.00012072048 	0.03174102
-0.0031771772 	-0.016572992 	-1.4186416e-09 	0.000114469 	0.032783213
-0.0031651652 	-0.01657301 	-1.4474498e-09 	0.00010671193 	0.033906556
-0.0031531532 	-0.016573017 	-1.4778977e-09 	9.842858e-05 	0.035062135
-0.0031411411 	-0.016573025 	-1.5083456e-09 	9.0145233e-05 	0.036217714
-0.0031291291 	-0.016573032 	-1.5387934e-09 	8.1861886e-05 	0.037373293
-0.0031171171 	-0.016573039 	-1.5692413e-09 	7.3578539e-05 	0.038528872
-0.0031051051 	-0.016573047 	-1.5996892e-09 	6.5295192e-05 	0.039684451
-0.0030930931 	-0.016573054 	-1.6301371e-09 	5.7011845e-05 	0.04084003
-0.0030810811 	-0.016573061 	-1.660585e-09 	4.8728498e-05 	0.041995609
-0.0030690691 	-0.016573069 	-1.6910329e-09 	4.0445152e-05 	0.043151189
-0.0030570571 	-0.016573076 	-1.7214808e-09 	3.2161805e-05 	0.044306768
-0.003045045 	-0.016573083 	-1.7519287e-09 	2.3878458e-05 	0.045462347
-0.003033033 	-0.016573091 	-1.7823766e-09 	1.5595111e-05 	0.046617926
-0.003021021 	-0.016573098 	-1.8128245e-09 	7.3117641e-06 	0.047773505
-0.003009009 	-0.016573106 	-1.8432724e-09 	-9.7158283e-07 	0.048929084
-0.002996997 	-0.016573113 	-1.8737203e-09 	-9.2549297e-06 	0.050084663
-0.002984985 	-0.01657312 	-1.9041682e-09 	-1.7538277e-05 	0.051240242
-0.002972973 	-0.016573128 	-1.9346161e-09 	-2.5821623e-05 	0.052395822
-0.002960961 	-0.016573135 	-1.9650639e-09 	-3.410497e-05 	0.053551401
-0.0029489489 	-0.016573142 	-1.9955118e-09 	-4.2388317e-05 	0.05470698
-0.0029369369 	-0.01657315 	-2.0259597e-09 	-5.0671664e-05 	0.055862559
-0.0029249249 	-0.016573157 	-2.0564076e-09 	-5.8955011e-05 	0.057018138
-0.0029129129 	-0.016573164 	-2.0868555e-09 	-6.7238358e-05 	0.058173717
-0.0029009009 	-0.016573172 	-2.1173034e-09 	-7.5521705e-05 	0.059329296
-0.0028888889 	-0.016573179 	-2.1477513e-09 	-8.3805052e-05 	0.060484875
-0.0028768769 	-0.016573186 	-2.1781992e-09 	-9.2088399e-05 	0.061640455
-0.0028648649 	-0.016573194 	-2.2086471e-09 	-0.00010037175 	0.062796034
-0.0028528529 	-0.016573201 	-2.239095e-09 	-0.00010865509 	0.063951613
-0.0028408408 	-0.016573208 	-2.2695429e-09 	-0.00011693844 	0.065107192
-0.0028288288 	-0.016573216 	-2.2999908e-09 	-0.00012522179 	0.066262771
-0.0028168168 	-0.016573223 	-2.3304387e-09 	-0.00013350513 	0.06741835
-0.0028048048 	-0.01657323 	-2.3608866e-09 	-0.00014178848 	0.068573929
-0.0027927928 	-0.016573238 	-2.3913345e-09 	-0.00015007183 	0.069729508
-0.0027807808 	-0.016573245 	-2.4217823e-09 	-0.00015835517 	0.070885088
-0.0027687688 	-0.016573252 	-2.4522302e-09 	-0.00016663852 	0.072040667
-0.0027567568 	-0.01657326 	-2.4826781e-09 	-0.00017492187 	0.073196246
-0.0027447447 	-0.016573267 	-2.513126e-09 	-0.00018320521 	0.074351825
-0.0027327327 	-0.016573274 	-2.5435739e-09 	-0.00019148856 	0.075507404
-0.0027207207 	-0.016573282 	-2.5740218e-09 	-0.00019977191 	0.076662983
-0.0027087087 	-0.016573289 	-2.6044697e-09 	-0.00020805526 	0.077818562
-0.0026966967 	-0.016573296 	-2.6349176e-09 	-0.0002163386 	0.078974141
-0.0026846847 	-0.016573304 	-2.6653655e-09 	-0.00022462195 	0.080129721
-0.0026726727 	-0.016573311 	-2.6958134e-09 	-0.0002329053 	0.0812853
-0.0026606607 	-0.016573221 	-2.799101e-09 	-0.00025581654 	0.084538208
-0.0026486486 	-0.016573035 	-2.9730189e-09 	-0.0002930428 	0.089867026
-0.0026366366 	-0.016572849 	-3.1469368e-09 	-0.00033026906 	0.095195844
-0.0026246246 	-0.016572664 	-3.3208547e-09 	-0.00036749533 	0.10052466
-0.0026126126 	-0.016572478 	-3.4947726e-09 	-0.00040472159 	0.10585348
-0.0026006006 	-0.0165723 	-3.6633959e-09 	-0.00044078797 	0.11101752
-0.0025885886 	-0.016572265 	-3.7314009e-09 	-0.00045467477 	0.11309159
-0.0025765766 	-0.016572231 	-3.7993527e-09 	-0.00046854736 	0.11516478
-0.0025645646 	-0.016572196 	-3.8673045e-09 	-0.00048241995 	0.11723798
-0.0025525526 	-0.016572161 	-3.9352563e-09 	-0.00049629254 	0.11931118
-0.0025405405 	-0.016572126 	-4.0032081e-09 	-0.00051016513 	0.12138438
-0.0025285285 	-0.016572092 	-4.0711599e-09 	-0.00052403772 	0.12345757
-0.0025165165 	-0.016572053 	-4.1404312e-09 	-0.00053835281 	0.12563599
-0.0025045045 	-0.016572013 	-4.2098519e-09 	-0.00055266264 	0.12782533
-0.0024924925 	-0.016571974 	-4.2792726e-09 	-0.00056697246 	0.13001467
-0.0024804805 	-0.016571935 	-4.3486934e-09 	-0.00058128229 	0.13220401
-0.0024684685 	-0.016571895 	-4.4181141e-09 	-0.00059559211 	0.13439335
-0.0024564565 	-0.016571856 	-4.4875348e-09 	-0.00060990194 	0.13658269
-0.0024444444 	-0.016571817 	-4.5569556e-09 	-0.00062421176 	0.13877203
-0.0024324324 	-0.016571768 	-4.6258242e-09 	-0.00063887323 	0.14108198
-0.0024204204 	-0.016571718 	-4.6948297e-09 	-0.00065350988 	0.14340563
-0.0024084084 	-0.016571668 	-4.7638352e-09 	-0.00066814653 	0.14572928
-0.0023963964 	-0.016571619 	-4.8328407e-09 	-0.00068278318 	0.14805293
-0.0023843844 	-0.016571569 	-4.9018462e-09 	-0.00069741983 	0.15037658
-0.0023723724 	-0.016571519 	-4.9708517e-09 	-0.00071205648 	0.15270023
-0.0023603604 	-0.016571469 	-5.0398572e-09 	-0.00072669313 	0.15502388
-0.0023483483 	-0.01657142 	-5.1088628e-09 	-0.00074132978 	0.15734753
-0.0023363363 	-0.01657136 	-5.1744803e-09 	-0.00075614694 	0.15981756
-0.0023243243 	-0.0165713 	-5.2402943e-09 	-0.00077089586 	0.16229545
-0.0023123123 	-0.016571241 	-5.3061083e-09 	-0.00078564477 	0.16477333
-0.0023003003 	-0.016571181 	-5.3719223e-09 	-0.00080039369 	0.16725122
-0.0022882883 	-0.016571121 	-5.4377364e-09 	-0.0008151426 	0.16972911
-0.0022762763 	-0.016571061 	-5.5035504e-09 	-0.00082989152 	0.17220699
-0.0022642643 	-0.016571002 	-5.5693644e-09 	-0.00084464043 	0.17468488
-0.0022522523 	-0.016570942 	-5.6351784e-09 	-0.00085938935 	0.17716277
-0.0022402402 	-0.016570882 	-5.7009924e-09 	-0.00087413826 	0.17964065
-0.0022282282 	-0.016570813 	-5.7591551e-09 	-0.00088877276 	0.18228124
-0.0022162162 	-0.016570743 	-5.8172869e-09 	-0.00090329814 	0.18493348
-0.0022042042 	-0.016570673 	-5.8754187e-09 	-0.00091782353 	0.18758573
-0.0021921922 	-0.016570603 	-5.9335506e-09 	-0.00093234891 	0.19023797
-0.0021801802 	-0.016570533 	-5.9916824e-09 	-0.00094687429 	0.19289021
-0.0021681682 	-0.016570463 	-6.0498143e-09 	-0.00096139967 	0.19554245
-0.0021561562 	-0.016570393 	-6.1079461e-09 	-0.00097592506 	0.19819469
-0.0021441441 	-0.016570324 	-6.1660779e-09 	-0.00099045044 	0.20084693
-0.0021321321 	-0.016570254 	-6.2242098e-09 	-0.0010049758 	0.20349918
-0.0021201201 	-0.016570184 	-6.2823416e-09 	-0.0010195012 	0.20615142
-0.0021081081 	-0.016570106 	-6.3308438e-09 	-0.0010336076 	0.20893893
-0.0020960961 	-0.016570026 	-6.3760498e-09 	-0.0010473667 	0.21178239
-0.0020840841 	-0.016569945 	-6.4212557e-09 	-0.0010611259 	0.21462585
-0.0020720721 	-0.016569865 	-6.4664617e-09 	-0.001074885 	0.21746931
-0.0020600601 	-0.016569784 	-6.5116677e-09 	-0.0010886441 	0.22031277
-0.002048048 	-0.016569704 	-6.5568737e-09 	-0.0011024032 	0.22315623
-0.002036036 	-0.016569623 	-6.6020797e-09 	-0.0011161624 	0.22599969
-0.002024024 	-0.016569543 	-6.6472856e-09 	-0.0011299215 	0.22884315
-0.002012012 	-0.016569462 	-6.6924916e-09 	-0.0011436806 	0.23168661
-0.002 	-0.016569381 	-6.7376976e-09 	-0.0011574398 	0.23453007
-0.001987988 	-0.016569301 	-6.7829036e-09 	-0.0011711989 	0.23737353
-0.001975976 	-0.01656922 	-6.8267418e-09 	-0.0011849015 	0.24023091
-0.001963964 	-0.016569128 	-6.8527754e-09 	-0.0011970912 	0.24328002
-0.001951952 	-0.016569037 	-6.879704e-09 	-0.0012092327 	0.24632119
-0.0019399399 	-0.016568946 	-6.9066326e-09 	-0.0012213742 	0.24936235
-0.0019279279 	-0.016568855 	-6.9335612e-09 	-0.0012335158 	0.25240351
-0.0019159159 	-0.016568764 	-6.9604899e-09 	-0.0012456573 	0.25544467
-0.0019039039 	-0.016568673 	-6.9874185e-09 	-0.0012577989 	0.25848583
-0.0018918919 	-0.016568582 	-7.0143471e-09 	-0.0012699404 	0.26152699
-0.0018798799 	-0.016568491 	-7.0412758e-09 	-0.001282082 	0.26456815
-0.0018678679 	-0.0165684 	-7.0682044e-09 	-0.0012942235 	0.26760932
-0.0018558559 	-0.016568309 	-7.095133e-09 	-0.0013063651 	0.27065048
-0.0018438438 	-0.016568218 	-7.1220617e-09 	-0.0013185066 	0.27369164
-0.0018318318 	-0.016568127 	-7.1489903e-09 	-0.0013306481 	0.2767328
-0.0018198198 	-0.016568037 	-7.1759189e-09 	-0.0013427897 	0.27977396
-0.0018078078 	-0.016567937 	-7.1816007e-09 	-0.001352432 	0.28298897
-0.0017957958 	-0.016567837 	-7.1861568e-09 	-0.0013617009 	0.28621064
-0.0017837838 	-0.016567737 	-7.1907129e-09 	-0.0013709698 	0.28943232
-0.0017717718 	-0.016567638 	-7.1952691e-09 	-0.0013802386 	0.292654
-0.0017597598 	-0.016567538 	-7.1998252e-09 	-0.0013895075 	0.29587568
-0.0017477477 	-0.016567438 	-7.2043813e-09 	-0.0013987764 	0.29909735
-0.0017357357 	-0.016567338 	-7.2089374e-09 	-0.0014080453 	0.30231903
-0.0017237237 	-0.016567238 	-7.2134936e-09 	-0.0014173142 	0.30554071
-0.0017117117 	-0.016567139 	-7.2180497e-09 	-0.0014265831 	0.30876238
-0.0016996997 	-0.016567039 	-7.2226058e-09 	-0.001435852 	0.31198406
-0.0016876877 	-0.016566939 	-7.2271619e-09 	-0.0014451208 	0.31520574
-0.0016756757 	-0.016566839 	-7.2317181e-09 	-0.0014543897 	0.31842742
-0.0016636637 	-0.016566739 	-7.2362742e-09 	-0.0014636586 	0.32164909
-0.0016516517 	-0.016566639 	-7.2408303e-09 	-0.0014729275 	0.32487077
-0.0016396396 	-0.01656654 	-7.2453864e-09 	-0.0014821964 	0.32809245
-0.0016276276 	-0.016566434 	-7.2262805e-09 	-0.0014871299 	0.33144188
-0.0016156156 	-0.01656633 	-7.2074753e-09 	-0.0014918555 	0.33478171
-0.0016036036 	-0.016566225 	-7.1886702e-09 	-0.001496581 	0.33812153
-0.0015915916 	-0.01656612 	-7.169865e-09 	-0.0015013066 	0.34146136
-0.0015795796 	-0.016566015 	-7.1510598e-09 	-0.0015060321 	0.34480119
-0.0015675676 	-0.01656591 	-7.1322546e-09 	-0.0015107577 	0.34814101
-0.0015555556 	-0.016565806 	-7.1134494e-09 	-0.0015154832 	0.35148084
-0.0015435435 	-0.016565701 	-7.0946442e-09 	-0.0015202088 	0.35482066
-0.0015315315 	-0.016565596 	-7.075839e-09 	-0.0015249343 	0.35816049
-0.0015195195 	-0.016565491 	-7.0570338e-09 	-0.0015296599 	0.36150032
-0.0015075075 	-0.016565387 	-7.0382286e-09 	-0.0015343854 	0.36484014
-0.0014954955 	-0.016565282 	-7.0194234e-09 	-0.001539111 	0.36817997
-0.0014834835 	-0.016565177 	-7.0006182e-09 	-0.0015438365 	0.37151979
-0.0014714715 	-0.016565072 	-6.9818131e-09 	-0.0015485621 	0.37485962
-0.0014594595 	-0.016564968 	-6.9630079e-09 	-0.0015532876 	0.37819945
-0.0014474474 	-0.016564863 	-6.9442027e-09 	-0.0015580132 	0.38153927
-0.0014354354 	-0.016564758 	-6.9250697e-09 	-0.0015626454 	0.38487977
-0.0014234234 	-0.016564651 	-6.8859778e-09 	-0.0015606425 	0.38821846
-0.0014114114 	-0.016564545 	-6.8480415e-09 	-0.0015587244 	0.39154377
-0.0013993994 	-0.016564439 	-6.8101052e-09 	-0.0015568063 	0.39486907
-0.0013873874 	-0.016564333 	-6.7721689e-09 	-0.0015548882 	0.39819437
-0.0013753754 	-0.016564227 	-6.7342326e-09 	-0.0015529702 	0.40151967
-0.0013633634 	-0.016564121 	-6.6962963e-09 	-0.0015510521 	0.40484498
-0.0013513514 	-0.016564014 	-6.65836e-09 	-0.001549134 	0.40817028
-0.0013393393 	-0.016563908 	-6.6204238e-09 	-0.0015472159 	0.41149558
-0.0013273273 	-0.016563802 	-6.5824875e-09 	-0.0015452979 	0.41482088
-0.0013153153 	-0.016563696 	-6.5445512e-09 	-0.0015433798 	0.41814618
-0.0013033033 	-0.01656359 	-6.5066149e-09 	-0.0015414617 	0.42147149
-0.0012912913 	-0.016563484 	-6.4686786e-09 	-0.0015395436 	0.42479679
-0.0012792793 	-0.016563378 	-6.4307423e-09 	-0.0015376255 	0.42812209
-0.0012672673 	-0.016563272 	-6.392806e-09 	-0.0015357075 	0.43144739
-0.0012552553 	-0.016563166 	-6.3548697e-09 	-0.0015337894 	0.4347727
-0.0012432432 	-0.01656306 	-6.3169334e-09 	-0.0015318713 	0.438098
-0.0012312312 	-0.016562953 	-6.2789971e-09 	-0.0015299532 	0.4414233
-0.0012192192 	-0.016562847 	-6.2410609e-09 	-0.0015280352 	0.4447486
-0.0012072072 	-0.016562741 	-6.2031246e-09 	-0.0015261171 	0.4480739
-0.0011951952 	-0.016562655 	-6.1487971e-09 	-0.0015162617 	0.45165723
-0.0011831832 	-0.016562572 	-6.091345e-09 	-0.0015046317 	0.45529639
-0.0011711712 	-0.01656249 	-6.0338929e-09 	-0.0014930016 	0.45893556
-0.0011591592 	-0.016562408 	-5.9764408e-09 	-0.0014813715 	0.46257472
-0.0011471471 	-0.016562326 	-5.9189886e-09 	-0.0014697415 	0.46621389
-0.0011351351 	-0.016562244 	-5.8615365e-09 	-0.0014581114 	0.46985306
-0.0011231231 	-0.016562161 	-5.8040844e-09 	-0.0014464813 	0.47349222
-0.0011111111 	-0.016562079 	-5.7466323e-09 	-0.0014348513 	0.47713139
-0.0010990991 	-0.016561997 	-5.6891802e-09 	-0.0014232212 	0.48077055
-0.0010870871 	-0.016561915 	-5.6317281e-09 	-0.0014115911 	0.48440972
-0.0010750751 	-0.016561833 	-5.574276e-09 	-0.0013999611 	0.48804888
-0.0010630631 	-0.01656175 	-5.5168238e-09 	-0.001388331 	0.49168805
-0.0010510511 	-0.016561668 	-5.4593717e-09 	-0.0013767009 	0.49532722
-0.001039039 	-0.016561586 	-5.4019196e-09 	-0.0013650709 	0.49896638
-0.001027027 	-0.016561504 	-5.3444675e-09 	-0.0013534408 	0.50260555
-0.001015015 	-0.016561421 	-5.2870154e-09 	-0.0013418107 	0.50624471
-0.001003003 	-0.016561339 	-5.2295633e-09 	-0.0013301807 	0.50988388
-0.00099099099 	-0.016561257 	-5.1721112e-09 	-0.0013185506 	0.51352304
-0.00097897898 	-0.016561175 	-5.1146591e-09 	-0.0013069205 	0.51716221
-0.00096696697 	-0.016561093 	-5.0572069e-09 	-0.0012952905 	0.52080138
-0.00095495495 	-0.01656101 	-4.9997548e-09 	-0.0012836604 	0.52444054
-0.00094294294 	-0.016560928 	-4.9424053e-09 	-0.0012720196 	0.52807226
-0.00093093093 	-0.016560889 	-4.9065426e-09 	-0.0012581255 	0.53014299
-0.00091891892 	-0.016560851 	-4.8706799e-09 	-0.0012442315 	0.53221373
-0.00090690691 	-0.016560812 	-4.8348172e-09 	-0.0012303374 	0.53428447
-0.00089489489 	-0.016560773 	-4.7989546e-09 	-0.0012164434 	0.5363552
-0.00088288288 	-0.016560734 	-4.7630919e-09 	-0.0012025493 	0.53842594
-0.00087087087 	-0.016560695 	-4.7272292e-09 	-0.0011886552 	0.54049668
-0.00085885886 	-0.016560656 	-4.6913666e-09 	-0.0011747612 	0.54256741
-0.00084684685 	-0.016560617 	-4.6555039e-09 	-0.0011608671 	0.54463815
-0.00083483483 	-0.016560578 	-4.6196412e-09 	-0.0011469731 	0.54670889
-0.00082282282 	-0.016560539 	-4.5837785e-09 	-0.001133079 	0.54877962
-0.00081081081 	-0.0165605 	-4.5479159e-09 	-0.001119185 	0.55085036
-0.0007987988 	-0.016560461 	-4.5120532e-09 	-0.0011052909 	0.5529211
-0.00078678679 	-0.016560422 	-4.4761905e-09 	-0.0010913968 	0.55499183
-0.00077477477 	-0.016560383 	-4.4403279e-09 	-0.0010775028 	0.55706257
-0.00076276276 	-0.016560344 	-4.4044652e-09 	-0.0010636087 	0.5591333
-0.00075075075 	-0.016560305 	-4.3686025e-09 	-0.0010497147 	0.56120404
-0.00073873874 	-0.016560266 	-4.3327398e-09 	-0.0010358206 	0.56327478
-0.00072672673 	-0.016560228 	-4.2968772e-09 	-0.0010219266 	0.56534551
-0.00071471471 	-0.016560189 	-4.2610145e-09 	-0.0010080325 	0.56741625
-0.0007027027 	-0.01656015 	-4.2251518e-09 	-0.00099413845 	0.56948699
-0.00069069069 	-0.016560111 	-4.1892892e-09 	-0.00098024439 	0.57155772
-0.00067867868 	-0.016560072 	-4.1534265e-09 	-0.00096635034 	0.57362846
-0.00066666667 	-0.016560033 	-4.1175638e-09 	-0.00095245628 	0.5756992
-0.00065465465 	-0.016559994 	-4.0817011e-09 	-0.00093856222 	0.57776993
-0.00064264264 	-0.016559955 	-4.0458385e-09 	-0.00092466817 	0.57984067
-0.00063063063 	-0.016559916 	-4.0099758e-09 	-0.00091077411 	0.58191141
-0.00061861862 	-0.016559877 	-3.9741131e-09 	-0.00089688005 	0.58398214
-0.00060660661 	-0.016559838 	-3.9382505e-09 	-0.000882986 	0.58605288
-0.00059459459 	-0.016559799 	-3.9023878e-09 	-0.00086909194 	0.58812362
-0.00058258258 	-0.01655976 	-3.8665251e-09 	-0.00085519788 	0.59019435
-0.00057057057 	-0.016559721 	-3.8306624e-09 	-0.00084130383 	0.59226509
-0.00055855856 	-0.016559682 	-3.7947998e-09 	-0.00082740977 	0.59433583
-0.00054654655 	-0.016559644 	-3.7589371e-09 	-0.00081351572 	0.59640656
-0.00053453453 	-0.016559605 	-3.7230744e-09 	-0.00079962166 	0.5984773
-0.00052252252 	-0.016559566 	-3.6872118e-09 	-0.0007857276 	0.60054804
-0.00051051051 	-0.016559527 	-3.6513491e-09 	-0.00077183355 	0.60261877
-0.0004984985 	-0.016559488 	-3.6154864e-09 	-0.00075793949 	0.60468951
-0.00048648649 	-0.016559449 	-3.5796237e-09 	-0.00074404543 	0.60676025
-0.00047447447 	-0.01655941 	-3.5436024e-09 	-0.00073008394 	0.60883303
-0.00046246246 	-0.016559383 	-3.5230672e-09 	-0.00071262992 	0.61001107
-0.00045045045 	-0.016559359 	-3.5078497e-09 	-0.00069412032 	0.61089179
-0.00043843844 	-0.016559335 	-3.4926323e-09 	-0.00067561073 	0.6117725
-0.00042642643 	-0.016559312 	-3.4774148e-09 	-0.00065710114 	0.61265322
-0.00041441441 	-0.016559288 	-3.4621974e-09 	-0.00063859155 	0.61353394
-0.0004024024 	-0.016559264 	-3.4469799e-09 	-0.00062008195 	0.61441466
-0.00039039039 	-0.01655924 	-3.4317624e-09 	-0.00060157236 	0.61529538
-0.00037837838 	-0.016559217 	-3.416545e-09 	-0.00058306277 	0.6161761
-0.00036636637 	-0.016559193 	-3.4013275e-09 	-0.00056455318 	0.61705681
-0.00035435435 	-0.016559169 	-3.38611e-09 	-0.00054604359 	0.61793753
-0.00034234234 	-0.016559145 	-3.3708926e-09 	-0.00052753399 	0.61881825
-0.00033033033 	-0.016559121 	-3.3556751e-09 	-0.0005090244 	0.61969897
-0.00031831832 	-0.016559098 	-3.3404576e-09 	-0.00049051481 	0.62057969
-0.00030630631 	-0.016559074 	-3.3252402e-09 	-0.00047200522 	0.62146041
-0.00029429429 	-0.01655905 	-3.3100227e-09 	-0.00045349562 	0.62234112
-0.00028228228 	-0.016559026 	-3.2948053e-09 	-0.00043498603 	0.62322184
-0.00027027027 	-0.016559003 	-3.2795878e-09 	-0.00041647644 	0.62410256
-0.00025825826 	-0.016558979 	-3.2643703e-09 	-0.00039796685 	0.62498328
-0.00024624625 	-0.016558955 	-3.2491529e-09 	-0.00037945725 	0.625864
-0.00023423423 	-0.016558931 	-3.2339354e-09 	-0.00036094766 	0.62674472
-0.00022222222 	-0.016558908 	-3.2187179e-09 	-0.00034243807 	0.62762543
-0.00021021021 	-0.016558884 	-3.2035005e-09 	-0.00032392848 	0.62850615
-0.0001981982 	-0.01655886 	-3.188283e-09 	-0.00030541888 	0.62938687
-0.00018618619 	-0.016558836 	-3.1730656e-09 	-0.00028690929 	0.63026759
-0.00017417417 	-0.016558813 	-3.1578481e-09 	-0.0002683997 	0.63114831
-0.00016216216 	-0.016558789 	-3.1426306e-09 	-0.00024989011 	0.63202903
-0.00015015015 	-0.016558765 	-3.1274132e-09 	-0.00023138051 	0.63290974
-0.00013813814 	-0.016558741 	-3.1121957e-09 	-0.00021287092 	0.63379046
-0.00012612613 	-0.016558718 	-3.0969782e-09 	-0.00019436133 	0.63467118
-0.00011411411 	-0.016558694 	-3.0817608e-09 	-0.00017585174 	0.6355519
-0.0001021021 	-0.01655867 	-3.0665433e-09 	-0.00015734214 	0.63643262
-9.009009e-05 	-0.016558646 	-3.0513259e-09 	-0.00013883255 	0.63731334
-7.8078078e-05 	-0.016558622 	-3.0361084e-09 	-0.00012032296 	0.63819405
-6.6066066e-05 	-0.016558599 	-3.0208909e-09 	-0.00010181337 	0.63907477
-5.4054054e-05 	-0.016558575 	-3.0056735e-09 	-8.3303774e-05 	0.63995549
-4.2042042e-05 	-0.016558551 	-2.990456e-09 	-6.4794182e-05 	0.64083621
-3.003003e-05 	-0.016558527 	-2.9752385e-09 	-4.628459e-05 	0.64171693
-1.8018018e-05 	-0.016558504 	-2.9600211e-09 	-2.7774997e-05 	0.64259765
-6.006006e-06 	-0.01655848 	-2.9448036e-09 	-9.2654047e-06 	0.64347836
6.006006e-06 	-0.01655848 	-2.9451738e-09 	9.2509664e-06 	0.64347696
1.8018018e-05 	-0.016558504 	-2.9611247e-09 	2.7760558e-05 	0.64259624
3.003003e-05 	-0.016558527 	-2.9770756e-09 	4.627015e-05 	0.64171552
4.2042042e-05 	-0.016558551 	-2.9930265e-09 	6.4779741e-05 	0.6408348
5.4054054e-05 	-0.016558575 	-3.0089774e-09 	8.3289333e-05 	0.63995408
6.6066066e-05 	-0.016558599 	-3.0249283e-09 	0.00010179892 	0.63907336
7.8078078e-05 	-0.016558622 	-3.0408792e-09 	0.00012030852 	0.63819264
9.009009e-05 	-0.016558646 	-3.0568301e-09 	0.00013881811 	0.63731192
0.0001021021 	-0.01655867 	-3.072781e-09 	0.0001573277 	0.63643119
0.00011411411 	-0.016558694 	-3.088732e-09 	0.00017583729 	0.63555047
0.00012612613 	-0.016558717 	-3.1046829e-09 	0.00019434688 	0.63466975
0.00013813814 	-0.016558741 	-3.1206338e-09 	0.00021285647 	0.63378903
0.00015015015 	-0.016558765 	-3.1365847e-09 	0.00023136607 	0.63290831
0.00016216216 	-0.016558789 	-3.1525356e-09 	0.00024987566 	0.63202759
0.00017417417 	-0.016558812 	-3.1684865e-09 	0.00026838525 	0.63114687
0.00018618619 	-0.016558836 	-3.1844374e-09 	0.00028689484 	0.63026615
0.0001981982 	-0.01655886 	-3.2003883e-09 	0.00030540443 	0.62938543
0.00021021021 	-0.016558884 	-3.2163392e-09 	0.00032391402 	0.62850471
0.00022222222 	-0.016558908 	-3.2322901e-09 	0.00034242362 	0.62762399
0.00023423423 	-0.016558931 	-3.248241e-09 	0.00036093321 	0.62674327
0.00024624625 	-0.016558955 	-3.2641919e-09 	0.0003794428 	0.62586255
0.00025825826 	-0.016558979 	-3.2801428e-09 	0.00039795239 	0.62498183
0.00027027027 	-0.016559003 	-3.2960938e-09 	0.00041646198 	0.62410111
0.00028228228 	-0.016559026 	-3.3120447e-09 	0.00043497157 	0.62322039
0.00029429429 	-0.01655905 	-3.3279956e-09 	0.00045348117 	0.62233967
0.00030630631 	-0.016559074 	-3.3439465e-09 	0.00047199076 	0.62145895
0.00031831832 	-0.016559098 	-3.3598974e-09 	0.00049050035 	0.62057823
0.00033033033 	-0.016559121 	-3.3758483e-09 	0.00050900994 	0.6196975
0.00034234234 	-0.016559145 	-3.3917992e-09 	0.00052751953 	0.61881678
0.00035435435 	-0.016559169 	-3.4077501e-09 	0.00054602912 	0.61793606
0.00036636637 	-0.016559193 	-3.423701e-09 	0.00056453872 	0.61705534
0.00037837838 	-0.016559216 	-3.4396519e-09 	0.00058304831 	0.61617462
0.00039039039 	-0.01655924 	-3.4556028e-09 	0.0006015579 	0.6152939
0.0004024024 	-0.016559264 	-3.4715537e-09 	0.00062006749 	0.61441318
0.00041441441 	-0.016559288 	-3.4875046e-09 	0.00063857708 	0.61353246
0.00042642643 	-0.016559311 	-3.5034555e-09 	0.00065708667 	0.61265174
0.00043843844 	-0.016559335 	-3.5194065e-09 	0.00067559626 	0.61177102
0.00045045045 	-0.016559359 	-3.5353574e-09 	0.00069410586 	0.6108903
0.00046246246 	-0.016559383 	-3.5513083e-09 	0.00071261545 	0.61000958
0.00047447447 	-0.01655941 	-3.5724166e-09 	0.00072998889 	0.60883558
0.00048648649 	-0.016559449 	-3.6090143e-09 	0.00074388294 	0.60676484
0.0004984985 	-0.016559488 	-3.6456121e-09 	0.00075777699 	0.60469411
0.00051051051 	-0.016559527 	-3.6822098e-09 	0.00077167104 	0.60262337
0.00052252252 	-0.016559566 	-3.7188076e-09 	0.00078556508 	0.60055263
0.00053453453 	-0.016559605 	-3.7554053e-09 	0.00079945913 	0.59848189
0.00054654655 	-0.016559644 	-3.7920031e-09 	0.00081335318 	0.59641115
0.00055855856 	-0.016559683 	-3.8286008e-09 	0.00082724723 	0.59434041
0.00057057057 	-0.016559722 	-3.8651986e-09 	0.00084114127 	0.59226967
0.00058258258 	-0.016559761 	-3.9017963e-09 	0.00085503532 	0.59019893
0.00059459459 	-0.0165598 	-3.9383941e-09 	0.00086892937 	0.58812819
0.00060660661 	-0.016559839 	-3.9749918e-09 	0.00088282342 	0.58605746
0.00061861862 	-0.016559878 	-4.0115896e-09 	0.00089671746 	0.58398672
0.00063063063 	-0.016559917 	-4.0481873e-09 	0.00091061151 	0.58191598
0.00064264264 	-0.016559956 	-4.0847851e-09 	0.00092450556 	0.57984524
0.00065465465 	-0.016559994 	-4.1213828e-09 	0.0009383996 	0.5777745
0.00066666667 	-0.016560033 	-4.1579806e-09 	0.00095229365 	0.57570376
0.00067867868 	-0.016560072 	-4.1945783e-09 	0.0009661877 	0.57363302
0.00069069069 	-0.016560111 	-4.2311761e-09 	0.00098008175 	0.57156228
0.0007027027 	-0.01656015 	-4.2677738e-09 	0.00099397579 	0.56949154
0.00071471471 	-0.016560189 	-4.3043716e-09 	0.0010078698 	0.56742081
0.00072672673 	-0.016560228 	-4.3409693e-09 	0.0010217639 	0.56535007
0.00073873874 	-0.016560267 	-4.3775671e-09 	0.0010356579 	0.56327933
0.00075075075 	-0.016560306 	-4.4141648e-09 	0.001049552 	0.56120859
0.00076276276 	-0.016560345 	-4.4507626e-09 	0.001063446 	0.55913785
0.00077477477 	-0.016560384 	-4.4873603e-09 	0.0010773401 	0.55706711
0.00078678679 	-0.016560423 	-4.5239581e-09 	0.0010912341 	0.55499637
0.0007987988 	-0.016560462 	-4.5605558e-09 	0.0011051282 	0.55292563
0.00081081081 	-0.016560501 	-4.5971536e-09 	0.0011190222 	0.55085489
0.00082282282 	-0.01656054 	-4.6337513e-09 	0.0011329163 	0.54878416
0.00083483483 	-0.016560578 	-4.6703491e-09 	0.0011468103 	0.54671342
0.00084684685 	-0.016560617 	-4.7069468e-09 	0.0011607044 	0.54464268
0.00085885886 	-0.016560656 	-4.7435446e-09 	0.0011745984 	0.54257194
0.00087087087 	-0.016560695 	-4.7801423e-09 	0.0011884925 	0.5405012
0.00088288288 	-0.016560734 	-4.8167401e-09 	0.0012023865 	0.53843046
0.00089489489 	-0.016560773 	-4.8533378e-09 	0.0012162806 	0.53635972
0.00090690691 	-0.016560812 	-4.8899356e-09 	0.0012301746 	0.53428898
0.00091891892 	-0.016560851 	-4.9265333e-09 	0.0012440686 	0.53221824
0.00093093093 	-0.01656089 	-4.9631311e-09 	0.0012579627 	0.53014751
0.00094294294 	-0.016560928 	-5.0001663e-09 	0.0012720099 	0.52807213
0.00095495495 	-0.01656101 	-5.0584338e-09 	0.0012836523 	0.52444036
0.00096696697 	-0.016561093 	-5.1167998e-09 	0.0012952824 	0.52080119
0.00097897898 	-0.016561175 	-5.1751658e-09 	0.0013069124 	0.51716202
0.00099099099 	-0.016561257 	-5.2335319e-09 	0.0013185424 	0.51352285
0.001003003 	-0.016561339 	-5.2918979e-09 	0.0013301725 	0.50988368
0.001015015 	-0.016561421 	-5.3502639e-09 	0.0013418025 	0.50624451
0.001027027 	-0.016561504 	-5.40863e-09 	0.0013534326 	0.50260534
0.001039039 	-0.016561586 	-5.466996e-09 	0.0013650626 	0.49896618
0.0010510511 	-0.016561668 	-5.5253621e-09 	0.0013766926 	0.49532701
0.0010630631 	-0.01656175 	-5.5837281e-09 	0.0013883227 	0.49168784
0.0010750751 	-0.016561833 	-5.6420941e-09 	0.0013999527 	0.48804867
0.0010870871 	-0.016561915 	-5.7004602e-09 	0.0014115828 	0.4844095
0.0010990991 	-0.016561997 	-5.7588262e-09 	0.0014232128 	0.48077033
0.0011111111 	-0.016562079 	-5.8171923e-09 	0.0014348428 	0.47713116
0.0011231231 	-0.016562161 	-5.8755583e-09 	0.0014464729 	0.47349199
0.0011351351 	-0.016562244 	-5.9339243e-09 	0.0014581029 	0.46985282
0.0011471471 	-0.016562326 	-5.9922904e-09 	0.001469733 	0.46621365
0.0011591592 	-0.016562408 	-6.0506564e-09 	0.001481363 	0.46257449
0.0011711712 	-0.01656249 	-6.1090225e-09 	0.0014929931 	0.45893532
0.0011831832 	-0.016562572 	-6.1673885e-09 	0.0015046231 	0.45529615
0.0011951952 	-0.016562655 	-6.2257545e-09 	0.0015162531 	0.45165698
0.0012072072 	-0.016562741 	-6.2809571e-09 	0.0015261085 	0.44807365
0.0012192192 	-0.016562847 	-6.3188986e-09 	0.0015280265 	0.44474835
0.0012312312 	-0.016562953 	-6.3568401e-09 	0.0015299446 	0.44142304
0.0012432432 	-0.01656306 	-6.3947816e-09 	0.0015318626 	0.43809774
0.0012552553 	-0.016563166 	-6.4327231e-09 	0.0015337807 	0.43477243
0.0012672673 	-0.016563272 	-6.4706646e-09 	0.0015356988 	0.43144713
0.0012792793 	-0.016563378 	-6.5086061e-09 	0.0015376168 	0.42812182
0.0012912913 	-0.016563484 	-6.5465476e-09 	0.0015395349 	0.42479652
0.0013033033 	-0.01656359 	-6.5844891e-09 	0.0015414529 	0.42147121
0.0013153153 	-0.016563696 	-6.6224306e-09 	0.001543371 	0.41814591
0.0013273273 	-0.016563802 	-6.6603721e-09 	0.0015452891 	0.4148206
0.0013393393 	-0.016563908 	-6.6983136e-09 	0.0015472071 	0.4114953
0.0013513514 	-0.016564014 	-6.7362551e-09 	0.0015491252 	0.40816999
0.0013633634 	-0.016564121 	-6.7741966e-09 	0.0015510432 	0.40484469
0.0013753754 	-0.016564227 	-6.8121381e-09 	0.0015529613 	0.40151938
0.0013873874 	-0.016564333 	-6.8500796e-09 	0.0015548793 	0.39819408
0.0013993994 	-0.016564439 	-6.8880211e-09 	0.0015567974 	0.39486877
0.0014114114 	-0.016564545 	-6.9259626e-09 	0.0015587155 	0.39154347
0.0014234234 	-0.016564651 	-6.9639041e-09 	0.0015606335 	0.38821816
0.0014354354 	-0.016564758 	-7.0031752e-09 	0.0015626365 	0.38487947
0.0014474474 	-0.016564863 	-7.0206469e-09 	0.0015580042 	0.38153896
0.0014594595 	-0.016564968 	-7.037757e-09 	0.0015532786 	0.37819914
0.0014714715 	-0.016565072 	-7.054867e-09 	0.0015485531 	0.37485931
0.0014834835 	-0.016565177 	-7.0719771e-09 	0.0015438275 	0.37151948
0.0014954955 	-0.016565282 	-7.0890872e-09 	0.001539102 	0.36817965
0.0015075075 	-0.016565387 	-7.1061973e-09 	0.0015343764 	0.36483982
0.0015195195 	-0.016565491 	-7.1233074e-09 	0.0015296508 	0.36149999
0.0015315315 	-0.016565596 	-7.1404175e-09 	0.0015249253 	0.35816016
0.0015435435 	-0.016565701 	-7.1575276e-09 	0.0015201997 	0.35482033
0.0015555556 	-0.016565806 	-7.1746377e-09 	0.0015154741 	0.35148051
0.0015675676 	-0.01656591 	-7.1917478e-09 	0.0015107486 	0.34814068
0.0015795796 	-0.016566015 	-7.2088579e-09 	0.001506023 	0.34480085
0.0015915916 	-0.01656612 	-7.225968e-09 	0.0015012975 	0.34146102
0.0016036036 	-0.016566225 	-7.243078e-09 	0.0014965719 	0.33812119
0.0016156156 	-0.01656633 	-7.2601881e-09 	0.0014918463 	0.33478136
0.0016276276 	-0.016566434 	-7.2772982e-09 	0.0014871208 	0.33144153
0.0016396396 	-0.01656654 	-7.2948435e-09 	0.0014821872 	0.3280921
0.0016516517 	-0.016566639 	-7.2872729e-09 	0.0014729183 	0.32487042
0.0016636637 	-0.016566739 	-7.2797022e-09 	0.0014636494 	0.32164874
0.0016756757 	-0.016566839 	-7.2721316e-09 	0.0014543806 	0.31842706
0.0016876877 	-0.016566939 	-7.2645609e-09 	0.0014451117 	0.31520538
0.0016996997 	-0.016567039 	-7.2569903e-09 	0.0014358428 	0.3119837
0.0017117117 	-0.016567139 	-7.2494196e-09 	0.0014265739 	0.30876202
0.0017237237 	-0.016567238 	-7.241849e-09 	0.001417305 	0.30554034
0.0017357357 	-0.016567338 	-7.2342784e-09 	0.0014080361 	0.30231866
0.0017477477 	-0.016567438 	-7.2267077e-09 	0.0013987672 	0.29909698
0.0017597598 	-0.016567538 	-7.2191371e-09 	0.0013894983 	0.2958753
0.0017717718 	-0.016567638 	-7.2115664e-09 	0.0013802294 	0.29265363
0.0017837838 	-0.016567737 	-7.2039958e-09 	0.0013709605 	0.28943195
0.0017957958 	-0.016567837 	-7.1964251e-09 	0.0013616917 	0.28621027
0.0018078078 	-0.016567937 	-7.1888545e-09 	0.0013524228 	0.28298859
0.0018198198 	-0.016568037 	-7.1802004e-09 	0.0013427805 	0.27977358
0.0018318318 	-0.016568127 	-7.1496596e-09 	0.0013306389 	0.27673242
0.0018438438 	-0.016568218 	-7.1191189e-09 	0.0013184974 	0.27369126
0.0018558559 	-0.016568309 	-7.0885781e-09 	0.0013063559 	0.27065009
0.0018678679 	-0.0165684 	-7.0580373e-09 	0.0012942143 	0.26760893
0.0018798799 	-0.016568491 	-7.0274965e-09 	0.0012820728 	0.26456777
0.0018918919 	-0.016568582 	-6.9969558e-09 	0.0012699312 	0.2615266
0.0019039039 	-0.016568673 	-6.966415e-09 	0.0012577897 	0.25848544
0.0019159159 	-0.016568764 	-6.9358742e-09 	0.0012456482 	0.25544428
0.0019279279 	-0.016568855 	-6.9053334e-09 	0.0012335066 	0.25240311
0.0019399399 	-0.016568946 	-6.8747927e-09 	0.0012213651 	0.24936195
0.001951952 	-0.016569037 	-6.8442519e-09 	0.0012092235 	0.24632079
0.001963964 	-0.016569128 	-6.8137111e-09 	0.001197082 	0.24327963
0.001975976 	-0.01656922 	-6.7840346e-09 	0.0011848923 	0.24023051
0.001987988 	-0.016569301 	-6.7369237e-09 	0.0011711898 	0.23737313
0.002 	-0.016569381 	-6.6884792e-09 	0.0011574306 	0.23452967
0.002012012 	-0.016569462 	-6.6400347e-09 	0.0011436715 	0.23168621
0.002024024 	-0.016569543 	-6.5915903e-09 	0.0011299124 	0.22884275
0.002036036 	-0.016569623 	-6.5431458e-09 	0.0011161533 	0.22599928
0.002048048 	-0.016569704 	-6.4947014e-09 	0.0011023942 	0.22315582
0.0020600601 	-0.016569784 	-6.4462569e-09 	0.001088635 	0.22031236
0.0020720721 	-0.016569865 	-6.3978125e-09 	0.0010748759 	0.2174689
0.0020840841 	-0.016569945 	-6.349368e-09 	0.0010611168 	0.21462544
0.0020960961 	-0.016570026 	-6.3009235e-09 	0.0010473577 	0.21178198
0.0021081081 	-0.016570106 	-6.2524791e-09 	0.0010335985 	0.20893851
0.0021201201 	-0.016570184 	-6.2008903e-09 	0.0010194922 	0.206151
0.0021321321 	-0.016570254 	-6.1405502e-09 	0.0010049668 	0.20349876
0.0021441441 	-0.016570324 	-6.08021e-09 	0.00099044143 	0.20084652
0.0021561562 	-0.016570393 	-6.0198699e-09 	0.00097591606 	0.19819427
0.0021681682 	-0.016570463 	-5.9595297e-09 	0.0009613907 	0.19554203
0.0021801802 	-0.016570533 	-5.8991896e-09 	0.00094686533 	0.19288979
0.0021921922 	-0.016570603 	-5.8388495e-09 	0.00093233996 	0.19023755
0.0022042042 	-0.016570673 	-5.7785093e-09 	0.00091781459 	0.1875853
0.0022162162 	-0.016570743 	-5.7181692e-09 	0.00090328923 	0.18493306
0.0022282282 	-0.016570813 	-5.6578291e-09 	0.00088876386 	0.18228082
0.0022402402 	-0.016570882 	-5.5973226e-09 	0.00087412938 	0.17964023
0.0022522523 	-0.016570942 	-5.5303924e-09 	0.00085938048 	0.17716234
0.0022642643 	-0.016571002 	-5.4634622e-09 	0.00084463159 	0.17468445
0.0022762763 	-0.016571061 	-5.396532e-09 	0.00082988269 	0.17220657
0.0022882883 	-0.016571121 	-5.3296018e-09 	0.0008151338 	0.16972868
0.0023003003 	-0.016571181 	-5.2626716e-09 	0.00080038491 	0.16725079
0.0023123123 	-0.016571241 	-5.1957414e-09 	0.00078563601 	0.16477291
0.0023243243 	-0.0165713 	-5.1288112e-09 	0.00077088712 	0.16229502
0.0023363363 	-0.01657136 	-5.061881e-09 	0.00075613822 	0.15981713
0.0023483483 	-0.01657142 	-4.9949919e-09 	0.00074132108 	0.1573471
0.0023603604 	-0.016571469 	-4.925824e-09 	0.00072668446 	0.15502345
0.0023723724 	-0.016571519 	-4.8566562e-09 	0.00071204783 	0.1526998
0.0023843844 	-0.016571569 	-4.7874883e-09 	0.00069741121 	0.15037615
0.0023963964 	-0.016571619 	-4.7183205e-09 	0.00068277458 	0.1480525
0.0024084084 	-0.016571668 	-4.6491526e-09 	0.00066813796 	0.14572885
0.0024204204 	-0.016571718 	-4.5799847e-09 	0.00065350133 	0.1434052
0.0024324324 	-0.016571768 	-4.5108169e-09 	0.00063886471 	0.14108155
0.0024444444 	-0.016571817 	-4.4417351e-09 	0.00062420327 	0.1387716
0.0024564565 	-0.016571856 	-4.3732182e-09 	0.00060989347 	0.13658226
0.0024684685 	-0.016571895 	-4.3047014e-09 	0.00059558367 	0.13439292
0.0024804805 	-0.016571935 	-4.2361845e-09 	0.00058127387 	0.13220358
0.0024924925 	-0.016571974 	-4.1676677e-09 	0.00056696408 	0.13001424
0.0025045045 	-0.016572013 	-4.0991508e-09 	0.00055265428 	0.1278249
0.0025165165 	-0.016572053 	-4.030634e-09 	0.00053834448 	0.12563556
0.0025285285 	-0.016572092 	-3.9621936e-09 	0.00052402942 	0.12345714
0.0025405405 	-0.016572126 	-3.8958568e-09 	0.00051015686 	0.12138395
0.0025525526 	-0.016572161 	-3.8295199e-09 	0.0004962843 	0.11931075
0.0025645646 	-0.016572196 	-3.763183e-09 	0.00048241174 	0.11723755
0.0025765766 	-0.016572231 	-3.6968461e-09 	0.00046853918 	0.11516436
0.0025885886 	-0.016572265 	-3.6305092e-09 	0.00045466662 	0.11309116
0.0026006006 	-0.0165723 	-3.5640858e-09 	0.00044077985 	0.11101709
0.0026126126 	-0.016572478 	-3.4000501e-09 	0.00040471356 	0.10585305
0.0026246246 	-0.016572664 	-3.2309785e-09 	0.0003674874 	0.10052424
0.0026366366 	-0.016572849 	-3.0619069e-09 	0.00033026124 	0.09519542
0.0026486486 	-0.016573035 	-2.8928354e-09 	0.00029303508 	0.089866603
0.0026606607 	-0.016573221 	-2.7237638e-09 	0.00025580891 	0.084537786
0.0026726727 	-0.016573311 	-2.6232301e-09 	0.00023289773 	0.081284879
0.0026846847 	-0.016573304 	-2.5937587e-09 	0.00022461442 	0.080129301
0.0026966967 	-0.016573296 	-2.5642873e-09 	0.0002163311 	0.078973722
0.0027087087 	-0.016573289 	-2.534816e-09 	0.00020804779 	0.077818144
0.0027207207 	-0.016573282 	-2.5053446e-09 	0.00019976447 	0.076662565
0.0027327327 	-0.016573274 	-2.4758732e-09 	0.00019148116 	0.075506987
0.0027447447 	-0.016573267 	-2.4464018e-09 	0.00018319784 	0.074351408
0.0027567568 	-0.01657326 	-2.4169304e-09 	0.00017491453 	0.07319583
0.0027687688 	-0.016573252 	-2.387459e-09 	0.00016663121 	0.072040251
0.0027807808 	-0.016573245 	-2.3579877e-09 	0.0001583479 	0.070884673
0.0027927928 	-0.016573238 	-2.3285163e-09 	0.00015006458 	0.069729094
0.0028048048 	-0.01657323 	-2.2990449e-09 	0.00014178127 	0.068573516
0.0028168168 	-0.016573223 	-2.2695735e-09 	0.00013349795 	0.067417937
0.0028288288 	-0.016573216 	-2.2401021e-09 	0.00012521463 	0.066262359
0.0028408408 	-0.016573208 	-2.2106307e-09 	0.00011693132 	0.06510678
0.0028528529 	-0.016573201 	-2.1811593e-09 	0.000108648 	0.063951202
0.0028648649 	-0.016573194 	-2.151688e-09 	0.00010036469 	0.062795623
0.0028768769 	-0.016573186 	-2.1222166e-09 	9.2081373e-05 	0.061640045
0.0028888889 	-0.016573179 	-2.0927452e-09 	8.3798058e-05 	0.060484466
0.0029009009 	-0.016573172 	-2.0632738e-09 	7.5514742e-05 	0.059328888
0.0029129129 	-0.016573164 	-2.0338024e-09 	6.7231427e-05 	0.058173309
0.0029249249 	-0.016573157 	-2.004331e-09 	5.8948111e-05 	0.057017731
0.0029369369 	-0.01657315 	-1.9748597e-09 	5.0664796e-05 	0.055862152
0.0029489489 	-0.016573142 	-1.9453883e-09 	4.2381481e-05 	0.054706574
0.002960961 	-0.016573135 	-1.9159169e-09 	3.4098165e-05 	0.053550995
0.002972973 	-0.016573128 	-1.8864455e-09 	2.581485e-05 	0.052395417
0.002984985 	-0.01657312 	-1.8569741e-09 	1.7531535e-05 	0.051239838
0.002996997 	-0.016573113 	-1.8275027e-09 	9.2482192e-06 	0.05008426
0.003009009 	-0.016573106 	-1.7980314e-09 	9.6490388e-07 	0.048928681
0.003021021 	-0.016573098 	-1.76856e-09 	-7.3184115e-06 	0.047773103
0.003033033 	-0.016573091 	-1.7390886e-09 	-1.5601727e-05 	0.046617524
0.003045045 	-0.016573083 	-1.7096172e-09 	-2.3885042e-05 	0.045461946
0.0030570571 	-0.016573076 	-1.6801458e-09 	-3.2168358e-05 	0.044306367
0.0030690691 	-0.016573069 	-1.6506744e-09 	-4.0451673e-05 	0.043150789
0.0030810811 	-0.016573061 	-1.621203e-09 	-4.8734988e-05 	0.04199521
0.0030930931 	-0.016573054 	-1.5917317e-09 	-5.7018304e-05 	0.040839632
0.0031051051 	-0.016573047 	-1.5622603e-09 	-6.5301619e-05 	0.039684053
0.0031171171 	-0.016573039 	-1.5327889e-09 	-7.3584934e-05 	0.038528475
0.0031291291 	-0.016573032 	-1.5033175e-09 	-8.186825e-05 	0.037372896
0.0031411411 	-0.016573025 	-1.4738461e-09 	-9.0151565e-05 	0.036217318
0.0031531532 	-0.016573017 	-1.4443747e-09 	-9.843488e-05 	0.035061739
0.0031651652 	-0.01657301 	-1.4149034e-09 	-0.0001067182 	0.033906161
0.0031771772 	-0.016572992 	-1.38694e-09 	-0.00011447523 	0.032782818
0.0031891892 	-0.016572952 	-1.3699236e-09 	-0.00012072667 	0.031740626
0.0032012012 	-0.016572912 	-1.3529073e-09 	-0.00012697811 	0.030698435
0.0032132132 	-0.016572873 	-1.335891e-09 	-0.00013322955 	0.029656243
0.0032252252 	-0.016572833 	-1.3188746e-09 	-0.00013948099 	0.028614051
0.0032372372 	-0.016572793 	-1.3018583e-09 	-0.00014573243 	0.027571859
0.0032492492 	-0.016572754 	-1.284842e-09 	-0.00015198387 	0.026529668
0.0032612613 	-0.016572714 	-1.2678257e-09 	-0.00015823531 	0.025487476
0.0032732733 	-0.016572674 	-1.2508093e-09 	-0.00016448675 	0.024445284
0.0032852853 	-0.016572634 	-1.233793e-09 	-0.00017073819 	0.023403092
0.0032972973 	-0.016572595 	-1.2167767e-09 	-0.00017698963 	0.0223609
0.0033093093 	-0.016572555 	-1.1997603e-09 	-0.00018324107 	0.021318709
0.0033213213 	-0.016572515 	-1.182744e-09 	-0.00018949251 	0.020276517
0.0033333333 	-0.016572476 	-1.1657277e-09 	-0.00019574395 	0.019234325
0.0033453453 	-0.016572436 	-1.1487113e-09 	-0.00020199539 	0.018192133
0.0033573574 	-0.016572396 	-1.131695e-09 	-0.00020824683 	0.017149941
0.0033693694 	-0.016572356 	-1.1146787e-09 	-0.00021449827 	0.01610775
0.0033813814 	-0.016572317 	-1.0976624e-09 	-0.00022074971 	0.015065558
0.0033933934 	-0.016572277 	-1.080646e-09 	-0.00022700115 	0.014023366
0.0034054054 	-0.016572237 	-1.0636297e-09 	-0.00023325259 	0.012981174
0.0034174174 	-0.016572197 	-1.0466134e-09 	-0.00023950403 	0.011938983
0.0034294294 	-0.016572158 	-1.029597e-09 	-0.00024575547 	0.010896791
0.0034414414 	-0.016572118 	-1.0125807e-09 	-0.00025200691 	0.009854599
0.0034534535 	-0.016572078 	-9.9556437e-10 	-0.00025825835 	0.0088124072
0.0034654655 	-0.016572039 	-9.7854804e-10 	-0.00026450979 	0.0077702154
0.0034774775 	-0.016571999 	-9.6153171e-10 	-0.00027076123 	0.0067280236
0.0034894895 	-0.016571959 	-9.4451538e-10 	-0.00027701267 	0.0056858318
0.0035015015 	-0.016571919 	-9.2749905e-10 	-0.00028326411 	0.0046436401
0.0035135135 	-0.01657188 	-9.1048272e-10 	-0.00028951555 	0.0036014483
0.0035255255 	-0.01657184 	-8.9346639e-10 	-0.00029576699 	0.0025592565
0.0035375375 	-0.0165718 	-8.7645006e-10 	-0.00030201843 	0.0015170647
0.0035495495 	-0.01657176 	-8.5943373e-10 	-0.00030826987 	0.00047487292
0.0035615616 	-0.016571721 	-8.424174e-10 	-0.00031452131 	-0.00056731887
0.0035735736 	-0.016571681 	-8.2540107e-10 	-0.00032077275 	-0.0016095107
0.0035855856 	-0.016571641 	-8.0838474e-10 	-0.00032702419 	-0.0026517024
0.0035975976 	-0.016571602 	-7.9136841e-10 	-0.00033327563 	-0.0036938942
0.0036096096 	-0.016571562 	-7.7435208e-10 	-0.00033952707 	-0.004736086
0.0036216216 	-0.016571521 	-7.5659331e-10 	-0.00034489785 	-0.0057044736
0.0036336336 	-0.016571481 	-7.497019e-10 	-0.00034633327 	-0.0063541136
0.0036456456 	-0.016571441 	-7.4281049e-10 	-0.0003477687 	-0.0070037536
0.0036576577 	-0.016571402 	-7.3591909e-10 	-0.00034920412 	-0.0076533936
0.0036696697 	-0.016571362 	-7.2902768e-10 	-0.00035063954 	-0.0083030336
0.0036816817 	-0.016571322 	-7.2213628e-10 	-0.00035207497 	-0.0089526736
0.0036936937 	-0.016571282 	-7.1524487e-10 	-0.00035351039 	-0.0096023136
0.0037057057 	-0.016571242 	-7.0835347e-10 	-0.00035494581 	-0.010251954
0.0037177177 	-0.016571202 	-7.0146206e-10 	-0.00035638124 	-0.010901594
0.0037297297 	-0.016571163 	-6.9457066e-10 	-0.00035781666 	-0.011551234
0.0037417417 	-0.016571123 	-6.8767925e-10 	-0.00035925208 	-0.012200874
0.0037537538 	-0.016571083 	-6.8078785e-10 	-0.00036068751 	-0.012850514
0.0037657658 	-0.016571043 	-6.7389644e-10 	-0.00036212293 	-0.013500154
0.0037777778 	-0.016571003 	-6.6700504e-10 	-0.00036355835 	-0.014149794
0.0037897898 	-0.016570963 	-6.6011363e-10 	-0.00036499378 	-0.014799434
0.0038018018 	-0.016570924 	-6.5322222e-10 	-0.0003664292 	-0.015449074
0.0038138138 	-0.016570884 	-6.4633082e-10 	-0.00036786462 	-0.016098714
0.0038258258 	-0.016570844 	-6.3943941e-10 	-0.00036930005 	-0.016748354
0.0038378378 	-0.016570804 	-6.3254801e-10 	-0.00037073547 	-0.017397994
0.0038498498 	-0.016570764 	-6.256566e-10 	-0.0003721709 	-0.018047634
0.0038618619 	-0.016570724 	-6.187652e-10 	-0.00037360632 	-0.018697274
0.0038738739 	-0.016570685 	-6.1187379e-10 	-0.00037504174 	-0.019346914
0.0038858859 	-0.016570645 	-6.0498239e-10 	-0.00037647717 	-0.019996554
0.0038978979 	-0.016570605 	-5.9809098e-10 	-0.00037791259 	-0.020646194
0.0039099099 	-0.016570565 	-5.9119958e-10 	-0.00037934801 	-0.021295834
0.0039219219 	-0.016570525 	-5.8430817e-10 	-0.00038078344 	-0.021945474
0.0039339339 	-0.016570485 	-5.7741677e-10 	-0.00038221886 	-0.022595114
0.0039459459 	-0.016570446 	-5.7052536e-10 	-0.00038365428 	-0.023244754
0.003957958 	-0.016570406 	-5.6363396e-10 	-0.00038508971 	-0.023894394
0.00396997 	-0.016570366 	-5.5674255e-10 	-0.00038652513 	-0.024544034
0.003981982 	-0.016570326 	-5.4985114e-10 	-0.00038796055 	-0.025193674
0.003993994 	-0.016570286 	-5.4295974e-10 	-0.00038939598 	-0.025843314
0.004006006 	-0.016570246 	-5.3606833e-10 	-0.0003908314 	-0.026492954
0.004018018 	-0.016570208 	-5.2872016e-10 	-0.00039102309 	-0.02701508
0.00403003 	-0.016570173 	-5.2331374e-10 	-0.00038980683 	-0.027372609
0.004042042 	-0.016570138 	-5.1790733e-10 	-0.00038859056 	-0.027730139
0.0040540541 	-0.016570102 	-5.1250092e-10 	-0.0003873743 	-0.028087669
0.0040660661 	-0.016570067 	-5.0709451e-10 	-0.00038615804 	-0.028445199
0.0040780781 	-0.016570032 	-5.0168809e-10 	-0.00038494177 	-0.028802729
0.0040900901 	-0.016569997 	-4.9628168e-10 	-0.00038372551 	-0.029160259
0.0041021021 	-0.016569962 	-4.9087527e-10 	-0.00038250924 	-0.029517789
0.0041141141 	-0.016569927 	-4.8546886e-10 	-0.00038129298 	-0.029875319
0.0041261261 	-0.016569891 	-4.8006244e-10 	-0.00038007671 	-0.030232849
0.0041381381 	-0.016569856 	-4.7465603e-10 	-0.00037886045 	-0.030590379
0.0041501502 	-0.016569821 	-4.6924962e-10 	-0.00037764418 	-0.030947909
0.0041621622 	-0.016569786 	-4.6384321e-10 	-0.00037642792 	-0.031305439
0.0041741742 	-0.016569751 	-4.5843679e-10 	-0.00037521166 	-0.031662969
0.0041861862 	-0.016569716 	-4.5303038e-10 	-0.00037399539 	-0.032020499
0.0041981982 	-0.016569681 	-4.4762397e-10 	-0.00037277913 	-0.032378029
0.0042102102 	-0.016569645 	-4.4221756e-10 	-0.00037156286 	-0.032735559
0.0042222222 	-0.01656961 	-4.3681115e-10 	-0.0003703466 	-0.033093089
0.0042342342 	-0.016569575 	-4.3140473e-10 	-0.00036913033 	-0.033450619
0.0042462462 	-0.01656954 	-4.2599832e-10 	-0.00036791407 	-0.033808148
0.0042582583 	-0.016569505 	-4.2059191e-10 	-0.00036669781 	-0.034165678
0.0042702703 	-0.01656947 	-4.151855e-10 	-0.00036548154 	-0.034523208
0.0042822823 	-0.016569435 	-4.0977908e-10 	-0.00036426528 	-0.034880738
0.0042942943 	-0.016569399 	-4.0437267e-10 	-0.00036304901 	-0.035238268
0.0043063063 	-0.016569364 	-3.9896626e-10 	-0.00036183275 	-0.035595798
0.0043183183 	-0.016569329 	-3.9355985e-10 	-0.00036061648 	-0.035953328
0.0043303303 	-0.016569294 	-3.8815343e-10 	-0.00035940022 	-0.036310858
0.0043423423 	-0.016569259 	-3.8274702e-10 	-0.00035818395 	-0.036668388
0.0043543544 	-0.016569224 	-3.7734061e-10 	-0.00035696769 	-0.037025918
0.0043663664 	-0.016569193 	-3.7118446e-10 	-0.00035479825 	-0.037255146
0.0043783784 	-0.016569166 	-3.6499865e-10 	-0.000352101 	-0.037383099
0.0043903904 	-0.016569139 	-3.5881283e-10 	-0.00034940376 	-0.037511052
0.0044024024 	-0.016569113 	-3.5262702e-10 	-0.00034670651 	-0.037639005
0.0044144144 	-0.016569086 	-3.4644121e-10 	-0.00034400926 	-0.037766958
0.0044264264 	-0.016569059 	-3.4025539e-10 	-0.00034131201 	-0.037894911
0.0044384384 	-0.016569032 	-3.3406958e-10 	-0.00033861476 	-0.038022864
0.0044504505 	-0.016569006 	-3.2788377e-10 	-0.00033591751 	-0.038150817
0.0044624625 	-0.016568979 	-3.2169795e-10 	-0.00033322026 	-0.03827877
0.0044744745 	-0.016568952 	-3.1551214e-10 	-0.00033052301 	-0.038406723
0.0044864865 	-0.016568926 	-3.0932633e-10 	-0.00032782576 	-0.038534676
0.0044984985 	-0.016568899 	-3.0314051e-10 	-0.00032512851 	-0.038662629
0.0045105105 	-0.016568872 	-2.969547e-10 	-0.00032243126 	-0.038790582
0.0045225225 	-0.016568846 	-2.9076889e-10 	-0.00031973401 	-0.038918535
0.0045345345 	-0.016568819 	-2.8458307e-10 	-0.00031703677 	-0.039046488
0.0045465465 	-0.016568792 	-2.7839726e-10 	-0.00031433952 	-0.039174441
0.0045585586 	-0.016568766 	-2.7221145e-10 	-0.00031164227 	-0.039302394
0.0045705706 	-0.016568739 	-2.6602563e-10 	-0.00030894502 	-0.039430347
0.0045825826 	-0.016568712 	-2.5983982e-10 	-0.00030624777 	-0.0395583
0.0045945946 	-0.016568686 	-2.5365401e-10 	-0.00030355052 	-0.039686253
0.0046066066 	-0.016568659 	-2.4746819e-10 	-0.00030085327 	-0.039814206
0.0046186186 	-0.016568632 	-2.4128238e-10 	-0.00029815602 	-0.039942159
0.0046306306 	-0.016568606 	-2.3509657e-10 	-0.00029545877 	-0.040070112
0.0046426426 	-0.016568579 	-2.2891075e-10 	-0.00029276152 	-0.040198066
0.0046546547 	-0.016568552 	-2.2272494e-10 	-0.00029006427 	-0.040326019
0.0046666667 	-0.016568526 	-2.1652032e-10 	-0.00028717141 	-0.040435688
0.0046786787 	-0.016568509 	-2.0985512e-10 	-0.000283803 	-0.040377432
0.0046906907 	-0.016568493 	-2.0318992e-10 	-0.00028043459 	-0.040319176
0.0047027027 	-0.016568476 	-1.9652471e-10 	-0.00027706618 	-0.04026092
0.0047147147 	-0.016568459 	-1.8985951e-10 	-0.00027369777 	-0.040202664
0.0047267267 	-0.016568442 	-1.8319431e-10 	-0.00027032936 	-0.040144408
0.0047387387 	-0.016568426 	-1.7652911e-10 	-0.00026696095 	-0.040086152
0.0047507508 	-0.016568409 	-1.6986391e-10 	-0.00026359254 	-0.040027896
0.0047627628 	-0.016568392 	-1.631987e-10 	-0.00026022414 	-0.03996964
0.0047747748 	-0.016568376 	-1.565335e-10 	-0.00025685573 	-0.039911383
0.0047867868 	-0.016568359 	-1.498683e-10 	-0.00025348732 	-0.039853127
0.0047987988 	-0.016568342 	-1.432031e-10 	-0.00025011891 	-0.039794871
0.0048108108 	-0.016568325 	-1.3653789e-10 	-0.0002467505 	-0.039736615
0.0048228228 	-0.016568309 	-1.2987269e-10 	-0.00024338209 	-0.039678359
0.0048348348 	-0.016568292 	-1.2320749e-10 	-0.00024001368 	-0.039620103
0.0048468468 	-0.016568275 	-1.1654229e-10 	-0.00023664527 	-0.039561847
0.0048588589 	-0.016568258 	-1.0987709e-10 	-0.00023327686 	-0.039503591
0.0048708709 	-0.016568242 	-1.0321188e-10 	-0.00022990845 	-0.039445335
0.0048828829 	-0.016568225 	-9.6546682e-11 	-0.00022654004 	-0.039387079
0.0048948949 	-0.016568208 	-8.988148e-11 	-0.00022317163 	-0.039328822
0.0049069069 	-0.016568191 	-8.3216277e-11 	-0.00021980323 	-0.039270566
0.0049189189 	-0.016568175 	-7.6551075e-11 	-0.00021643482 	-0.03921231
0.0049309309 	-0.016568158 	-6.9885873e-11 	-0.00021306641 	-0.039154054
0.0049429429 	-0.016568147 	-6.3865716e-11 	-0.00020951482 	-0.038995755
0.004954955 	-0.01656814 	-5.7891172e-11 	-0.00020604097 	-0.038783792
0.004966967 	-0.016568133 	-5.1916628e-11 	-0.00020256712 	-0.03857183
0.004978979 	-0.016568125 	-4.5942083e-11 	-0.00019909328 	-0.038359867
0.004990991 	-0.016568118 	-3.9967539e-11 	-0.00019561943 	-0.038147904
0.005003003 	-0.016568111 	-3.3992995e-11 	-0.00019214558 	-0.037935942
0.005015015 	-0.016568104 	-2.801845e-11 	-0.00018867174 	-0.037723979
0.005027027 	-0.016568096 	-2.2043906e-11 	-0.00018519789 	-0.037512016
0.005039039 	-0.016568089 	-1.6069362e-11 	-0.00018172404 	-0.037300054
0.0050510511 	-0.016568082 	-1.0094818e-11 	-0.0001782502 	-0.037088091
0.0050630631 	-0.016568074 	-4.1202732e-12 	-0.00017477635 	-0.036876129
0.0050750751 	-0.016568067 	1.8542711e-12 	-0.0001713025 	-0.036664166
0.0050870871 	-0.01656806 	7.8288154e-12 	-0.00016782866 	-0.036452203
0.0050990991 	-0.016568053 	1.380336e-11 	-0.00016435481 	-0.036240241
0.0051111111 	-0.016568045 	1.9777904e-11 	-0.00016088096 	-0.036028278
0.0051231231 	-0.016568038 	2.5752448e-11 	-0.00015740712 	-0.035816315
0.0051351351 	-0.016568031 	3.1726993e-11 	-0.00015393327 	-0.035604353
0.0051471471 	-0.016568024 	3.7701537e-11 	-0.00015045942 	-0.03539239
0.0051591592 	-0.016568016 	4.3676081e-11 	-0.00014698557 	-0.035180428
0.0051711712 	-0.016568009 	4.953935e-11 	-0.00014347236 	-0.03496892
0.0051831832 	-0.016568009 	5.3706067e-11 	-0.00014018624 	-0.034646129
0.0051951952 	-0.01656801 	5.7774479e-11 	-0.0001369901 	-0.034305909
0.0052072072 	-0.016568011 	6.1842891e-11 	-0.00013379397 	-0.033965689
0.0052192192 	-0.016568011 	6.5911304e-11 	-0.00013059784 	-0.033625469
0.0052312312 	-0.016568012 	6.9979716e-11 	-0.0001274017 	-0.033285248
0.0052432432 	-0.016568013 	7.4048128e-11 	-0.00012420557 	-0.032945028
0.0052552553 	-0.016568014 	7.811654e-11 	-0.00012100944 	-0.032604808
0.0052672673 	-0.016568015 	8.2184952e-11 	-0.00011781331 	-0.032264588
0.0052792793 	-0.016568016 	8.6253364e-11 	-0.00011461717 	-0.031924368
0.0052912913 	-0.016568016 	9.0321777e-11 	-0.00011142104 	-0.031584148
0.0053033033 	-0.016568017 	9.4390189e-11 	-0.00010822491 	-0.031243927
0.0053153153 	-0.016568018 	9.8458601e-11 	-0.00010502877 	-0.030903707
0.0053273273 	-0.016568019 	1.0252701e-10 	-0.00010183264 	-0.030563487
0.0053393393 	-0.01656802 	1.0659543e-10 	-9.8636508e-05 	-0.030223267
0.0053513514 	-0.016568021 	1.1066384e-10 	-9.5440376e-05 	-0.029883047
0.0053633634 	-0.016568022 	1.1473225e-10 	-9.2244243e-05 	-0.029542827
0.0053753754 	-0.016568022 	1.1880066e-10 	-8.904811e-05 	-0.029202607
0.0053873874 	-0.016568026 	1.2144416e-10 	-8.6005508e-05 	-0.028817837
0.0053993994 	-0.016568034 	1.2279664e-10 	-8.3337146e-05 	-0.028369718
0.0054114114 	-0.016568041 	1.2414911e-10 	-8.0668785e-05 	-0.027921599
0.0054234234 	-0.016568049 	1.2550159e-10 	-7.8000424e-05 	-0.02747348
0.0054354354 	-0.016568056 	1.2685406e-10 	-7.5332063e-05 	-0.027025361
0.0054474474 	-0.016568064 	1.2820654e-10 	-7.2663702e-05 	-0.026577242
0.0054594595 	-0.016568071 	1.2955901e-10 	-6.9995341e-05 	-0.026129123
0.0054714715 	-0.016568079 	1.3091149e-10 	-6.7326979e-05 	-0.025681003
0.0054834835 	-0.016568086 	1.3226396e-10 	-6.4658618e-05 	-0.025232884
0.0054954955 	-0.016568094 	1.3361644e-10 	-6.1990257e-05 	-0.024784765
0.0055075075 	-0.016568101 	1.3496891e-10 	-5.9321896e-05 	-0.024336646
0.0055195195 	-0.016568109 	1.3632139e-10 	-5.6653535e-05 	-0.023888527
0.0055315315 	-0.016568116 	1.3767386e-10 	-5.3985173e-05 	-0.023440408
0.0055435435 	-0.016568124 	1.3902634e-10 	-5.1316812e-05 	-0.022992288
0.0055555556 	-0.016568131 	1.4037881e-10 	-4.8648451e-05 	-0.022544169
0.0055675676 	-0.016568139 	1.4136162e-10 	-4.5962229e-05 	-0.022093251
0.0055795796 	-0.016568153 	1.3977245e-10 	-4.3982403e-05 	-0.021553688
0.0055915916 	-0.016568166 	1.3818327e-10 	-4.2002576e-05 	-0.021014124
0.0056036036 	-0.016568179 	1.3659409e-10 	-4.002275e-05 	-0.02047456
0.0056156156 	-0.016568192 	1.3500492e-10 	-3.8042923e-05 	-0.019934997
0.0056276276 	-0.016568205 	1.3341574e-10 	-3.6063097e-05 	-0.019395433
0.0056396396 	-0.016568218 	1.3182656e-10 	-3.408327e-05 	-0.018855869
0.0056516517 	-0.016568232 	1.3023739e-10 	-3.2103444e-05 	-0.018316306
0.0056636637 	-0.016568245 	1.2864821e-10 	-3.0123617e-05 	-0.017776742
0.0056756757 	-0.016568258 	1.2705903e-10 	-2.8143791e-05 	-0.017237178
0.0056876877 	-0.016568271 	1.2546986e-10 	-2.6163964e-05 	-0.016697615
0.0056996997 	-0.016568284 	1.2388068e-10 	-2.4184138e-05 	-0.016158051
0.0057117117 	-0.016568297 	1.2229151e-10 	-2.2204311e-05 	-0.015618487
0.0057237237 	-0.016568311 	1.2070233e-10 	-2.0224485e-05 	-0.015078924
0.0057357357 	-0.016568326 	1.1763962e-10 	-1.8593339e-05 	-0.014502721
0.0057477477 	-0.016568343 	1.1338413e-10 	-1.7391005e-05 	-0.013885096
0.0057597598 	-0.016568361 	1.0912864e-10 	-1.6188671e-05 	-0.01326747
0.0057717718 	-0.016568378 	1.0487315e-10 	-1.4986336e-05 	-0.012649844
0.0057837838 	-0.016568395 	1.0061766e-10 	-1.3784002e-05 	-0.012032219
0.0057957958 	-0.016568412 	9.6362172e-11 	-1.2581668e-05 	-0.011414593
0.0058078078 	-0.016568429 	9.2106682e-11 	-1.1379334e-05 	-0.010796968
0.0058198198 	-0.016568447 	8.7851192e-11 	-1.0177e-05 	-0.010179342
0.0058318318 	-0.016568464 	8.3595702e-11 	-8.974666e-06 	-0.0095617165
0.0058438438 	-0.016568481 	7.9340212e-11 	-7.7723319e-06 	-0.0089440909
0.0058558559 	-0.016568498 	7.5084722e-11 	-6.5699979e-06 	-0.0083264653
0.0058678679 	-0.016568516 	7.0829231e-11 	-5.3676638e-06 	-0.0077088397
0.0058798799 	-0.016568534 	6.5254861e-11 	-4.5501653e-06 	-0.0070459926
0.0058918919 	-0.016568552 	5.8733991e-11 	-4.0957663e-06 	-0.0063412349
0.0059039039 	-0.016568571 	5.2213122e-11 	-3.6413673e-06 	-0.0056364772
0.0059159159 	-0.01656859 	4.5692252e-11 	-3.1869683e-06 	-0.0049317195
0.0059279279 	-0.016568608 	3.9171383e-11 	-2.7325693e-06 	-0.0042269619
0.0059399399 	-0.016568627 	3.2650513e-11 	-2.2781703e-06 	-0.0035222042
0.005951952 	-0.016568646 	2.6129644e-11 	-1.8237713e-06 	-0.0028174465
0.005963964 	-0.016568664 	1.9608775e-11 	-1.3693723e-06 	-0.0021126889
0.005975976 	-0.016568683 	1.3087905e-11 	-9.1497327e-07 	-0.0014079312
0.005987988 	-0.016568701 	6.5670356e-12 	-4.6057426e-07 	-0.00070317351
0.006 	-0.01656872 	4.9204252e-23 	-3.6129778e-18 	-4.9444566e-15
