-0.006 	0.29808425 	0 	0 	0
-0.005987988 	0.29808427 	-1.7103519e-14 	1.5521954e-06 	0.00035792628
-0.005975976 	0.29808428 	-3.4207038e-14 	3.1043908e-06 	0.00071585255
-0.005963964 	0.29808429 	-5.1310557e-14 	4.6565862e-06 	0.0010737788
-0.005951952 	0.29808431 	-6.8414076e-14 	6.2087816e-06 	0.0014317051
-0.0059399399 	0.29808432 	-8.5517595e-14 	7.760977e-06 	0.0017896314
-0.0059279279 	0.29808434 	-1.0262111e-13 	9.3131723e-06 	0.0021475577
-0.0059159159 	0.29808435 	-1.1972463e-13 	1.0865368e-05 	0.0025054839
-0.0059039039 	0.29808436 	-1.3682815e-13 	1.2417563e-05 	0.0028634102
-0.0058918919 	0.29808436 	-1.5396203e-13 	1.5532921e-05 	0.0032205553
-0.0058798799 	0.29808417 	-1.7160183e-13 	4.4697087e-05 	0.0035646822
-0.0058678679 	0.29808398 	-1.8924164e-13 	7.3861252e-05 	0.003908809
-0.0058558559 	0.29808379 	-2.0688144e-13 	0.00010302542 	0.0042529359
-0.0058438438 	0.2980836 	-2.2452124e-13 	0.00013218958 	0.0045970628
-0.0058318318 	0.29808349 	-2.3300935e-13 	0.00015075987 	0.0049422507
-0.0058198198 	0.29808351 	-2.2764851e-13 	0.00015329881 	0.005289044
-0.0058078078 	0.29808352 	-2.2228767e-13 	0.00015583775 	0.0056358374
-0.0057957958 	0.29808354 	-2.1692683e-13 	0.00015837668 	0.0059826308
-0.0057837838 	0.29808356 	-2.11566e-13 	0.00016091562 	0.0063294241
-0.0057717718 	0.29808357 	-2.0620516e-13 	0.00016345456 	0.0066762175
-0.0057597598 	0.29808359 	-2.0084432e-13 	0.00016599349 	0.0070230109
-0.0057477477 	0.29808361 	-1.9548348e-13 	0.00016853243 	0.0073698042
-0.0057357357 	0.29808362 	-1.9012264e-13 	0.00017107137 	0.0077165976
-0.0057237237 	0.29808364 	-1.847618e-13 	0.0001736103 	0.008063391
-0.0057117117 	0.29808356 	-2.0187608e-13 	0.00018040491 	0.0084089364
-0.0056996997 	0.29808319 	-2.8524749e-13 	0.00019974531 	0.0087508028
-0.0056876877 	0.29808281 	-3.686189e-13 	0.00021908572 	0.0090926692
-0.0056756757 	0.29808244 	-4.5199031e-13 	0.00023842613 	0.0094345356
-0.0056636637 	0.29808207 	-5.3536172e-13 	0.00025776654 	0.009776402
-0.0056516517 	0.2980817 	-6.1873313e-13 	0.00027710694 	0.010118268
-0.0056396396 	0.29808168 	-6.2617774e-13 	0.00028089212 	0.010460461
-0.0056276276 	0.29808168 	-6.3118065e-13 	0.00028417707 	0.010802663
-0.0056156156 	0.29808167 	-6.3618357e-13 	0.00028746201 	0.011144866
-0.0056036036 	0.29808167 	-6.4118648e-13 	0.00029074696 	0.011487069
-0.0055915916 	0.29808167 	-6.4618939e-13 	0.00029403191 	0.011829272
-0.0055795796 	0.29808166 	-6.511923e-13 	0.00029731685 	0.012171475
-0.0055675676 	0.29808166 	-6.5619521e-13 	0.0003006018 	0.012513677
-0.0055555556 	0.29808165 	-6.6119812e-13 	0.00030388674 	0.01285588
-0.0055435435 	0.29808165 	-6.6620103e-13 	0.00030717169 	0.013198083
-0.0055315315 	0.29808164 	-6.7120395e-13 	0.00031045663 	0.013540286
-0.0055195195 	0.29808164 	-6.7620686e-13 	0.00031374158 	0.013882488
-0.0055075075 	0.29808147 	-6.8211198e-13 	0.00032048432 	0.014224381
-0.0054954955 	0.2980811 	-6.8906898e-13 	0.00033125854 	0.014565911
-0.0054834835 	0.29808074 	-6.9602599e-13 	0.00034203276 	0.014907441
-0.0054714715 	0.29808037 	-7.02983e-13 	0.00035280698 	0.015248971
-0.0054594595 	0.29808001 	-7.0994001e-13 	0.0003635812 	0.015590502
-0.0054474474 	0.29807964 	-7.1689702e-13 	0.00037435542 	0.015932032
-0.0054354354 	0.29807943 	-7.2972044e-13 	0.00038179066 	0.016270153
-0.0054234234 	0.2980794 	-7.4922636e-13 	0.00038542243 	0.01660439
-0.0054114114 	0.29807937 	-7.6873227e-13 	0.00038905421 	0.016938627
-0.0053993994 	0.29807934 	-7.8823819e-13 	0.00039268598 	0.017272864
-0.0053873874 	0.29807931 	-8.077441e-13 	0.00039631775 	0.017607102
-0.0053753754 	0.29807928 	-8.2725001e-13 	0.00039994953 	0.017941339
-0.0053633634 	0.29807925 	-8.4675593e-13 	0.0004035813 	0.018275576
-0.0053513514 	0.29807922 	-8.6626184e-13 	0.00040721307 	0.018609813
-0.0053393393 	0.29807919 	-8.8576776e-13 	0.00041084485 	0.018944051
-0.0053273273 	0.29807916 	-9.0527367e-13 	0.00041447662 	0.019278288
-0.0053153153 	0.29807913 	-9.2477959e-13 	0.00041810839 	0.019612525
-0.0053033033 	0.2980791 	-9.442855e-13 	0.00042174017 	0.019946762
-0.0052912913 	0.29807907 	-9.6379141e-13 	0.00042537194 	0.020281
-0.0052792793 	0.29807889 	-9.4970639e-13 	0.00042981086 	0.020616069
-0.0052672673 	0.2980785 	-8.8822871e-13 	0.00043538857 	0.020952313
-0.0052552553 	0.29807811 	-8.2675102e-13 	0.00044096628 	0.021288558
-0.0052432432 	0.29807772 	-7.6527334e-13 	0.00044654399 	0.021624802
-0.0052312312 	0.29807733 	-7.0379565e-13 	0.0004521217 	0.021961046
-0.0052192192 	0.29807695 	-6.4231797e-13 	0.0004576994 	0.02229729
-0.0052072072 	0.29807656 	-5.8084029e-13 	0.00046327711 	0.022633534
-0.0051951952 	0.29807637 	-5.7087239e-13 	0.00046760597 	0.022961197
-0.0051831832 	0.29807631 	-5.9308608e-13 	0.00047115459 	0.023283498
-0.0051711712 	0.29807626 	-6.1529976e-13 	0.00047470321 	0.023605799
-0.0051591592 	0.2980762 	-6.3751344e-13 	0.00047825183 	0.0239281
-0.0051471471 	0.29807614 	-6.5972713e-13 	0.00048180045 	0.024250402
-0.0051351351 	0.29807608 	-6.8194081e-13 	0.00048534907 	0.024572703
-0.0051231231 	0.29807603 	-7.041545e-13 	0.00048889769 	0.024895004
-0.0051111111 	0.29807597 	-7.2636818e-13 	0.00049244631 	0.025217305
-0.0050990991 	0.29807591 	-7.4858186e-13 	0.00049599493 	0.025539607
-0.0050870871 	0.29807585 	-7.7079555e-13 	0.00049954355 	0.025861908
-0.0050750751 	0.29807579 	-7.9300923e-13 	0.00050309217 	0.026184209
-0.0050630631 	0.29807574 	-8.1522292e-13 	0.00050664079 	0.02650651
-0.0050510511 	0.29807568 	-8.374366e-13 	0.00051018941 	0.026828811
-0.005039039 	0.29807562 	-8.5965028e-13 	0.00051373803 	0.027151113
-0.005027027 	0.29807556 	-8.8186397e-13 	0.00051728665 	0.027473414
-0.005015015 	0.2980752 	-8.9739254e-13 	0.00052042656 	0.027799282
-0.005003003 	0.29807476 	-9.1134927e-13 	0.00052347037 	0.028125989
-0.004990991 	0.29807431 	-9.2530601e-13 	0.00052651417 	0.028452695
-0.004978979 	0.29807387 	-9.3926275e-13 	0.00052955798 	0.028779402
-0.004966967 	0.29807343 	-9.5321949e-13 	0.00053260179 	0.029106109
-0.004954955 	0.29807299 	-9.6717622e-13 	0.0005356456 	0.029432816
-0.0049429429 	0.29807255 	-9.8113296e-13 	0.00053868941 	0.029759522
-0.0049309309 	0.29807214 	-9.951602e-13 	0.00054173401 	0.030084234
-0.0049189189 	0.29807206 	-1.0098431e-12 	0.00054478597 	0.03039039
-0.0049069069 	0.29807197 	-1.0245259e-12 	0.00054783794 	0.030696546
-0.0048948949 	0.29807189 	-1.0392088e-12 	0.0005508899 	0.031002702
-0.0048828829 	0.2980718 	-1.0538917e-12 	0.00055394187 	0.031308858
-0.0048708709 	0.29807171 	-1.0685746e-12 	0.00055699383 	0.031615014
-0.0048588589 	0.29807163 	-1.0832574e-12 	0.0005600458 	0.03192117
-0.0048468468 	0.29807154 	-1.0979403e-12 	0.00056309777 	0.032227326
-0.0048348348 	0.29807145 	-1.1126232e-12 	0.00056614973 	0.032533482
-0.0048228228 	0.29807137 	-1.1273061e-12 	0.0005692017 	0.032839638
-0.0048108108 	0.29807128 	-1.1419889e-12 	0.00057225366 	0.033145794
-0.0047987988 	0.29807119 	-1.1566718e-12 	0.00057530563 	0.03345195
-0.0047867868 	0.29807111 	-1.1713547e-12 	0.00057835759 	0.033758106
-0.0047747748 	0.29807102 	-1.1860376e-12 	0.00058140956 	0.034064262
-0.0047627628 	0.29807094 	-1.2007204e-12 	0.00058446152 	0.034370418
-0.0047507508 	0.29807085 	-1.2154033e-12 	0.00058751349 	0.034676574
-0.0047387387 	0.29807076 	-1.2300862e-12 	0.00059056545 	0.03498273
-0.0047267267 	0.29807055 	-1.2427181e-12 	0.00059325011 	0.035290763
-0.0047147147 	0.29807005 	-1.2506241e-12 	0.00059508842 	0.035603124
-0.0047027027 	0.29806956 	-1.2585302e-12 	0.00059692672 	0.035915485
-0.0046906907 	0.29806906 	-1.2664362e-12 	0.00059876503 	0.036227845
-0.0046786787 	0.29806856 	-1.2743422e-12 	0.00060060333 	0.036540206
-0.0046666667 	0.29806806 	-1.2822482e-12 	0.00060244163 	0.036852567
-0.0046546547 	0.29806756 	-1.2901543e-12 	0.00060427994 	0.037164927
-0.0046426426 	0.29806706 	-1.2980603e-12 	0.00060611824 	0.037477288
-0.0046306306 	0.29806656 	-1.3059663e-12 	0.00060795655 	0.037789648
-0.0046186186 	0.29806628 	-1.328628e-12 	0.00061001536 	0.038087352
-0.0046066066 	0.29806616 	-1.363159e-12 	0.00061225153 	0.038373265
-0.0045945946 	0.29806605 	-1.3976899e-12 	0.00061448771 	0.038659177
-0.0045825826 	0.29806593 	-1.4322209e-12 	0.00061672389 	0.03894509
-0.0045705706 	0.29806582 	-1.4667519e-12 	0.00061896007 	0.039231003
-0.0045585586 	0.2980657 	-1.5012829e-12 	0.00062119625 	0.039516916
-0.0045465465 	0.29806559 	-1.5358139e-12 	0.00062343243 	0.039802829
-0.0045345345 	0.29806547 	-1.5703449e-12 	0.00062566861 	0.040088742
-0.0045225225 	0.29806536 	-1.6048759e-12 	0.00062790478 	0.040374655
-0.0045105105 	0.29806525 	-1.6394069e-12 	0.00063014096 	0.040660568
-0.0044984985 	0.29806513 	-1.6739378e-12 	0.00063237714 	0.040946481
-0.0044864865 	0.29806502 	-1.7084688e-12 	0.00063461332 	0.041232394
-0.0044744745 	0.2980649 	-1.7429998e-12 	0.0006368495 	0.041518307
-0.0044624625 	0.29806479 	-1.7775308e-12 	0.00063908568 	0.04180422
-0.0044504505 	0.29806467 	-1.8120618e-12 	0.00064132186 	0.042090133
-0.0044384384 	0.29806456 	-1.8465928e-12 	0.00064355803 	0.042376045
-0.0044264264 	0.29806444 	-1.8811238e-12 	0.00064579421 	0.042661958
-0.0044144144 	0.29806433 	-1.9156548e-12 	0.00064803039 	0.042947871
-0.0044024024 	0.29806421 	-1.9501857e-12 	0.00065026657 	0.043233784
-0.0043903904 	0.29806388 	-1.9779189e-12 	0.00065185454 	0.043523106
-0.0043783784 	0.29806333 	-1.9989635e-12 	0.00065280473 	0.043815783
-0.0043663664 	0.29806278 	-2.020008e-12 	0.00065375492 	0.044108459
-0.0043543544 	0.29806224 	-2.0410526e-12 	0.0006547051 	0.044401136
-0.0043423423 	0.29806169 	-2.0620972e-12 	0.00065565529 	0.044693812
-0.0043303303 	0.29806114 	-2.0831418e-12 	0.00065660548 	0.044986488
-0.0043183183 	0.29806059 	-2.1041863e-12 	0.00065755566 	0.045279165
-0.0043063063 	0.29806004 	-2.1252309e-12 	0.00065850585 	0.045571841
-0.0042942943 	0.2980595 	-2.1462755e-12 	0.00065945604 	0.045864518
-0.0042822823 	0.29805895 	-2.16732e-12 	0.00066040622 	0.046157194
-0.0042702703 	0.29805864 	-2.1672665e-12 	0.00066154285 	0.04643194
-0.0042582583 	0.2980585 	-2.1519718e-12 	0.00066281417 	0.046693733
-0.0042462462 	0.29805836 	-2.136677e-12 	0.00066408549 	0.046955527
-0.0042342342 	0.29805821 	-2.1213823e-12 	0.0006653568 	0.04721732
-0.0042222222 	0.29805807 	-2.1060876e-12 	0.00066662812 	0.047479113
-0.0042102102 	0.29805793 	-2.0907929e-12 	0.00066789943 	0.047740906
-0.0041981982 	0.29805779 	-2.0754982e-12 	0.00066917075 	0.0480027
-0.0041861862 	0.29805765 	-2.0602034e-12 	0.00067044206 	0.048264493
-0.0041741742 	0.29805751 	-2.0449087e-12 	0.00067171338 	0.048526286
-0.0041621622 	0.29805737 	-2.029614e-12 	0.00067298469 	0.04878808
-0.0041501502 	0.29805723 	-2.0143193e-12 	0.00067425601 	0.049049873
-0.0041381381 	0.29805709 	-1.9990246e-12 	0.00067552732 	0.049311666
-0.0041261261 	0.29805695 	-1.9837299e-12 	0.00067679864 	0.049573459
-0.0041141141 	0.29805681 	-1.9684351e-12 	0.00067806995 	0.049835253
-0.0041021021 	0.29805667 	-1.9531404e-12 	0.00067934127 	0.050097046
-0.0040900901 	0.29805652 	-1.9378457e-12 	0.00068061259 	0.050358839
-0.0040780781 	0.29805638 	-1.922551e-12 	0.0006818839 	0.050620633
-0.0040660661 	0.29805624 	-1.9072563e-12 	0.00068315522 	0.050882426
-0.0040540541 	0.2980561 	-1.8919615e-12 	0.00068442653 	0.051144219
-0.004042042 	0.29805596 	-1.8766668e-12 	0.00068569785 	0.051406012
-0.00403003 	0.29805582 	-1.8613721e-12 	0.00068696916 	0.051667806
-0.004018018 	0.29805568 	-1.8460774e-12 	0.00068824048 	0.051929599
-0.004006006 	0.29805511 	-1.8731138e-12 	0.00068823462 	0.052197358
-0.003993994 	0.29805453 	-1.9013803e-12 	0.00068819164 	0.052465291
-0.003981982 	0.29805395 	-1.9296468e-12 	0.00068814867 	0.052733224
-0.00396997 	0.29805337 	-1.9579133e-12 	0.0006881057 	0.053001156
-0.003957958 	0.29805278 	-1.9861798e-12 	0.00068806272 	0.053269089
-0.0039459459 	0.2980522 	-2.0144463e-12 	0.00068801975 	0.053537022
-0.0039339339 	0.29805162 	-2.0427128e-12 	0.00068797678 	0.053804954
-0.0039219219 	0.29805104 	-2.0709793e-12 	0.0006879338 	0.054072887
-0.0039099099 	0.29805046 	-2.0992458e-12 	0.00068789083 	0.05434082
-0.0038978979 	0.29804988 	-2.1275123e-12 	0.00068784786 	0.054608752
-0.0038858859 	0.2980493 	-2.1557788e-12 	0.00068780488 	0.054876685
-0.0038738739 	0.29804901 	-2.1663567e-12 	0.00068801717 	0.055120229
-0.0038618619 	0.29804885 	-2.1698997e-12 	0.00068833097 	0.055354074
-0.0038498498 	0.29804869 	-2.1734426e-12 	0.00068864477 	0.055587918
-0.0038378378 	0.29804853 	-2.1769856e-12 	0.00068895857 	0.055821763
-0.0038258258 	0.29804837 	-2.1805285e-12 	0.00068927237 	0.056055607
-0.0038138138 	0.29804821 	-2.1840715e-12 	0.00068958618 	0.056289452
-0.0038018018 	0.29804805 	-2.1876144e-12 	0.00068989998 	0.056523296
-0.0037897898 	0.29804788 	-2.1911574e-12 	0.00069021378 	0.056757141
-0.0037777778 	0.29804772 	-2.1947003e-12 	0.00069052758 	0.056990985
-0.0037657658 	0.29804756 	-2.1982433e-12 	0.00069084139 	0.05722483
-0.0037537538 	0.2980474 	-2.2017862e-12 	0.00069115519 	0.057458674
-0.0037417417 	0.29804724 	-2.2053292e-12 	0.00069146899 	0.057692519
-0.0037297297 	0.29804708 	-2.2088721e-12 	0.00069178279 	0.057926364
-0.0037177177 	0.29804692 	-2.2124151e-12 	0.0006920966 	0.058160208
-0.0037057057 	0.29804675 	-2.215958e-12 	0.0006924104 	0.058394053
-0.0036936937 	0.29804659 	-2.219501e-12 	0.0006927242 	0.058627897
-0.0036816817 	0.29804643 	-2.2230439e-12 	0.000693038 	0.058861742
-0.0036696697 	0.29804627 	-2.2265869e-12 	0.0006933518 	0.059095586
-0.0036576577 	0.29804611 	-2.2301298e-12 	0.00069366561 	0.059329431
-0.0036456456 	0.29804595 	-2.2336728e-12 	0.00069397941 	0.059563275
-0.0036336336 	0.29804578 	-2.2372157e-12 	0.00069429321 	0.05979712
-0.0036216216 	0.29804562 	-2.2407587e-12 	0.00069460701 	0.060030964
-0.0036096096 	0.29804546 	-2.2443016e-12 	0.00069492082 	0.060264809
-0.0035975976 	0.2980453 	-2.2478446e-12 	0.00069523462 	0.060498653
-0.0035855856 	0.29804505 	-2.2589856e-12 	0.00069524919 	0.060733511
-0.0035735736 	0.29804446 	-2.299721e-12 	0.00069409826 	0.060972315
-0.0035615616 	0.29804386 	-2.3404563e-12 	0.00069294733 	0.06121112
-0.0035495495 	0.29804327 	-2.3811917e-12 	0.00069179641 	0.061449924
-0.0035375375 	0.29804267 	-2.421927e-12 	0.00069064548 	0.061688728
-0.0035255255 	0.29804207 	-2.4626624e-12 	0.00068949455 	0.061927533
-0.0035135135 	0.29804148 	-2.5033977e-12 	0.00068834362 	0.062166337
-0.0035015015 	0.29804088 	-2.5441331e-12 	0.00068719269 	0.062405142
-0.0034894895 	0.29804029 	-2.5848684e-12 	0.00068604177 	0.062643946
-0.0034774775 	0.29803969 	-2.6256038e-12 	0.00068489084 	0.06288275
-0.0034654655 	0.2980391 	-2.6663391e-12 	0.00068373991 	0.063121555
-0.0034534535 	0.2980385 	-2.7070745e-12 	0.00068258898 	0.063360359
-0.0034414414 	0.29803791 	-2.7478098e-12 	0.00068143806 	0.063599163
-0.0034294294 	0.2980375 	-2.7849103e-12 	0.00068054918 	0.063821859
-0.0034174174 	0.29803733 	-2.8173112e-12 	0.00067999912 	0.064023727
-0.0034054054 	0.29803715 	-2.8497121e-12 	0.00067944907 	0.064225595
-0.0033933934 	0.29803698 	-2.882113e-12 	0.00067889901 	0.064427463
-0.0033813814 	0.29803681 	-2.9145138e-12 	0.00067834895 	0.064629331
-0.0033693694 	0.29803664 	-2.9469147e-12 	0.00067779889 	0.064831199
-0.0033573574 	0.29803646 	-2.9793156e-12 	0.00067724884 	0.065033067
-0.0033453453 	0.29803629 	-3.0117165e-12 	0.00067669878 	0.065234935
-0.0033333333 	0.29803612 	-3.0441173e-12 	0.00067614872 	0.065436804
-0.0033213213 	0.29803594 	-3.0765182e-12 	0.00067559866 	0.065638672
-0.0033093093 	0.29803577 	-3.1089191e-12 	0.00067504861 	0.06584054
-0.0032972973 	0.2980356 	-3.14132e-12 	0.00067449855 	0.066042408
-0.0032852853 	0.29803543 	-3.1737208e-12 	0.00067394849 	0.066244276
-0.0032732733 	0.29803525 	-3.2061217e-12 	0.00067339843 	0.066446144
-0.0032612613 	0.29803508 	-3.2385226e-12 	0.00067284838 	0.066648012
-0.0032492492 	0.29803491 	-3.2709235e-12 	0.00067229832 	0.06684988
-0.0032372372 	0.29803474 	-3.3033243e-12 	0.00067174826 	0.067051748
-0.0032252252 	0.29803456 	-3.3357252e-12 	0.0006711982 	0.067253616
-0.0032132132 	0.29803439 	-3.3681261e-12 	0.00067064815 	0.067455484
-0.0032012012 	0.29803422 	-3.400527e-12 	0.00067009809 	0.067657352
-0.0031891892 	0.29803405 	-3.4329278e-12 	0.00066954803 	0.06785922
-0.0031771772 	0.29803387 	-3.4653287e-12 	0.00066899797 	0.068061088
-0.0031651652 	0.2980337 	-3.4977296e-12 	0.00066844791 	0.068262956
-0.0031531532 	0.29803353 	-3.5301305e-12 	0.00066789786 	0.068464824
-0.0031411411 	0.29803335 	-3.5625313e-12 	0.0006673478 	0.068666692
-0.0031291291 	0.29803318 	-3.5949322e-12 	0.00066679774 	0.06886856
-0.0031171171 	0.29803301 	-3.6273331e-12 	0.00066624768 	0.069070428
-0.0031051051 	0.29803284 	-3.659734e-12 	0.00066569763 	0.069272296
-0.0030930931 	0.2980324 	-3.6865795e-12 	0.00066403386 	0.069476581
-0.0030810811 	0.29803182 	-3.7102014e-12 	0.00066172383 	0.069682269
-0.0030690691 	0.29803123 	-3.7338234e-12 	0.0006594138 	0.069887956
-0.0030570571 	0.29803065 	-3.7574453e-12 	0.00065710378 	0.070093644
-0.003045045 	0.29803006 	-3.7810672e-12 	0.00065479375 	0.070299331
-0.003033033 	0.29802948 	-3.8046892e-12 	0.00065248372 	0.070505018
-0.003021021 	0.2980289 	-3.8283111e-12 	0.0006501737 	0.070710706
-0.003009009 	0.29802831 	-3.8519331e-12 	0.00064786367 	0.070916393
-0.002996997 	0.29802773 	-3.875555e-12 	0.00064555364 	0.071122081
-0.002984985 	0.29802714 	-3.8991769e-12 	0.00064324362 	0.071327768
-0.002972973 	0.29802656 	-3.9227989e-12 	0.00064093359 	0.071533456
-0.002960961 	0.29802597 	-3.9464208e-12 	0.00063862356 	0.071739143
-0.0029489489 	0.29802539 	-3.9700427e-12 	0.00063631353 	0.07194483
-0.0029369369 	0.2980248 	-3.9936647e-12 	0.00063400351 	0.072150518
-0.0029249249 	0.29802428 	-4.0094125e-12 	0.00063183996 	0.07235022
-0.0029129129 	0.29802411 	-3.9804373e-12 	0.0006305084 	0.07251593
-0.0029009009 	0.29802394 	-3.951462e-12 	0.00062917684 	0.07268164
-0.0028888889 	0.29802377 	-3.9224867e-12 	0.00062784528 	0.07284735
-0.0028768769 	0.2980236 	-3.8935115e-12 	0.00062651371 	0.073013059
-0.0028648649 	0.29802344 	-3.8645362e-12 	0.00062518215 	0.073178769
-0.0028528529 	0.29802327 	-3.8355609e-12 	0.00062385059 	0.073344479
-0.0028408408 	0.2980231 	-3.8065856e-12 	0.00062251903 	0.073510188
-0.0028288288 	0.29802293 	-3.7776104e-12 	0.00062118746 	0.073675898
-0.0028168168 	0.29802276 	-3.7486351e-12 	0.0006198559 	0.073841608
-0.0028048048 	0.29802259 	-3.7196598e-12 	0.00061852434 	0.074007317
-0.0027927928 	0.29802242 	-3.6906845e-12 	0.00061719278 	0.074173027
-0.0027807808 	0.29802225 	-3.6617093e-12 	0.00061586121 	0.074338737
-0.0027687688 	0.29802208 	-3.632734e-12 	0.00061452965 	0.074504446
-0.0027567568 	0.29802191 	-3.6037587e-12 	0.00061319809 	0.074670156
-0.0027447447 	0.29802175 	-3.5747835e-12 	0.00061186653 	0.074835866
-0.0027327327 	0.29802158 	-3.5458082e-12 	0.00061053496 	0.075001575
-0.0027207207 	0.29802141 	-3.5168329e-12 	0.0006092034 	0.075167285
-0.0027087087 	0.29802124 	-3.4878576e-12 	0.00060787184 	0.075332995
-0.0026966967 	0.29802107 	-3.4588824e-12 	0.00060654028 	0.075498704
-0.0026846847 	0.2980209 	-3.4299071e-12 	0.00060520871 	0.075664414
-0.0026726727 	0.29802073 	-3.4009318e-12 	0.00060387715 	0.075830124
-0.0026606607 	0.29802056 	-3.3719566e-12 	0.00060254559 	0.075995834
-0.0026486486 	0.29802039 	-3.3429813e-12 	0.00060121403 	0.076161543
-0.0026366366 	0.29802023 	-3.314006e-12 	0.00059988247 	0.076327253
-0.0026246246 	0.29802006 	-3.2850307e-12 	0.0005985509 	0.076492963
-0.0026126126 	0.29801989 	-3.2560555e-12 	0.00059721934 	0.076658672
-0.0026006006 	0.29801972 	-3.2270802e-12 	0.00059588778 	0.076824382
-0.0025885886 	0.29801955 	-3.1981049e-12 	0.00059455622 	0.076990092
-0.0025765766 	0.29801938 	-3.1691296e-12 	0.00059322465 	0.077155801
-0.0025645646 	0.29801921 	-3.1401544e-12 	0.00059189309 	0.077321511
-0.0025525526 	0.29801904 	-3.1111791e-12 	0.00059056153 	0.077487221
-0.0025405405 	0.29801865 	-3.0679045e-12 	0.0005878565 	0.07765473
-0.0025285285 	0.2980181 	-3.0155664e-12 	0.0005842809 	0.077823381
-0.0025165165 	0.29801756 	-2.9632282e-12 	0.00058070531 	0.077992031
-0.0025045045 	0.29801702 	-2.9108901e-12 	0.00057712972 	0.078160682
-0.0024924925 	0.29801648 	-2.8585519e-12 	0.00057355412 	0.078329332
-0.0024804805 	0.29801594 	-2.8062138e-12 	0.00056997853 	0.078497983
-0.0024684685 	0.29801539 	-2.7538757e-12 	0.00056640293 	0.078666634
-0.0024564565 	0.29801485 	-2.7015375e-12 	0.00056282734 	0.078835284
-0.0024444444 	0.29801431 	-2.6491994e-12 	0.00055925175 	0.079003935
-0.0024324324 	0.29801377 	-2.5968613e-12 	0.00055567615 	0.079172585
-0.0024204204 	0.29801323 	-2.5445231e-12 	0.00055210056 	0.079341236
-0.0024084084 	0.29801268 	-2.492185e-12 	0.00054852496 	0.079509886
-0.0023963964 	0.29801214 	-2.4398468e-12 	0.00054494937 	0.079678537
-0.0023843844 	0.2980116 	-2.3875087e-12 	0.00054137378 	0.079847187
-0.0023723724 	0.29801106 	-2.3351706e-12 	0.00053779818 	0.080015838
-0.0023603604 	0.29801051 	-2.2828324e-12 	0.00053422259 	0.080184488
-0.0023483483 	0.29801005 	-2.2346773e-12 	0.00053099358 	0.080346387
-0.0023363363 	0.2980099 	-2.2051104e-12 	0.00052930475 	0.080478282
-0.0023243243 	0.29800975 	-2.1755436e-12 	0.00052761591 	0.080610178
-0.0023123123 	0.29800961 	-2.1459767e-12 	0.00052592708 	0.080742073
-0.0023003003 	0.29800946 	-2.1164099e-12 	0.00052423824 	0.080873968
-0.0022882883 	0.29800932 	-2.086843e-12 	0.00052254941 	0.081005863
-0.0022762763 	0.29800917 	-2.0572762e-12 	0.00052086057 	0.081137759
-0.0022642643 	0.29800902 	-2.0277093e-12 	0.00051917173 	0.081269654
-0.0022522523 	0.29800888 	-1.9981425e-12 	0.0005174829 	0.081401549
-0.0022402402 	0.29800873 	-1.9685757e-12 	0.00051579406 	0.081533444
-0.0022282282 	0.29800859 	-1.9390088e-12 	0.00051410523 	0.08166534
-0.0022162162 	0.29800844 	-1.909442e-12 	0.00051241639 	0.081797235
-0.0022042042 	0.29800829 	-1.8798751e-12 	0.00051072756 	0.08192913
-0.0021921922 	0.29800815 	-1.8503083e-12 	0.00050903872 	0.082061025
-0.0021801802 	0.298008 	-1.8207414e-12 	0.00050734989 	0.08219292
-0.0021681682 	0.29800786 	-1.7911746e-12 	0.00050566105 	0.082324816
-0.0021561562 	0.29800771 	-1.7616077e-12 	0.00050397222 	0.082456711
-0.0021441441 	0.29800757 	-1.7320409e-12 	0.00050228338 	0.082588606
-0.0021321321 	0.29800742 	-1.702474e-12 	0.00050059455 	0.082720501
-0.0021201201 	0.29800727 	-1.6729072e-12 	0.00049890571 	0.082852397
-0.0021081081 	0.29800713 	-1.6433403e-12 	0.00049721687 	0.082984292
-0.0020960961 	0.29800698 	-1.6137735e-12 	0.00049552804 	0.083116187
-0.0020840841 	0.29800684 	-1.5842066e-12 	0.0004938392 	0.083248082
-0.0020720721 	0.29800669 	-1.5546398e-12 	0.00049215037 	0.083379978
-0.0020600601 	0.29800654 	-1.525073e-12 	0.00049046153 	0.083511873
-0.002048048 	0.2980064 	-1.4955061e-12 	0.0004887727 	0.083643768
-0.002036036 	0.29800625 	-1.4659393e-12 	0.00048708386 	0.083775663
-0.002024024 	0.29800611 	-1.4363724e-12 	0.00048539503 	0.083907558
-0.002012012 	0.29800596 	-1.4068056e-12 	0.00048370619 	0.084039454
-0.002 	0.29800581 	-1.3772387e-12 	0.00048201736 	0.084171349
-0.001987988 	0.29800567 	-1.3476719e-12 	0.00048032852 	0.084303244
-0.001975976 	0.29800552 	-1.318105e-12 	0.00047863969 	0.084435139
-0.001963964 	0.29800538 	-1.2885382e-12 	0.00047695085 	0.084567035
-0.001951952 	0.29800523 	-1.2589713e-12 	0.00047526201 	0.08469893
-0.0019399399 	0.29800509 	-1.2294045e-12 	0.00047357318 	0.084830825
-0.0019279279 	0.29800494 	-1.1998376e-12 	0.00047188434 	0.08496272
-0.0019159159 	0.29800468 	-1.1636307e-12 	0.00046929207 	0.085094788
-0.0019039039 	0.29800426 	-1.117874e-12 	0.00046540048 	0.085227103
-0.0018918919 	0.29800384 	-1.0721174e-12 	0.00046150889 	0.085359417
-0.0018798799 	0.29800342 	-1.0263607e-12 	0.0004576173 	0.085491732
-0.0018678679 	0.29800299 	-9.8060404e-13 	0.00045372571 	0.085624047
-0.0018558559 	0.29800257 	-9.3484738e-13 	0.00044983413 	0.085756362
-0.0018438438 	0.29800215 	-8.8909073e-13 	0.00044594254 	0.085888677
-0.0018318318 	0.29800173 	-8.4333407e-13 	0.00044205095 	0.086020991
-0.0018198198 	0.29800131 	-7.9757741e-13 	0.00043815936 	0.086153306
-0.0018078078 	0.29800089 	-7.5182076e-13 	0.00043426778 	0.086285621
-0.0017957958 	0.29800047 	-7.060641e-13 	0.00043037619 	0.086417936
-0.0017837838 	0.29800005 	-6.6030744e-13 	0.0004264846 	0.086550251
-0.0017717718 	0.29799962 	-6.1455079e-13 	0.00042259301 	0.086682566
-0.0017597598 	0.2979992 	-5.6879413e-13 	0.00041870143 	0.08681488
-0.0017477477 	0.29799878 	-5.2303748e-13 	0.00041480984 	0.086947195
-0.0017357357 	0.29799836 	-4.7728082e-13 	0.00041091825 	0.08707951
-0.0017237237 	0.29799794 	-4.3152416e-13 	0.00040702666 	0.087211825
-0.0017117117 	0.29799752 	-3.8576751e-13 	0.00040313507 	0.08734414
-0.0016996997 	0.2979971 	-3.4001085e-13 	0.00039924349 	0.087476455
-0.0016876877 	0.29799681 	-3.2972704e-13 	0.00039540098 	0.087566976
-0.0016756757 	0.29799656 	-3.2972704e-13 	0.0003915727 	0.087645382
-0.0016636637 	0.29799632 	-3.2972704e-13 	0.00038774442 	0.087723788
-0.0016516517 	0.29799607 	-3.2972704e-13 	0.00038391615 	0.087802193
-0.0016396396 	0.29799583 	-3.2972704e-13 	0.00038008787 	0.087880599
-0.0016276276 	0.29799558 	-3.2972703e-13 	0.00037625959 	0.087959005
-0.0016156156 	0.29799533 	-3.2972703e-13 	0.00037243131 	0.088037411
-0.0016036036 	0.29799509 	-3.2972703e-13 	0.00036860304 	0.088115816
-0.0015915916 	0.29799484 	-3.2972703e-13 	0.00036477476 	0.088194222
-0.0015795796 	0.29799459 	-3.2972703e-13 	0.00036094648 	0.088272628
-0.0015675676 	0.29799435 	-3.2972703e-13 	0.0003571182 	0.088351033
-0.0015555556 	0.2979941 	-3.2972702e-13 	0.00035328992 	0.088429439
-0.0015435435 	0.29799386 	-3.2972702e-13 	0.00034946165 	0.088507845
-0.0015315315 	0.29799361 	-3.2972702e-13 	0.00034563337 	0.08858625
-0.0015195195 	0.29799336 	-3.2972702e-13 	0.00034180509 	0.088664656
-0.0015075075 	0.29799312 	-3.2972702e-13 	0.00033797681 	0.088743062
-0.0014954955 	0.29799287 	-3.2972702e-13 	0.00033414854 	0.088821468
-0.0014834835 	0.29799262 	-3.2972702e-13 	0.00033032026 	0.088899873
-0.0014714715 	0.29799238 	-3.2972701e-13 	0.00032649198 	0.088978279
-0.0014594595 	0.29799213 	-3.2972701e-13 	0.0003226637 	0.089056685
-0.0014474474 	0.29799189 	-3.2972701e-13 	0.00031883542 	0.08913509
-0.0014354354 	0.29799164 	-3.2972701e-13 	0.00031500715 	0.089213496
-0.0014234234 	0.29799139 	-3.2972701e-13 	0.00031117887 	0.089291902
-0.0014114114 	0.29799115 	-3.2972701e-13 	0.00030735059 	0.089370308
-0.0013993994 	0.29799099 	-3.2353679e-13 	0.00030471514 	0.089448161
-0.0013873874 	0.2979909 	-3.1289818e-13 	0.00030293689 	0.089525617
-0.0013753754 	0.2979908 	-3.0225957e-13 	0.00030115863 	0.089603073
-0.0013633634 	0.29799071 	-2.9162096e-13 	0.00029938037 	0.089680529
-0.0013513514 	0.29799062 	-2.8098235e-13 	0.00029760212 	0.089757985
-0.0013393393 	0.29799053 	-2.7034374e-13 	0.00029582386 	0.089835441
-0.0013273273 	0.29799043 	-2.5970513e-13 	0.0002940456 	0.089912897
-0.0013153153 	0.29799034 	-2.4906652e-13 	0.00029226734 	0.089990353
-0.0013033033 	0.29799025 	-2.3842791e-13 	0.00029048909 	0.090067809
-0.0012912913 	0.29799015 	-2.277893e-13 	0.00028871083 	0.090145265
-0.0012792793 	0.29799006 	-2.1715069e-13 	0.00028693257 	0.090222721
-0.0012672673 	0.29798997 	-2.0651208e-13 	0.00028515432 	0.090300177
-0.0012552553 	0.29798988 	-1.9587348e-13 	0.00028337606 	0.090377633
-0.0012432432 	0.29798978 	-1.8523487e-13 	0.0002815978 	0.090455089
-0.0012312312 	0.29798969 	-1.7459626e-13 	0.00027981954 	0.090532545
-0.0012192192 	0.2979896 	-1.6395765e-13 	0.00027804129 	0.090610001
-0.0012072072 	0.2979895 	-1.5331904e-13 	0.00027626303 	0.090687457
-0.0011951952 	0.29798941 	-1.4268043e-13 	0.00027448477 	0.090764913
-0.0011831832 	0.29798932 	-1.3204182e-13 	0.00027270651 	0.090842369
-0.0011711712 	0.29798923 	-1.2140321e-13 	0.00027092826 	0.090919825
-0.0011591592 	0.29798913 	-1.107646e-13 	0.00026915 	0.090997281
-0.0011471471 	0.29798904 	-1.0012599e-13 	0.00026737174 	0.091074737
-0.0011351351 	0.29798895 	-8.9487381e-14 	0.00026559349 	0.091152193
-0.0011231231 	0.29798885 	-7.8848772e-14 	0.00026381523 	0.091229649
-0.0011111111 	0.29798876 	-6.8210163e-14 	0.00026203697 	0.091307105
-0.0010990991 	0.29798867 	-5.7571553e-14 	0.00026025871 	0.091384561
-0.0010870871 	0.29798857 	-4.6932944e-14 	0.00025848046 	0.091462017
-0.0010750751 	0.29798848 	-3.6294334e-14 	0.0002567022 	0.091539473
-0.0010630631 	0.29798839 	-2.5655725e-14 	0.00025492394 	0.091616929
-0.0010510511 	0.2979883 	-1.5017116e-14 	0.00025314568 	0.091694385
-0.001039039 	0.2979882 	-4.3785062e-15 	0.00025136743 	0.091771841
-0.001027027 	0.29798811 	6.2601032e-15 	0.00024958917 	0.091849297
-0.001015015 	0.29798802 	1.6898713e-14 	0.00024781091 	0.091926753
-0.001003003 	0.29798792 	2.7537322e-14 	0.00024603266 	0.092004209
-0.00099099099 	0.29798783 	3.8175931e-14 	0.0002442544 	0.092081665
-0.00097897898 	0.29798774 	4.8814541e-14 	0.00024247614 	0.092159121
-0.00096696697 	0.29798765 	5.945315e-14 	0.00024069788 	0.092236577
-0.00095495495 	0.29798755 	7.009176e-14 	0.00023891963 	0.092314033
-0.00094294294 	0.29798746 	8.0730369e-14 	0.00023714137 	0.092391489
-0.00093093093 	0.29798737 	9.1368978e-14 	0.00023536311 	0.092468945
-0.00091891892 	0.29798727 	1.0200759e-13 	0.00023358485 	0.092546401
-0.00090690691 	0.29798718 	1.126462e-13 	0.0002318066 	0.092623857
-0.00089489489 	0.29798709 	1.2328481e-13 	0.00023002834 	0.092701313
-0.00088288288 	0.297987 	1.3392342e-13 	0.00022825008 	0.092778769
-0.00087087087 	0.2979869 	1.4456203e-13 	0.00022647183 	0.092856225
-0.00085885886 	0.29798681 	1.5520063e-13 	0.00022469357 	0.092933681
-0.00084684685 	0.29798672 	1.6437511e-13 	0.0002224942 	0.093004357
-0.00083483483 	0.29798662 	1.643751e-13 	0.00021765606 	0.093032549
-0.00082282282 	0.29798652 	1.643751e-13 	0.00021281792 	0.093060742
-0.00081081081 	0.29798642 	1.6437509e-13 	0.00020797978 	0.093088935
-0.0007987988 	0.29798632 	1.6437509e-13 	0.00020314165 	0.093117128
-0.00078678679 	0.29798623 	1.6437509e-13 	0.00019830351 	0.09314532
-0.00077477477 	0.29798613 	1.6437508e-13 	0.00019346537 	0.093173513
-0.00076276276 	0.29798603 	1.6437508e-13 	0.00018862724 	0.093201706
-0.00075075075 	0.29798593 	1.6437508e-13 	0.0001837891 	0.093229898
-0.00073873874 	0.29798583 	1.6437507e-13 	0.00017895096 	0.093258091
-0.00072672673 	0.29798573 	1.6437507e-13 	0.00017411283 	0.093286284
-0.00071471471 	0.29798564 	1.6437507e-13 	0.00016927469 	0.093314476
-0.0007027027 	0.29798554 	1.6437506e-13 	0.00016443655 	0.093342669
-0.00069069069 	0.29798544 	1.6437506e-13 	0.00015959841 	0.093370862
-0.00067867868 	0.29798534 	1.6437506e-13 	0.00015476028 	0.093399054
-0.00066666667 	0.29798524 	1.6437505e-13 	0.00014992214 	0.093427247
-0.00065465465 	0.29798515 	1.6437505e-13 	0.000145084 	0.09345544
-0.00064264264 	0.29798505 	1.6437505e-13 	0.00014024587 	0.093483632
-0.00063063063 	0.29798495 	1.6437504e-13 	0.00013540773 	0.093511825
-0.00061861862 	0.29798485 	1.6437504e-13 	0.00013056959 	0.093540018
-0.00060660661 	0.29798475 	1.6437504e-13 	0.00012573146 	0.093568211
-0.00059459459 	0.29798465 	1.6437503e-13 	0.00012089332 	0.093596403
-0.00058258258 	0.29798456 	1.6437503e-13 	0.00011605518 	0.093624596
-0.00057057057 	0.29798446 	1.6437503e-13 	0.00011121704 	0.093652789
-0.00055855856 	0.29798436 	1.6437502e-13 	0.00010637891 	0.093680981
-0.00054654655 	0.29798432 	1.6604594e-13 	0.00010395186 	0.093708949
-0.00053453453 	0.29798428 	1.6781553e-13 	0.00010166721 	0.093736903
-0.00052252252 	0.29798424 	1.6958513e-13 	9.9382552e-05 	0.093764857
-0.00051051051 	0.2979842 	1.7135472e-13 	9.7097896e-05 	0.093792811
-0.0004984985 	0.29798417 	1.7312431e-13 	9.481324e-05 	0.093820766
-0.00048648649 	0.29798413 	1.748939e-13 	9.2528583e-05 	0.09384872
-0.00047447447 	0.29798409 	1.766635e-13 	9.0243927e-05 	0.093876674
-0.00046246246 	0.29798405 	1.7843309e-13 	8.7959271e-05 	0.093904628
-0.00045045045 	0.29798401 	1.8020268e-13 	8.5674614e-05 	0.093932582
-0.00043843844 	0.29798398 	1.8197228e-13 	8.3389958e-05 	0.093960537
-0.00042642643 	0.29798394 	1.8374187e-13 	8.1105302e-05 	0.093988491
-0.00041441441 	0.2979839 	1.8551146e-13 	7.8820645e-05 	0.094016445
-0.0004024024 	0.29798386 	1.8728106e-13 	7.6535989e-05 	0.094044399
-0.00039039039 	0.29798382 	1.8905065e-13 	7.4251333e-05 	0.094072354
-0.00037837838 	0.29798379 	1.9082024e-13 	7.1966676e-05 	0.094100308
-0.00036636637 	0.29798375 	1.9258983e-13 	6.968202e-05 	0.094128262
-0.00035435435 	0.29798371 	1.9435943e-13 	6.7397364e-05 	0.094156216
-0.00034234234 	0.29798367 	1.9612902e-13 	6.5112707e-05 	0.09418417
-0.00033033033 	0.29798363 	1.9789861e-13 	6.2828051e-05 	0.094212125
-0.00031831832 	0.2979836 	1.9966821e-13 	6.0543395e-05 	0.094240079
-0.00030630631 	0.29798356 	2.014378e-13 	5.8258738e-05 	0.094268033
-0.00029429429 	0.29798352 	2.0320739e-13 	5.5974082e-05 	0.094295987
-0.00028228228 	0.29798348 	2.0497699e-13 	5.3689426e-05 	0.094323941
-0.00027027027 	0.29798344 	2.0674658e-13 	5.1404769e-05 	0.094351896
-0.00025825826 	0.29798341 	2.0851617e-13 	4.9120113e-05 	0.09437985
-0.00024624625 	0.29798337 	2.1028576e-13 	4.6835457e-05 	0.094407804
-0.00023423423 	0.29798333 	2.1205536e-13 	4.45508e-05 	0.094435758
-0.00022222222 	0.29798329 	2.1382495e-13 	4.2266144e-05 	0.094463713
-0.00021021021 	0.29798325 	2.1559454e-13 	3.9981488e-05 	0.094491667
-0.0001981982 	0.29798322 	2.1736414e-13 	3.7696831e-05 	0.094519621
-0.00018618619 	0.29798318 	2.1913373e-13 	3.5412175e-05 	0.094547575
-0.00017417417 	0.29798314 	2.2090332e-13 	3.3127519e-05 	0.094575529
-0.00016216216 	0.2979831 	2.2267292e-13 	3.0842862e-05 	0.094603484
-0.00015015015 	0.29798306 	2.2444251e-13 	2.8558206e-05 	0.094631438
-0.00013813814 	0.29798303 	2.262121e-13 	2.627355e-05 	0.094659392
-0.00012612613 	0.29798299 	2.2798169e-13 	2.3988893e-05 	0.094687346
-0.00011411411 	0.29798295 	2.2975129e-13 	2.1704237e-05 	0.0947153
-0.0001021021 	0.29798291 	2.3152088e-13 	1.9419581e-05 	0.094743255
-9.009009e-05 	0.29798287 	2.3329047e-13 	1.7134924e-05 	0.094771209
-7.8078078e-05 	0.29798284 	2.3506007e-13 	1.4850268e-05 	0.094799163
-6.6066066e-05 	0.2979828 	2.3682966e-13 	1.2565612e-05 	0.094827117
-5.4054054e-05 	0.29798276 	2.3859925e-13 	1.0280955e-05 	0.094855072
-4.2042042e-05 	0.29798272 	2.4036885e-13 	7.9962992e-06 	0.094883026
-3.003003e-05 	0.29798268 	2.4213844e-13 	5.7116428e-06 	0.09491098
-1.8018018e-05 	0.29798265 	2.4390803e-13 	3.4269865e-06 	0.094938934
-6.006006e-06 	0.29798261 	2.4567762e-13 	1.1423302e-06 	0.094966888
6.006006e-06 	0.29798264 	2.6435011e-13 	-2.4190665e-06 	0.094966769
1.8018018e-05 	0.29798274 	2.9992549e-13 	-7.2572035e-06 	0.094938576
3.003003e-05 	0.29798283 	3.3550086e-13 	-1.209534e-05 	0.094910384
4.2042042e-05 	0.29798293 	3.7107624e-13 	-1.6933477e-05 	0.094882191
5.4054054e-05 	0.29798303 	4.0665162e-13 	-2.1771614e-05 	0.094853998
6.6066066e-05 	0.29798313 	4.42227e-13 	-2.6609751e-05 	0.094825806
7.8078078e-05 	0.29798323 	4.7780237e-13 	-3.1447888e-05 	0.094797613
9.009009e-05 	0.29798333 	5.1337775e-13 	-3.6286025e-05 	0.09476942
0.0001021021 	0.29798342 	5.4895313e-13 	-4.1124162e-05 	0.094741228
0.00011411411 	0.29798352 	5.8452851e-13 	-4.5962299e-05 	0.094713035
0.00012612613 	0.29798362 	6.2010388e-13 	-5.0800436e-05 	0.094684842
0.00013813814 	0.29798372 	6.5567926e-13 	-5.5638573e-05 	0.09465665
0.00015015015 	0.29798382 	6.9125464e-13 	-6.047671e-05 	0.094628457
0.00016216216 	0.29798391 	7.2683002e-13 	-6.5314847e-05 	0.094600264
0.00017417417 	0.29798401 	7.6240539e-13 	-7.0152984e-05 	0.094572072
0.00018618619 	0.29798411 	7.9798077e-13 	-7.4991121e-05 	0.094543879
0.0001981982 	0.29798421 	8.3355615e-13 	-7.9829258e-05 	0.094515686
0.00021021021 	0.29798431 	8.6913152e-13 	-8.4667395e-05 	0.094487493
0.00022222222 	0.29798441 	9.047069e-13 	-8.9505532e-05 	0.094459301
0.00023423423 	0.2979845 	9.4028228e-13 	-9.4343669e-05 	0.094431108
0.00024624625 	0.2979846 	9.7585766e-13 	-9.9181806e-05 	0.094402915
0.00025825826 	0.2979847 	1.011433e-12 	-0.00010401994 	0.094374723
0.00027027027 	0.2979848 	1.0470084e-12 	-0.00010885808 	0.09434653
0.00028228228 	0.2979849 	1.0825838e-12 	-0.00011369622 	0.094318337
0.00029429429 	0.29798498 	1.1121345e-12 	-0.00011775142 	0.094290218
0.00030630631 	0.29798501 	1.1280609e-12 	-0.00012003608 	0.094262264
0.00031831832 	0.29798505 	1.1439872e-12 	-0.00012232074 	0.094234309
0.00033033033 	0.29798509 	1.1599136e-12 	-0.00012460539 	0.094206355
0.00034234234 	0.29798513 	1.1758399e-12 	-0.00012689005 	0.094178401
0.00035435435 	0.29798517 	1.1917663e-12 	-0.0001291747 	0.094150447
0.00036636637 	0.2979852 	1.2076926e-12 	-0.00013145936 	0.094122492
0.00037837838 	0.29798524 	1.223619e-12 	-0.00013374402 	0.094094538
0.00039039039 	0.29798528 	1.2395453e-12 	-0.00013602867 	0.094066584
0.0004024024 	0.29798532 	1.2554717e-12 	-0.00013831333 	0.09403863
0.00041441441 	0.29798536 	1.2713981e-12 	-0.00014059799 	0.094010676
0.00042642643 	0.29798539 	1.2873244e-12 	-0.00014288264 	0.093982721
0.00043843844 	0.29798543 	1.3032508e-12 	-0.0001451673 	0.093954767
0.00045045045 	0.29798547 	1.3191771e-12 	-0.00014745196 	0.093926813
0.00046246246 	0.29798551 	1.3351035e-12 	-0.00014973661 	0.093898859
0.00047447447 	0.29798555 	1.3510298e-12 	-0.00015202127 	0.093870905
0.00048648649 	0.29798558 	1.3669562e-12 	-0.00015430592 	0.09384295
0.0004984985 	0.29798562 	1.3828825e-12 	-0.00015659058 	0.093814996
0.00051051051 	0.29798566 	1.3988089e-12 	-0.00015887524 	0.093787042
0.00052252252 	0.2979857 	1.4147352e-12 	-0.00016115989 	0.093759088
0.00053453453 	0.29798574 	1.4306616e-12 	-0.00016344455 	0.093731133
0.00054654655 	0.29798577 	1.446588e-12 	-0.00016572921 	0.093703179
0.00055855856 	0.29798581 	1.4625143e-12 	-0.00016801386 	0.093675225
0.00057057057 	0.29798585 	1.4784407e-12 	-0.00017029852 	0.093647271
0.00058258258 	0.29798589 	1.494367e-12 	-0.00017258317 	0.093619317
0.00059459459 	0.29798593 	1.5102934e-12 	-0.00017486783 	0.093591362
0.00060660661 	0.29798596 	1.5262197e-12 	-0.00017715249 	0.093563408
0.00061861862 	0.297986 	1.5421461e-12 	-0.00017943714 	0.093535454
0.00063063063 	0.29798604 	1.5580724e-12 	-0.0001817218 	0.0935075
0.00064264264 	0.29798608 	1.5739988e-12 	-0.00018400646 	0.093479546
0.00065465465 	0.29798612 	1.5899251e-12 	-0.00018629111 	0.093451591
0.00066666667 	0.29798615 	1.6058515e-12 	-0.00018857577 	0.093423637
0.00067867868 	0.29798619 	1.6217779e-12 	-0.00019086043 	0.093395683
0.00069069069 	0.29798623 	1.6377042e-12 	-0.00019314508 	0.093367729
0.0007027027 	0.29798627 	1.6536306e-12 	-0.00019542974 	0.093339774
0.00071471471 	0.29798631 	1.6695569e-12 	-0.00019771439 	0.09331182
0.00072672673 	0.29798634 	1.6854833e-12 	-0.00019999905 	0.093283866
0.00073873874 	0.29798638 	1.7014096e-12 	-0.00020228371 	0.093255912
0.00075075075 	0.29798642 	1.717336e-12 	-0.00020456836 	0.093227958
0.00076276276 	0.29798646 	1.7332623e-12 	-0.00020685302 	0.093200003
0.00077477477 	0.2979865 	1.7491887e-12 	-0.00020913768 	0.093172049
0.00078678679 	0.29798653 	1.765115e-12 	-0.00021142233 	0.093144095
0.0007987988 	0.29798657 	1.7810414e-12 	-0.00021370699 	0.093116141
0.00081081081 	0.29798661 	1.7969678e-12 	-0.00021599164 	0.093088187
0.00082282282 	0.29798665 	1.8128941e-12 	-0.0002182763 	0.093060232
0.00083483483 	0.29798669 	1.8288205e-12 	-0.00022056096 	0.093032278
0.00084684685 	0.29798672 	1.8447468e-12 	-0.00022284561 	0.093004324
0.00085885886 	0.29798694 	1.8654515e-12 	-0.00022646145 	0.092932862
0.00087087087 	0.29798719 	1.8869187e-12 	-0.00023028973 	0.092854456
0.00088288288 	0.29798743 	1.9083859e-12 	-0.00023411801 	0.09277605
0.00089489489 	0.29798768 	1.9298531e-12 	-0.00023794628 	0.092697645
0.00090690691 	0.29798793 	1.9513203e-12 	-0.00024177456 	0.092619239
0.00091891892 	0.29798817 	1.9727875e-12 	-0.00024560284 	0.092540833
0.00093093093 	0.29798842 	1.9942547e-12 	-0.00024943112 	0.092462427
0.00094294294 	0.29798867 	2.0157219e-12 	-0.0002532594 	0.092384022
0.00095495495 	0.29798891 	2.0371891e-12 	-0.00025708767 	0.092305616
0.00096696697 	0.29798916 	2.0586563e-12 	-0.00026091595 	0.09222721
0.00097897898 	0.2979894 	2.0801235e-12 	-0.00026474423 	0.092148805
0.00099099099 	0.29798965 	2.1015907e-12 	-0.00026857251 	0.092070399
0.001003003 	0.2979899 	2.1230579e-12 	-0.00027240078 	0.091991993
0.001015015 	0.29799014 	2.1445251e-12 	-0.00027622906 	0.091913587
0.001027027 	0.29799039 	2.1659923e-12 	-0.00028005734 	0.091835182
0.001039039 	0.29799063 	2.1874595e-12 	-0.00028388562 	0.091756776
0.0010510511 	0.29799088 	2.2089267e-12 	-0.0002877139 	0.09167837
0.0010630631 	0.29799113 	2.2303939e-12 	-0.00029154217 	0.091599965
0.0010750751 	0.29799137 	2.2518611e-12 	-0.00029537045 	0.091521559
0.0010870871 	0.29799162 	2.2733283e-12 	-0.00029919873 	0.091443153
0.0010990991 	0.29799187 	2.2947955e-12 	-0.00030302701 	0.091364748
0.0011111111 	0.29799211 	2.3162627e-12 	-0.00030685528 	0.091286342
0.0011231231 	0.29799236 	2.3377299e-12 	-0.00031068356 	0.091207936
0.0011351351 	0.2979926 	2.3591971e-12 	-0.00031451184 	0.09112953
0.0011471471 	0.29799275 	2.3697912e-12 	-0.00031696868 	0.09105176
0.0011591592 	0.29799284 	2.3750053e-12 	-0.00031874693 	0.090974304
0.0011711712 	0.29799293 	2.3802195e-12 	-0.00032052519 	0.090896848
0.0011831832 	0.29799303 	2.3854336e-12 	-0.00032230345 	0.090819392
0.0011951952 	0.29799312 	2.3906477e-12 	-0.00032408171 	0.090741936
0.0012072072 	0.29799321 	2.3958619e-12 	-0.00032585996 	0.09066448
0.0012192192 	0.29799331 	2.401076e-12 	-0.00032763822 	0.090587024
0.0012312312 	0.2979934 	2.4062901e-12 	-0.00032941648 	0.090509568
0.0012432432 	0.29799349 	2.4115042e-12 	-0.00033119474 	0.090432112
0.0012552553 	0.29799358 	2.4167184e-12 	-0.00033297299 	0.090354656
0.0012672673 	0.29799368 	2.4219325e-12 	-0.00033475125 	0.0902772
0.0012792793 	0.29799377 	2.4271466e-12 	-0.00033652951 	0.090199744
0.0012912913 	0.29799386 	2.4323608e-12 	-0.00033830776 	0.090122288
0.0013033033 	0.29799396 	2.4375749e-12 	-0.00034008602 	0.090044832
0.0013153153 	0.29799405 	2.442789e-12 	-0.00034186428 	0.089967376
0.0013273273 	0.29799414 	2.4480032e-12 	-0.00034364254 	0.08988992
0.0013393393 	0.29799423 	2.4532173e-12 	-0.00034542079 	0.089812464
0.0013513514 	0.29799433 	2.4584314e-12 	-0.00034719905 	0.089735008
0.0013633634 	0.29799442 	2.4636456e-12 	-0.00034897731 	0.089657552
0.0013753754 	0.29799451 	2.4688597e-12 	-0.00035075557 	0.089580096
0.0013873874 	0.29799461 	2.4740738e-12 	-0.00035253382 	0.08950264
0.0013993994 	0.2979947 	2.479288e-12 	-0.00035431208 	0.089425184
0.0014114114 	0.29799479 	2.4845021e-12 	-0.00035609034 	0.089347728
0.0014234234 	0.29799488 	2.4897162e-12 	-0.00035786859 	0.089270272
0.0014354354 	0.29799498 	2.4949304e-12 	-0.00035964685 	0.089192816
0.0014474474 	0.29799507 	2.5001445e-12 	-0.00036142511 	0.08911536
0.0014594595 	0.29799516 	2.5053586e-12 	-0.00036320337 	0.089037904
0.0014714715 	0.29799526 	2.5105727e-12 	-0.00036498162 	0.088960448
0.0014834835 	0.29799535 	2.5157869e-12 	-0.00036675988 	0.088882992
0.0014954955 	0.29799544 	2.521001e-12 	-0.00036853814 	0.088805536
0.0015075075 	0.29799553 	2.5262151e-12 	-0.0003703164 	0.08872808
0.0015195195 	0.29799563 	2.5314293e-12 	-0.00037209465 	0.088650624
0.0015315315 	0.29799572 	2.5366434e-12 	-0.00037387291 	0.088573168
0.0015435435 	0.29799581 	2.5418575e-12 	-0.00037565117 	0.088495712
0.0015555556 	0.29799591 	2.5470717e-12 	-0.00037742942 	0.088418256
0.0015675676 	0.297996 	2.5522858e-12 	-0.00037920768 	0.0883408
0.0015795796 	0.29799609 	2.5574999e-12 	-0.00038098594 	0.088263344
0.0015915916 	0.29799619 	2.5627141e-12 	-0.0003827642 	0.088185888
0.0016036036 	0.29799628 	2.5679282e-12 	-0.00038454245 	0.088108432
0.0016156156 	0.29799637 	2.5731423e-12 	-0.00038632071 	0.088030976
0.0016276276 	0.29799646 	2.5783565e-12 	-0.00038809897 	0.08795352
0.0016396396 	0.29799656 	2.5835706e-12 	-0.00038987722 	0.087876064
0.0016516517 	0.29799665 	2.5887847e-12 	-0.00039165548 	0.087798608
0.0016636637 	0.29799674 	2.5939988e-12 	-0.00039343374 	0.087721152
0.0016756757 	0.29799684 	2.599213e-12 	-0.000395212 	0.087643696
0.0016876877 	0.29799693 	2.6044271e-12 	-0.00039699025 	0.08756624
0.0016996997 	0.2979971 	2.6084532e-12 	-0.00039924348 	0.087476455
0.0017117117 	0.29799752 	2.6083815e-12 	-0.00040313507 	0.08734414
0.0017237237 	0.29799794 	2.6083097e-12 	-0.00040702666 	0.087211825
0.0017357357 	0.29799836 	2.6082379e-12 	-0.00041091825 	0.08707951
0.0017477477 	0.29799878 	2.6081662e-12 	-0.00041480983 	0.086947195
0.0017597598 	0.2979992 	2.6080944e-12 	-0.00041870142 	0.08681488
0.0017717718 	0.29799962 	2.6080227e-12 	-0.00042259301 	0.086682566
0.0017837838 	0.29800005 	2.6079509e-12 	-0.0004264846 	0.086550251
0.0017957958 	0.29800047 	2.6078791e-12 	-0.00043037618 	0.086417936
0.0018078078 	0.29800089 	2.6078074e-12 	-0.00043426777 	0.086285621
0.0018198198 	0.29800131 	2.6077356e-12 	-0.00043815936 	0.086153306
0.0018318318 	0.29800173 	2.6076638e-12 	-0.00044205095 	0.086020991
0.0018438438 	0.29800215 	2.6075921e-12 	-0.00044594254 	0.085888677
0.0018558559 	0.29800257 	2.6075203e-12 	-0.00044983412 	0.085756362
0.0018678679 	0.29800299 	2.6074486e-12 	-0.00045372571 	0.085624047
0.0018798799 	0.29800342 	2.6073768e-12 	-0.0004576173 	0.085491732
0.0018918919 	0.29800384 	2.607305e-12 	-0.00046150889 	0.085359417
0.0019039039 	0.29800426 	2.6072333e-12 	-0.00046540047 	0.085227103
0.0019159159 	0.29800468 	2.6071615e-12 	-0.00046929206 	0.085094788
0.0019279279 	0.29800494 	2.6110947e-12 	-0.00047188434 	0.08496272
0.0019399399 	0.29800509 	2.6178126e-12 	-0.00047357318 	0.084830825
0.001951952 	0.29800523 	2.6245305e-12 	-0.00047526201 	0.08469893
0.001963964 	0.29800538 	2.6312484e-12 	-0.00047695085 	0.084567035
0.001975976 	0.29800552 	2.6379663e-12 	-0.00047863968 	0.084435139
0.001987988 	0.29800567 	2.6446842e-12 	-0.00048032852 	0.084303244
0.002 	0.29800581 	2.651402e-12 	-0.00048201735 	0.084171349
0.002012012 	0.29800596 	2.6581199e-12 	-0.00048370619 	0.084039454
0.002024024 	0.29800611 	2.6648378e-12 	-0.00048539502 	0.083907558
0.002036036 	0.29800625 	2.6715557e-12 	-0.00048708386 	0.083775663
0.002048048 	0.2980064 	2.6782736e-12 	-0.00048877269 	0.083643768
0.0020600601 	0.29800654 	2.6849915e-12 	-0.00049046153 	0.083511873
0.0020720721 	0.29800669 	2.6917094e-12 	-0.00049215036 	0.083379978
0.0020840841 	0.29800684 	2.6984273e-12 	-0.0004938392 	0.083248082
0.0020960961 	0.29800698 	2.7051452e-12 	-0.00049552804 	0.083116187
0.0021081081 	0.29800713 	2.7118631e-12 	-0.00049721687 	0.082984292
0.0021201201 	0.29800727 	2.718581e-12 	-0.00049890571 	0.082852397
0.0021321321 	0.29800742 	2.7252989e-12 	-0.00050059454 	0.082720501
0.0021441441 	0.29800757 	2.7320168e-12 	-0.00050228338 	0.082588606
0.0021561562 	0.29800771 	2.7387347e-12 	-0.00050397221 	0.082456711
0.0021681682 	0.29800786 	2.7454526e-12 	-0.00050566105 	0.082324816
0.0021801802 	0.298008 	2.7521705e-12 	-0.00050734988 	0.08219292
0.0021921922 	0.29800815 	2.7588884e-12 	-0.00050903872 	0.082061025
0.0022042042 	0.29800829 	2.7656063e-12 	-0.00051072755 	0.08192913
0.0022162162 	0.29800844 	2.7723242e-12 	-0.00051241639 	0.081797235
0.0022282282 	0.29800859 	2.779042e-12 	-0.00051410522 	0.08166534
0.0022402402 	0.29800873 	2.7857599e-12 	-0.00051579406 	0.081533444
0.0022522523 	0.29800888 	2.7924778e-12 	-0.0005174829 	0.081401549
0.0022642643 	0.29800902 	2.7991957e-12 	-0.00051917173 	0.081269654
0.0022762763 	0.29800917 	2.8059136e-12 	-0.00052086057 	0.081137759
0.0022882883 	0.29800932 	2.8126315e-12 	-0.0005225494 	0.081005863
0.0023003003 	0.29800946 	2.8193494e-12 	-0.00052423824 	0.080873968
0.0023123123 	0.29800961 	2.8260673e-12 	-0.00052592707 	0.080742073
0.0023243243 	0.29800975 	2.8327852e-12 	-0.00052761591 	0.080610178
0.0023363363 	0.2980099 	2.8395031e-12 	-0.00052930474 	0.080478282
0.0023483483 	0.29801005 	2.846221e-12 	-0.00053099358 	0.080346387
0.0023603604 	0.29801051 	2.8546733e-12 	-0.00053422258 	0.080184488
0.0023723724 	0.29801106 	2.863516e-12 	-0.00053779818 	0.080015838
0.0023843844 	0.2980116 	2.8723586e-12 	-0.00054137377 	0.079847187
0.0023963964 	0.29801214 	2.8812012e-12 	-0.00054494937 	0.079678537
0.0024084084 	0.29801268 	2.8900439e-12 	-0.00054852496 	0.079509886
0.0024204204 	0.29801323 	2.8988865e-12 	-0.00055210055 	0.079341236
0.0024324324 	0.29801377 	2.9077292e-12 	-0.00055567615 	0.079172585
0.0024444444 	0.29801431 	2.9165718e-12 	-0.00055925174 	0.079003935
0.0024564565 	0.29801485 	2.9254144e-12 	-0.00056282734 	0.078835284
0.0024684685 	0.29801539 	2.9342571e-12 	-0.00056640293 	0.078666634
0.0024804805 	0.29801594 	2.9430997e-12 	-0.00056997852 	0.078497983
0.0024924925 	0.29801648 	2.9519424e-12 	-0.00057355412 	0.078329332
0.0025045045 	0.29801702 	2.960785e-12 	-0.00057712971 	0.078160682
0.0025165165 	0.29801756 	2.9696277e-12 	-0.00058070531 	0.077992031
0.0025285285 	0.2980181 	2.9784703e-12 	-0.0005842809 	0.077823381
0.0025405405 	0.29801865 	2.9873129e-12 	-0.00058785649 	0.07765473
0.0025525526 	0.29801904 	3.0150334e-12 	-0.00059056153 	0.077487221
0.0025645646 	0.29801921 	3.0725369e-12 	-0.00059189309 	0.077321511
0.0025765766 	0.29801938 	3.1300404e-12 	-0.00059322465 	0.077155801
0.0025885886 	0.29801955 	3.1875439e-12 	-0.00059455621 	0.076990092
0.0026006006 	0.29801972 	3.2450474e-12 	-0.00059588777 	0.076824382
0.0026126126 	0.29801989 	3.302551e-12 	-0.00059721934 	0.076658672
0.0026246246 	0.29802006 	3.3600545e-12 	-0.0005985509 	0.076492963
0.0026366366 	0.29802023 	3.417558e-12 	-0.00059988246 	0.076327253
0.0026486486 	0.29802039 	3.4750615e-12 	-0.00060121402 	0.076161543
0.0026606607 	0.29802056 	3.532565e-12 	-0.00060254559 	0.075995834
0.0026726727 	0.29802073 	3.5900685e-12 	-0.00060387715 	0.075830124
0.0026846847 	0.2980209 	3.6475721e-12 	-0.00060520871 	0.075664414
0.0026966967 	0.29802107 	3.7050756e-12 	-0.00060654027 	0.075498704
0.0027087087 	0.29802124 	3.7625791e-12 	-0.00060787184 	0.075332995
0.0027207207 	0.29802141 	3.8200826e-12 	-0.0006092034 	0.075167285
0.0027327327 	0.29802158 	3.8775861e-12 	-0.00061053496 	0.075001575
0.0027447447 	0.29802175 	3.9350897e-12 	-0.00061186652 	0.074835866
0.0027567568 	0.29802191 	3.9925932e-12 	-0.00061319809 	0.074670156
0.0027687688 	0.29802208 	4.0500967e-12 	-0.00061452965 	0.074504446
0.0027807808 	0.29802225 	4.1076002e-12 	-0.00061586121 	0.074338737
0.0027927928 	0.29802242 	4.1651037e-12 	-0.00061719277 	0.074173027
0.0028048048 	0.29802259 	4.2226072e-12 	-0.00061852433 	0.074007317
0.0028168168 	0.29802276 	4.2801108e-12 	-0.0006198559 	0.073841608
0.0028288288 	0.29802293 	4.3376143e-12 	-0.00062118746 	0.073675898
0.0028408408 	0.2980231 	4.3951178e-12 	-0.00062251902 	0.073510188
0.0028528529 	0.29802327 	4.4526213e-12 	-0.00062385058 	0.073344479
0.0028648649 	0.29802344 	4.5101248e-12 	-0.00062518215 	0.073178769
0.0028768769 	0.2980236 	4.5676283e-12 	-0.00062651371 	0.073013059
0.0028888889 	0.29802377 	4.6251319e-12 	-0.00062784527 	0.07284735
0.0029009009 	0.29802394 	4.6826354e-12 	-0.00062917683 	0.07268164
0.0029129129 	0.29802411 	4.7401389e-12 	-0.0006305084 	0.07251593
0.0029249249 	0.29802428 	4.7976424e-12 	-0.00063183996 	0.07235022
0.0029369369 	0.2980248 	4.8077308e-12 	-0.0006340035 	0.072150518
0.0029489489 	0.29802539 	4.8094711e-12 	-0.00063631353 	0.07194483
0.002960961 	0.29802597 	4.8112114e-12 	-0.00063862356 	0.071739143
0.002972973 	0.29802656 	4.8129516e-12 	-0.00064093358 	0.071533456
0.002984985 	0.29802714 	4.8146919e-12 	-0.00064324361 	0.071327768
0.002996997 	0.29802773 	4.8164322e-12 	-0.00064555364 	0.071122081
0.003009009 	0.29802831 	4.8181725e-12 	-0.00064786366 	0.070916393
0.003021021 	0.2980289 	4.8199128e-12 	-0.00065017369 	0.070710706
0.003033033 	0.29802948 	4.8216531e-12 	-0.00065248372 	0.070505018
0.003045045 	0.29803006 	4.8233934e-12 	-0.00065479375 	0.070299331
0.0030570571 	0.29803065 	4.8251337e-12 	-0.00065710377 	0.070093644
0.0030690691 	0.29803123 	4.826874e-12 	-0.0006594138 	0.069887956
0.0030810811 	0.29803182 	4.8286143e-12 	-0.00066172383 	0.069682269
0.0030930931 	0.2980324 	4.8303546e-12 	-0.00066403385 	0.069476581
0.0031051051 	0.29803284 	4.8304819e-12 	-0.00066569762 	0.069272296
0.0031171171 	0.29803301 	4.8278297e-12 	-0.00066624768 	0.069070428
0.0031291291 	0.29803318 	4.8251774e-12 	-0.00066679774 	0.06886856
0.0031411411 	0.29803335 	4.8225251e-12 	-0.0006673478 	0.068666692
0.0031531532 	0.29803353 	4.8198729e-12 	-0.00066789785 	0.068464824
0.0031651652 	0.2980337 	4.8172206e-12 	-0.00066844791 	0.068262956
0.0031771772 	0.29803387 	4.8145683e-12 	-0.00066899797 	0.068061088
0.0031891892 	0.29803405 	4.8119161e-12 	-0.00066954803 	0.06785922
0.0032012012 	0.29803422 	4.8092638e-12 	-0.00067009808 	0.067657352
0.0032132132 	0.29803439 	4.8066115e-12 	-0.00067064814 	0.067455484
0.0032252252 	0.29803456 	4.8039593e-12 	-0.0006711982 	0.067253616
0.0032372372 	0.29803474 	4.801307e-12 	-0.00067174826 	0.067051748
0.0032492492 	0.29803491 	4.7986547e-12 	-0.00067229831 	0.06684988
0.0032612613 	0.29803508 	4.7960025e-12 	-0.00067284837 	0.066648012
0.0032732733 	0.29803525 	4.7933502e-12 	-0.00067339843 	0.066446144
0.0032852853 	0.29803543 	4.7906979e-12 	-0.00067394849 	0.066244276
0.0032972973 	0.2980356 	4.7880457e-12 	-0.00067449854 	0.066042408
0.0033093093 	0.29803577 	4.7853934e-12 	-0.0006750486 	0.06584054
0.0033213213 	0.29803594 	4.7827411e-12 	-0.00067559866 	0.065638672
0.0033333333 	0.29803612 	4.7800889e-12 	-0.00067614872 	0.065436804
0.0033453453 	0.29803629 	4.7774366e-12 	-0.00067669877 	0.065234935
0.0033573574 	0.29803646 	4.7747843e-12 	-0.00067724883 	0.065033067
0.0033693694 	0.29803664 	4.7721321e-12 	-0.00067779889 	0.064831199
0.0033813814 	0.29803681 	4.7694798e-12 	-0.00067834895 	0.064629331
0.0033933934 	0.29803698 	4.7668275e-12 	-0.000678899 	0.064427463
0.0034054054 	0.29803715 	4.7641753e-12 	-0.00067944906 	0.064225595
0.0034174174 	0.29803733 	4.761523e-12 	-0.00067999912 	0.064023727
0.0034294294 	0.2980375 	4.7588707e-12 	-0.00068054918 	0.063821859
0.0034414414 	0.29803791 	4.7423038e-12 	-0.00068143805 	0.063599163
0.0034534535 	0.2980385 	4.7149749e-12 	-0.00068258898 	0.063360359
0.0034654655 	0.2980391 	4.6876461e-12 	-0.00068373991 	0.063121555
0.0034774775 	0.29803969 	4.6603172e-12 	-0.00068489084 	0.06288275
0.0034894895 	0.29804029 	4.6329883e-12 	-0.00068604176 	0.062643946
0.0035015015 	0.29804088 	4.6056594e-12 	-0.00068719269 	0.062405142
0.0035135135 	0.29804148 	4.5783306e-12 	-0.00068834362 	0.062166337
0.0035255255 	0.29804207 	4.5510017e-12 	-0.00068949455 	0.061927533
0.0035375375 	0.29804267 	4.5236728e-12 	-0.00069064547 	0.061688728
0.0035495495 	0.29804327 	4.4963439e-12 	-0.0006917964 	0.061449924
0.0035615616 	0.29804386 	4.4690151e-12 	-0.00069294733 	0.06121112
0.0035735736 	0.29804446 	4.4416862e-12 	-0.00069409826 	0.060972315
0.0035855856 	0.29804505 	4.4143573e-12 	-0.00069524918 	0.060733511
0.0035975976 	0.2980453 	4.3793214e-12 	-0.00069523461 	0.060498653
0.0036096096 	0.29804546 	4.3423067e-12 	-0.00069492081 	0.060264809
0.0036216216 	0.29804562 	4.305292e-12 	-0.00069460701 	0.060030964
0.0036336336 	0.29804578 	4.2682773e-12 	-0.00069429321 	0.05979712
0.0036456456 	0.29804595 	4.2312626e-12 	-0.0006939794 	0.059563275
0.0036576577 	0.29804611 	4.1942479e-12 	-0.0006936656 	0.059329431
0.0036696697 	0.29804627 	4.1572332e-12 	-0.0006933518 	0.059095586
0.0036816817 	0.29804643 	4.1202185e-12 	-0.000693038 	0.058861742
0.0036936937 	0.29804659 	4.0832038e-12 	-0.0006927242 	0.058627897
0.0037057057 	0.29804675 	4.0461891e-12 	-0.00069241039 	0.058394053
0.0037177177 	0.29804692 	4.0091744e-12 	-0.00069209659 	0.058160208
0.0037297297 	0.29804708 	3.9721597e-12 	-0.00069178279 	0.057926364
0.0037417417 	0.29804724 	3.935145e-12 	-0.00069146899 	0.057692519
0.0037537538 	0.2980474 	3.8981303e-12 	-0.00069115518 	0.057458674
0.0037657658 	0.29804756 	3.8611156e-12 	-0.00069084138 	0.05722483
0.0037777778 	0.29804772 	3.8241009e-12 	-0.00069052758 	0.056990985
0.0037897898 	0.29804788 	3.7870862e-12 	-0.00069021378 	0.056757141
0.0038018018 	0.29804805 	3.7500715e-12 	-0.00068989998 	0.056523296
0.0038138138 	0.29804821 	3.7130568e-12 	-0.00068958617 	0.056289452
0.0038258258 	0.29804837 	3.6760421e-12 	-0.00068927237 	0.056055607
0.0038378378 	0.29804853 	3.6390274e-12 	-0.00068895857 	0.055821763
0.0038498498 	0.29804869 	3.6020127e-12 	-0.00068864477 	0.055587918
0.0038618619 	0.29804885 	3.564998e-12 	-0.00068833096 	0.055354074
0.0038738739 	0.29804901 	3.5279833e-12 	-0.00068801716 	0.055120229
0.0038858859 	0.2980493 	3.5019013e-12 	-0.00068780488 	0.054876685
0.0038978979 	0.29804988 	3.5033084e-12 	-0.00068784785 	0.054608752
0.0039099099 	0.29805046 	3.5047155e-12 	-0.00068789083 	0.05434082
0.0039219219 	0.29805104 	3.5061226e-12 	-0.0006879338 	0.054072887
0.0039339339 	0.29805162 	3.5075296e-12 	-0.00068797677 	0.053804954
0.0039459459 	0.2980522 	3.5089367e-12 	-0.00068801975 	0.053537022
0.003957958 	0.29805278 	3.5103438e-12 	-0.00068806272 	0.053269089
0.00396997 	0.29805337 	3.5117509e-12 	-0.00068810569 	0.053001156
0.003981982 	0.29805395 	3.5131579e-12 	-0.00068814867 	0.052733224
0.003993994 	0.29805453 	3.514565e-12 	-0.00068819164 	0.052465291
0.004006006 	0.29805511 	3.5159721e-12 	-0.00068823461 	0.052197358
0.004018018 	0.29805568 	3.5171248e-12 	-0.00068824047 	0.051929599
0.00403003 	0.29805582 	3.5095227e-12 	-0.00068696916 	0.051667806
0.004042042 	0.29805596 	3.5019206e-12 	-0.00068569784 	0.051406012
0.0040540541 	0.2980561 	3.4943185e-12 	-0.00068442653 	0.051144219
0.0040660661 	0.29805624 	3.4867163e-12 	-0.00068315521 	0.050882426
0.0040780781 	0.29805638 	3.4791142e-12 	-0.0006818839 	0.050620633
0.0040900901 	0.29805652 	3.4715121e-12 	-0.00068061258 	0.050358839
0.0041021021 	0.29805667 	3.46391e-12 	-0.00067934127 	0.050097046
0.0041141141 	0.29805681 	3.4563079e-12 	-0.00067806995 	0.049835253
0.0041261261 	0.29805695 	3.4487058e-12 	-0.00067679864 	0.049573459
0.0041381381 	0.29805709 	3.4411037e-12 	-0.00067552732 	0.049311666
0.0041501502 	0.29805723 	3.4335016e-12 	-0.00067425601 	0.049049873
0.0041621622 	0.29805737 	3.4258995e-12 	-0.00067298469 	0.04878808
0.0041741742 	0.29805751 	3.4182974e-12 	-0.00067171338 	0.048526286
0.0041861862 	0.29805765 	3.4106953e-12 	-0.00067044206 	0.048264493
0.0041981982 	0.29805779 	3.4030932e-12 	-0.00066917074 	0.0480027
0.0042102102 	0.29805793 	3.3954911e-12 	-0.00066789943 	0.047740906
0.0042222222 	0.29805807 	3.387889e-12 	-0.00066662811 	0.047479113
0.0042342342 	0.29805821 	3.3802869e-12 	-0.0006653568 	0.04721732
0.0042462462 	0.29805836 	3.3726848e-12 	-0.00066408548 	0.046955527
0.0042582583 	0.2980585 	3.3650827e-12 	-0.00066281417 	0.046693733
0.0042702703 	0.29805864 	3.3574806e-12 	-0.00066154285 	0.04643194
0.0042822823 	0.29805895 	3.3952587e-12 	-0.00066040622 	0.046157194
0.0042942943 	0.2980595 	3.4958561e-12 	-0.00065945603 	0.045864518
0.0043063063 	0.29806004 	3.5964535e-12 	-0.00065850585 	0.045571841
0.0043183183 	0.29806059 	3.6970509e-12 	-0.00065755566 	0.045279165
0.0043303303 	0.29806114 	3.7976483e-12 	-0.00065660547 	0.044986488
0.0043423423 	0.29806169 	3.8982457e-12 	-0.00065565528 	0.044693812
0.0043543544 	0.29806224 	3.9988432e-12 	-0.00065470509 	0.044401136
0.0043663664 	0.29806278 	4.0994406e-12 	-0.00065375491 	0.044108459
0.0043783784 	0.29806333 	4.200038e-12 	-0.00065280472 	0.043815783
0.0043903904 	0.29806388 	4.3006354e-12 	-0.00065185453 	0.043523106
0.0044024024 	0.29806421 	4.3449198e-12 	-0.00065026656 	0.043233784
0.0044144144 	0.29806433 	4.3319713e-12 	-0.00064803038 	0.042947871
0.0044264264 	0.29806444 	4.3190227e-12 	-0.0006457942 	0.042661958
0.0044384384 	0.29806456 	4.3060742e-12 	-0.00064355802 	0.042376045
0.0044504505 	0.29806467 	4.2931257e-12 	-0.00064132184 	0.042090133
0.0044624625 	0.29806479 	4.2801771e-12 	-0.00063908566 	0.04180422
0.0044744745 	0.2980649 	4.2672286e-12 	-0.00063684949 	0.041518307
0.0044864865 	0.29806502 	4.2542801e-12 	-0.00063461331 	0.041232394
0.0044984985 	0.29806513 	4.2413315e-12 	-0.00063237713 	0.040946481
0.0045105105 	0.29806525 	4.228383e-12 	-0.00063014095 	0.040660568
0.0045225225 	0.29806536 	4.2154344e-12 	-0.00062790477 	0.040374655
0.0045345345 	0.29806547 	4.2024859e-12 	-0.00062566859 	0.040088742
0.0045465465 	0.29806559 	4.1895374e-12 	-0.00062343241 	0.039802829
0.0045585586 	0.2980657 	4.1765888e-12 	-0.00062119623 	0.039516916
0.0045705706 	0.29806582 	4.1636403e-12 	-0.00061896006 	0.039231003
0.0045825826 	0.29806593 	4.1506918e-12 	-0.00061672388 	0.03894509
0.0045945946 	0.29806605 	4.1377432e-12 	-0.0006144877 	0.038659177
0.0046066066 	0.29806616 	4.1247947e-12 	-0.00061225152 	0.038373265
0.0046186186 	0.29806628 	4.1118461e-12 	-0.00061001534 	0.038087352
0.0046306306 	0.29806656 	4.1021598e-12 	-0.00060795653 	0.037789648
0.0046426426 	0.29806706 	4.0965289e-12 	-0.00060611823 	0.037477288
0.0046546547 	0.29806756 	4.0908981e-12 	-0.00060427992 	0.037164927
0.0046666667 	0.29806806 	4.0852672e-12 	-0.00060244162 	0.036852567
0.0046786787 	0.29806856 	4.0796363e-12 	-0.00060060332 	0.036540206
0.0046906907 	0.29806906 	4.0740054e-12 	-0.00059876501 	0.036227845
0.0047027027 	0.29806956 	4.0683746e-12 	-0.00059692671 	0.035915485
0.0047147147 	0.29807005 	4.0627437e-12 	-0.0005950884 	0.035603124
0.0047267267 	0.29807055 	4.0571128e-12 	-0.0005932501 	0.035290763
0.0047387387 	0.29807076 	4.0485819e-12 	-0.00059056544 	0.03498273
0.0047507508 	0.29807085 	4.0387923e-12 	-0.00058751347 	0.034676574
0.0047627628 	0.29807094 	4.0290028e-12 	-0.00058446151 	0.034370418
0.0047747748 	0.29807102 	4.0192133e-12 	-0.00058140954 	0.034064262
0.0047867868 	0.29807111 	4.0094237e-12 	-0.00057835758 	0.033758106
0.0047987988 	0.29807119 	3.9996342e-12 	-0.00057530561 	0.03345195
0.0048108108 	0.29807128 	3.9898447e-12 	-0.00057225365 	0.033145794
0.0048228228 	0.29807137 	3.9800551e-12 	-0.00056920168 	0.032839638
0.0048348348 	0.29807145 	3.9702656e-12 	-0.00056614972 	0.032533482
0.0048468468 	0.29807154 	3.9604761e-12 	-0.00056309775 	0.032227326
0.0048588589 	0.29807163 	3.9506865e-12 	-0.00056004579 	0.03192117
0.0048708709 	0.29807171 	3.940897e-12 	-0.00055699382 	0.031615014
0.0048828829 	0.2980718 	3.9311075e-12 	-0.00055394186 	0.031308858
0.0048948949 	0.29807189 	3.9213179e-12 	-0.00055088989 	0.031002702
0.0049069069 	0.29807197 	3.9115284e-12 	-0.00054783793 	0.030696546
0.0049189189 	0.29807206 	3.9017389e-12 	-0.00054478596 	0.03039039
0.0049309309 	0.29807214 	3.8919493e-12 	-0.000541734 	0.030084234
0.0049429429 	0.29807255 	3.8829604e-12 	-0.0005386894 	0.029759522
0.004954955 	0.29807299 	3.8740575e-12 	-0.00053564559 	0.029432816
0.004966967 	0.29807343 	3.8651546e-12 	-0.00053260178 	0.029106109
0.004978979 	0.29807387 	3.8562518e-12 	-0.00052955797 	0.028779402
0.004990991 	0.29807431 	3.8473489e-12 	-0.00052651417 	0.028452695
0.005003003 	0.29807476 	3.838446e-12 	-0.00052347036 	0.028125989
0.005015015 	0.2980752 	3.8295431e-12 	-0.00052042655 	0.027799282
0.005027027 	0.29807556 	3.8202214e-12 	-0.00051728665 	0.027473414
0.005039039 	0.29807562 	3.809118e-12 	-0.00051373803 	0.027151113
0.0050510511 	0.29807568 	3.7980146e-12 	-0.00051018941 	0.026828811
0.0050630631 	0.29807574 	3.7869112e-12 	-0.00050664079 	0.02650651
0.0050750751 	0.29807579 	3.7758079e-12 	-0.00050309217 	0.026184209
0.0050870871 	0.29807585 	3.7647045e-12 	-0.00049954355 	0.025861908
0.0050990991 	0.29807591 	3.7536011e-12 	-0.00049599493 	0.025539607
0.0051111111 	0.29807597 	3.7424977e-12 	-0.00049244631 	0.025217305
0.0051231231 	0.29807603 	3.7313944e-12 	-0.00048889769 	0.024895004
0.0051351351 	0.29807608 	3.720291e-12 	-0.00048534907 	0.024572703
0.0051471471 	0.29807614 	3.7091876e-12 	-0.00048180045 	0.024250402
0.0051591592 	0.2980762 	3.6980842e-12 	-0.00047825183 	0.0239281
0.0051711712 	0.29807626 	3.6869808e-12 	-0.00047470321 	0.023605799
0.0051831832 	0.29807631 	3.6758775e-12 	-0.00047115459 	0.023283498
0.0051951952 	0.29807637 	3.6647741e-12 	-0.00046760597 	0.022961197
0.0052072072 	0.29807656 	3.6510664e-12 	-0.00046327711 	0.022633534
0.0052192192 	0.29807695 	3.6331902e-12 	-0.0004576994 	0.02229729
0.0052312312 	0.29807733 	3.615314e-12 	-0.00045212169 	0.021961046
0.0052432432 	0.29807772 	3.5974378e-12 	-0.00044654399 	0.021624802
0.0052552553 	0.29807811 	3.5795616e-12 	-0.00044096628 	0.021288558
0.0052672673 	0.2980785 	3.5616854e-12 	-0.00043538857 	0.020952313
0.0052792793 	0.29807889 	3.5438092e-12 	-0.00042981086 	0.020616069
0.0052912913 	0.29807907 	3.5234921e-12 	-0.00042537194 	0.020281
0.0053033033 	0.2980791 	3.5014451e-12 	-0.00042174017 	0.019946762
0.0053153153 	0.29807913 	3.479398e-12 	-0.00041810839 	0.019612525
0.0053273273 	0.29807916 	3.457351e-12 	-0.00041447662 	0.019278288
0.0053393393 	0.29807919 	3.435304e-12 	-0.00041084484 	0.018944051
0.0053513514 	0.29807922 	3.4132569e-12 	-0.00040721307 	0.018609813
0.0053633634 	0.29807925 	3.3912099e-12 	-0.0004035813 	0.018275576
0.0053753754 	0.29807928 	3.3691628e-12 	-0.00039994952 	0.017941339
0.0053873874 	0.29807931 	3.3471158e-12 	-0.00039631775 	0.017607102
0.0053993994 	0.29807934 	3.3250687e-12 	-0.00039268598 	0.017272864
0.0054114114 	0.29807937 	3.3030217e-12 	-0.0003890542 	0.016938627
0.0054234234 	0.2980794 	3.2809747e-12 	-0.00038542243 	0.01660439
0.0054354354 	0.29807943 	3.2589276e-12 	-0.00038179066 	0.016270153
0.0054474474 	0.29807964 	3.2425969e-12 	-0.00037435542 	0.015932032
0.0054594595 	0.29808001 	3.2312844e-12 	-0.0003635812 	0.015590502
0.0054714715 	0.29808037 	3.2199718e-12 	-0.00035280698 	0.015248971
0.0054834835 	0.29808074 	3.2086593e-12 	-0.00034203276 	0.014907441
0.0054954955 	0.2980811 	3.1973468e-12 	-0.00033125854 	0.014565911
0.0055075075 	0.29808147 	3.1860343e-12 	-0.00032048432 	0.014224381
0.0055195195 	0.29808164 	3.1727472e-12 	-0.00031374157 	0.013882488
0.0055315315 	0.29808164 	3.1577664e-12 	-0.00031045663 	0.013540286
0.0055435435 	0.29808165 	3.1427857e-12 	-0.00030717168 	0.013198083
0.0055555556 	0.29808165 	3.127805e-12 	-0.00030388674 	0.01285588
0.0055675676 	0.29808166 	3.1128243e-12 	-0.00030060179 	0.012513677
0.0055795796 	0.29808166 	3.0978435e-12 	-0.00029731685 	0.012171475
0.0055915916 	0.29808167 	3.0828628e-12 	-0.0002940319 	0.011829272
0.0056036036 	0.29808167 	3.0678821e-12 	-0.00029074696 	0.011487069
0.0056156156 	0.29808167 	3.0529014e-12 	-0.00028746201 	0.011144866
0.0056276276 	0.29808168 	3.0379206e-12 	-0.00028417707 	0.010802663
0.0056396396 	0.29808168 	3.0229399e-12 	-0.00028089212 	0.010460461
0.0056516517 	0.2980817 	3.0089225e-12 	-0.00027710694 	0.010118268
0.0056636637 	0.29808207 	3.0248587e-12 	-0.00025776653 	0.009776402
0.0056756757 	0.29808244 	3.0407949e-12 	-0.00023842613 	0.0094345356
0.0056876877 	0.29808281 	3.0567312e-12 	-0.00021908572 	0.0090926692
0.0056996997 	0.29808319 	3.0726674e-12 	-0.00019974531 	0.0087508028
0.0057117117 	0.29808356 	3.0886037e-12 	-0.0001804049 	0.0084089364
0.0057237237 	0.29808364 	3.0980248e-12 	-0.0001736103 	0.008063391
0.0057357357 	0.29808362 	3.1052359e-12 	-0.00017107136 	0.0077165976
0.0057477477 	0.29808361 	3.1124469e-12 	-0.00016853243 	0.0073698043
0.0057597598 	0.29808359 	3.119658e-12 	-0.00016599349 	0.0070230109
0.0057717718 	0.29808357 	3.1268691e-12 	-0.00016345455 	0.0066762175
0.0057837838 	0.29808356 	3.1340802e-12 	-0.00016091562 	0.0063294241
0.0057957958 	0.29808354 	3.1412913e-12 	-0.00015837668 	0.0059826308
0.0058078078 	0.29808352 	3.1485024e-12 	-0.00015583774 	0.0056358374
0.0058198198 	0.29808351 	3.1557135e-12 	-0.00015329881 	0.005289044
0.0058318318 	0.29808349 	3.1629246e-12 	-0.00015075987 	0.0049422507
0.0058438438 	0.2980836 	2.9084308e-12 	-0.00013218958 	0.0045970628
0.0058558559 	0.29808379 	2.4809966e-12 	-0.00010302542 	0.0042529359
0.0058678679 	0.29808398 	2.0535624e-12 	-7.3861251e-05 	0.0039088091
0.0058798799 	0.29808417 	1.6261282e-12 	-4.4697086e-05 	0.0035646822
0.0058918919 	0.29808436 	1.198694e-12 	-1.5532921e-05 	0.0032205553
0.0059039039 	0.29808436 	1.0506051e-12 	-1.2417563e-05 	0.0028634102
0.0059159159 	0.29808435 	9.1927948e-13 	-1.0865367e-05 	0.0025054839
0.0059279279 	0.29808434 	7.8795384e-13 	-9.3131721e-06 	0.0021475577
0.0059399399 	0.29808432 	6.566282e-13 	-7.7609768e-06 	0.0017896314
0.005951952 	0.29808431 	5.2530256e-13 	-6.2087814e-06 	0.0014317051
0.005963964 	0.29808429 	3.9397692e-13 	-4.6565861e-06 	0.0010737788
0.005975976 	0.29808428 	2.6265128e-13 	-3.1043907e-06 	0.00071585255
0.005987988 	0.29808427 	1.3132564e-13 	-1.5521954e-06 	0.00035792628
0.006 	0.29808425 	9.4827441e-25 	-1.1208071e-17 	2.5845092e-15
