-0.006 	-0.018955526 	0 	0 	0
-0.005987988 	-0.018955503 	2.2725458e-11 	1.1121731e-06 	-0.00052975927
-0.005975976 	-0.01895548 	4.4812884e-11 	2.1985238e-06 	-0.0010665448
-0.005963964 	-0.018955458 	6.5516086e-11 	3.2288519e-06 	-0.0016185737
-0.005951952 	-0.018955436 	8.6219288e-11 	4.2591801e-06 	-0.0021706027
-0.0059399399 	-0.018955414 	1.0692249e-10 	5.2895082e-06 	-0.0027226317
-0.0059279279 	-0.018955391 	1.2762569e-10 	6.3198364e-06 	-0.0032746607
-0.0059159159 	-0.018955369 	1.4832889e-10 	7.3501645e-06 	-0.0038266897
-0.0059039039 	-0.018955347 	1.690321e-10 	8.3804926e-06 	-0.0043787187
-0.0058918919 	-0.018955325 	1.897353e-10 	9.4108208e-06 	-0.0049307477
-0.0058798799 	-0.018955303 	2.104385e-10 	1.0441149e-05 	-0.0054827767
-0.0058678679 	-0.01895528 	2.311417e-10 	1.1471477e-05 	-0.0060348057
-0.0058558559 	-0.018955249 	2.5049723e-10 	1.3580294e-05 	-0.0065341322
-0.0058438438 	-0.018955212 	2.6902721e-10 	1.634977e-05 	-0.0070011743
-0.0058318318 	-0.018955177 	2.8626044e-10 	1.897669e-05 	-0.0074817424
-0.0058198198 	-0.018955142 	3.0296241e-10 	2.1545209e-05 	-0.0079678516
-0.0058078078 	-0.018955108 	3.1966439e-10 	2.4113728e-05 	-0.0084539609
-0.0057957958 	-0.018955073 	3.3636636e-10 	2.6682247e-05 	-0.0089400701
-0.0057837838 	-0.018955039 	3.5306834e-10 	2.9250766e-05 	-0.0094261794
-0.0057717718 	-0.018955004 	3.6977031e-10 	3.1819285e-05 	-0.0099122887
-0.0057597598 	-0.01895497 	3.8647229e-10 	3.4387804e-05 	-0.010398398
-0.0057477477 	-0.018954935 	4.0317426e-10 	3.6956323e-05 	-0.010884507
-0.0057357357 	-0.018954901 	4.1987624e-10 	3.9524842e-05 	-0.011370616
-0.0057237237 	-0.018954866 	4.3657821e-10 	4.2093361e-05 	-0.011856726
-0.0057117117 	-0.018954832 	4.5328018e-10 	4.466188e-05 	-0.012342835
-0.0056996997 	-0.0189548 	4.6851313e-10 	4.8676352e-05 	-0.012775368
-0.0056876877 	-0.018954768 	4.8315126e-10 	5.3276301e-05 	-0.013186207
-0.0056756757 	-0.018954738 	4.9690602e-10 	5.7692132e-05 	-0.013605836
-0.0056636637 	-0.018954709 	5.0992152e-10 	6.1953884e-05 	-0.014032822
-0.0056516517 	-0.018954679 	5.2293703e-10 	6.6215637e-05 	-0.014459808
-0.0056396396 	-0.01895465 	5.3595253e-10 	7.0477389e-05 	-0.014886794
-0.0056276276 	-0.018954621 	5.4896803e-10 	7.4739141e-05 	-0.01531378
-0.0056156156 	-0.018954592 	5.6198354e-10 	7.9000893e-05 	-0.015740766
-0.0056036036 	-0.018954562 	5.7499904e-10 	8.3262646e-05 	-0.016167752
-0.0055915916 	-0.018954533 	5.8801454e-10 	8.7524398e-05 	-0.016594738
-0.0055795796 	-0.018954504 	6.0103004e-10 	9.178615e-05 	-0.017021724
-0.0055675676 	-0.018954475 	6.1404555e-10 	9.6047903e-05 	-0.01744871
-0.0055555556 	-0.018954445 	6.2706105e-10 	0.00010030965 	-0.017875696
-0.0055435435 	-0.018954416 	6.4007655e-10 	0.00010457141 	-0.018302682
-0.0055315315 	-0.018954388 	6.5291981e-10 	0.00010897847 	-0.01872387
-0.0055195195 	-0.018954367 	6.6346429e-10 	0.00011532491 	-0.019067682
-0.0055075075 	-0.018954347 	6.7400878e-10 	0.00012167136 	-0.019411494
-0.0054954955 	-0.018954327 	6.8372773e-10 	0.0001277264 	-0.019763153
-0.0054834835 	-0.018954308 	6.9292159e-10 	0.0001335961 	-0.020119805
-0.0054714715 	-0.018954289 	7.0211545e-10 	0.0001394658 	-0.020476456
-0.0054594595 	-0.01895427 	7.1130931e-10 	0.0001453355 	-0.020833107
-0.0054474474 	-0.018954251 	7.2050317e-10 	0.0001512052 	-0.021189759
-0.0054354354 	-0.018954232 	7.2969703e-10 	0.0001570749 	-0.02154641
-0.0054234234 	-0.018954214 	7.3889088e-10 	0.00016294459 	-0.021903061
-0.0054114114 	-0.018954195 	7.4808474e-10 	0.00016881429 	-0.022259713
-0.0053993994 	-0.018954176 	7.572786e-10 	0.00017468399 	-0.022616364
-0.0053873874 	-0.018954157 	7.6647246e-10 	0.00018055369 	-0.022973015
-0.0053753754 	-0.018954138 	7.7566632e-10 	0.00018642339 	-0.023329667
-0.0053633634 	-0.018954119 	7.8486018e-10 	0.00019229309 	-0.023686318
-0.0053513514 	-0.0189541 	7.9405404e-10 	0.00019816279 	-0.024042969
-0.0053393393 	-0.018954081 	8.032479e-10 	0.00020403249 	-0.02439962
-0.0053273273 	-0.018954068 	8.1108802e-10 	0.00021080657 	-0.024713015
-0.0053153153 	-0.018954061 	8.1734539e-10 	0.00021863803 	-0.024975834
-0.0053033033 	-0.018954053 	8.2360276e-10 	0.0002264695 	-0.025238653
-0.0052912913 	-0.018954047 	8.291913e-10 	0.00023389418 	-0.025507605
-0.0052792793 	-0.01895404 	8.3445384e-10 	0.00024112059 	-0.025779546
-0.0052672673 	-0.018954034 	8.3971639e-10 	0.000248347 	-0.026051487
-0.0052552553 	-0.018954027 	8.4497894e-10 	0.00025557341 	-0.026323428
-0.0052432432 	-0.018954021 	8.5024148e-10 	0.00026279982 	-0.026595369
-0.0052312312 	-0.018954015 	8.5550403e-10 	0.00027002623 	-0.02686731
-0.0052192192 	-0.018954008 	8.6076658e-10 	0.00027725264 	-0.027139251
-0.0052072072 	-0.018954002 	8.6602912e-10 	0.00028447905 	-0.027411192
-0.0051951952 	-0.018953995 	8.7129167e-10 	0.00029170546 	-0.027683132
-0.0051831832 	-0.018953989 	8.7655422e-10 	0.00029893187 	-0.027955073
-0.0051711712 	-0.018953983 	8.8181676e-10 	0.00030615828 	-0.028227014
-0.0051591592 	-0.018953976 	8.8707931e-10 	0.00031338469 	-0.028498955
-0.0051471471 	-0.01895397 	8.9234185e-10 	0.0003206111 	-0.028770896
-0.0051351351 	-0.018953963 	8.976044e-10 	0.00032783751 	-0.029042837
-0.0051231231 	-0.018953957 	9.0286695e-10 	0.00033506392 	-0.029314778
-0.0051111111 	-0.01895395 	9.0812949e-10 	0.00034229033 	-0.029586719
-0.0050990991 	-0.018953954 	9.1118067e-10 	0.00035055035 	-0.029791409
-0.0050870871 	-0.018953963 	9.1288537e-10 	0.00035943972 	-0.02995515
-0.0050750751 	-0.018953973 	9.1459007e-10 	0.00036832909 	-0.030118892
-0.0050630631 	-0.018953982 	9.1604046e-10 	0.00037689173 	-0.030284916
-0.0050510511 	-0.018953991 	9.1719025e-10 	0.00038506816 	-0.030453637
-0.005039039 	-0.018954 	9.1834004e-10 	0.0003932446 	-0.030622358
-0.005027027 	-0.018954009 	9.1948983e-10 	0.00040142103 	-0.030791079
-0.005015015 	-0.018954018 	9.2063961e-10 	0.00040959746 	-0.0309598
-0.005003003 	-0.018954026 	9.217894e-10 	0.0004177739 	-0.031128521
-0.004990991 	-0.018954035 	9.2293919e-10 	0.00042595033 	-0.031297242
-0.004978979 	-0.018954044 	9.2408898e-10 	0.00043412677 	-0.031465963
-0.004966967 	-0.018954053 	9.2523877e-10 	0.0004423032 	-0.031634684
-0.004954955 	-0.018954062 	9.2638856e-10 	0.00045047964 	-0.031803406
-0.0049429429 	-0.018954071 	9.2753835e-10 	0.00045865607 	-0.031972127
-0.0049309309 	-0.01895408 	9.2868814e-10 	0.00046683251 	-0.032140848
-0.0049189189 	-0.018954089 	9.2983793e-10 	0.00047500894 	-0.032309569
-0.0049069069 	-0.018954098 	9.3098772e-10 	0.00048318537 	-0.03247829
-0.0048948949 	-0.018954107 	9.3213751e-10 	0.00049136181 	-0.032647011
-0.0048828829 	-0.018954116 	9.332873e-10 	0.00049953824 	-0.032815732
-0.0048708709 	-0.018954125 	9.3443709e-10 	0.00050771468 	-0.032984453
-0.0048588589 	-0.018954134 	9.3558688e-10 	0.00051589111 	-0.033153174
-0.0048468468 	-0.018954148 	9.3552462e-10 	0.00052433965 	-0.033289737
-0.0048348348 	-0.018954177 	9.3185924e-10 	0.0005335971 	-0.033330699
-0.0048228228 	-0.018954206 	9.2819387e-10 	0.00054285456 	-0.033371661
-0.0048108108 	-0.018954235 	9.2452849e-10 	0.00055211201 	-0.033412623
-0.0047987988 	-0.018954263 	9.2094712e-10 	0.00056085023 	-0.033453865
-0.0047867868 	-0.018954291 	9.1740833e-10 	0.00056932525 	-0.033495249
-0.0047747748 	-0.018954318 	9.1386954e-10 	0.00057780026 	-0.033536633
-0.0047627628 	-0.018954345 	9.1033075e-10 	0.00058627528 	-0.033578017
-0.0047507508 	-0.018954372 	9.0679196e-10 	0.0005947503 	-0.033619401
-0.0047387387 	-0.0189544 	9.0325317e-10 	0.00060322531 	-0.033660785
-0.0047267267 	-0.018954427 	8.9971438e-10 	0.00061170033 	-0.033702169
-0.0047147147 	-0.018954454 	8.9617559e-10 	0.00062017535 	-0.033743553
-0.0047027027 	-0.018954481 	8.926368e-10 	0.00062865036 	-0.033784937
-0.0046906907 	-0.018954509 	8.8909802e-10 	0.00063712538 	-0.033826321
-0.0046786787 	-0.018954536 	8.8555923e-10 	0.0006456004 	-0.033867705
-0.0046666667 	-0.018954563 	8.8202044e-10 	0.00065407541 	-0.033909089
-0.0046546547 	-0.01895459 	8.7848165e-10 	0.00066255043 	-0.033950473
-0.0046426426 	-0.018954618 	8.7494286e-10 	0.00067102544 	-0.033991857
-0.0046306306 	-0.018954645 	8.7140407e-10 	0.00067950046 	-0.034033241
-0.0046186186 	-0.018954672 	8.6786528e-10 	0.00068797548 	-0.034074625
-0.0046066066 	-0.018954699 	8.6432649e-10 	0.00069645049 	-0.034116009
-0.0045945946 	-0.018954727 	8.607877e-10 	0.00070492551 	-0.034157393
-0.0045825826 	-0.018954754 	8.5724891e-10 	0.00071340053 	-0.034198777
-0.0045705706 	-0.018954781 	8.5371012e-10 	0.00072187554 	-0.034240161
-0.0045585586 	-0.018954809 	8.5008426e-10 	0.00073035142 	-0.034279735
-0.0045465465 	-0.018954859 	8.3906874e-10 	0.00073890005 	-0.034165729
-0.0045345345 	-0.018954909 	8.2805322e-10 	0.00074744869 	-0.034051723
-0.0045225225 	-0.018954959 	8.170377e-10 	0.00075599733 	-0.033937717
-0.0045105105 	-0.01895501 	8.0602219e-10 	0.00076454596 	-0.03382371
-0.0044984985 	-0.018955056 	7.9612658e-10 	0.00077235517 	-0.033705511
-0.0044864865 	-0.018955103 	7.8630043e-10 	0.00078011852 	-0.033587051
-0.0044744745 	-0.01895515 	7.7647427e-10 	0.00078788187 	-0.033468592
-0.0044624625 	-0.018955196 	7.6664812e-10 	0.00079564523 	-0.033350132
-0.0044504505 	-0.018955243 	7.5682196e-10 	0.00080340858 	-0.033231673
-0.0044384384 	-0.018955289 	7.4699581e-10 	0.00081117193 	-0.033113213
-0.0044264264 	-0.018955336 	7.3716965e-10 	0.00081893528 	-0.032994754
-0.0044144144 	-0.018955383 	7.273435e-10 	0.00082669863 	-0.032876294
-0.0044024024 	-0.018955429 	7.1751734e-10 	0.00083446198 	-0.032757835
-0.0043903904 	-0.018955476 	7.0769119e-10 	0.00084222533 	-0.032639375
-0.0043783784 	-0.018955523 	6.9786503e-10 	0.00084998868 	-0.032520915
-0.0043663664 	-0.018955569 	6.8803888e-10 	0.00085775204 	-0.032402456
-0.0043543544 	-0.018955616 	6.7821272e-10 	0.00086551539 	-0.032283996
-0.0043423423 	-0.018955662 	6.6838657e-10 	0.00087327874 	-0.032165537
-0.0043303303 	-0.018955709 	6.5856042e-10 	0.00088104209 	-0.032047077
-0.0043183183 	-0.018955756 	6.4873426e-10 	0.00088880544 	-0.031928618
-0.0043063063 	-0.018955802 	6.3890811e-10 	0.00089656879 	-0.031810158
-0.0042942943 	-0.018955849 	6.2908195e-10 	0.00090433214 	-0.031691699
-0.0042822823 	-0.018955895 	6.192558e-10 	0.0009120955 	-0.031573239
-0.0042702703 	-0.018955942 	6.0942964e-10 	0.00091985885 	-0.03145478
-0.0042582583 	-0.018955989 	5.9960349e-10 	0.0009276222 	-0.03133632
-0.0042462462 	-0.018956035 	5.8977733e-10 	0.00093538555 	-0.03121786
-0.0042342342 	-0.018956082 	5.7995118e-10 	0.0009431489 	-0.031099401
-0.0042222222 	-0.018956139 	5.6326594e-10 	0.0009501232 	-0.030878843
-0.0042102102 	-0.018956206 	5.401427e-10 	0.00095635689 	-0.030562455
-0.0041981982 	-0.018956273 	5.1701946e-10 	0.00096259058 	-0.030246066
-0.0041861862 	-0.01895634 	4.9389622e-10 	0.00096882427 	-0.029929678
-0.0041741742 	-0.018956407 	4.7077298e-10 	0.00097505796 	-0.029613289
-0.0041621622 	-0.018956469 	4.5033923e-10 	0.00098067794 	-0.029288613
-0.0041501502 	-0.018956531 	4.3020718e-10 	0.00098622907 	-0.028963008
-0.0041381381 	-0.018956594 	4.1007514e-10 	0.00099178021 	-0.028637402
-0.0041261261 	-0.018956656 	3.8994309e-10 	0.00099733135 	-0.028311796
-0.0041141141 	-0.018956718 	3.6981105e-10 	0.0010028825 	-0.027986191
-0.0041021021 	-0.01895678 	3.4967901e-10 	0.0010084336 	-0.027660585
-0.0040900901 	-0.018956842 	3.2954696e-10 	0.0010139848 	-0.027334979
-0.0040780781 	-0.018956904 	3.0941492e-10 	0.0010195359 	-0.027009373
-0.0040660661 	-0.018956966 	2.8928287e-10 	0.001025087 	-0.026683768
-0.0040540541 	-0.018957028 	2.6915083e-10 	0.0010306382 	-0.026358162
-0.004042042 	-0.018957091 	2.4901878e-10 	0.0010361893 	-0.026032556
-0.00403003 	-0.018957153 	2.2888674e-10 	0.0010417404 	-0.02570695
-0.004018018 	-0.018957215 	2.087547e-10 	0.0010472916 	-0.025381345
-0.004006006 	-0.018957277 	1.8862265e-10 	0.0010528427 	-0.025055739
-0.003993994 	-0.018957339 	1.6849061e-10 	0.0010583938 	-0.024730133
-0.003981982 	-0.018957401 	1.4835856e-10 	0.001063945 	-0.024404528
-0.00396997 	-0.018957463 	1.2822652e-10 	0.0010694961 	-0.024078922
-0.003957958 	-0.018957525 	1.0809447e-10 	0.0010750472 	-0.023753316
-0.0039459459 	-0.018957588 	8.7962429e-11 	0.0010805984 	-0.02342771
-0.0039339339 	-0.01895765 	6.7830385e-11 	0.0010861495 	-0.023102105
-0.0039219219 	-0.018957712 	4.7698341e-11 	0.0010917007 	-0.022776499
-0.0039099099 	-0.018957774 	2.7566296e-11 	0.0010972518 	-0.022450893
-0.0038978979 	-0.018957836 	7.4342521e-12 	0.0011028029 	-0.022125288
-0.0038858859 	-0.018957898 	-1.2697792e-11 	0.0011083541 	-0.021799682
-0.0038738739 	-0.01895796 	-3.2829836e-11 	0.0011139052 	-0.021474076
-0.0038618619 	-0.018958022 	-5.2961881e-11 	0.0011194563 	-0.02114847
-0.0038498498 	-0.018958088 	-8.1344113e-11 	0.0011236834 	-0.02073339
-0.0038378378 	-0.018958162 	-1.2670697e-10 	0.0011251851 	-0.020134151
-0.0038258258 	-0.018958235 	-1.7206982e-10 	0.0011266868 	-0.019534912
-0.0038138138 	-0.018958309 	-2.1743268e-10 	0.0011281885 	-0.018935673
-0.0038018018 	-0.018958382 	-2.6279553e-10 	0.0011296903 	-0.018336434
-0.0037897898 	-0.018958455 	-3.0759655e-10 	0.0011311547 	-0.017736092
-0.0037777778 	-0.018958523 	-3.467313e-10 	0.0011322428 	-0.017124627
-0.0037657658 	-0.018958592 	-3.8586605e-10 	0.001133331 	-0.016513162
-0.0037537538 	-0.01895866 	-4.250008e-10 	0.0011344191 	-0.015901696
-0.0037417417 	-0.018958729 	-4.6413556e-10 	0.0011355073 	-0.015290231
-0.0037297297 	-0.018958797 	-5.0327031e-10 	0.0011365954 	-0.014678766
-0.0037177177 	-0.018958866 	-5.4240506e-10 	0.0011376835 	-0.014067301
-0.0037057057 	-0.018958934 	-5.8153981e-10 	0.0011387717 	-0.013455836
-0.0036936937 	-0.018959003 	-6.2067456e-10 	0.0011398598 	-0.012844371
-0.0036816817 	-0.018959071 	-6.5980932e-10 	0.001140948 	-0.012232906
-0.0036696697 	-0.01895914 	-6.9894407e-10 	0.0011420361 	-0.011621441
-0.0036576577 	-0.018959208 	-7.3807882e-10 	0.0011431243 	-0.011009976
-0.0036456456 	-0.018959276 	-7.7721357e-10 	0.0011442124 	-0.01039851
-0.0036336336 	-0.018959345 	-8.1634832e-10 	0.0011453006 	-0.0097870454
-0.0036216216 	-0.018959413 	-8.5548307e-10 	0.0011463887 	-0.0091755802
-0.0036096096 	-0.018959482 	-8.9461783e-10 	0.0011474768 	-0.0085641151
-0.0035975976 	-0.01895955 	-9.3375258e-10 	0.001148565 	-0.00795265
-0.0035855856 	-0.018959619 	-9.7288733e-10 	0.0011496531 	-0.0073411849
-0.0035735736 	-0.018959687 	-1.0120221e-09 	0.0011507413 	-0.0067297198
-0.0035615616 	-0.018959756 	-1.0511568e-09 	0.0011518294 	-0.0061182547
-0.0035495495 	-0.018959824 	-1.0902916e-09 	0.0011529176 	-0.0055067896
-0.0035375375 	-0.018959893 	-1.1294263e-09 	0.0011540057 	-0.0048953244
-0.0035255255 	-0.018959961 	-1.1685611e-09 	0.0011550938 	-0.0042838593
-0.0035135135 	-0.018960029 	-1.2076958e-09 	0.001156182 	-0.0036723942
-0.0035015015 	-0.018960098 	-1.2468306e-09 	0.0011572701 	-0.0030609291
-0.0034894895 	-0.018960166 	-1.2859653e-09 	0.0011583583 	-0.002449464
-0.0034774775 	-0.018960235 	-1.3251001e-09 	0.0011594464 	-0.0018379989
-0.0034654655 	-0.018960303 	-1.3642348e-09 	0.0011605346 	-0.0012265338
-0.0034534535 	-0.018960372 	-1.4033696e-09 	0.0011616227 	-0.00061506866
-0.0034414414 	-0.01896044 	-1.4425044e-09 	0.0011627109 	-3.6035421e-06
-0.0034294294 	-0.018960509 	-1.4816391e-09 	0.001163799 	0.00060786157
-0.0034174174 	-0.018960583 	-1.5611466e-09 	0.0011555037 	0.0016304366
-0.0034054054 	-0.018960657 	-1.6428197e-09 	0.0011467051 	0.0026750634
-0.0033933934 	-0.018960732 	-1.7244927e-09 	0.0011379064 	0.0037196903
-0.0033813814 	-0.018960806 	-1.8061658e-09 	0.0011291078 	0.0047643171
-0.0033693694 	-0.01896088 	-1.8878389e-09 	0.0011203092 	0.0058089439
-0.0033573574 	-0.018960955 	-1.9694152e-09 	0.0011115141 	0.006853638
-0.0033453453 	-0.018961024 	-2.040274e-09 	0.0011031081 	0.0079057802
-0.0033333333 	-0.018961093 	-2.1111328e-09 	0.0010947022 	0.0089579224
-0.0033213213 	-0.018961162 	-2.1819917e-09 	0.0010862962 	0.010010065
-0.0033093093 	-0.018961231 	-2.2528505e-09 	0.0010778903 	0.011062207
-0.0032972973 	-0.0189613 	-2.3237093e-09 	0.0010694843 	0.012114349
-0.0032852853 	-0.018961369 	-2.3945681e-09 	0.0010610783 	0.013166491
-0.0032732733 	-0.018961438 	-2.465427e-09 	0.0010526724 	0.014218633
-0.0032612613 	-0.018961507 	-2.5362858e-09 	0.0010442664 	0.015270776
-0.0032492492 	-0.018961577 	-2.6071446e-09 	0.0010358605 	0.016322918
-0.0032372372 	-0.018961646 	-2.6780035e-09 	0.0010274545 	0.01737506
-0.0032252252 	-0.018961715 	-2.7488623e-09 	0.0010190486 	0.018427202
-0.0032132132 	-0.018961784 	-2.8197211e-09 	0.0010106426 	0.019479344
-0.0032012012 	-0.018961853 	-2.89058e-09 	0.0010022367 	0.020531487
-0.0031891892 	-0.018961922 	-2.9614388e-09 	0.00099383075 	0.021583629
-0.0031771772 	-0.018961991 	-3.0322976e-09 	0.0009854248 	0.022635771
-0.0031651652 	-0.01896206 	-3.1031564e-09 	0.00097701885 	0.023687913
-0.0031531532 	-0.018962129 	-3.1740153e-09 	0.0009686129 	0.024740055
-0.0031411411 	-0.018962198 	-3.2448741e-09 	0.00096020695 	0.025792198
-0.0031291291 	-0.018962267 	-3.3157329e-09 	0.000951801 	0.02684434
-0.0031171171 	-0.018962337 	-3.3865918e-09 	0.00094339505 	0.027896482
-0.0031051051 	-0.018962406 	-3.4574506e-09 	0.0009349891 	0.028948624
-0.0030930931 	-0.018962475 	-3.5283094e-09 	0.00092658315 	0.030000766
-0.0030810811 	-0.018962544 	-3.5991683e-09 	0.0009181772 	0.031052909
-0.0030690691 	-0.018962613 	-3.6700271e-09 	0.00090977125 	0.032105051
-0.0030570571 	-0.018962682 	-3.7408859e-09 	0.0009013653 	0.033157193
-0.003045045 	-0.018962751 	-3.8117447e-09 	0.00089295935 	0.034209335
-0.003033033 	-0.01896282 	-3.8826036e-09 	0.0008845534 	0.035261477
-0.003021021 	-0.018962889 	-3.9534624e-09 	0.00087614745 	0.03631362
-0.003009009 	-0.018962958 	-4.0243212e-09 	0.0008677415 	0.037365762
-0.002996997 	-0.018963027 	-4.0951801e-09 	0.00085933555 	0.038417904
-0.002984985 	-0.018963097 	-4.1660389e-09 	0.0008509296 	0.039470046
-0.002972973 	-0.018963166 	-4.2368977e-09 	0.00084252365 	0.040522188
-0.002960961 	-0.018963235 	-4.3077566e-09 	0.0008341177 	0.041574331
-0.0029489489 	-0.018963304 	-4.3786154e-09 	0.00082571175 	0.042626473
-0.0029369369 	-0.018963303 	-4.4568632e-09 	0.00081222346 	0.043882987
-0.0029249249 	-0.018963286 	-4.5367384e-09 	0.00079761575 	0.045184516
-0.0029129129 	-0.018963269 	-4.6166136e-09 	0.00078300805 	0.046486045
-0.0029009009 	-0.018963253 	-4.6964889e-09 	0.00076840034 	0.047787574
-0.0028888889 	-0.018963236 	-4.7763641e-09 	0.00075379263 	0.049089104
-0.0028768769 	-0.01896322 	-4.8562394e-09 	0.00073918492 	0.050390633
-0.0028648649 	-0.018963203 	-4.935473e-09 	0.00072465514 	0.051691093
-0.0028528529 	-0.018963191 	-5.0074779e-09 	0.00071100343 	0.052979513
-0.0028408408 	-0.018963178 	-5.0794828e-09 	0.00069735171 	0.054267932
-0.0028288288 	-0.018963165 	-5.1514877e-09 	0.0006837 	0.055556352
-0.0028168168 	-0.018963153 	-5.2234926e-09 	0.00067004829 	0.056844772
-0.0028048048 	-0.01896314 	-5.2954975e-09 	0.00065639657 	0.058133192
-0.0027927928 	-0.018963128 	-5.3675023e-09 	0.00064274486 	0.059421611
-0.0027807808 	-0.018963115 	-5.4395072e-09 	0.00062909314 	0.060710031
-0.0027687688 	-0.018963102 	-5.5115121e-09 	0.00061544143 	0.061998451
-0.0027567568 	-0.01896309 	-5.583517e-09 	0.00060178972 	0.06328687
-0.0027447447 	-0.018963077 	-5.6555219e-09 	0.000588138 	0.06457529
-0.0027327327 	-0.018963065 	-5.7275268e-09 	0.00057448629 	0.06586371
-0.0027207207 	-0.018963052 	-5.7995317e-09 	0.00056083457 	0.06715213
-0.0027087087 	-0.018963039 	-5.8715366e-09 	0.00054718286 	0.068440549
-0.0026966967 	-0.018963027 	-5.9435414e-09 	0.00053353114 	0.069728969
-0.0026846847 	-0.018963014 	-6.0155463e-09 	0.00051987943 	0.071017389
-0.0026726727 	-0.018963001 	-6.0875512e-09 	0.00050622772 	0.072305808
-0.0026606607 	-0.018962989 	-6.1595561e-09 	0.000492576 	0.073594228
-0.0026486486 	-0.018962976 	-6.231561e-09 	0.00047892429 	0.074882648
-0.0026366366 	-0.018962964 	-6.3035659e-09 	0.00046527257 	0.076171068
-0.0026246246 	-0.018962951 	-6.3755708e-09 	0.00045162086 	0.077459487
-0.0026126126 	-0.018962938 	-6.4475756e-09 	0.00043796914 	0.078747907
-0.0026006006 	-0.018962926 	-6.5195805e-09 	0.00042431743 	0.080036327
-0.0025885886 	-0.018962913 	-6.5915854e-09 	0.00041066572 	0.081324746
-0.0025765766 	-0.018962901 	-6.6635903e-09 	0.000397014 	0.082613166
-0.0025645646 	-0.018962888 	-6.7355952e-09 	0.00038336229 	0.083901586
-0.0025525526 	-0.018962875 	-6.8076001e-09 	0.00036971057 	0.085190006
-0.0025405405 	-0.018962863 	-6.879605e-09 	0.00035605886 	0.086478425
-0.0025285285 	-0.01896285 	-6.9516099e-09 	0.00034240714 	0.087766845
-0.0025165165 	-0.018962838 	-7.0236147e-09 	0.00032875543 	0.089055265
-0.0025045045 	-0.018962825 	-7.0956196e-09 	0.00031510372 	0.090343684
-0.0024924925 	-0.018962812 	-7.1676245e-09 	0.000301452 	0.091632104
-0.0024804805 	-0.0189628 	-7.2396294e-09 	0.00028780029 	0.092920524
-0.0024684685 	-0.018962787 	-7.3116343e-09 	0.00027414857 	0.094208943
-0.0024564565 	-0.018962775 	-7.3836392e-09 	0.00026049686 	0.095497363
-0.0024444444 	-0.018962762 	-7.4556441e-09 	0.00024684515 	0.096785783
-0.0024324324 	-0.018962749 	-7.5276489e-09 	0.00023319343 	0.098074203
-0.0024204204 	-0.018962737 	-7.5996538e-09 	0.00021954172 	0.099362622
-0.0024084084 	-0.018962724 	-7.6716587e-09 	0.00020589 	0.10065104
-0.0023963964 	-0.01896254 	-7.82119e-09 	0.00017304498 	0.10375945
-0.0023843844 	-0.018961996 	-8.1408302e-09 	9.8831344e-05 	0.11098182
-0.0023723724 	-0.018961481 	-8.4519024e-09 	2.7331009e-05 	0.11809879
-0.0023603604 	-0.018960967 	-8.7629746e-09 	-4.4169326e-05 	0.12521575
-0.0023483483 	-0.018960453 	-9.0740467e-09 	-0.00011566966 	0.13233272
-0.0023363363 	-0.018960026 	-9.3377781e-09 	-0.00017717109 	0.13847526
-0.0023243243 	-0.018959921 	-9.4309987e-09 	-0.00020208086 	0.14108866
-0.0023123123 	-0.018959823 	-9.5236956e-09 	-0.00022591766 	0.14365886
-0.0023003003 	-0.018959726 	-9.6163924e-09 	-0.00024975446 	0.14622905
-0.0022882883 	-0.018959628 	-9.7090893e-09 	-0.00027359127 	0.14879925
-0.0022762763 	-0.018959531 	-9.8017862e-09 	-0.00029742807 	0.15136944
-0.0022642643 	-0.018959431 	-9.8883044e-09 	-0.00032224378 	0.15405167
-0.0022522523 	-0.018959334 	-9.9686949e-09 	-0.00034739648 	0.15683057
-0.0022402402 	-0.018959241 	-1.0050446e-08 	-0.00037169213 	0.15957017
-0.0022282282 	-0.018959149 	-1.0132198e-08 	-0.00039598777 	0.16230977
-0.0022162162 	-0.018959057 	-1.0213949e-08 	-0.00042028342 	0.16504936
-0.0022042042 	-0.018958964 	-1.02957e-08 	-0.00044457906 	0.16778896
-0.0021921922 	-0.018958872 	-1.0377452e-08 	-0.00046887471 	0.17052856
-0.0021801802 	-0.018958757 	-1.043849e-08 	-0.00049491913 	0.17352821
-0.0021681682 	-0.018958649 	-1.0503225e-08 	-0.00051974836 	0.1764792
-0.0021561562 	-0.018958543 	-1.0569124e-08 	-0.0005442934 	0.1794151
-0.0021441441 	-0.018958436 	-1.0635024e-08 	-0.00056883843 	0.182351
-0.0021321321 	-0.01895833 	-1.0700924e-08 	-0.00059338347 	0.1852869
-0.0021201201 	-0.018958223 	-1.0766823e-08 	-0.0006179285 	0.1882228
-0.0021081081 	-0.018958117 	-1.0832723e-08 	-0.00064247353 	0.1911587
-0.0020960961 	-0.018957998 	-1.0882173e-08 	-0.00066765027 	0.19425548
-0.0020840841 	-0.018957869 	-1.0917865e-08 	-0.00069305559 	0.19748937
-0.0020720721 	-0.018957748 	-1.0961774e-08 	-0.00071731884 	0.20064996
-0.0020600601 	-0.018957627 	-1.1005683e-08 	-0.0007415821 	0.20381056
-0.002048048 	-0.018957506 	-1.1049593e-08 	-0.00076584535 	0.20697115
-0.002036036 	-0.018957385 	-1.1093502e-08 	-0.00079010861 	0.21013174
-0.002024024 	-0.018957264 	-1.1137411e-08 	-0.00081437186 	0.21329234
-0.002012012 	-0.018957144 	-1.1181321e-08 	-0.00083863512 	0.21645293
-0.002 	-0.018957021 	-1.1221571e-08 	-0.00086291843 	0.21964311
-0.001987988 	-0.018956877 	-1.1220727e-08 	-0.00088742701 	0.22316557
-0.001975976 	-0.01895674 	-1.1230774e-08 	-0.00091101189 	0.22661132
-0.001963964 	-0.018956607 	-1.1245782e-08 	-0.00093417608 	0.23002213
-0.001951952 	-0.018956474 	-1.1260789e-08 	-0.00095734028 	0.23343294
-0.0019399399 	-0.018956341 	-1.1275797e-08 	-0.00098050448 	0.23684375
-0.0019279279 	-0.018956208 	-1.1290804e-08 	-0.0010036687 	0.24025456
-0.0019159159 	-0.018956075 	-1.1305812e-08 	-0.0010268329 	0.24366537
-0.0019039039 	-0.018955942 	-1.132082e-08 	-0.0010499971 	0.24707618
-0.0018918919 	-0.018955809 	-1.1335827e-08 	-0.0010731613 	0.25048699
-0.0018798799 	-0.018955664 	-1.1321099e-08 	-0.0010956171 	0.25410554
-0.0018678679 	-0.018955511 	-1.128081e-08 	-0.0011174642 	0.25790265
-0.0018558559 	-0.018955367 	-1.1259675e-08 	-0.0011383588 	0.26158327
-0.0018438438 	-0.018955223 	-1.1239427e-08 	-0.0011592094 	0.26525849
-0.0018318318 	-0.01895508 	-1.1219179e-08 	-0.0011800599 	0.26893372
-0.0018198198 	-0.018954937 	-1.1198931e-08 	-0.0012009105 	0.27260894
-0.0018078078 	-0.018954793 	-1.1178683e-08 	-0.001221761 	0.27628417
-0.0017957958 	-0.01895465 	-1.1158434e-08 	-0.0012426116 	0.27995939
-0.0017837838 	-0.018954506 	-1.1138186e-08 	-0.0012634621 	0.28363462
-0.0017717718 	-0.018954363 	-1.1117938e-08 	-0.0012843127 	0.28730984
-0.0017597598 	-0.018954219 	-1.109769e-08 	-0.0013051632 	0.29098507
-0.0017477477 	-0.018954064 	-1.1034603e-08 	-0.0013234895 	0.29492968
-0.0017357357 	-0.018953905 	-1.0954177e-08 	-0.0013407942 	0.29898333
-0.0017237237 	-0.018953753 	-1.0893716e-08 	-0.0013576506 	0.30292043
-0.0017117117 	-0.018953603 	-1.0835053e-08 	-0.0013744666 	0.30684703
-0.0016996997 	-0.018953452 	-1.077639e-08 	-0.0013912827 	0.31077363
-0.0016876877 	-0.018953302 	-1.0717726e-08 	-0.0014080988 	0.31470023
-0.0016756757 	-0.018953151 	-1.0659063e-08 	-0.0014249148 	0.31862683
-0.0016636637 	-0.018953 	-1.06004e-08 	-0.0014417309 	0.32255343
-0.0016516517 	-0.01895285 	-1.0541737e-08 	-0.0014585469 	0.32648003
-0.0016396396 	-0.018952699 	-1.0483074e-08 	-0.001475363 	0.33040663
-0.0016276276 	-0.018952549 	-1.0424411e-08 	-0.0014921791 	0.33433323
-0.0016156156 	-0.018952398 	-1.0365747e-08 	-0.0015089951 	0.33825983
-0.0016036036 	-0.018952244 	-1.0284035e-08 	-0.0015230508 	0.34231876
-0.0015915916 	-0.018952084 	-1.0172008e-08 	-0.0015334762 	0.34655172
-0.0015795796 	-0.018951927 	-1.0067813e-08 	-0.0015439636 	0.3507365
-0.0015675676 	-0.018951775 	-9.9755419e-09 	-0.0015545455 	0.35484793
-0.0015555556 	-0.018951623 	-9.8832705e-09 	-0.0015651273 	0.35895936
-0.0015435435 	-0.018951471 	-9.7909991e-09 	-0.0015757092 	0.36307079
-0.0015315315 	-0.018951319 	-9.6987277e-09 	-0.0015862911 	0.36718222
-0.0015195195 	-0.018951166 	-9.6064564e-09 	-0.0015968729 	0.37129364
-0.0015075075 	-0.018951014 	-9.514185e-09 	-0.0016074548 	0.37540507
-0.0014954955 	-0.018950862 	-9.4219136e-09 	-0.0016180366 	0.3795165
-0.0014834835 	-0.01895071 	-9.3296422e-09 	-0.0016286185 	0.38362793
-0.0014714715 	-0.018950557 	-9.2373708e-09 	-0.0016392004 	0.38773936
-0.0014594595 	-0.018950405 	-9.1450995e-09 	-0.0016497822 	0.39185078
-0.0014474474 	-0.018950253 	-9.0528281e-09 	-0.0016603641 	0.39596221
-0.0014354354 	-0.018950101 	-8.9452863e-09 	-0.001666246 	0.4001384
-0.0014234234 	-0.01894995 	-8.822635e-09 	-0.0016674776 	0.40437867
-0.0014114114 	-0.0189498 	-8.7025944e-09 	-0.0016688659 	0.40859981
-0.0013993994 	-0.018949654 	-8.5934174e-09 	-0.001670907 	0.41274134
-0.0013873874 	-0.018949508 	-8.4842405e-09 	-0.001672948 	0.41688288
-0.0013753754 	-0.018949362 	-8.3750636e-09 	-0.001674989 	0.42102441
-0.0013633634 	-0.018949216 	-8.2658866e-09 	-0.0016770301 	0.42516595
-0.0013513514 	-0.01894907 	-8.1567097e-09 	-0.0016790711 	0.42930748
-0.0013393393 	-0.018948924 	-8.0475327e-09 	-0.0016811121 	0.43344901
-0.0013273273 	-0.018948778 	-7.9383558e-09 	-0.0016831531 	0.43759055
-0.0013153153 	-0.018948632 	-7.8291788e-09 	-0.0016851942 	0.44173208
-0.0013033033 	-0.018948486 	-7.7200019e-09 	-0.0016872352 	0.44587362
-0.0012912913 	-0.018948339 	-7.610825e-09 	-0.0016892762 	0.45001515
-0.0012792793 	-0.018948193 	-7.501648e-09 	-0.0016913172 	0.45415668
-0.0012672673 	-0.018948047 	-7.3924711e-09 	-0.0016933583 	0.45829822
-0.0012552553 	-0.018947901 	-7.2832941e-09 	-0.0016953993 	0.46243975
-0.0012432432 	-0.01894776 	-7.1774506e-09 	-0.0016891786 	0.46645478
-0.0012312312 	-0.01894762 	-7.0730189e-09 	-0.001679459 	0.47041623
-0.0012192192 	-0.018947481 	-6.9689881e-09 	-0.0016698434 	0.47437303
-0.0012072072 	-0.018947345 	-6.8693585e-09 	-0.0016613693 	0.47827882
-0.0011951952 	-0.018947208 	-6.7697289e-09 	-0.0016528953 	0.4821846
-0.0011831832 	-0.018947072 	-6.6700992e-09 	-0.0016444212 	0.48609039
-0.0011711712 	-0.018946935 	-6.5704696e-09 	-0.0016359471 	0.48999617
-0.0011591592 	-0.018946799 	-6.47084e-09 	-0.0016274731 	0.49390196
-0.0011471471 	-0.018946662 	-6.3712104e-09 	-0.001618999 	0.49780774
-0.0011351351 	-0.018946526 	-6.2715808e-09 	-0.0016105249 	0.50171353
-0.0011231231 	-0.018946389 	-6.1719512e-09 	-0.0016020508 	0.50561931
-0.0011111111 	-0.018946253 	-6.0723216e-09 	-0.0015935768 	0.5095251
-0.0010990991 	-0.018946116 	-5.972692e-09 	-0.0015851027 	0.51343088
-0.0010870871 	-0.01894598 	-5.8730624e-09 	-0.0015766286 	0.51733667
-0.0010750751 	-0.018945843 	-5.7734328e-09 	-0.0015681546 	0.52124245
-0.0010630631 	-0.018945707 	-5.6738032e-09 	-0.0015596805 	0.52514824
-0.0010510511 	-0.01894557 	-5.5741736e-09 	-0.0015512064 	0.52905402
-0.001039039 	-0.018945434 	-5.474544e-09 	-0.0015427323 	0.53295981
-0.001027027 	-0.018945373 	-5.3968953e-09 	-0.0015246535 	0.53673091
-0.001015015 	-0.018945334 	-5.3254405e-09 	-0.0015038682 	0.54046407
-0.001003003 	-0.018945294 	-5.2539856e-09 	-0.0014830828 	0.54419723
-0.00099099099 	-0.018945249 	-5.1801449e-09 	-0.001463163 	0.54794463
-0.00097897898 	-0.018945202 	-5.1057423e-09 	-0.0014434469 	0.55169539
-0.00096696697 	-0.018945155 	-5.0313398e-09 	-0.0014237308 	0.55544614
-0.00095495495 	-0.018945108 	-4.9569372e-09 	-0.0014040147 	0.5591969
-0.00094294294 	-0.018945061 	-4.8825346e-09 	-0.0013842987 	0.56294766
-0.00093093093 	-0.018945014 	-4.808132e-09 	-0.0013645826 	0.56669842
-0.00091891892 	-0.018944968 	-4.7337294e-09 	-0.0013448665 	0.57044917
-0.00090690691 	-0.018944921 	-4.6593269e-09 	-0.0013251504 	0.57419993
-0.00089489489 	-0.018944874 	-4.5849243e-09 	-0.0013054343 	0.57795069
-0.00088288288 	-0.018944827 	-4.5105217e-09 	-0.0012857183 	0.58170144
-0.00087087087 	-0.01894478 	-4.4361191e-09 	-0.0012660022 	0.5854522
-0.00085885886 	-0.018944733 	-4.3617166e-09 	-0.0012462861 	0.58920296
-0.00084684685 	-0.018944686 	-4.287314e-09 	-0.00122657 	0.59295372
-0.00083483483 	-0.018944639 	-4.2129114e-09 	-0.001206854 	0.59670447
-0.00082282282 	-0.018944593 	-4.1385088e-09 	-0.0011871379 	0.60045523
-0.00081081081 	-0.018944546 	-4.0641063e-09 	-0.0011674218 	0.60420599
-0.0007987988 	-0.018944499 	-3.9897037e-09 	-0.0011477057 	0.60795674
-0.00078678679 	-0.018944465 	-3.9344744e-09 	-0.0011292453 	0.61093963
-0.00077477477 	-0.018944446 	-3.9026177e-09 	-0.0011123154 	0.61298648
-0.00076276276 	-0.018944427 	-3.870761e-09 	-0.0010953855 	0.61503333
-0.00075075075 	-0.018944408 	-3.8389043e-09 	-0.0010784557 	0.61708018
-0.00073873874 	-0.018944389 	-3.8070475e-09 	-0.0010615258 	0.61912703
-0.00072672673 	-0.01894437 	-3.7751908e-09 	-0.001044596 	0.62117388
-0.00071471471 	-0.018944352 	-3.7433341e-09 	-0.0010276661 	0.62322073
-0.0007027027 	-0.018944333 	-3.7114774e-09 	-0.0010107362 	0.62526758
-0.00069069069 	-0.018944314 	-3.6796207e-09 	-0.00099380639 	0.62731443
-0.00067867868 	-0.018944295 	-3.6477639e-09 	-0.00097687653 	0.62936128
-0.00066666667 	-0.018944276 	-3.6159072e-09 	-0.00095994667 	0.63140813
-0.00065465465 	-0.018944257 	-3.5840505e-09 	-0.00094301681 	0.63345498
-0.00064264264 	-0.018944238 	-3.5521938e-09 	-0.00092608695 	0.63550183
-0.00063063063 	-0.01894422 	-3.5203371e-09 	-0.0009091571 	0.63754868
-0.00061861862 	-0.018944201 	-3.4884804e-09 	-0.00089222724 	0.63959553
-0.00060660661 	-0.018944182 	-3.4566236e-09 	-0.00087529738 	0.64164238
-0.00059459459 	-0.018944163 	-3.4247669e-09 	-0.00085836752 	0.64368923
-0.00058258258 	-0.018944144 	-3.3929102e-09 	-0.00084143766 	0.64573608
-0.00057057057 	-0.018944125 	-3.3610535e-09 	-0.00082450781 	0.64778293
-0.00055855856 	-0.018944107 	-3.3291968e-09 	-0.00080757795 	0.64982978
-0.00054654655 	-0.018944088 	-3.2973401e-09 	-0.00079064809 	0.65187663
-0.00053453453 	-0.018944069 	-3.2654833e-09 	-0.00077371823 	0.65392347
-0.00052252252 	-0.01894405 	-3.2336266e-09 	-0.00075678837 	0.65597032
-0.00051051051 	-0.018944031 	-3.2017699e-09 	-0.00073985851 	0.65801717
-0.0004984985 	-0.018944012 	-3.1699132e-09 	-0.00072292866 	0.66006402
-0.00048648649 	-0.018943993 	-3.1380565e-09 	-0.0007059988 	0.66211087
-0.00047447447 	-0.018943975 	-3.1061997e-09 	-0.00068906894 	0.66415772
-0.00046246246 	-0.018943956 	-3.074343e-09 	-0.00067213908 	0.66620457
-0.00045045045 	-0.018943938 	-3.0431718e-09 	-0.0006551514 	0.66824558
-0.00043843844 	-0.018943923 	-3.0141299e-09 	-0.00063798411 	0.67026846
-0.00042642643 	-0.018943908 	-2.9850881e-09 	-0.00062081681 	0.67229134
-0.00041441441 	-0.018943893 	-2.9560463e-09 	-0.00060364952 	0.67431422
-0.0004024024 	-0.018943878 	-2.9270045e-09 	-0.00058648222 	0.6763371
-0.00039039039 	-0.018943856 	-2.9063448e-09 	-0.00056913115 	0.67777554
-0.00037837838 	-0.018943826 	-2.8949377e-09 	-0.0005515772 	0.67856886
-0.00036636637 	-0.018943796 	-2.8835305e-09 	-0.00053402326 	0.67936217
-0.00035435435 	-0.018943766 	-2.8721233e-09 	-0.00051646932 	0.68015549
-0.00034234234 	-0.018943736 	-2.8607161e-09 	-0.00049891538 	0.68094881
-0.00033033033 	-0.018943706 	-2.849309e-09 	-0.00048136143 	0.68174212
-0.00031831832 	-0.018943676 	-2.8379018e-09 	-0.00046380749 	0.68253544
-0.00030630631 	-0.018943646 	-2.8264946e-09 	-0.00044625355 	0.68332876
-0.00029429429 	-0.018943616 	-2.8150874e-09 	-0.00042869961 	0.68412207
-0.00028228228 	-0.018943585 	-2.8036803e-09 	-0.00041114566 	0.68491539
-0.00027027027 	-0.018943555 	-2.7922731e-09 	-0.00039359172 	0.68570871
-0.00025825826 	-0.018943525 	-2.7808659e-09 	-0.00037603778 	0.68650202
-0.00024624625 	-0.018943495 	-2.7694587e-09 	-0.00035848384 	0.68729534
-0.00023423423 	-0.018943465 	-2.7580516e-09 	-0.00034092989 	0.68808866
-0.00022222222 	-0.018943435 	-2.7466444e-09 	-0.00032337595 	0.68888197
-0.00021021021 	-0.018943405 	-2.7352372e-09 	-0.00030582201 	0.68967529
-0.0001981982 	-0.018943375 	-2.72383e-09 	-0.00028826807 	0.69046861
-0.00018618619 	-0.018943345 	-2.7124228e-09 	-0.00027071412 	0.69126192
-0.00017417417 	-0.018943315 	-2.7010157e-09 	-0.00025316018 	0.69205524
-0.00016216216 	-0.018943285 	-2.6896085e-09 	-0.00023560624 	0.69284856
-0.00015015015 	-0.018943254 	-2.6782013e-09 	-0.0002180523 	0.69364187
-0.00013813814 	-0.018943224 	-2.6667941e-09 	-0.00020049835 	0.69443519
-0.00012612613 	-0.018943194 	-2.655387e-09 	-0.00018294441 	0.69522851
-0.00011411411 	-0.018943164 	-2.6439798e-09 	-0.00016539047 	0.69602182
-0.0001021021 	-0.018943134 	-2.6325726e-09 	-0.00014783653 	0.69681514
-9.009009e-05 	-0.018943104 	-2.6211654e-09 	-0.00013028258 	0.69760846
-7.8078078e-05 	-0.018943074 	-2.6097583e-09 	-0.00011272864 	0.69840178
-6.6066066e-05 	-0.018943044 	-2.5983511e-09 	-9.5174698e-05 	0.69919509
-5.4054054e-05 	-0.018943013 	-2.5872241e-09 	-7.7698112e-05 	0.69998342
-4.2042042e-05 	-0.018942982 	-2.5768617e-09 	-6.0432614e-05 	0.70075811
-3.003003e-05 	-0.01894295 	-2.5664994e-09 	-4.3167117e-05 	0.70153281
-1.8018018e-05 	-0.018942919 	-2.556137e-09 	-2.5901619e-05 	0.70230751
-6.006006e-06 	-0.018942888 	-2.5457746e-09 	-8.6361205e-06 	0.70308221
6.006006e-06 	-0.018942887 	-2.5461085e-09 	8.7736007e-06 	0.7030729
1.8018018e-05 	-0.018942917 	-2.5571386e-09 	2.6327545e-05 	0.70227959
3.003003e-05 	-0.018942947 	-2.5681687e-09 	4.388149e-05 	0.70148627
4.2042042e-05 	-0.018942977 	-2.5791988e-09 	6.1435434e-05 	0.70069295
5.4054054e-05 	-0.018943007 	-2.5902289e-09 	7.8989378e-05 	0.69989963
6.6066066e-05 	-0.018943037 	-2.6012591e-09 	9.6543323e-05 	0.69910631
7.8078078e-05 	-0.018943067 	-2.6122892e-09 	0.00011409727 	0.698313
9.009009e-05 	-0.018943097 	-2.6233193e-09 	0.00013165121 	0.69751968
0.0001021021 	-0.018943128 	-2.6343494e-09 	0.00014920516 	0.69672636
0.00011411411 	-0.018943158 	-2.6453795e-09 	0.0001667591 	0.69593304
0.00012612613 	-0.018943188 	-2.6564096e-09 	0.00018431305 	0.69513972
0.00013813814 	-0.018943218 	-2.6674398e-09 	0.00020186699 	0.69434641
0.00015015015 	-0.018943248 	-2.6784699e-09 	0.00021942093 	0.69355309
0.00016216216 	-0.018943278 	-2.6895e-09 	0.00023697488 	0.69275977
0.00017417417 	-0.018943308 	-2.7005301e-09 	0.00025452882 	0.69196645
0.00018618619 	-0.018943338 	-2.7115602e-09 	0.00027208277 	0.69117314
0.0001981982 	-0.018943368 	-2.7225903e-09 	0.00028963671 	0.69037982
0.00021021021 	-0.018943398 	-2.7336205e-09 	0.00030719066 	0.6895865
0.00022222222 	-0.018943428 	-2.7446506e-09 	0.0003247446 	0.68879318
0.00023423423 	-0.018943458 	-2.7556807e-09 	0.00034229855 	0.68799986
0.00024624625 	-0.018943489 	-2.7667108e-09 	0.00035985249 	0.68720655
0.00025825826 	-0.018943519 	-2.7777409e-09 	0.00037740643 	0.68641323
0.00027027027 	-0.018943549 	-2.788771e-09 	0.00039496038 	0.68561991
0.00028228228 	-0.018943579 	-2.7998011e-09 	0.00041251432 	0.68482659
0.00029429429 	-0.018943609 	-2.8108313e-09 	0.00043006827 	0.68403327
0.00030630631 	-0.018943639 	-2.8218614e-09 	0.00044762221 	0.68323996
0.00031831832 	-0.018943669 	-2.8328915e-09 	0.00046517616 	0.68244664
0.00033033033 	-0.018943699 	-2.8439216e-09 	0.0004827301 	0.68165332
0.00034234234 	-0.01894373 	-2.8546887e-09 	0.00050019957 	0.68086546
0.00035435435 	-0.018943761 	-2.8648208e-09 	0.00051746507 	0.68009076
0.00036636637 	-0.018943793 	-2.8749529e-09 	0.00053473057 	0.67931606
0.00037837838 	-0.018943824 	-2.885085e-09 	0.00055199607 	0.67854136
0.00039039039 	-0.018943856 	-2.895217e-09 	0.00056926157 	0.67776665
0.0004024024 	-0.01894388 	-2.9165686e-09 	0.00058635097 	0.67632449
0.00041441441 	-0.018943899 	-2.9480843e-09 	0.00060328082 	0.67427764
0.00042642643 	-0.018943918 	-2.9796e-09 	0.00062021067 	0.67223079
0.00043843844 	-0.018943937 	-3.0111157e-09 	0.00063714052 	0.67018394
0.00045045045 	-0.018943956 	-3.0426314e-09 	0.00065407037 	0.66813709
0.00046246246 	-0.018943975 	-3.0741471e-09 	0.00067100022 	0.66609023
0.00047447447 	-0.018943993 	-3.1056628e-09 	0.00068793007 	0.66404338
0.00048648649 	-0.018944012 	-3.1371785e-09 	0.00070485992 	0.66199653
0.0004984985 	-0.018944031 	-3.1686942e-09 	0.00072178977 	0.65994968
0.00051051051 	-0.01894405 	-3.2002099e-09 	0.00073871963 	0.65790283
0.00052252252 	-0.018944069 	-3.2317256e-09 	0.00075564948 	0.65585598
0.00053453453 	-0.018944088 	-3.2632413e-09 	0.00077257933 	0.65380913
0.00054654655 	-0.018944107 	-3.294757e-09 	0.00078950918 	0.65176228
0.00055855856 	-0.018944125 	-3.3262727e-09 	0.00080643903 	0.64971543
0.00057057057 	-0.018944144 	-3.3577884e-09 	0.00082336888 	0.64766858
0.00058258258 	-0.018944163 	-3.3893041e-09 	0.00084029873 	0.64562173
0.00059459459 	-0.018944182 	-3.4208198e-09 	0.00085722858 	0.64357488
0.00060660661 	-0.018944201 	-3.4523356e-09 	0.00087415843 	0.64152802
0.00061861862 	-0.01894422 	-3.4838513e-09 	0.00089108828 	0.63948117
0.00063063063 	-0.018944238 	-3.515367e-09 	0.00090801814 	0.63743432
0.00064264264 	-0.018944257 	-3.5468827e-09 	0.00092494799 	0.63538747
0.00065465465 	-0.018944276 	-3.5783984e-09 	0.00094187784 	0.63334062
0.00066666667 	-0.018944295 	-3.6099141e-09 	0.00095880769 	0.63129377
0.00067867868 	-0.018944314 	-3.6414298e-09 	0.00097573754 	0.62924692
0.00069069069 	-0.018944333 	-3.6729455e-09 	0.00099266739 	0.62720007
0.0007027027 	-0.018944351 	-3.7044612e-09 	0.0010095972 	0.62515322
0.00071471471 	-0.01894437 	-3.7359769e-09 	0.0010265271 	0.62310637
0.00072672673 	-0.018944389 	-3.7674926e-09 	0.0010434569 	0.62105952
0.00073873874 	-0.018944407 	-3.7981492e-09 	0.0010604622 	0.61902028
0.00075075075 	-0.018944422 	-3.8269595e-09 	0.0010776295 	0.6169974
0.00076276276 	-0.018944437 	-3.8557697e-09 	0.0010947968 	0.61497452
0.00077477477 	-0.018944451 	-3.8845799e-09 	0.0011119641 	0.61295164
0.00078678679 	-0.018944466 	-3.9133902e-09 	0.0011291314 	0.61092875
0.0007987988 	-0.018944499 	-3.9668433e-09 	0.0011476988 	0.60795666
0.00081081081 	-0.018944546 	-4.0405118e-09 	0.0011674148 	0.6042059
0.00082282282 	-0.018944593 	-4.1141803e-09 	0.0011871309 	0.60045515
0.00083483483 	-0.018944639 	-4.1878488e-09 	0.0012068469 	0.59670439
0.00084684685 	-0.018944686 	-4.2615172e-09 	0.001226563 	0.59295363
0.00085885886 	-0.018944733 	-4.3351857e-09 	0.001246279 	0.58920287
0.00087087087 	-0.01894478 	-4.4088542e-09 	0.0012659951 	0.58545211
0.00088288288 	-0.018944827 	-4.4825227e-09 	0.0012857111 	0.58170135
0.00089489489 	-0.018944874 	-4.5561912e-09 	0.0013054272 	0.57795059
0.00090690691 	-0.018944921 	-4.6298597e-09 	0.0013251432 	0.57419983
0.00091891892 	-0.018944968 	-4.7035281e-09 	0.0013448593 	0.57044907
0.00093093093 	-0.018945014 	-4.7771966e-09 	0.0013645753 	0.56669831
0.00094294294 	-0.018945061 	-4.8508651e-09 	0.0013842914 	0.56294755
0.00095495495 	-0.018945108 	-4.9245336e-09 	0.0014040074 	0.5591968
0.00096696697 	-0.018945155 	-4.9982021e-09 	0.0014237235 	0.55544604
0.00097897898 	-0.018945202 	-5.0718706e-09 	0.0014434395 	0.55169528
0.00099099099 	-0.018945249 	-5.1455391e-09 	0.0014631556 	0.54794452
0.001003003 	-0.018945294 	-5.2186683e-09 	0.0014830754 	0.54419711
0.001015015 	-0.018945334 	-5.2895081e-09 	0.0015038607 	0.54046395
0.001027027 	-0.018945373 	-5.3603478e-09 	0.001524646 	0.5367308
0.001039039 	-0.018945434 	-5.4372714e-09 	0.0015427248 	0.53295969
0.0010510511 	-0.01894557 	-5.5357861e-09 	0.0015511989 	0.5290539
0.0010630631 	-0.018945707 	-5.6343007e-09 	0.0015596729 	0.52514811
0.0010750751 	-0.018945843 	-5.7328153e-09 	0.001568147 	0.52124233
0.0010870871 	-0.01894598 	-5.83133e-09 	0.001576621 	0.51733654
0.0010990991 	-0.018946116 	-5.9298446e-09 	0.001585095 	0.51343075
0.0011111111 	-0.018946253 	-6.0283592e-09 	0.0015935691 	0.50952496
0.0011231231 	-0.018946389 	-6.1268739e-09 	0.0016020431 	0.50561918
0.0011351351 	-0.018946526 	-6.2253885e-09 	0.0016105171 	0.50171339
0.0011471471 	-0.018946662 	-6.3239031e-09 	0.0016189912 	0.4978076
0.0011591592 	-0.018946799 	-6.4224178e-09 	0.0016274652 	0.49390182
0.0011711712 	-0.018946935 	-6.5209324e-09 	0.0016359392 	0.48999603
0.0011831832 	-0.018947072 	-6.619447e-09 	0.0016444133 	0.48609024
0.0011951952 	-0.018947208 	-6.7179617e-09 	0.0016528873 	0.48218445
0.0012072072 	-0.018947345 	-6.8164763e-09 	0.0016613614 	0.47827867
0.0012192192 	-0.018947481 	-6.9149909e-09 	0.0016698354 	0.47437288
0.0012312312 	-0.01894762 	-7.0179639e-09 	0.001679451 	0.47041607
0.0012432432 	-0.01894776 	-7.1213428e-09 	0.0016891706 	0.46645462
0.0012552553 	-0.018947901 	-7.2260466e-09 	0.0016953912 	0.46243959
0.0012672673 	-0.018948047 	-7.3338784e-09 	0.0016933501 	0.45829805
0.0012792793 	-0.018948193 	-7.4417101e-09 	0.001691309 	0.45415652
0.0012912913 	-0.018948339 	-7.5495419e-09 	0.001689268 	0.45001498
0.0013033033 	-0.018948486 	-7.6573737e-09 	0.0016872269 	0.44587345
0.0013153153 	-0.018948632 	-7.7652055e-09 	0.0016851858 	0.44173191
0.0013273273 	-0.018948778 	-7.8730373e-09 	0.0016831448 	0.43759037
0.0013393393 	-0.018948924 	-7.980869e-09 	0.0016811037 	0.43344884
0.0013513514 	-0.01894907 	-8.0887008e-09 	0.0016790626 	0.4293073
0.0013633634 	-0.018949216 	-8.1965326e-09 	0.0016770216 	0.42516576
0.0013753754 	-0.018949362 	-8.3043644e-09 	0.0016749805 	0.42102423
0.0013873874 	-0.018949508 	-8.4121961e-09 	0.0016729394 	0.41688269
0.0013993994 	-0.018949654 	-8.5200279e-09 	0.0016708983 	0.41274115
0.0014114114 	-0.0189498 	-8.6278597e-09 	0.0016688573 	0.40859962
0.0014234234 	-0.018949951 	-8.7464189e-09 	0.0016674688 	0.40437847
0.0014354354 	-0.018950102 	-8.8675561e-09 	0.0016662373 	0.4001382
0.0014474474 	-0.018950253 	-8.9738434e-09 	0.0016603553 	0.39596201
0.0014594595 	-0.018950405 	-9.0651225e-09 	0.0016497734 	0.39185058
0.0014714715 	-0.018950558 	-9.1564016e-09 	0.0016391915 	0.38773915
0.0014834835 	-0.01895071 	-9.2476807e-09 	0.0016286096 	0.38362772
0.0014954955 	-0.018950862 	-9.3389598e-09 	0.0016180277 	0.37951629
0.0015075075 	-0.018951014 	-9.4302389e-09 	0.0016074457 	0.37540486
0.0015195195 	-0.018951167 	-9.521518e-09 	0.0015968638 	0.37129343
0.0015315315 	-0.018951319 	-9.6127971e-09 	0.0015862819 	0.367182
0.0015435435 	-0.018951471 	-9.7040763e-09 	0.0015757 	0.36307056
0.0015555556 	-0.018951623 	-9.7953554e-09 	0.0015651181 	0.35895913
0.0015675676 	-0.018951776 	-9.8866345e-09 	0.0015545362 	0.3548477
0.0015795796 	-0.018951928 	-9.9779136e-09 	0.0015439543 	0.35073627
0.0015915916 	-0.018952084 	-1.0080734e-08 	0.0015334668 	0.34655149
0.0016036036 	-0.018952244 	-1.0191134e-08 	0.0015230414 	0.34231852
0.0016156156 	-0.018952398 	-1.027214e-08 	0.0015089857 	0.33825959
0.0016276276 	-0.018952549 	-1.0330797e-08 	0.0014921696 	0.33433299
0.0016396396 	-0.0189527 	-1.0389454e-08 	0.0014753535 	0.33040639
0.0016516517 	-0.01895285 	-1.044811e-08 	0.0014585373 	0.32647978
0.0016636637 	-0.018953001 	-1.0506767e-08 	0.0014417212 	0.32255318
0.0016756757 	-0.018953151 	-1.0565424e-08 	0.0014249051 	0.31862658
0.0016876877 	-0.018953302 	-1.0624081e-08 	0.001408089 	0.31469997
0.0016996997 	-0.018953452 	-1.0682737e-08 	0.0013912729 	0.31077337
0.0017117117 	-0.018953603 	-1.0741394e-08 	0.0013744568 	0.30684677
0.0017237237 	-0.018953753 	-1.0800051e-08 	0.0013576407 	0.30292017
0.0017357357 	-0.018953905 	-1.0860404e-08 	0.0013407843 	0.29898307
0.0017477477 	-0.018954065 	-1.0939596e-08 	0.0013234796 	0.29492941
0.0017597598 	-0.01895422 	-1.1002103e-08 	0.0013051532 	0.2909848
0.0017717718 	-0.018954363 	-1.1023386e-08 	0.0012843026 	0.28730957
0.0017837838 	-0.018954506 	-1.1044668e-08 	0.0012634521 	0.28363434
0.0017957958 	-0.01895465 	-1.106595e-08 	0.0012426015 	0.27995911
0.0018078078 	-0.018954793 	-1.1087233e-08 	0.0012217509 	0.27628389
0.0018198198 	-0.018954937 	-1.1108515e-08 	0.0012009003 	0.27260866
0.0018318318 	-0.01895508 	-1.1129797e-08 	0.0011800497 	0.26893343
0.0018438438 	-0.018955224 	-1.115108e-08 	0.0011591991 	0.2652582
0.0018558559 	-0.018955367 	-1.1172362e-08 	0.0011383485 	0.26158298
0.0018678679 	-0.018955511 	-1.1194469e-08 	0.0011174539 	0.25790236
0.0018798799 	-0.018955665 	-1.1234403e-08 	0.0010956068 	0.25410524
0.0018918919 	-0.018955809 	-1.1249846e-08 	0.0010731509 	0.2504867
0.0019039039 	-0.018955942 	-1.1236796e-08 	0.0010499866 	0.24707588
0.0019159159 	-0.018956075 	-1.1223747e-08 	0.0010268224 	0.24366507
0.0019279279 	-0.018956208 	-1.1210698e-08 	0.0010036582 	0.24025426
0.0019399399 	-0.018956341 	-1.1197648e-08 	0.00098049397 	0.23684344
0.001951952 	-0.018956474 	-1.1184599e-08 	0.00095732974 	0.23343263
0.001963964 	-0.018956607 	-1.1171549e-08 	0.00093416551 	0.23002182
0.001975976 	-0.018956741 	-1.11585e-08 	0.00091100129 	0.22661101
0.001987988 	-0.018956877 	-1.1150003e-08 	0.00088741638 	0.22316526
0.002 	-0.018957021 	-1.1151502e-08 	0.00086290777 	0.21964279
0.002012012 	-0.018957144 	-1.1114025e-08 	0.00083862444 	0.21645261
0.002024024 	-0.018957265 	-1.1073078e-08 	0.00081436116 	0.21329202
0.002036036 	-0.018957386 	-1.1032131e-08 	0.00079009789 	0.21013142
0.002048048 	-0.018957506 	-1.0991184e-08 	0.00076583461 	0.20697083
0.0020600601 	-0.018957627 	-1.0950237e-08 	0.00074157134 	0.20381024
0.0020720721 	-0.018957748 	-1.090929e-08 	0.00071730806 	0.20064964
0.0020840841 	-0.018957869 	-1.0868343e-08 	0.00069304479 	0.19748905
0.0020960961 	-0.018957998 	-1.0834645e-08 	0.00066763945 	0.19425515
0.0021081081 	-0.018958117 	-1.0788001e-08 	0.00064246269 	0.19115837
0.0021201201 	-0.018958223 	-1.0726051e-08 	0.00061791764 	0.18822247
0.0021321321 	-0.01895833 	-1.0664101e-08 	0.0005933726 	0.18528657
0.0021441441 	-0.018958436 	-1.0602151e-08 	0.00056882755 	0.18235067
0.0021561562 	-0.018958543 	-1.0540202e-08 	0.00054428251 	0.17941477
0.0021681682 	-0.018958649 	-1.0478252e-08 	0.00051973746 	0.17647887
0.0021801802 	-0.018958758 	-1.0417183e-08 	0.00049490822 	0.17352788
0.0021921922 	-0.018958872 	-1.0358618e-08 	0.00046886378 	0.17052822
0.0022042042 	-0.018958965 	-1.028133e-08 	0.00044456813 	0.16778862
0.0022162162 	-0.018959057 	-1.0204043e-08 	0.00042027248 	0.16504903
0.0022282282 	-0.018959149 	-1.0126755e-08 	0.00039597683 	0.16230943
0.0022402402 	-0.018959242 	-1.0049468e-08 	0.00037168118 	0.15956983
0.0022522523 	-0.018959334 	-9.9721802e-09 	0.00034738553 	0.15683023
0.0022642643 	-0.018959431 	-9.8954084e-09 	0.00032223283 	0.15405133
0.0022762763 	-0.018959531 	-9.8125917e-09 	0.00029741711 	0.1513691
0.0022882883 	-0.018959629 	-9.7243552e-09 	0.00027358031 	0.1487989
0.0023003003 	-0.018959726 	-9.6361188e-09 	0.00024974351 	0.14622871
0.0023123123 	-0.018959824 	-9.5478823e-09 	0.00022590672 	0.14365851
0.0023243243 	-0.018959921 	-9.4596458e-09 	0.00020206992 	0.14108832
0.0023363363 	-0.018960026 	-9.3702641e-09 	0.00017716015 	0.13847491
0.0023483483 	-0.018960453 	-9.1170933e-09 	0.00011565876 	0.13233237
0.0023603604 	-0.018960967 	-8.8185553e-09 	4.4158481e-05 	0.1252154
0.0023723724 	-0.018961481 	-8.5200173e-09 	-2.7341799e-05 	0.11809843
0.0023843844 	-0.018961996 	-8.2214792e-09 	-9.884208e-05 	0.11098147
0.0023963964 	-0.01896254 	-7.9139307e-09 	-0.00017305567 	0.1037591
0.0024084084 	-0.018962724 	-7.7684371e-09 	-0.00020590066 	0.10065069
0.0024204204 	-0.018962737 	-7.697257e-09 	-0.00021955234 	0.099362267
0.0024324324 	-0.018962749 	-7.6260769e-09 	-0.00023320402 	0.098073848
0.0024444444 	-0.018962762 	-7.5548968e-09 	-0.0002468557 	0.096785428
0.0024564565 	-0.018962775 	-7.4837166e-09 	-0.00026050738 	0.095497009
0.0024684685 	-0.018962787 	-7.4125365e-09 	-0.00027415906 	0.094208589
0.0024804805 	-0.0189628 	-7.3413564e-09 	-0.00028781074 	0.092920169
0.0024924925 	-0.018962812 	-7.2701763e-09 	-0.00030146242 	0.09163175
0.0025045045 	-0.018962825 	-7.1989962e-09 	-0.0003151141 	0.09034333
0.0025165165 	-0.018962838 	-7.1278161e-09 	-0.00032876578 	0.089054911
0.0025285285 	-0.01896285 	-7.056636e-09 	-0.00034241746 	0.087766491
0.0025405405 	-0.018962863 	-6.9854559e-09 	-0.00035606914 	0.086478072
0.0025525526 	-0.018962875 	-6.9142758e-09 	-0.00036972082 	0.085189652
0.0025645646 	-0.018962888 	-6.8430957e-09 	-0.0003833725 	0.083901233
0.0025765766 	-0.018962901 	-6.7719156e-09 	-0.00039702418 	0.082612813
0.0025885886 	-0.018962913 	-6.7007354e-09 	-0.00041067586 	0.081324393
0.0026006006 	-0.018962926 	-6.6295553e-09 	-0.00042432754 	0.080035974
0.0026126126 	-0.018962938 	-6.5583752e-09 	-0.00043797922 	0.078747554
0.0026246246 	-0.018962951 	-6.4871951e-09 	-0.00045163091 	0.077459135
0.0026366366 	-0.018962964 	-6.416015e-09 	-0.00046528259 	0.076170715
0.0026486486 	-0.018962976 	-6.3448349e-09 	-0.00047893427 	0.074882296
0.0026606607 	-0.018962989 	-6.2736548e-09 	-0.00049258595 	0.073593876
0.0026726727 	-0.018963001 	-6.2024747e-09 	-0.00050623763 	0.072305456
0.0026846847 	-0.018963014 	-6.1312946e-09 	-0.00051988931 	0.071017037
0.0026966967 	-0.018963027 	-6.0601145e-09 	-0.00053354099 	0.069728617
0.0027087087 	-0.018963039 	-5.9889343e-09 	-0.00054719267 	0.068440198
0.0027207207 	-0.018963052 	-5.9177542e-09 	-0.00056084435 	0.067151778
0.0027327327 	-0.018963065 	-5.8465741e-09 	-0.00057449603 	0.065863359
0.0027447447 	-0.018963077 	-5.775394e-09 	-0.00058814771 	0.064574939
0.0027567568 	-0.01896309 	-5.7042139e-09 	-0.00060179939 	0.063286519
0.0027687688 	-0.018963102 	-5.6330338e-09 	-0.00061545107 	0.0619981
0.0027807808 	-0.018963115 	-5.5618537e-09 	-0.00062910275 	0.06070968
0.0027927928 	-0.018963128 	-5.4906736e-09 	-0.00064275443 	0.059421261
0.0028048048 	-0.01896314 	-5.4194935e-09 	-0.00065640611 	0.058132841
0.0028168168 	-0.018963153 	-5.3483134e-09 	-0.00067005779 	0.056844422
0.0028288288 	-0.018963165 	-5.2771332e-09 	-0.00068370947 	0.055556002
0.0028408408 	-0.018963178 	-5.2059531e-09 	-0.00069736115 	0.054267583
0.0028528529 	-0.018963191 	-5.134773e-09 	-0.00071101284 	0.052979163
0.0028648649 	-0.018963203 	-5.0635929e-09 	-0.00072466452 	0.051690743
0.0028768769 	-0.01896322 	-4.9857452e-09 	-0.00073919426 	0.050390283
0.0028888889 	-0.018963236 	-4.9073056e-09 	-0.00075380194 	0.049088754
0.0029009009 	-0.018963253 	-4.8288661e-09 	-0.00076840961 	0.047787225
0.0029129129 	-0.018963269 	-4.7504266e-09 	-0.00078301729 	0.046485696
0.0029249249 	-0.018963286 	-4.6719871e-09 	-0.00079762496 	0.045184167
0.0029369369 	-0.018963303 	-4.5935475e-09 	-0.00081223264 	0.043882638
0.0029489489 	-0.018963304 	-4.5162439e-09 	-0.00082572089 	0.042626124
0.002960961 	-0.018963235 	-4.4440977e-09 	-0.00083412678 	0.041573982
0.002972973 	-0.018963166 	-4.3719515e-09 	-0.00084253267 	0.040521841
0.002984985 	-0.018963097 	-4.2998053e-09 	-0.00085093856 	0.039469699
0.002996997 	-0.018963027 	-4.227659e-09 	-0.00085934446 	0.038417558
0.003009009 	-0.018962958 	-4.1555128e-09 	-0.00086775035 	0.037365416
0.003021021 	-0.018962889 	-4.0833666e-09 	-0.00087615624 	0.036313275
0.003033033 	-0.01896282 	-4.0112204e-09 	-0.00088456213 	0.035261133
0.003045045 	-0.018962751 	-3.9390741e-09 	-0.00089296803 	0.034208992
0.0030570571 	-0.018962682 	-3.8669279e-09 	-0.00090137392 	0.03315685
0.0030690691 	-0.018962613 	-3.7947817e-09 	-0.00090977981 	0.032104709
0.0030810811 	-0.018962544 	-3.7226354e-09 	-0.0009181857 	0.031052568
0.0030930931 	-0.018962475 	-3.6504892e-09 	-0.0009265916 	0.030000426
0.0031051051 	-0.018962406 	-3.578343e-09 	-0.00093499749 	0.028948285
0.0031171171 	-0.018962337 	-3.5061968e-09 	-0.00094340338 	0.027896143
0.0031291291 	-0.018962267 	-3.4340505e-09 	-0.00095180927 	0.026844002
0.0031411411 	-0.018962198 	-3.3619043e-09 	-0.00096021517 	0.02579186
0.0031531532 	-0.018962129 	-3.2897581e-09 	-0.00096862106 	0.024739719
0.0031651652 	-0.01896206 	-3.2176119e-09 	-0.00097702695 	0.023687577
0.0031771772 	-0.018961991 	-3.1454656e-09 	-0.00098543284 	0.022635436
0.0031891892 	-0.018961922 	-3.0733194e-09 	-0.00099383874 	0.021583294
0.0032012012 	-0.018961853 	-3.0011732e-09 	-0.0010022446 	0.020531153
0.0032132132 	-0.018961784 	-2.929027e-09 	-0.0010106505 	0.019479011
0.0032252252 	-0.018961715 	-2.8568807e-09 	-0.0010190564 	0.01842687
0.0032372372 	-0.018961646 	-2.7847345e-09 	-0.0010274623 	0.017374728
0.0032492492 	-0.018961577 	-2.7125883e-09 	-0.0010358682 	0.016322587
0.0032612613 	-0.018961507 	-2.640442e-09 	-0.0010442741 	0.015270445
0.0032732733 	-0.018961438 	-2.5682958e-09 	-0.00105268 	0.014218304
0.0032852853 	-0.018961369 	-2.4961496e-09 	-0.0010610859 	0.013166162
0.0032972973 	-0.0189613 	-2.4240034e-09 	-0.0010694918 	0.012114021
0.0033093093 	-0.018961231 	-2.3518571e-09 	-0.0010778977 	0.011061879
0.0033213213 	-0.018961162 	-2.2797109e-09 	-0.0010863036 	0.010009738
0.0033333333 	-0.018961093 	-2.2075647e-09 	-0.0010947094 	0.0089575964
0.0033453453 	-0.018961024 	-2.1354185e-09 	-0.0011031153 	0.007905455
0.0033573574 	-0.018960955 	-2.0632722e-09 	-0.0011115212 	0.0068533135
0.0033693694 	-0.01896088 	-1.9815618e-09 	-0.0011203163 	0.0058086201
0.0033813814 	-0.018960806 	-1.899765e-09 	-0.0011291149 	0.0047639939
0.0033933934 	-0.018960732 	-1.8179683e-09 	-0.0011379134 	0.0037193677
0.0034054054 	-0.018960657 	-1.7361715e-09 	-0.001146712 	0.0026747415
0.0034174174 	-0.018960583 	-1.6543747e-09 	-0.0011555106 	0.0016301154
0.0034294294 	-0.018960509 	-1.5746724e-09 	-0.0011638058 	0.00060754101
0.0034414414 	-0.01896044 	-1.5340176e-09 	-0.0011627176 	-3.923026e-06
0.0034534535 	-0.018960372 	-1.4933628e-09 	-0.0011616294 	-0.00061538706
0.0034654655 	-0.018960303 	-1.452708e-09 	-0.0011605412 	-0.0012268511
0.0034774775 	-0.018960235 	-1.4120532e-09 	-0.001159453 	-0.0018383151
0.0034894895 	-0.018960166 	-1.3713983e-09 	-0.0011583648 	-0.0024497792
0.0035015015 	-0.018960098 	-1.3307435e-09 	-0.0011572766 	-0.0030612432
0.0035135135 	-0.018960029 	-1.2900887e-09 	-0.0011561884 	-0.0036727072
0.0035255255 	-0.018959961 	-1.2494339e-09 	-0.0011551002 	-0.0042841712
0.0035375375 	-0.018959893 	-1.2087791e-09 	-0.001154012 	-0.0048956353
0.0035495495 	-0.018959824 	-1.1681242e-09 	-0.0011529238 	-0.0055070993
0.0035615616 	-0.018959756 	-1.1274694e-09 	-0.0011518356 	-0.0061185633
0.0035735736 	-0.018959687 	-1.0868146e-09 	-0.0011507474 	-0.0067300274
0.0035855856 	-0.018959619 	-1.0461598e-09 	-0.0011496592 	-0.0073414914
0.0035975976 	-0.01895955 	-1.005505e-09 	-0.001148571 	-0.0079529554
0.0036096096 	-0.018959482 	-9.6485013e-10 	-0.0011474828 	-0.0085644195
0.0036216216 	-0.018959413 	-9.2419531e-10 	-0.0011463946 	-0.0091758835
0.0036336336 	-0.018959345 	-8.8354049e-10 	-0.0011453065 	-0.0097873475
0.0036456456 	-0.018959276 	-8.4288567e-10 	-0.0011442183 	-0.010398812
0.0036576577 	-0.018959208 	-8.0223085e-10 	-0.0011431301 	-0.011010276
0.0036696697 	-0.01895914 	-7.6157603e-10 	-0.0011420419 	-0.01162174
0.0036816817 	-0.018959071 	-7.209212e-10 	-0.0011409537 	-0.012233204
0.0036936937 	-0.018959003 	-6.8026638e-10 	-0.0011398655 	-0.012844668
0.0037057057 	-0.018958934 	-6.3961156e-10 	-0.0011387773 	-0.013456132
0.0037177177 	-0.018958866 	-5.9895674e-10 	-0.0011376891 	-0.014067596
0.0037297297 	-0.018958797 	-5.5830192e-10 	-0.0011366009 	-0.01467906
0.0037417417 	-0.018958729 	-5.176471e-10 	-0.0011355127 	-0.015290524
0.0037537538 	-0.01895866 	-4.7699228e-10 	-0.0011344245 	-0.015901988
0.0037657658 	-0.018958592 	-4.3633746e-10 	-0.0011333363 	-0.016513452
0.0037777778 	-0.018958523 	-3.9568264e-10 	-0.0011322481 	-0.017124916
0.0037897898 	-0.018958455 	-3.5502782e-10 	-0.0011311599 	-0.01773638
0.0038018018 	-0.018958382 	-3.0916452e-10 	-0.0011296954 	-0.018336721
0.0038138138 	-0.018958309 	-2.6278477e-10 	-0.0011281936 	-0.018935959
0.0038258258 	-0.018958235 	-2.1640503e-10 	-0.0011266918 	-0.019535197
0.0038378378 	-0.018958162 	-1.7002529e-10 	-0.00112519 	-0.020134435
0.0038498498 	-0.018958088 	-1.2364554e-10 	-0.0011236883 	-0.020733673
0.0038618619 	-0.018958022 	-9.4445053e-11 	-0.0011194612 	-0.021148752
0.0038738739 	-0.01895796 	-7.3591261e-11 	-0.00111391 	-0.021474356
0.0038858859 	-0.018957898 	-5.2737468e-11 	-0.0011083588 	-0.021799961
0.0038978979 	-0.018957836 	-3.1883676e-11 	-0.0011028076 	-0.022125565
0.0039099099 	-0.018957774 	-1.1029883e-11 	-0.0010972564 	-0.02245117
0.0039219219 	-0.018957712 	9.8239096e-12 	-0.0010917053 	-0.022776774
0.0039339339 	-0.01895765 	3.0677702e-11 	-0.0010861541 	-0.023102378
0.0039459459 	-0.018957588 	5.1531495e-11 	-0.0010806029 	-0.023427983
0.003957958 	-0.018957525 	7.2385287e-11 	-0.0010750517 	-0.023753587
0.00396997 	-0.018957463 	9.323908e-11 	-0.0010695005 	-0.024079192
0.003981982 	-0.018957401 	1.1409287e-10 	-0.0010639493 	-0.024404796
0.003993994 	-0.018957339 	1.3494667e-10 	-0.0010583982 	-0.0247304
0.004006006 	-0.018957277 	1.5580046e-10 	-0.001052847 	-0.025056005
0.004018018 	-0.018957215 	1.7665425e-10 	-0.0010472958 	-0.025381609
0.00403003 	-0.018957153 	1.9750804e-10 	-0.0010417446 	-0.025707213
0.004042042 	-0.018957091 	2.1836184e-10 	-0.0010361934 	-0.026032818
0.0040540541 	-0.018957028 	2.3921563e-10 	-0.0010306422 	-0.026358422
0.0040660661 	-0.018956966 	2.6006942e-10 	-0.0010250911 	-0.026684027
0.0040780781 	-0.018956904 	2.8092321e-10 	-0.0010195399 	-0.027009631
0.0040900901 	-0.018956842 	3.0177701e-10 	-0.0010139887 	-0.027335235
0.0041021021 	-0.01895678 	3.226308e-10 	-0.0010084375 	-0.02766084
0.0041141141 	-0.018956718 	3.4348459e-10 	-0.0010028863 	-0.027986444
0.0041261261 	-0.018956656 	3.6433838e-10 	-0.00099733513 	-0.028312049
0.0041381381 	-0.018956594 	3.8519218e-10 	-0.00099178395 	-0.028637653
0.0041501502 	-0.018956531 	4.0604597e-10 	-0.00098623276 	-0.028963257
0.0041621622 	-0.018956469 	4.2689976e-10 	-0.00098068158 	-0.029288862
0.0041741742 	-0.018956407 	4.4805067e-10 	-0.00097506155 	-0.029613537
0.0041861862 	-0.01895634 	4.7185015e-10 	-0.00096882781 	-0.029929924
0.0041981982 	-0.018956273 	4.9564963e-10 	-0.00096259406 	-0.030246311
0.0042102102 	-0.018956206 	5.1944911e-10 	-0.00095636032 	-0.030562698
0.0042222222 	-0.018956139 	5.4324858e-10 	-0.00095012658 	-0.030879085
0.0042342342 	-0.018956082 	5.6037072e-10 	-0.00094315223 	-0.031099641
0.0042462462 	-0.018956035 	5.7037876e-10 	-0.00093538884 	-0.031218099
0.0042582583 	-0.018955989 	5.8038681e-10 	-0.00092762545 	-0.031336558
0.0042702703 	-0.018955942 	5.9039486e-10 	-0.00091986206 	-0.031455016
0.0042822823 	-0.018955895 	6.0040291e-10 	-0.00091209867 	-0.031573474
0.0042942943 	-0.018955849 	6.1041096e-10 	-0.00090433527 	-0.031691932
0.0043063063 	-0.018955802 	6.2041901e-10 	-0.00089657188 	-0.03181039
0.0043183183 	-0.018955756 	6.3042705e-10 	-0.00088880849 	-0.031928848
0.0043303303 	-0.018955709 	6.404351e-10 	-0.0008810451 	-0.032047306
0.0043423423 	-0.018955662 	6.5044315e-10 	-0.0008732817 	-0.032165764
0.0043543544 	-0.018955616 	6.604512e-10 	-0.00086551831 	-0.032284222
0.0043663664 	-0.018955569 	6.7045925e-10 	-0.00085775492 	-0.03240268
0.0043783784 	-0.018955523 	6.8046729e-10 	-0.00084999153 	-0.032521138
0.0043903904 	-0.018955476 	6.9047534e-10 	-0.00084222813 	-0.032639596
0.0044024024 	-0.018955429 	7.0048339e-10 	-0.00083446474 	-0.032758054
0.0044144144 	-0.018955383 	7.1049144e-10 	-0.00082670135 	-0.032876512
0.0044264264 	-0.018955336 	7.2049949e-10 	-0.00081893796 	-0.03299497
0.0044384384 	-0.01895529 	7.3050754e-10 	-0.00081117456 	-0.033113428
0.0044504505 	-0.018955243 	7.4051558e-10 	-0.00080341117 	-0.033231886
0.0044624625 	-0.018955196 	7.5052363e-10 	-0.00079564778 	-0.033350344
0.0044744745 	-0.01895515 	7.6053168e-10 	-0.00078788439 	-0.033468802
0.0044864865 	-0.018955103 	7.7053973e-10 	-0.00078012099 	-0.03358726
0.0044984985 	-0.018955056 	7.8054778e-10 	-0.0007723576 	-0.033705718
0.0045105105 	-0.01895501 	7.9062784e-10 	-0.00076454835 	-0.033823916
0.0045225225 	-0.018954959 	8.018692e-10 	-0.00075599967 	-0.033937921
0.0045345345 	-0.018954909 	8.1311055e-10 	-0.00074745099 	-0.034051926
0.0045465465 	-0.018954859 	8.2435191e-10 	-0.00073890231 	-0.034165931
0.0045585586 	-0.018954809 	8.3559326e-10 	-0.00073035363 	-0.034279935
0.0045705706 	-0.018954781 	8.3922165e-10 	-0.00072187772 	-0.03424036
0.0045825826 	-0.018954754 	8.4276032e-10 	-0.00071340267 	-0.034198974
0.0045945946 	-0.018954727 	8.4629899e-10 	-0.00070492762 	-0.034157588
0.0046066066 	-0.0189547 	8.4983766e-10 	-0.00069645257 	-0.034116203
0.0046186186 	-0.018954672 	8.5337633e-10 	-0.00068797752 	-0.034074817
0.0046306306 	-0.018954645 	8.5691501e-10 	-0.00067950247 	-0.034033431
0.0046426426 	-0.018954618 	8.6045368e-10 	-0.00067102742 	-0.033992046
0.0046546547 	-0.018954591 	8.6399235e-10 	-0.00066255237 	-0.03395066
0.0046666667 	-0.018954563 	8.6753102e-10 	-0.00065407732 	-0.033909274
0.0046786787 	-0.018954536 	8.710697e-10 	-0.00064560227 	-0.033867889
0.0046906907 	-0.018954509 	8.7460837e-10 	-0.00063712722 	-0.033826503
0.0047027027 	-0.018954482 	8.7814704e-10 	-0.00062865217 	-0.033785118
0.0047147147 	-0.018954454 	8.8168571e-10 	-0.00062017712 	-0.033743732
0.0047267267 	-0.018954427 	8.8522439e-10 	-0.00061170207 	-0.033702346
0.0047387387 	-0.0189544 	8.8876306e-10 	-0.00060322702 	-0.033660961
0.0047507508 	-0.018954373 	8.9230173e-10 	-0.00059475197 	-0.033619575
0.0047627628 	-0.018954346 	8.958404e-10 	-0.00058627692 	-0.033578189
0.0047747748 	-0.018954318 	8.9937908e-10 	-0.00057780187 	-0.033536804
0.0047867868 	-0.018954291 	9.0291775e-10 	-0.00056932682 	-0.033495418
0.0047987988 	-0.018954264 	9.0645642e-10 	-0.00056085177 	-0.033454032
0.0048108108 	-0.018954236 	9.1005328e-10 	-0.00055211351 	-0.033412789
0.0048228228 	-0.018954207 	9.1376491e-10 	-0.00054285602 	-0.033371825
0.0048348348 	-0.018954178 	9.1747653e-10 	-0.00053359853 	-0.033330862
0.0048468468 	-0.018954148 	9.2118816e-10 	-0.00052434105 	-0.033289898
0.0048588589 	-0.018954134 	9.2118762e-10 	-0.00051589248 	-0.033153334
0.0048708709 	-0.018954125 	9.1993834e-10 	-0.00050771601 	-0.032984611
0.0048828829 	-0.018954116 	9.1868906e-10 	-0.00049953955 	-0.032815889
0.0048948949 	-0.018954107 	9.1743978e-10 	-0.00049136309 	-0.032647166
0.0049069069 	-0.018954099 	9.161905e-10 	-0.00048318663 	-0.032478443
0.0049189189 	-0.01895409 	9.1494122e-10 	-0.00047501017 	-0.03230972
0.0049309309 	-0.018954081 	9.1369194e-10 	-0.00046683371 	-0.032140997
0.0049429429 	-0.018954072 	9.1244266e-10 	-0.00045865725 	-0.031972275
0.004954955 	-0.018954063 	9.1119338e-10 	-0.00045048079 	-0.031803552
0.004966967 	-0.018954054 	9.099441e-10 	-0.00044230432 	-0.031634829
0.004978979 	-0.018954045 	9.0869482e-10 	-0.00043412786 	-0.031466106
0.004990991 	-0.018954036 	9.0744554e-10 	-0.0004259514 	-0.031297384
0.005003003 	-0.018954027 	9.0619626e-10 	-0.00041777494 	-0.031128661
0.005015015 	-0.018954018 	9.0494698e-10 	-0.00040959848 	-0.030959938
0.005027027 	-0.018954009 	9.036977e-10 	-0.00040142202 	-0.030791215
0.005039039 	-0.018954 	9.0244842e-10 	-0.00039324556 	-0.030622492
0.0050510511 	-0.018953991 	9.0119914e-10 	-0.0003850691 	-0.03045377
0.0050630631 	-0.018953982 	8.9994986e-10 	-0.00037689264 	-0.030285047
0.0050750751 	-0.018953973 	8.984445e-10 	-0.00036832997 	-0.030119022
0.0050870871 	-0.018953964 	8.9672249e-10 	-0.00035944057 	-0.029955278
0.0050990991 	-0.018953954 	8.9500048e-10 	-0.00035055117 	-0.029791535
0.0051111111 	-0.018953951 	8.9191344e-10 	-0.00034229113 	-0.029586844
0.0051231231 	-0.018953957 	8.8658457e-10 	-0.0003350647 	-0.029314901
0.0051351351 	-0.018953964 	8.8125569e-10 	-0.00032783827 	-0.029042958
0.0051471471 	-0.01895397 	8.7592682e-10 	-0.00032061184 	-0.028771016
0.0051591592 	-0.018953976 	8.7059795e-10 	-0.00031338541 	-0.028499073
0.0051711712 	-0.018953983 	8.6526908e-10 	-0.00030615898 	-0.02822713
0.0051831832 	-0.018953989 	8.5994021e-10 	-0.00029893255 	-0.027955188
0.0051951952 	-0.018953996 	8.5461134e-10 	-0.00029170612 	-0.027683245
0.0052072072 	-0.018954002 	8.4928247e-10 	-0.00028447969 	-0.027411303
0.0052192192 	-0.018954008 	8.4395359e-10 	-0.00027725326 	-0.02713936
0.0052312312 	-0.018954015 	8.3862472e-10 	-0.00027002682 	-0.026867417
0.0052432432 	-0.018954021 	8.3329585e-10 	-0.00026280039 	-0.026595475
0.0052552553 	-0.018954028 	8.2796698e-10 	-0.00025557396 	-0.026323532
0.0052672673 	-0.018954034 	8.2263811e-10 	-0.00024834753 	-0.026051589
0.0052792793 	-0.01895404 	8.1730924e-10 	-0.0002411211 	-0.025779647
0.0052912913 	-0.018954047 	8.1198037e-10 	-0.00023389467 	-0.025507704
0.0053033033 	-0.018954053 	8.0635375e-10 	-0.00022646997 	-0.025238751
0.0053153153 	-0.018954061 	8.0011626e-10 	-0.00021863849 	-0.02497593
0.0053273273 	-0.018954068 	7.9387876e-10 	-0.000210807 	-0.024713109
0.0053393393 	-0.018954081 	7.8608036e-10 	-0.0002040329 	-0.024399713
0.0053513514 	-0.0189541 	7.7694692e-10 	-0.00019816318 	-0.02404306
0.0053633634 	-0.018954119 	7.6781347e-10 	-0.00019229347 	-0.023686407
0.0053753754 	-0.018954138 	7.5868002e-10 	-0.00018642376 	-0.023329754
0.0053873874 	-0.018954157 	7.4954658e-10 	-0.00018055404 	-0.022973101
0.0053993994 	-0.018954176 	7.4041313e-10 	-0.00017468433 	-0.022616448
0.0054114114 	-0.018954195 	7.3127968e-10 	-0.00016881462 	-0.022259795
0.0054234234 	-0.018954214 	7.2214624e-10 	-0.00016294491 	-0.021903142
0.0054354354 	-0.018954233 	7.1301279e-10 	-0.00015707519 	-0.021546489
0.0054474474 	-0.018954251 	7.0387934e-10 	-0.00015120548 	-0.021189836
0.0054594595 	-0.01895427 	6.947459e-10 	-0.00014533577 	-0.020833183
0.0054714715 	-0.018954289 	6.8561245e-10 	-0.00013946605 	-0.02047653
0.0054834835 	-0.018954308 	6.76479e-10 	-0.00013359634 	-0.020119877
0.0054954955 	-0.018954327 	6.6734556e-10 	-0.00012772663 	-0.019763224
0.0055075075 	-0.018954347 	6.5772169e-10 	-0.00012167157 	-0.019411562
0.0055195195 	-0.018954367 	6.4732682e-10 	-0.00011532511 	-0.019067749
0.0055315315 	-0.018954388 	6.3693195e-10 	-0.00010897865 	-0.018723935
0.0055435435 	-0.018954416 	6.2433692e-10 	-0.00010457158 	-0.018302745
0.0055555556 	-0.018954446 	6.1157703e-10 	-0.00010030982 	-0.017875757
0.0055675676 	-0.018954475 	5.9881715e-10 	-9.6048055e-05 	-0.01744877
0.0055795796 	-0.018954504 	5.8605726e-10 	-9.1786294e-05 	-0.017021782
0.0055915916 	-0.018954533 	5.7329737e-10 	-8.7524533e-05 	-0.016594794
0.0056036036 	-0.018954563 	5.6053749e-10 	-8.3262772e-05 	-0.016167807
0.0056156156 	-0.018954592 	5.477776e-10 	-7.9001011e-05 	-0.015740819
0.0056276276 	-0.018954621 	5.3501772e-10 	-7.473925e-05 	-0.015313832
0.0056396396 	-0.01895465 	5.2225783e-10 	-7.0477489e-05 	-0.014886844
0.0056516517 	-0.01895468 	5.0949794e-10 	-6.6215728e-05 	-0.014459856
0.0056636637 	-0.018954709 	4.9673806e-10 	-6.1953967e-05 	-0.014032869
0.0056756757 	-0.018954738 	4.8397817e-10 	-5.7692206e-05 	-0.013605881
0.0056876877 	-0.018954768 	4.704986e-10 	-5.3276366e-05 	-0.01318625
0.0056996997 	-0.0189548 	4.5615903e-10 	-4.8676407e-05 	-0.012775409
0.0057117117 	-0.018954832 	4.4126421e-10 	-4.4661927e-05 	-0.012342875
0.0057237237 	-0.018954867 	4.2499811e-10 	-4.2093404e-05 	-0.011856764
0.0057357357 	-0.018954901 	4.0873201e-10 	-3.9524881e-05 	-0.011370653
0.0057477477 	-0.018954936 	3.9246592e-10 	-3.6956359e-05 	-0.010884542
0.0057597598 	-0.01895497 	3.7619982e-10 	-3.4387836e-05 	-0.010398431
0.0057717718 	-0.018955005 	3.5993372e-10 	-3.1819313e-05 	-0.0099123203
0.0057837838 	-0.018955039 	3.4366762e-10 	-2.925079e-05 	-0.0094262093
0.0057957958 	-0.018955073 	3.2740152e-10 	-2.6682267e-05 	-0.0089400984
0.0058078078 	-0.018955108 	3.1113543e-10 	-2.4113744e-05 	-0.0084539875
0.0058198198 	-0.018955142 	2.9486933e-10 	-2.1545221e-05 	-0.0079678766
0.0058318318 	-0.018955177 	2.7860323e-10 	-1.8976698e-05 	-0.0074817656
0.0058438438 	-0.018955212 	2.6179763e-10 	-1.6349773e-05 	-0.007001196
0.0058558559 	-0.018955249 	2.4367513e-10 	-1.3580294e-05 	-0.0065341522
0.0058678679 	-0.01895528 	2.247984e-10 	-1.1471474e-05 	-0.006034824
0.0058798799 	-0.018955303 	2.0469044e-10 	-1.0441146e-05 	-0.0054827933
0.0058918919 	-0.018955325 	1.8458248e-10 	-9.4108184e-06 	-0.0049307627
0.0059039039 	-0.018955347 	1.6447452e-10 	-8.3804905e-06 	-0.004378732
0.0059159159 	-0.018955369 	1.4436656e-10 	-7.3501626e-06 	-0.0038267014
0.0059279279 	-0.018955392 	1.242586e-10 	-6.3198347e-06 	-0.0032746707
0.0059399399 	-0.018955414 	1.0415064e-10 	-5.2895068e-06 	-0.00272264
0.005951952 	-0.018955436 	8.4042684e-11 	-4.2591789e-06 	-0.0021706094
0.005963964 	-0.018955458 	6.3934725e-11 	-3.2288509e-06 	-0.0016185787
0.005975976 	-0.018955481 	4.3826765e-11 	-2.198523e-06 	-0.001066548
0.005987988 	-0.018955503 	2.2251538e-11 	-1.1121728e-06 	-0.00052976091
0.006 	-0.018955527 	1.5906687e-22 	-7.9504543e-18 	-3.7870375e-15
