-0.006 	-0.017862761 	0 	0 	0
-0.005987988 	-0.017862742 	1.085935e-11 	7.4518661e-07 	-0.00062994702
-0.005975976 	-0.017862722 	2.17187e-11 	1.4903732e-06 	-0.001259894
-0.005963964 	-0.017862702 	3.257805e-11 	2.2355598e-06 	-0.0018898411
-0.005951952 	-0.017862683 	4.3437401e-11 	2.9807465e-06 	-0.0025197881
-0.0059399399 	-0.017862663 	5.4296751e-11 	3.7259331e-06 	-0.0031497351
-0.0059279279 	-0.017862644 	6.325677e-11 	4.4107958e-06 	-0.0037958925
-0.0059159159 	-0.017862625 	7.2138467e-11 	5.093171e-06 	-0.0044427184
-0.0059039039 	-0.017862605 	8.1020164e-11 	5.7755462e-06 	-0.0050895443
-0.0058918919 	-0.017862586 	8.990186e-11 	6.4579214e-06 	-0.0057363702
-0.0058798799 	-0.017862567 	9.8783557e-11 	7.1402966e-06 	-0.0063831961
-0.0058678679 	-0.017862547 	1.0765232e-10 	7.8723664e-06 	-0.0070261169
-0.0058558559 	-0.017862522 	1.1622318e-10 	9.7492642e-06 	-0.0075790752
-0.0058438438 	-0.017862496 	1.2479404e-10 	1.1626162e-05 	-0.0081320335
-0.0058318318 	-0.01786247 	1.333649e-10 	1.350306e-05 	-0.0086849917
-0.0058198198 	-0.017862444 	1.4193576e-10 	1.5379958e-05 	-0.00923795
-0.0058078078 	-0.017862419 	1.5050662e-10 	1.7256855e-05 	-0.0097909083
-0.0057957958 	-0.017862393 	1.585909e-10 	1.9085093e-05 	-0.010348591
-0.0057837838 	-0.01786237 	1.6566511e-10 	2.0812321e-05 	-0.01091608
-0.0057717718 	-0.017862346 	1.7273933e-10 	2.253955e-05 	-0.01148357
-0.0057597598 	-0.017862322 	1.7981354e-10 	2.4266778e-05 	-0.012051059
-0.0057477477 	-0.017862298 	1.8688776e-10 	2.5994006e-05 	-0.012618549
-0.0057357357 	-0.017862274 	1.9396197e-10 	2.7721234e-05 	-0.013186039
-0.0057237237 	-0.01786225 	2.0103619e-10 	2.9448463e-05 	-0.013753528
-0.0057117117 	-0.017862228 	2.0765368e-10 	3.2016879e-05 	-0.014269875
-0.0056996997 	-0.017862207 	2.1398083e-10 	3.5120049e-05 	-0.01475371
-0.0056876877 	-0.017862185 	2.2030797e-10 	3.8223219e-05 	-0.015237545
-0.0056756757 	-0.017862164 	2.2663512e-10 	4.1326389e-05 	-0.01572138
-0.0056636637 	-0.017862142 	2.3296227e-10 	4.4429559e-05 	-0.016205215
-0.0056516517 	-0.017862121 	2.3928942e-10 	4.7532729e-05 	-0.01668905
-0.0056396396 	-0.0178621 	2.4546206e-10 	5.060416e-05 	-0.017174466
-0.0056276276 	-0.01786208 	2.5057338e-10 	5.345756e-05 	-0.017670737
-0.0056156156 	-0.017862061 	2.5568469e-10 	5.6310959e-05 	-0.018167008
-0.0056036036 	-0.017862041 	2.6079601e-10 	5.9164358e-05 	-0.018663279
-0.0055915916 	-0.017862022 	2.6590732e-10 	6.2017757e-05 	-0.019159551
-0.0055795796 	-0.017862002 	2.7101864e-10 	6.4871156e-05 	-0.019655822
-0.0055675676 	-0.017861982 	2.7612995e-10 	6.7724555e-05 	-0.020152093
-0.0055555556 	-0.017861963 	2.8124127e-10 	7.0577955e-05 	-0.020648364
-0.0055435435 	-0.017861946 	2.8570823e-10 	7.4142294e-05 	-0.021096545
-0.0055315315 	-0.017861933 	2.8955998e-10 	7.8385421e-05 	-0.021498811
-0.0055195195 	-0.01786192 	2.9341173e-10 	8.2628547e-05 	-0.021901078
-0.0055075075 	-0.017861906 	2.9726349e-10 	8.6871674e-05 	-0.022303344
-0.0054954955 	-0.017861893 	3.0111524e-10 	9.1114801e-05 	-0.02270561
-0.0054834835 	-0.01786188 	3.0496699e-10 	9.5357927e-05 	-0.023107876
-0.0054714715 	-0.017861866 	3.0881875e-10 	9.9601054e-05 	-0.023510142
-0.0054594595 	-0.017861853 	3.125059e-10 	0.00010378948 	-0.023913988
-0.0054474474 	-0.017861841 	3.1530501e-10 	0.00010768279 	-0.024326358
-0.0054354354 	-0.017861829 	3.1810412e-10 	0.0001115761 	-0.024738728
-0.0054234234 	-0.017861817 	3.2090323e-10 	0.0001154694 	-0.025151098
-0.0054114114 	-0.017861805 	3.2370234e-10 	0.00011936271 	-0.025563468
-0.0053993994 	-0.017861793 	3.2650145e-10 	0.00012325602 	-0.025975838
-0.0053873874 	-0.017861781 	3.2930056e-10 	0.00012714933 	-0.026388208
-0.0053753754 	-0.017861768 	3.3209968e-10 	0.00013104263 	-0.026800578
-0.0053633634 	-0.017861756 	3.3489879e-10 	0.00013493594 	-0.027212948
-0.0053513514 	-0.017861749 	3.3686341e-10 	0.00013949196 	-0.027569739
-0.0053393393 	-0.017861745 	3.3805157e-10 	0.00014466463 	-0.027874813
-0.0053273273 	-0.017861741 	3.3923972e-10 	0.0001498373 	-0.028179887
-0.0053153153 	-0.017861737 	3.4042787e-10 	0.00015500996 	-0.028484961
-0.0053033033 	-0.017861733 	3.4161603e-10 	0.00016018263 	-0.028790035
-0.0052912913 	-0.01786173 	3.4280418e-10 	0.00016535529 	-0.029095109
-0.0052792793 	-0.017861726 	3.4399234e-10 	0.00017052796 	-0.029400183
-0.0052672673 	-0.017861722 	3.4518049e-10 	0.00017570063 	-0.029705257
-0.0052552553 	-0.017861718 	3.4620707e-10 	0.00018079635 	-0.030011651
-0.0052432432 	-0.017861715 	3.4647143e-10 	0.00018552909 	-0.030324272
-0.0052312312 	-0.017861712 	3.4673579e-10 	0.00019026184 	-0.030636893
-0.0052192192 	-0.017861709 	3.4700015e-10 	0.00019499458 	-0.030949514
-0.0052072072 	-0.017861706 	3.4726451e-10 	0.00019972732 	-0.031262135
-0.0051951952 	-0.017861703 	3.4752887e-10 	0.00020446007 	-0.031574755
-0.0051831832 	-0.017861699 	3.4779323e-10 	0.00020919281 	-0.031887376
-0.0051711712 	-0.017861696 	3.4805759e-10 	0.00021392556 	-0.032199997
-0.0051591592 	-0.017861693 	3.4832195e-10 	0.0002186583 	-0.032512618
-0.0051471471 	-0.01786169 	3.4858631e-10 	0.00022339104 	-0.032825239
-0.0051351351 	-0.017861691 	3.4817847e-10 	0.00022851454 	-0.033091025
-0.0051231231 	-0.017861699 	3.4665653e-10 	0.00023428566 	-0.033279187
-0.0051111111 	-0.017861706 	3.4513459e-10 	0.00024005678 	-0.033467349
-0.0050990991 	-0.017861714 	3.4361265e-10 	0.0002458279 	-0.033655511
-0.0050870871 	-0.017861722 	3.4209071e-10 	0.00025159902 	-0.033843673
-0.0050750751 	-0.01786173 	3.4056877e-10 	0.00025737014 	-0.034031835
-0.0050630631 	-0.017861737 	3.3904683e-10 	0.00026314126 	-0.034219997
-0.0050510511 	-0.017861745 	3.3752488e-10 	0.00026891238 	-0.034408159
-0.005039039 	-0.017861753 	3.3600294e-10 	0.00027468351 	-0.034596322
-0.005027027 	-0.017861761 	3.34481e-10 	0.00028045463 	-0.034784484
-0.005015015 	-0.017861768 	3.3228504e-10 	0.00028575782 	-0.034977019
-0.005003003 	-0.017861776 	3.3002455e-10 	0.00029101622 	-0.035169973
-0.004990991 	-0.017861783 	3.2776406e-10 	0.00029627461 	-0.035362928
-0.004978979 	-0.017861791 	3.2550357e-10 	0.00030153301 	-0.035555882
-0.004966967 	-0.017861799 	3.2324308e-10 	0.0003067914 	-0.035748836
-0.004954955 	-0.017861806 	3.2098258e-10 	0.0003120498 	-0.035941791
-0.0049429429 	-0.017861814 	3.1872209e-10 	0.0003173082 	-0.036134745
-0.0049309309 	-0.017861821 	3.164616e-10 	0.00032256659 	-0.036327699
-0.0049189189 	-0.017861829 	3.1420111e-10 	0.00032782499 	-0.036520653
-0.0049069069 	-0.017861837 	3.1194062e-10 	0.00033308338 	-0.036713608
-0.0048948949 	-0.017861844 	3.0968013e-10 	0.00033834178 	-0.036906562
-0.0048828829 	-0.017861863 	3.0580094e-10 	0.00034407517 	-0.036982315
-0.0048708709 	-0.017861884 	3.0151188e-10 	0.00034992885 	-0.037028391
-0.0048588589 	-0.017861905 	2.9722282e-10 	0.00035578252 	-0.037074466
-0.0048468468 	-0.017861927 	2.9293376e-10 	0.00036163619 	-0.037120542
-0.0048348348 	-0.017861948 	2.8864469e-10 	0.00036748986 	-0.037166618
-0.0048228228 	-0.017861969 	2.8435563e-10 	0.00037334353 	-0.037212694
-0.0048108108 	-0.017861991 	2.8006657e-10 	0.00037919721 	-0.03725877
-0.0047987988 	-0.017862012 	2.7577751e-10 	0.00038505088 	-0.037304846
-0.0047867868 	-0.017862033 	2.7148845e-10 	0.00039090455 	-0.037350922
-0.0047747748 	-0.017862055 	2.6719939e-10 	0.00039675822 	-0.037396997
-0.0047627628 	-0.017862076 	2.6289002e-10 	0.00040257679 	-0.037443193
-0.0047507508 	-0.017862096 	2.5827952e-10 	0.00040787473 	-0.03749117
-0.0047387387 	-0.017862116 	2.5366902e-10 	0.00041317267 	-0.037539147
-0.0047267267 	-0.017862137 	2.4905852e-10 	0.00041847062 	-0.037587124
-0.0047147147 	-0.017862157 	2.4444802e-10 	0.00042376856 	-0.037635101
-0.0047027027 	-0.017862177 	2.3983752e-10 	0.00042906651 	-0.037683078
-0.0046906907 	-0.017862197 	2.3522702e-10 	0.00043436445 	-0.037731055
-0.0046786787 	-0.017862217 	2.3061652e-10 	0.00043966239 	-0.037779032
-0.0046666667 	-0.017862238 	2.2600602e-10 	0.00044496034 	-0.037827009
-0.0046546547 	-0.017862258 	2.2139553e-10 	0.00045025828 	-0.037874986
-0.0046426426 	-0.017862278 	2.1678503e-10 	0.00045555622 	-0.037922963
-0.0046306306 	-0.017862298 	2.1217453e-10 	0.00046085417 	-0.03797094
-0.0046186186 	-0.017862318 	2.0756403e-10 	0.00046615211 	-0.038018917
-0.0046066066 	-0.017862346 	2.0165079e-10 	0.00047138468 	-0.03798623
-0.0045945946 	-0.017862381 	1.9418127e-10 	0.00047653914 	-0.03785718
-0.0045825826 	-0.017862417 	1.8671175e-10 	0.00048169361 	-0.03772813
-0.0045705706 	-0.017862453 	1.7924224e-10 	0.00048684807 	-0.037599081
-0.0045585586 	-0.017862488 	1.7177272e-10 	0.00049200254 	-0.037470031
-0.0045465465 	-0.017862524 	1.643032e-10 	0.000497157 	-0.037340981
-0.0045345345 	-0.017862559 	1.5683368e-10 	0.00050231147 	-0.037211932
-0.0045225225 	-0.017862595 	1.4936417e-10 	0.00050746593 	-0.037082882
-0.0045105105 	-0.017862631 	1.4189465e-10 	0.0005126204 	-0.036953832
-0.0044984985 	-0.017862666 	1.3442513e-10 	0.00051777486 	-0.036824783
-0.0044864865 	-0.017862702 	1.2695561e-10 	0.00052292933 	-0.036695733
-0.0044744745 	-0.017862738 	1.194861e-10 	0.00052808379 	-0.036566683
-0.0044624625 	-0.017862773 	1.1213367e-10 	0.00053308484 	-0.036437362
-0.0044504505 	-0.017862806 	1.0508373e-10 	0.00053768958 	-0.036307339
-0.0044384384 	-0.01786284 	9.8033785e-11 	0.00054229431 	-0.036177316
-0.0044264264 	-0.017862873 	9.0983843e-11 	0.00054689904 	-0.036047293
-0.0044144144 	-0.017862906 	8.39339e-11 	0.00055150378 	-0.03591727
-0.0044024024 	-0.01786294 	7.6883958e-11 	0.00055610851 	-0.035787247
-0.0043903904 	-0.017862973 	6.9834015e-11 	0.00056071324 	-0.035657224
-0.0043783784 	-0.017863007 	6.2784072e-11 	0.00056531797 	-0.035527201
-0.0043663664 	-0.01786304 	5.573413e-11 	0.00056992271 	-0.035397178
-0.0043543544 	-0.017863074 	4.8684187e-11 	0.00057452744 	-0.035267155
-0.0043423423 	-0.017863107 	4.1634245e-11 	0.00057913217 	-0.035137132
-0.0043303303 	-0.017863141 	3.4584302e-11 	0.00058373691 	-0.035007109
-0.0043183183 	-0.017863174 	2.7534359e-11 	0.00058834164 	-0.034877086
-0.0043063063 	-0.017863208 	2.0484417e-11 	0.00059294637 	-0.034747063
-0.0042942943 	-0.017863241 	1.3434474e-11 	0.0005975511 	-0.03461704
-0.0042822823 	-0.017863288 	7.2224481e-13 	0.0006008901 	-0.034271611
-0.0042702703 	-0.017863336 	-1.2116113e-11 	0.0006042009 	-0.033921384
-0.0042582583 	-0.017863383 	-2.495447e-11 	0.0006075117 	-0.033571157
-0.0042462462 	-0.017863431 	-3.7792828e-11 	0.0006108225 	-0.03322093
-0.0042342342 	-0.017863478 	-5.0631185e-11 	0.0006141333 	-0.032870703
-0.0042222222 	-0.017863525 	-6.3469543e-11 	0.00061744409 	-0.032520476
-0.0042102102 	-0.017863573 	-7.63079e-11 	0.00062075489 	-0.032170249
-0.0041981982 	-0.01786362 	-8.9146258e-11 	0.00062406569 	-0.031820022
-0.0041861862 	-0.017863667 	-1.0198462e-10 	0.00062737649 	-0.031469795
-0.0041741742 	-0.017863715 	-1.1482297e-10 	0.00063068729 	-0.031119568
-0.0041621622 	-0.017863762 	-1.2766133e-10 	0.00063399809 	-0.030769341
-0.0041501502 	-0.01786381 	-1.4049969e-10 	0.00063730889 	-0.030419114
-0.0041381381 	-0.017863857 	-1.5333805e-10 	0.00064061969 	-0.030068887
-0.0041261261 	-0.017863904 	-1.6590867e-10 	0.00064385267 	-0.029718097
-0.0041141141 	-0.017863948 	-1.7713574e-10 	0.00064669515 	-0.029364483
-0.0041021021 	-0.017863993 	-1.8836281e-10 	0.00064953762 	-0.029010868
-0.0040900901 	-0.017864037 	-1.9958987e-10 	0.00065238009 	-0.028657254
-0.0040780781 	-0.017864082 	-2.1081694e-10 	0.00065522257 	-0.028303639
-0.0040660661 	-0.017864126 	-2.22044e-10 	0.00065806504 	-0.027950025
-0.0040540541 	-0.017864171 	-2.3327107e-10 	0.00066090751 	-0.02759641
-0.004042042 	-0.017864215 	-2.4449814e-10 	0.00066374999 	-0.027242796
-0.00403003 	-0.01786426 	-2.557252e-10 	0.00066659246 	-0.026889182
-0.004018018 	-0.017864304 	-2.6695227e-10 	0.00066943493 	-0.026535567
-0.004006006 	-0.017864349 	-2.7817933e-10 	0.00067227741 	-0.026181953
-0.003993994 	-0.017864393 	-2.894064e-10 	0.00067511988 	-0.025828338
-0.003981982 	-0.017864438 	-3.0063346e-10 	0.00067796235 	-0.025474724
-0.00396997 	-0.017864483 	-3.1186053e-10 	0.00068080483 	-0.025121109
-0.003957958 	-0.017864527 	-3.230876e-10 	0.0006836473 	-0.024767495
-0.0039459459 	-0.017864572 	-3.3431466e-10 	0.00068648977 	-0.024413881
-0.0039339339 	-0.017864616 	-3.4554173e-10 	0.00068933225 	-0.024060266
-0.0039219219 	-0.017864669 	-3.6912825e-10 	0.00068927586 	-0.023433495
-0.0039099099 	-0.017864722 	-3.9344093e-10 	0.00068904916 	-0.022790675
-0.0038978979 	-0.017864775 	-4.1775362e-10 	0.00068882246 	-0.022147854
-0.0038858859 	-0.017864828 	-4.420663e-10 	0.00068859576 	-0.021505034
-0.0038738739 	-0.017864881 	-4.6637898e-10 	0.00068836905 	-0.020862214
-0.0038618619 	-0.017864934 	-4.9069166e-10 	0.00068814235 	-0.020219394
-0.0038498498 	-0.017864987 	-5.1500434e-10 	0.00068791565 	-0.019576574
-0.0038378378 	-0.01786504 	-5.3931702e-10 	0.00068768895 	-0.018933753
-0.0038258258 	-0.017865093 	-5.636297e-10 	0.00068746225 	-0.018290933
-0.0038138138 	-0.017865146 	-5.8794238e-10 	0.00068723554 	-0.017648113
-0.0038018018 	-0.017865199 	-6.1225506e-10 	0.00068700884 	-0.017005293
-0.0037897898 	-0.017865252 	-6.3656774e-10 	0.00068678214 	-0.016362473
-0.0037777778 	-0.017865305 	-6.6088042e-10 	0.00068655544 	-0.015719653
-0.0037657658 	-0.017865358 	-6.851931e-10 	0.00068632874 	-0.015076832
-0.0037537538 	-0.017865411 	-7.0950578e-10 	0.00068610203 	-0.014434012
-0.0037417417 	-0.017865463 	-7.3295688e-10 	0.00068580055 	-0.013790089
-0.0037297297 	-0.017865513 	-7.5416279e-10 	0.00068530419 	-0.013143291
-0.0037177177 	-0.017865563 	-7.753687e-10 	0.00068480782 	-0.012496492
-0.0037057057 	-0.017865613 	-7.9657461e-10 	0.00068431146 	-0.011849694
-0.0036936937 	-0.017865662 	-8.1778052e-10 	0.0006838151 	-0.011202896
-0.0036816817 	-0.017865712 	-8.3898643e-10 	0.00068331874 	-0.010556097
-0.0036696697 	-0.017865762 	-8.6019234e-10 	0.00068282237 	-0.009909299
-0.0036576577 	-0.017865812 	-8.8139825e-10 	0.00068232601 	-0.0092625008
-0.0036456456 	-0.017865862 	-9.0260416e-10 	0.00068182965 	-0.0086157025
-0.0036336336 	-0.017865912 	-9.2381007e-10 	0.00068133329 	-0.0079689042
-0.0036216216 	-0.017865962 	-9.4501597e-10 	0.00068083692 	-0.0073221059
-0.0036096096 	-0.017866012 	-9.6622188e-10 	0.00068034056 	-0.0066753076
-0.0035975976 	-0.017866062 	-9.8742779e-10 	0.0006798442 	-0.0060285093
-0.0035855856 	-0.017866112 	-1.0086337e-09 	0.00067934784 	-0.005381711
-0.0035735736 	-0.017866162 	-1.0298396e-09 	0.00067885147 	-0.0047349127
-0.0035615616 	-0.017866212 	-1.0510455e-09 	0.00067835511 	-0.0040881144
-0.0035495495 	-0.017866262 	-1.0722514e-09 	0.00067785875 	-0.0034413161
-0.0035375375 	-0.017866312 	-1.0934573e-09 	0.00067736239 	-0.0027945178
-0.0035255255 	-0.017866362 	-1.1146633e-09 	0.00067686602 	-0.0021477195
-0.0035135135 	-0.017866414 	-1.1569653e-09 	0.00067051084 	-0.0011360694
-0.0035015015 	-0.017866467 	-1.2022288e-09 	0.0006633332 	-7.3202231e-05
-0.0034894895 	-0.01786652 	-1.2474922e-09 	0.00065615557 	0.00098966489
-0.0034774775 	-0.017866573 	-1.2927557e-09 	0.00064897793 	0.002052532
-0.0034654655 	-0.017866625 	-1.3380192e-09 	0.0006418003 	0.0031153991
-0.0034534535 	-0.017866678 	-1.3832827e-09 	0.00063462267 	0.0041782663
-0.0034414414 	-0.017866731 	-1.4285461e-09 	0.00062744503 	0.0052411334
-0.0034294294 	-0.017866784 	-1.4738096e-09 	0.0006202674 	0.0063040005
-0.0034174174 	-0.017866837 	-1.5190731e-09 	0.00061308976 	0.0073668676
-0.0034054054 	-0.01786689 	-1.5643366e-09 	0.00060591213 	0.0084297348
-0.0033933934 	-0.017866942 	-1.6096e-09 	0.00059873449 	0.0094926019
-0.0033813814 	-0.017866995 	-1.6548635e-09 	0.00059155686 	0.010555469
-0.0033693694 	-0.017867048 	-1.700127e-09 	0.00058437923 	0.011618336
-0.0033573574 	-0.017867101 	-1.7453905e-09 	0.00057720159 	0.012681203
-0.0033453453 	-0.017867154 	-1.7906539e-09 	0.00057002396 	0.01374407
-0.0033333333 	-0.017867207 	-1.8359174e-09 	0.00056284632 	0.014806938
-0.0033213213 	-0.017867259 	-1.8811809e-09 	0.00055566869 	0.015869805
-0.0033093093 	-0.017867312 	-1.9260433e-09 	0.00054851562 	0.016932521
-0.0032972973 	-0.017867362 	-1.9675029e-09 	0.00054157106 	0.017993954
-0.0032852853 	-0.017867411 	-2.0089624e-09 	0.0005346265 	0.019055387
-0.0032732733 	-0.017867461 	-2.0504219e-09 	0.00052768194 	0.020116821
-0.0032612613 	-0.017867511 	-2.0918815e-09 	0.00052073738 	0.021178254
-0.0032492492 	-0.01786756 	-2.133341e-09 	0.00051379282 	0.022239688
-0.0032372372 	-0.01786761 	-2.1748005e-09 	0.00050684826 	0.023301121
-0.0032252252 	-0.01786766 	-2.2162601e-09 	0.00049990369 	0.024362554
-0.0032132132 	-0.01786771 	-2.2577196e-09 	0.00049295913 	0.025423988
-0.0032012012 	-0.017867759 	-2.2991791e-09 	0.00048601457 	0.026485421
-0.0031891892 	-0.017867809 	-2.3406387e-09 	0.00047907001 	0.027546855
-0.0031771772 	-0.017867859 	-2.3820982e-09 	0.00047212545 	0.028608288
-0.0031651652 	-0.017867908 	-2.4235577e-09 	0.00046518089 	0.029669721
-0.0031531532 	-0.017867958 	-2.4650172e-09 	0.00045823633 	0.030731155
-0.0031411411 	-0.017868008 	-2.5064768e-09 	0.00045129177 	0.031792588
-0.0031291291 	-0.017868057 	-2.5479363e-09 	0.0004443472 	0.032854022
-0.0031171171 	-0.017868107 	-2.5893958e-09 	0.00043740264 	0.033915455
-0.0031051051 	-0.017868157 	-2.6308554e-09 	0.00043045808 	0.034976888
-0.0030930931 	-0.017868206 	-2.6723149e-09 	0.00042351352 	0.036038322
-0.0030810811 	-0.017868256 	-2.7137744e-09 	0.00041656896 	0.037099755
-0.0030690691 	-0.017868306 	-2.755234e-09 	0.0004096244 	0.038161189
-0.0030570571 	-0.017868344 	-2.7982948e-09 	0.00040180715 	0.039262549
-0.003045045 	-0.017868343 	-2.8466093e-09 	0.00039112664 	0.040494909
-0.003033033 	-0.017868342 	-2.8949238e-09 	0.00038044613 	0.04172727
-0.003021021 	-0.017868341 	-2.9432384e-09 	0.00036976561 	0.04295963
-0.003009009 	-0.01786834 	-2.9915529e-09 	0.0003590851 	0.044191991
-0.002996997 	-0.017868339 	-3.0398674e-09 	0.00034840459 	0.045424351
-0.002984985 	-0.017868337 	-3.088182e-09 	0.00033772408 	0.046656712
-0.002972973 	-0.017868336 	-3.1364965e-09 	0.00032704356 	0.047889072
-0.002960961 	-0.017868335 	-3.1848111e-09 	0.00031636305 	0.049121432
-0.0029489489 	-0.017868334 	-3.2331256e-09 	0.00030568254 	0.050353793
-0.0029369369 	-0.017868333 	-3.2814401e-09 	0.00029500203 	0.051586153
-0.0029249249 	-0.017868332 	-3.3297547e-09 	0.00028432152 	0.052818514
-0.0029129129 	-0.017868331 	-3.3780692e-09 	0.000273641 	0.054050874
-0.0029009009 	-0.01786833 	-3.4263837e-09 	0.00026296049 	0.055283235
-0.0028888889 	-0.017868329 	-3.4746983e-09 	0.00025227998 	0.056515595
-0.0028768769 	-0.017868328 	-3.5230128e-09 	0.00024159947 	0.057747955
-0.0028648649 	-0.017868327 	-3.5713273e-09 	0.00023091896 	0.058980316
-0.0028528529 	-0.017868326 	-3.6196419e-09 	0.00022023844 	0.060212676
-0.0028408408 	-0.017868325 	-3.6679564e-09 	0.00020955793 	0.061445037
-0.0028288288 	-0.017868324 	-3.7162709e-09 	0.00019887742 	0.062677397
-0.0028168168 	-0.017868323 	-3.7643977e-09 	0.00018824021 	0.063908646
-0.0028048048 	-0.017868324 	-3.8102144e-09 	0.00017813567 	0.065126219
-0.0027927928 	-0.017868325 	-3.8560311e-09 	0.00016803114 	0.066343792
-0.0027807808 	-0.017868326 	-3.9018478e-09 	0.0001579266 	0.067561365
-0.0027687688 	-0.017868327 	-3.9476645e-09 	0.00014782207 	0.068778939
-0.0027567568 	-0.017868328 	-3.9934812e-09 	0.00013771754 	0.069996512
-0.0027447447 	-0.017868329 	-4.0392979e-09 	0.000127613 	0.071214085
-0.0027327327 	-0.01786833 	-4.0851146e-09 	0.00011750847 	0.072431658
-0.0027207207 	-0.017868331 	-4.1309313e-09 	0.00010740394 	0.073649231
-0.0027087087 	-0.017868333 	-4.176748e-09 	9.7299402e-05 	0.074866805
-0.0026966967 	-0.017868334 	-4.2225647e-09 	8.7194869e-05 	0.076084378
-0.0026846847 	-0.017868335 	-4.2683814e-09 	7.7090335e-05 	0.077301951
-0.0026726727 	-0.017868336 	-4.3141981e-09 	6.6985801e-05 	0.078519524
-0.0026606607 	-0.017868337 	-4.3600148e-09 	5.6881268e-05 	0.079737097
-0.0026486486 	-0.017868338 	-4.4058314e-09 	4.6776734e-05 	0.08095467
-0.0026366366 	-0.017868339 	-4.4516481e-09 	3.66722e-05 	0.082172244
-0.0026246246 	-0.01786834 	-4.4974648e-09 	2.6567667e-05 	0.083389817
-0.0026126126 	-0.017868341 	-4.5432815e-09 	1.6463133e-05 	0.08460739
-0.0026006006 	-0.017868342 	-4.5890982e-09 	6.3585991e-06 	0.085824963
-0.0025885886 	-0.017868343 	-4.6349149e-09 	-3.7459346e-06 	0.087042536
-0.0025765766 	-0.017868344 	-4.6807316e-09 	-1.3850468e-05 	0.08826011
-0.0025645646 	-0.017868345 	-4.7265483e-09 	-2.3955002e-05 	0.089477683
-0.0025525526 	-0.017868346 	-4.772365e-09 	-3.4059536e-05 	0.090695256
-0.0025405405 	-0.017868347 	-4.8181817e-09 	-4.4164069e-05 	0.091912829
-0.0025285285 	-0.01786822 	-4.9300107e-09 	-7.126306e-05 	0.095144867
-0.0025165165 	-0.0178679 	-5.1408581e-09 	-0.00012385374 	0.1013986
-0.0025045045 	-0.01786758 	-5.3517054e-09 	-0.00017644442 	0.10765234
-0.0024924925 	-0.017867294 	-5.5529533e-09 	-0.00022537261 	0.11370929
-0.0024804805 	-0.017867008 	-5.7541957e-09 	-0.00027429874 	0.11976614
-0.0024684685 	-0.017866752 	-5.9377785e-09 	-0.00031912425 	0.12532125
-0.0024564565 	-0.01786669 	-6.0077131e-09 	-0.0003375602 	0.12764749
-0.0024444444 	-0.017866628 	-6.0776476e-09 	-0.00035599616 	0.12997372
-0.0024324324 	-0.017866569 	-6.1465259e-09 	-0.00037399148 	0.13227757
-0.0024204204 	-0.017866514 	-6.2138935e-09 	-0.00039135664 	0.13454939
-0.0024084084 	-0.017866458 	-6.2812611e-09 	-0.0004087218 	0.1368212
-0.0023963964 	-0.017866402 	-6.3484902e-09 	-0.0004263365 	0.13912459
-0.0023843844 	-0.017866339 	-6.4150012e-09 	-0.00044524431 	0.14159157
-0.0023723724 	-0.017866276 	-6.4815122e-09 	-0.00046415213 	0.14405855
-0.0023603604 	-0.017866214 	-6.547847e-09 	-0.00048298146 	0.14652113
-0.0023483483 	-0.017866157 	-6.6119459e-09 	-0.00050081475 	0.14892794
-0.0023363363 	-0.0178661 	-6.6760448e-09 	-0.00051864804 	0.15133476
-0.0023243243 	-0.017866042 	-6.7401436e-09 	-0.00053648133 	0.15374157
-0.0023123123 	-0.017865978 	-6.802958e-09 	-0.00055485666 	0.15623476
-0.0023003003 	-0.017865903 	-6.863736e-09 	-0.00057409129 	0.15886487
-0.0022882883 	-0.017865829 	-6.9245141e-09 	-0.00059332591 	0.16149499
-0.0022762763 	-0.017865754 	-6.9852921e-09 	-0.00061256054 	0.16412511
-0.0022642643 	-0.017865684 	-7.0440773e-09 	-0.00063085155 	0.16669617
-0.0022522523 	-0.017865615 	-7.102599e-09 	-0.00064901782 	0.16925942
-0.0022402402 	-0.017865546 	-7.1611207e-09 	-0.00066718408 	0.17182266
-0.0022282282 	-0.017865477 	-7.2196424e-09 	-0.00068535035 	0.17438591
-0.0022162162 	-0.017865395 	-7.2736852e-09 	-0.00070425755 	0.17712761
-0.0022042042 	-0.017865308 	-7.3258257e-09 	-0.00072347942 	0.1799451
-0.0021921922 	-0.017865221 	-7.3779662e-09 	-0.00074270129 	0.18276259
-0.0021801802 	-0.017865134 	-7.4301066e-09 	-0.00076192316 	0.18558008
-0.0021681682 	-0.017865051 	-7.4811225e-09 	-0.00078039562 	0.18834335
-0.0021561562 	-0.01786497 	-7.5317177e-09 	-0.00079858773 	0.19108633
-0.0021441441 	-0.01786489 	-7.5823129e-09 	-0.00081677984 	0.19382931
-0.0021321321 	-0.017864809 	-7.6329081e-09 	-0.00083497196 	0.19657229
-0.0021201201 	-0.017864728 	-7.6835032e-09 	-0.00085316407 	0.19931527
-0.0021081081 	-0.01786463 	-7.7230357e-09 	-0.00087183342 	0.20233918
-0.0020960961 	-0.017864531 	-7.7623975e-09 	-0.00089051013 	0.20536743
-0.0020840841 	-0.017864432 	-7.8017594e-09 	-0.00090918684 	0.20839568
-0.0020720721 	-0.017864334 	-7.8411213e-09 	-0.00092786355 	0.21142393
-0.0020600601 	-0.017864238 	-7.8803995e-09 	-0.0009460913 	0.21441269
-0.002048048 	-0.017864146 	-7.9195861e-09 	-0.00096382656 	0.21735815
-0.002036036 	-0.017864054 	-7.9587726e-09 	-0.00098156183 	0.22030361
-0.002024024 	-0.017863962 	-7.9979592e-09 	-0.0009992971 	0.22324906
-0.002012012 	-0.01786387 	-8.0371458e-09 	-0.0010170324 	0.22619452
-0.002 	-0.017863777 	-8.0745625e-09 	-0.001034726 	0.22917008
-0.001987988 	-0.017863667 	-8.0954869e-09 	-0.0010520322 	0.23242611
-0.001975976 	-0.017863557 	-8.1164114e-09 	-0.0010693384 	0.23568215
-0.001963964 	-0.017863447 	-8.1373359e-09 	-0.0010866446 	0.23893819
-0.001951952 	-0.017863337 	-8.1582603e-09 	-0.0011039508 	0.24219422
-0.0019399399 	-0.017863227 	-8.1791848e-09 	-0.001121257 	0.24545026
-0.0019279279 	-0.017863124 	-8.202358e-09 	-0.0011377931 	0.2486169
-0.0019159159 	-0.017863021 	-8.2255688e-09 	-0.0011543162 	0.25178205
-0.0019039039 	-0.017862918 	-8.2487797e-09 	-0.0011708394 	0.2549472
-0.0018918919 	-0.017862815 	-8.2719906e-09 	-0.0011873626 	0.25811234
-0.0018798799 	-0.017862712 	-8.2952015e-09 	-0.0012038857 	0.26127749
-0.0018678679 	-0.017862609 	-8.3184123e-09 	-0.0012204089 	0.26444263
-0.0018558559 	-0.017862491 	-8.3182826e-09 	-0.0012353269 	0.26788831
-0.0018438438 	-0.017862372 	-8.3149985e-09 	-0.0012500279 	0.2713719
-0.0018318318 	-0.017862252 	-8.3117144e-09 	-0.001264729 	0.2748555
-0.0018198198 	-0.017862133 	-8.3084303e-09 	-0.00127943 	0.27833909
-0.0018078078 	-0.017862013 	-8.3051462e-09 	-0.0012941311 	0.28182268
-0.0017957958 	-0.017861894 	-8.3023078e-09 	-0.0013087892 	0.28529843
-0.0017837838 	-0.017861781 	-8.304543e-09 	-0.0013229581 	0.28868497
-0.0017717718 	-0.017861668 	-8.3067782e-09 	-0.001337127 	0.2920715
-0.0017597598 	-0.017861554 	-8.3090133e-09 	-0.0013512959 	0.29545804
-0.0017477477 	-0.017861441 	-8.3112485e-09 	-0.0013654648 	0.29884457
-0.0017357357 	-0.017861328 	-8.3134837e-09 	-0.0013796337 	0.30223111
-0.0017237237 	-0.017861215 	-8.3157189e-09 	-0.0013938026 	0.30561764
-0.0017117117 	-0.0178611 	-8.3126954e-09 	-0.0014073715 	0.3090498
-0.0016996997 	-0.017860974 	-8.2817591e-09 	-0.0014177557 	0.31272413
-0.0016876877 	-0.017860848 	-8.2508228e-09 	-0.00142814 	0.31639846
-0.0016756757 	-0.017860722 	-8.2198865e-09 	-0.0014385242 	0.32007279
-0.0016636637 	-0.017860596 	-8.1889502e-09 	-0.0014489084 	0.32374712
-0.0016516517 	-0.01786047 	-8.158014e-09 	-0.0014592926 	0.32742145
-0.0016396396 	-0.017860344 	-8.1270777e-09 	-0.0014696768 	0.33109578
-0.0016276276 	-0.017860221 	-8.1009864e-09 	-0.0014799586 	0.33471327
-0.0016156156 	-0.017860101 	-8.0784137e-09 	-0.001490166 	0.33828947
-0.0016036036 	-0.01785998 	-8.055841e-09 	-0.0015003733 	0.34186568
-0.0015915916 	-0.01785986 	-8.0332682e-09 	-0.0015105807 	0.34544188
-0.0015795796 	-0.01785974 	-8.0106955e-09 	-0.0015207881 	0.34901809
-0.0015675676 	-0.017859619 	-7.9881228e-09 	-0.0015309955 	0.35259429
-0.0015555556 	-0.017859499 	-7.9655501e-09 	-0.0015412029 	0.3561705
-0.0015435435 	-0.017859379 	-7.9429773e-09 	-0.0015514102 	0.35974671
-0.0015315315 	-0.017859254 	-7.8959329e-09 	-0.0015570977 	0.36345864
-0.0015195195 	-0.017859127 	-7.8397146e-09 	-0.0015610908 	0.36722145
-0.0015075075 	-0.017859001 	-7.7834963e-09 	-0.0015650839 	0.37098426
-0.0014954955 	-0.017858874 	-7.727278e-09 	-0.001569077 	0.37474707
-0.0014834835 	-0.017858747 	-7.6710596e-09 	-0.00157307 	0.37850988
-0.0014714715 	-0.017858621 	-7.6148413e-09 	-0.0015770631 	0.3822727
-0.0014594595 	-0.017858494 	-7.558623e-09 	-0.0015810562 	0.38603551
-0.0014474474 	-0.017858369 	-7.5049555e-09 	-0.0015851175 	0.38977469
-0.0014354354 	-0.017858247 	-7.4583835e-09 	-0.0015893685 	0.39344814
-0.0014234234 	-0.017858125 	-7.4118115e-09 	-0.0015936195 	0.39712159
-0.0014114114 	-0.017858003 	-7.3652395e-09 	-0.0015978706 	0.40079504
-0.0013993994 	-0.017857881 	-7.3186675e-09 	-0.0016021216 	0.40446849
-0.0013873874 	-0.017857759 	-7.2720955e-09 	-0.0016063726 	0.40814193
-0.0013753754 	-0.017857637 	-7.2255235e-09 	-0.0016106236 	0.41181538
-0.0013633634 	-0.017857515 	-7.1789515e-09 	-0.0016148747 	0.41548883
-0.0013513514 	-0.017857393 	-7.1323794e-09 	-0.0016191257 	0.41916228
-0.0013393393 	-0.017857271 	-7.0777408e-09 	-0.0016201834 	0.42282937
-0.0013273273 	-0.017857148 	-7.0086269e-09 	-0.0016155107 	0.42648504
-0.0013153153 	-0.017857025 	-6.939513e-09 	-0.001610838 	0.43014071
-0.0013033033 	-0.017856902 	-6.8703991e-09 	-0.0016061653 	0.43379638
-0.0012912913 	-0.017856779 	-6.8012852e-09 	-0.0016014926 	0.43745205
-0.0012792793 	-0.017856656 	-6.7321714e-09 	-0.0015968199 	0.44110772
-0.0012672673 	-0.017856532 	-6.6630575e-09 	-0.0015921472 	0.44476339
-0.0012552553 	-0.017856409 	-6.5939436e-09 	-0.0015874746 	0.44841907
-0.0012432432 	-0.017856286 	-6.5248297e-09 	-0.0015828019 	0.45207474
-0.0012312312 	-0.017856167 	-6.4626553e-09 	-0.0015787543 	0.45567157
-0.0012192192 	-0.017856047 	-6.4013159e-09 	-0.0015747819 	0.45926131
-0.0012072072 	-0.017855927 	-6.3399765e-09 	-0.0015708095 	0.46285106
-0.0011951952 	-0.017855808 	-6.2786371e-09 	-0.0015668371 	0.46644081
-0.0011831832 	-0.017855688 	-6.2172977e-09 	-0.0015628647 	0.47003056
-0.0011711712 	-0.017855569 	-6.1559584e-09 	-0.0015588923 	0.47362031
-0.0011591592 	-0.017855449 	-6.094619e-09 	-0.0015549199 	0.47721005
-0.0011471471 	-0.01785533 	-6.0332796e-09 	-0.0015509475 	0.4807998
-0.0011351351 	-0.01785521 	-5.9719402e-09 	-0.0015469751 	0.48438955
-0.0011231231 	-0.017855091 	-5.9106008e-09 	-0.0015430027 	0.4879793
-0.0011111111 	-0.017855011 	-5.8405789e-09 	-0.0015297892 	0.49169565
-0.0010990991 	-0.017854942 	-5.7682454e-09 	-0.0015141154 	0.4954457
-0.0010870871 	-0.017854873 	-5.6959119e-09 	-0.0014984415 	0.49919575
-0.0010750751 	-0.017854804 	-5.6235784e-09 	-0.0014827677 	0.50294581
-0.0010630631 	-0.017854735 	-5.5512449e-09 	-0.0014670939 	0.50669586
-0.0010510511 	-0.017854666 	-5.4789114e-09 	-0.00145142 	0.51044592
-0.001039039 	-0.017854597 	-5.4065779e-09 	-0.0014357462 	0.51419597
-0.001027027 	-0.017854528 	-5.3342443e-09 	-0.0014200724 	0.51794603
-0.001015015 	-0.017854459 	-5.2619108e-09 	-0.0014043986 	0.52169608
-0.001003003 	-0.01785439 	-5.1901022e-09 	-0.0013888951 	0.52544344
-0.00099099099 	-0.017854317 	-5.1205679e-09 	-0.0013741302 	0.52917913
-0.00097897898 	-0.017854244 	-5.0510337e-09 	-0.0013593653 	0.53291482
-0.00096696697 	-0.017854172 	-4.9814995e-09 	-0.0013446004 	0.53665051
-0.00095495495 	-0.017854099 	-4.9119653e-09 	-0.0013298355 	0.5403862
-0.00094294294 	-0.017854026 	-4.842431e-09 	-0.0013150706 	0.54412189
-0.00093093093 	-0.017853953 	-4.7728968e-09 	-0.0013003057 	0.54785758
-0.00091891892 	-0.017853881 	-4.7033626e-09 	-0.0012855408 	0.55159326
-0.00090690691 	-0.017853808 	-4.6338284e-09 	-0.0012707759 	0.55532895
-0.00089489489 	-0.017853735 	-4.5642941e-09 	-0.0012560109 	0.55906464
-0.00088288288 	-0.017853663 	-4.4947599e-09 	-0.001241246 	0.56280033
-0.00087087087 	-0.01785359 	-4.4252257e-09 	-0.0012264811 	0.56653602
-0.00085885886 	-0.017853546 	-4.3788036e-09 	-0.0012113107 	0.56907893
-0.00084684685 	-0.017853513 	-4.34103e-09 	-0.0011959885 	0.5711755
-0.00083483483 	-0.01785348 	-4.3032564e-09 	-0.0011806663 	0.57327208
-0.00082282282 	-0.017853447 	-4.2654828e-09 	-0.0011653442 	0.57536865
-0.00081081081 	-0.017853414 	-4.2277092e-09 	-0.001150022 	0.57746523
-0.0007987988 	-0.017853381 	-4.1899356e-09 	-0.0011346998 	0.5795618
-0.00078678679 	-0.017853348 	-4.1521619e-09 	-0.0011193776 	0.58165838
-0.00077477477 	-0.017853315 	-4.1143883e-09 	-0.0011040554 	0.58375495
-0.00076276276 	-0.017853282 	-4.0766147e-09 	-0.0010887333 	0.58585153
-0.00075075075 	-0.017853249 	-4.0388411e-09 	-0.0010734111 	0.5879481
-0.00073873874 	-0.017853216 	-4.0010675e-09 	-0.0010580889 	0.59004468
-0.00072672673 	-0.017853183 	-3.9632939e-09 	-0.0010427667 	0.59214125
-0.00071471471 	-0.01785315 	-3.9255203e-09 	-0.0010274446 	0.59423783
-0.0007027027 	-0.017853117 	-3.8877466e-09 	-0.0010121224 	0.5963344
-0.00069069069 	-0.017853083 	-3.849973e-09 	-0.0009968002 	0.59843098
-0.00067867868 	-0.01785305 	-3.8121994e-09 	-0.00098147803 	0.60052755
-0.00066666667 	-0.017853017 	-3.7744258e-09 	-0.00096615585 	0.60262413
-0.00065465465 	-0.017852984 	-3.7366522e-09 	-0.00095083367 	0.6047207
-0.00064264264 	-0.017852951 	-3.6988786e-09 	-0.00093551149 	0.60681728
-0.00063063063 	-0.017852918 	-3.6611049e-09 	-0.00092018932 	0.60891385
-0.00061861862 	-0.017852887 	-3.6235195e-09 	-0.00090452223 	0.61100887
-0.00060660661 	-0.017852857 	-3.5859388e-09 	-0.00088884663 	0.61310384
-0.00059459459 	-0.017852826 	-3.548358e-09 	-0.00087317104 	0.61519882
-0.00058258258 	-0.017852795 	-3.5107772e-09 	-0.00085749544 	0.6172938
-0.00057057057 	-0.017852764 	-3.4731965e-09 	-0.00084181984 	0.61938878
-0.00055855856 	-0.017852733 	-3.4356157e-09 	-0.00082614424 	0.62148375
-0.00054654655 	-0.017852702 	-3.3980349e-09 	-0.00081046865 	0.62357873
-0.00053453453 	-0.017852671 	-3.3604542e-09 	-0.00079479305 	0.62567371
-0.00052252252 	-0.01785264 	-3.3228734e-09 	-0.00077911745 	0.62776868
-0.00051051051 	-0.017852609 	-3.2852926e-09 	-0.00076344185 	0.62986366
-0.0004984985 	-0.017852579 	-3.2477118e-09 	-0.00074776626 	0.63195864
-0.00048648649 	-0.017852548 	-3.2101311e-09 	-0.00073209066 	0.63405362
-0.00047447447 	-0.017852517 	-3.1725503e-09 	-0.00071641506 	0.63614859
-0.00046246246 	-0.017852486 	-3.1349695e-09 	-0.00070073946 	0.63824357
-0.00045045045 	-0.017852455 	-3.0973888e-09 	-0.00068506387 	0.64033855
-0.00043843844 	-0.017852424 	-3.059808e-09 	-0.00066938827 	0.64243352
-0.00042642643 	-0.017852397 	-3.0363673e-09 	-0.00065203261 	0.64376973
-0.00041441441 	-0.017852371 	-3.0218217e-09 	-0.00063362009 	0.64462861
-0.0004024024 	-0.017852346 	-3.007276e-09 	-0.00061520757 	0.6454875
-0.00039039039 	-0.017852321 	-2.9927304e-09 	-0.00059679505 	0.64634639
-0.00037837838 	-0.017852295 	-2.9781848e-09 	-0.00057838253 	0.64720527
-0.00036636637 	-0.01785227 	-2.9636391e-09 	-0.00055997001 	0.64806416
-0.00035435435 	-0.017852244 	-2.9490935e-09 	-0.00054155749 	0.64892304
-0.00034234234 	-0.017852219 	-2.9345478e-09 	-0.00052314497 	0.64978193
-0.00033033033 	-0.017852194 	-2.9200022e-09 	-0.00050473245 	0.65064082
-0.00031831832 	-0.017852168 	-2.9054565e-09 	-0.00048631993 	0.6514997
-0.00030630631 	-0.017852143 	-2.8909109e-09 	-0.00046790741 	0.65235859
-0.00029429429 	-0.017852118 	-2.8763652e-09 	-0.00044949489 	0.65321748
-0.00028228228 	-0.017852092 	-2.8618196e-09 	-0.00043108237 	0.65407636
-0.00027027027 	-0.017852067 	-2.8472739e-09 	-0.00041266985 	0.65493525
-0.00025825826 	-0.017852042 	-2.8327283e-09 	-0.00039425733 	0.65579413
-0.00024624625 	-0.017852016 	-2.8181826e-09 	-0.00037584481 	0.65665302
-0.00023423423 	-0.017851991 	-2.803637e-09 	-0.00035743229 	0.65751191
-0.00022222222 	-0.017851965 	-2.7890913e-09 	-0.00033901977 	0.65837079
-0.00021021021 	-0.01785194 	-2.7745457e-09 	-0.00032060725 	0.65922968
-0.0001981982 	-0.017851915 	-2.76e-09 	-0.00030219473 	0.66008857
-0.00018618619 	-0.017851889 	-2.7457567e-09 	-0.00028386731 	0.66093926
-0.00017417417 	-0.017851863 	-2.7315617e-09 	-0.0002655535 	0.66178864
-0.00016216216 	-0.017851837 	-2.7173668e-09 	-0.0002472397 	0.66263803
-0.00015015015 	-0.017851811 	-2.7031718e-09 	-0.00022892589 	0.66348741
-0.00013813814 	-0.017851785 	-2.6889768e-09 	-0.00021061208 	0.6643368
-0.00012612613 	-0.017851759 	-2.6747819e-09 	-0.00019229828 	0.66518618
-0.00011411411 	-0.017851733 	-2.6605869e-09 	-0.00017398447 	0.66603556
-0.0001021021 	-0.017851707 	-2.6463919e-09 	-0.00015567067 	0.66688495
-9.009009e-05 	-0.017851681 	-2.632197e-09 	-0.00013735686 	0.66773433
-7.8078078e-05 	-0.017851655 	-2.618002e-09 	-0.00011904306 	0.66858371
-6.6066066e-05 	-0.017851629 	-2.603807e-09 	-0.00010072925 	0.6694331
-5.4054054e-05 	-0.017851603 	-2.5896121e-09 	-8.2415444e-05 	0.67028248
-4.2042042e-05 	-0.017851577 	-2.5754171e-09 	-6.4101638e-05 	0.67113186
-3.003003e-05 	-0.017851551 	-2.5612221e-09 	-4.5787832e-05 	0.67198125
-1.8018018e-05 	-0.017851524 	-2.5470272e-09 	-2.7474026e-05 	0.67283063
-6.006006e-06 	-0.017851498 	-2.5328322e-09 	-9.1602205e-06 	0.67368002
6.006006e-06 	-0.017851498 	-2.5334359e-09 	9.2029422e-06 	0.67367526
1.8018018e-05 	-0.017851524 	-2.5488381e-09 	2.7615462e-05 	0.67281638
3.003003e-05 	-0.017851549 	-2.5642403e-09 	4.6027982e-05 	0.67195749
4.2042042e-05 	-0.017851574 	-2.5796426e-09 	6.4440501e-05 	0.6710986
5.4054054e-05 	-0.0178516 	-2.5950448e-09 	8.2853021e-05 	0.67023971
6.6066066e-05 	-0.017851625 	-2.6104471e-09 	0.00010126554 	0.66938082
7.8078078e-05 	-0.01785165 	-2.6258493e-09 	0.00011967806 	0.66852194
9.009009e-05 	-0.017851676 	-2.6412515e-09 	0.00013809058 	0.66766305
0.0001021021 	-0.017851701 	-2.6566538e-09 	0.0001565031 	0.66680416
0.00011411411 	-0.017851726 	-2.672056e-09 	0.00017491562 	0.66594527
0.00012612613 	-0.017851752 	-2.6874582e-09 	0.00019332814 	0.66508638
0.00013813814 	-0.017851777 	-2.7028605e-09 	0.00021174066 	0.6642275
0.00015015015 	-0.017851803 	-2.7182627e-09 	0.00023015318 	0.66336861
0.00016216216 	-0.017851828 	-2.733665e-09 	0.0002485657 	0.66250972
0.00017417417 	-0.017851853 	-2.7490672e-09 	0.00026697822 	0.66165083
0.00018618619 	-0.017851879 	-2.7644694e-09 	0.00028539074 	0.66079194
0.0001981982 	-0.017851904 	-2.7798717e-09 	0.00030380326 	0.65993306
0.00021021021 	-0.017851929 	-2.7952739e-09 	0.00032221578 	0.65907417
0.00022222222 	-0.017851955 	-2.8106762e-09 	0.0003406283 	0.65821528
0.00023423423 	-0.01785198 	-2.8260784e-09 	0.00035904082 	0.65735639
0.00024624625 	-0.017852006 	-2.840994e-09 	0.00037737948 	0.65650461
0.00025825826 	-0.017852032 	-2.8557459e-09 	0.00039569328 	0.65565523
0.00027027027 	-0.017852058 	-2.8704978e-09 	0.00041400709 	0.65480584
0.00028228228 	-0.017852084 	-2.8852497e-09 	0.00043232089 	0.65395646
0.00029429429 	-0.01785211 	-2.9000016e-09 	0.0004506347 	0.65310707
0.00030630631 	-0.017852136 	-2.9147535e-09 	0.0004689485 	0.65225769
0.00031831832 	-0.017852162 	-2.9295054e-09 	0.00048726231 	0.6514083
0.00033033033 	-0.017852188 	-2.9442573e-09 	0.00050557611 	0.65055892
0.00034234234 	-0.017852214 	-2.9590092e-09 	0.00052388992 	0.64970953
0.00035435435 	-0.01785224 	-2.9737611e-09 	0.00054220373 	0.64886015
0.00036636637 	-0.017852266 	-2.988513e-09 	0.00056051753 	0.64801076
0.00037837838 	-0.017852292 	-3.0032649e-09 	0.00057883134 	0.64716138
0.00039039039 	-0.017852318 	-3.0180168e-09 	0.00059714514 	0.64631199
0.0004024024 	-0.017852344 	-3.0327687e-09 	0.00061545895 	0.64546261
0.00041441441 	-0.01785237 	-3.0475206e-09 	0.00063377275 	0.64461322
0.00042642643 	-0.017852396 	-3.0622725e-09 	0.00065208656 	0.64376384
0.00043843844 	-0.017852425 	-3.0862728e-09 	0.00066924514 	0.64243285
0.00045045045 	-0.017852458 	-3.1249749e-09 	0.00068456731 	0.64033627
0.00046246246 	-0.017852491 	-3.1636771e-09 	0.00069988947 	0.63823969
0.00047447447 	-0.017852524 	-3.2023792e-09 	0.00071521163 	0.63614312
0.00048648649 	-0.017852557 	-3.2410814e-09 	0.0007305338 	0.63404654
0.0004984985 	-0.01785259 	-3.2797835e-09 	0.00074585596 	0.63194996
0.00051051051 	-0.017852623 	-3.3184857e-09 	0.00076117813 	0.62985339
0.00052252252 	-0.017852656 	-3.3571878e-09 	0.00077650029 	0.62775681
0.00053453453 	-0.017852689 	-3.39589e-09 	0.00079182246 	0.62566023
0.00054654655 	-0.017852722 	-3.4345921e-09 	0.00080714462 	0.62356366
0.00055855856 	-0.017852755 	-3.4732943e-09 	0.00082246679 	0.62146708
0.00057057057 	-0.017852788 	-3.5119964e-09 	0.00083778895 	0.6193705
0.00058258258 	-0.017852821 	-3.5506986e-09 	0.00085311112 	0.61727392
0.00059459459 	-0.017852855 	-3.5894007e-09 	0.00086843328 	0.61517735
0.00060660661 	-0.017852888 	-3.6281029e-09 	0.00088375545 	0.61308077
0.00061861862 	-0.017852921 	-3.666805e-09 	0.00089907761 	0.61098419
0.00063063063 	-0.017852954 	-3.7055072e-09 	0.00091439978 	0.60888762
0.00064264264 	-0.017852987 	-3.7442093e-09 	0.00092972194 	0.60679104
0.00065465465 	-0.01785302 	-3.7829115e-09 	0.00094504411 	0.60469446
0.00066666667 	-0.017853053 	-3.8216136e-09 	0.00096036627 	0.60259789
0.00067867868 	-0.017853084 	-3.8600039e-09 	0.00097591263 	0.60050232
0.00069069069 	-0.017853115 	-3.8982143e-09 	0.00099158822 	0.59840734
0.0007027027 	-0.017853146 	-3.9364248e-09 	0.0010072638 	0.59631236
0.00071471471 	-0.017853177 	-3.9746353e-09 	0.0010229394 	0.59421739
0.00072672673 	-0.017853208 	-4.0128458e-09 	0.001038615 	0.59212241
0.00073873874 	-0.017853239 	-4.0510562e-09 	0.0010542906 	0.59002743
0.00075075075 	-0.01785327 	-4.0892667e-09 	0.0010699661 	0.58793245
0.00076276276 	-0.017853301 	-4.1274772e-09 	0.0010856417 	0.58583747
0.00077477477 	-0.017853331 	-4.1656876e-09 	0.0011013173 	0.58374249
0.00078678679 	-0.017853362 	-4.2038981e-09 	0.0011169929 	0.58164751
0.0007987988 	-0.017853393 	-4.2421086e-09 	0.0011326685 	0.57955253
0.00081081081 	-0.017853424 	-4.280319e-09 	0.0011483441 	0.57745755
0.00082282282 	-0.017853455 	-4.3185295e-09 	0.0011640197 	0.57536258
0.00083483483 	-0.017853486 	-4.35674e-09 	0.0011796952 	0.5732676
0.00084684685 	-0.017853517 	-4.3949504e-09 	0.0011953708 	0.57117262
0.00085885886 	-0.017853548 	-4.4331609e-09 	0.0012110464 	0.56907764
0.00087087087 	-0.01785359 	-4.480397e-09 	0.001226474 	0.56653589
0.00088288288 	-0.017853663 	-4.5517532e-09 	0.0012412389 	0.5628002
0.00089489489 	-0.017853735 	-4.6231095e-09 	0.0012560038 	0.55906451
0.00090690691 	-0.017853808 	-4.6944657e-09 	0.0012707686 	0.55532882
0.00091891892 	-0.017853881 	-4.7658219e-09 	0.0012855335 	0.55159313
0.00093093093 	-0.017853954 	-4.8371782e-09 	0.0013002984 	0.54785744
0.00094294294 	-0.017854026 	-4.9085344e-09 	0.0013150633 	0.54412174
0.00095495495 	-0.017854099 	-4.9798907e-09 	0.0013298281 	0.54038605
0.00096696697 	-0.017854172 	-5.0512469e-09 	0.001344593 	0.53665036
0.00097897898 	-0.017854244 	-5.1226031e-09 	0.0013593579 	0.53291467
0.00099099099 	-0.017854317 	-5.1939594e-09 	0.0013741228 	0.52917898
0.001003003 	-0.01785439 	-5.2653156e-09 	0.0013888876 	0.52544329
0.001015015 	-0.017854459 	-5.3383786e-09 	0.001404391 	0.52169592
0.001027027 	-0.017854528 	-5.4118354e-09 	0.0014200648 	0.51794586
0.001039039 	-0.017854597 	-5.4852923e-09 	0.0014357386 	0.51419581
0.0010510511 	-0.017854666 	-5.5587491e-09 	0.0014514124 	0.51044575
0.0010630631 	-0.017854735 	-5.6322059e-09 	0.0014670862 	0.50669569
0.0010750751 	-0.017854804 	-5.7056627e-09 	0.00148276 	0.50294564
0.0010870871 	-0.017854873 	-5.7791196e-09 	0.0014984338 	0.49919558
0.0010990991 	-0.017854942 	-5.8525764e-09 	0.0015141076 	0.49544552
0.0011111111 	-0.017855011 	-5.9260332e-09 	0.0015297814 	0.49169546
0.0011231231 	-0.017855091 	-5.9974921e-09 	0.0015429948 	0.48797911
0.0011351351 	-0.01785521 	-6.0614466e-09 	0.0015469672 	0.48438936
0.0011471471 	-0.01785533 	-6.1254011e-09 	0.0015509396 	0.48079961
0.0011591592 	-0.017855449 	-6.1893556e-09 	0.0015549119 	0.47720986
0.0011711712 	-0.017855569 	-6.2533102e-09 	0.0015588843 	0.47362011
0.0011831832 	-0.017855689 	-6.3172647e-09 	0.0015628567 	0.47003036
0.0011951952 	-0.017855808 	-6.3812192e-09 	0.001566829 	0.46644061
0.0012072072 	-0.017855928 	-6.4451737e-09 	0.0015708014 	0.46285086
0.0012192192 	-0.017856047 	-6.5091282e-09 	0.0015747738 	0.45926111
0.0012312312 	-0.017856167 	-6.5730827e-09 	0.0015787461 	0.45567136
0.0012432432 	-0.017856287 	-6.6377798e-09 	0.0015827937 	0.45207453
0.0012552553 	-0.01785641 	-6.7086474e-09 	0.0015874664 	0.44841885
0.0012672673 	-0.017856533 	-6.7795151e-09 	0.001592139 	0.44476318
0.0012792793 	-0.017856656 	-6.8503827e-09 	0.0015968117 	0.4411075
0.0012912913 	-0.017856779 	-6.9212504e-09 	0.0016014843 	0.43745183
0.0013033033 	-0.017856902 	-6.992118e-09 	0.001606157 	0.43379616
0.0013153153 	-0.017857025 	-7.0629857e-09 	0.0016108296 	0.43014048
0.0013273273 	-0.017857148 	-7.1338533e-09 	0.0016155023 	0.42648481
0.0013393393 	-0.017857271 	-7.204721e-09 	0.001620175 	0.42282914
0.0013513514 	-0.017857393 	-7.2621867e-09 	0.0016191173 	0.41916205
0.0013633634 	-0.017857515 	-7.3121839e-09 	0.0016148662 	0.41548859
0.0013753754 	-0.017857637 	-7.3621811e-09 	0.0016106152 	0.41181514
0.0013873874 	-0.017857759 	-7.4121783e-09 	0.0016063641 	0.40814169
0.0013993994 	-0.017857881 	-7.4621755e-09 	0.001602113 	0.40446824
0.0014114114 	-0.017858003 	-7.5121727e-09 	0.001597862 	0.40079479
0.0014234234 	-0.017858125 	-7.5621699e-09 	0.0015936109 	0.39712134
0.0014354354 	-0.017858247 	-7.6121672e-09 	0.0015893599 	0.39344788
0.0014474474 	-0.017858369 	-7.6621644e-09 	0.0015851088 	0.38977443
0.0014594595 	-0.017858494 	-7.7189925e-09 	0.0015810475 	0.38603525
0.0014714715 	-0.017858621 	-7.7782763e-09 	0.0015770544 	0.38227243
0.0014834835 	-0.017858747 	-7.8375601e-09 	0.0015730613 	0.37850962
0.0014954955 	-0.017858874 	-7.8968439e-09 	0.0015690682 	0.3747468
0.0015075075 	-0.017859001 	-7.9561278e-09 	0.0015650751 	0.37098399
0.0015195195 	-0.017859127 	-8.0154116e-09 	0.001561082 	0.36722117
0.0015315315 	-0.017859254 	-8.0746954e-09 	0.0015570889 	0.36345836
0.0015435435 	-0.017859379 	-8.124984e-09 	0.0015514014 	0.35974643
0.0015555556 	-0.017859499 	-8.1512774e-09 	0.001541194 	0.35617022
0.0015675676 	-0.017859619 	-8.1775709e-09 	0.0015309866 	0.35259401
0.0015795796 	-0.01785974 	-8.2038644e-09 	0.0015207792 	0.3490178
0.0015915916 	-0.01785986 	-8.2301579e-09 	0.0015105718 	0.34544159
0.0016036036 	-0.01785998 	-8.2564514e-09 	0.0015003644 	0.34186539
0.0016156156 	-0.017860101 	-8.2827449e-09 	0.001490157 	0.33828918
0.0016276276 	-0.017860221 	-8.3090384e-09 	0.0014799495 	0.33471297
0.0016396396 	-0.017860344 	-8.3391518e-09 	0.0014696678 	0.33109548
0.0016516517 	-0.01786047 	-8.3745254e-09 	0.0014592835 	0.32742115
0.0016636637 	-0.017860596 	-8.409899e-09 	0.0014488993 	0.32374681
0.0016756757 	-0.017860722 	-8.4452726e-09 	0.001438515 	0.32007248
0.0016876877 	-0.017860848 	-8.4806461e-09 	0.0014281308 	0.31639815
0.0016996997 	-0.017860974 	-8.5160197e-09 	0.0014177466 	0.31272382
0.0017117117 	-0.0178611 	-8.5513933e-09 	0.0014073623 	0.30904948
0.0017237237 	-0.017861215 	-8.5571922e-09 	0.0013937934 	0.30561732
0.0017357357 	-0.017861328 	-8.5574194e-09 	0.0013796245 	0.30223079
0.0017477477 	-0.017861441 	-8.5576465e-09 	0.0013654556 	0.29884425
0.0017597598 	-0.017861554 	-8.5578736e-09 	0.0013512866 	0.29545771
0.0017717718 	-0.017861668 	-8.5581008e-09 	0.0013371177 	0.29207118
0.0017837838 	-0.017861781 	-8.5583279e-09 	0.0013229488 	0.28868464
0.0017957958 	-0.017861894 	-8.558555e-09 	0.0013087799 	0.28529811
0.0018078078 	-0.017862013 	-8.5657692e-09 	0.0012941218 	0.28182235
0.0018198198 	-0.017862133 	-8.5735972e-09 	0.0012794207 	0.27833876
0.0018318318 	-0.017862252 	-8.5814252e-09 	0.0012647196 	0.27485516
0.0018438438 	-0.017862372 	-8.5892532e-09 	0.0012500185 	0.27137157
0.0018558559 	-0.017862491 	-8.5970812e-09 	0.0012353175 	0.26788797
0.0018678679 	-0.017862609 	-8.6012683e-09 	0.0012203995 	0.26444229
0.0018798799 	-0.017862712 	-8.5785152e-09 	0.0012038763 	0.26127714
0.0018918919 	-0.017862815 	-8.555762e-09 	0.0011873531 	0.258112
0.0019039039 	-0.017862918 	-8.5330089e-09 	0.0011708299 	0.25494685
0.0019159159 	-0.017863021 	-8.5102557e-09 	0.0011543068 	0.2517817
0.0019279279 	-0.017863124 	-8.4875026e-09 	0.0011377836 	0.24861655
0.0019399399 	-0.017863227 	-8.4648369e-09 	0.0011212475 	0.24544991
0.001951952 	-0.017863337 	-8.4473928e-09 	0.0011039413 	0.24219387
0.001963964 	-0.017863447 	-8.4299487e-09 	0.0010866351 	0.23893783
0.001975976 	-0.017863557 	-8.4125046e-09 	0.0010693289 	0.23568179
0.001987988 	-0.017863667 	-8.3950605e-09 	0.0010520227 	0.23242576
0.002 	-0.017863777 	-8.3776164e-09 	0.0010347165 	0.22916972
0.002012012 	-0.01786387 	-8.3389554e-09 	0.0010170229 	0.22619416
0.002024024 	-0.017863962 	-8.2980174e-09 	0.00099928759 	0.2232487
0.002036036 	-0.017864054 	-8.2570795e-09 	0.00098155233 	0.22030324
0.002048048 	-0.017864146 	-8.2161415e-09 	0.00096381707 	0.21735779
0.0020600601 	-0.017864238 	-8.1752036e-09 	0.0009460818 	0.21441233
0.0020720721 	-0.017864334 	-8.136027e-09 	0.00092785406 	0.21142356
0.0020840841 	-0.017864432 	-8.0984562e-09 	0.00090917735 	0.20839531
0.0020960961 	-0.017864531 	-8.0608854e-09 	0.00089050064 	0.20536706
0.0021081081 	-0.01786463 	-8.0233146e-09 	0.00087182393 	0.20233881
0.0021201201 	-0.017864728 	-7.9854854e-09 	0.00085315458 	0.19931489
0.0021321321 	-0.017864809 	-7.9308999e-09 	0.00083496247 	0.19657191
0.0021441441 	-0.01786489 	-7.8763145e-09 	0.00081677037 	0.19382893
0.0021561562 	-0.01786497 	-7.821729e-09 	0.00079857826 	0.19108595
0.0021681682 	-0.017865051 	-7.7671436e-09 	0.00078038616 	0.18834297
0.0021801802 	-0.017865134 	-7.7131493e-09 	0.00076191371 	0.18557971
0.0021921922 	-0.017865221 	-7.6607354e-09 	0.00074269184 	0.18276221
0.0022042042 	-0.017865308 	-7.6083214e-09 	0.00072346998 	0.17994472
0.0022162162 	-0.017865395 	-7.5559075e-09 	0.00070424811 	0.17712723
0.0022282282 	-0.017865477 	-7.5000802e-09 	0.00068534093 	0.17438553
0.0022402402 	-0.017865546 	-7.4362159e-09 	0.00066717468 	0.17182228
0.0022522523 	-0.017865615 	-7.3723515e-09 	0.00064900843 	0.16925903
0.0022642643 	-0.017865684 	-7.3084871e-09 	0.00063084217 	0.16669578
0.0022762763 	-0.017865754 	-7.2447177e-09 	0.00061255118 	0.16412472
0.0022882883 	-0.017865829 	-7.1816663e-09 	0.00059331656 	0.16149461
0.0023003003 	-0.017865903 	-7.1186148e-09 	0.00057408195 	0.15886449
0.0023123123 	-0.017865978 	-7.0555634e-09 	0.00055484734 	0.15623437
0.0023243243 	-0.017866042 	-6.9880715e-09 	0.00053647202 	0.15374118
0.0023363363 	-0.0178661 	-6.9177786e-09 	0.00051863875 	0.15133437
0.0023483483 	-0.017866157 	-6.8474857e-09 	0.00050080549 	0.14892755
0.0023603604 	-0.017866214 	-6.7771928e-09 	0.00048297222 	0.14652074
0.0023723724 	-0.017866276 	-6.7068272e-09 	0.00046414291 	0.14405816
0.0023843844 	-0.017866339 	-6.6364558e-09 	0.00044523511 	0.14159118
0.0023963964 	-0.017866402 	-6.5660843e-09 	0.00042632731 	0.1391242
0.0024084084 	-0.017866459 	-6.4924616e-09 	0.00040871264 	0.13682081
0.0024204204 	-0.017866514 	-6.4182114e-09 	0.00039134751 	0.13454899
0.0024324324 	-0.017866569 	-6.3439613e-09 	0.00037398237 	0.13227717
0.0024444444 	-0.017866629 	-6.269239e-09 	0.00035598707 	0.12997333
0.0024564565 	-0.017866691 	-6.1941866e-09 	0.00033755114 	0.12764709
0.0024684685 	-0.017866753 	-6.1191342e-09 	0.00031911521 	0.12532086
0.0024804805 	-0.017867008 	-5.9185836e-09 	0.00027428978 	0.11976574
0.0024924925 	-0.017867294 	-5.698532e-09 	0.00022536375 	0.1137089
0.0025045045 	-0.01786758 	-5.4784757e-09 	0.00017643566 	0.10765194
0.0025165165 	-0.0178679 	-5.2500612e-09 	0.00012384507 	0.10139821
0.0025285285 	-0.01786822 	-5.0216466e-09 	7.1254484e-05 	0.095144472
0.0025405405 	-0.017868347 	-4.901357e-09 	4.415555e-05 	0.091912434
0.0025525526 	-0.017868346 	-4.8531507e-09 	3.4051051e-05 	0.090694862
0.0025645646 	-0.017868345 	-4.8049443e-09 	2.3946551e-05 	0.089477289
0.0025765766 	-0.017868344 	-4.756738e-09 	1.3842051e-05 	0.088259716
0.0025885886 	-0.017868343 	-4.7085317e-09 	3.7375512e-06 	0.087042143
0.0026006006 	-0.017868342 	-4.6603254e-09 	-6.3669486e-06 	0.085824571
0.0026126126 	-0.017868341 	-4.612119e-09 	-1.6471448e-05 	0.084606998
0.0026246246 	-0.01786834 	-4.5639127e-09 	-2.6575948e-05 	0.083389425
0.0026366366 	-0.017868339 	-4.5157064e-09 	-3.6680448e-05 	0.082171852
0.0026486486 	-0.017868338 	-4.4675e-09 	-4.6784948e-05 	0.08095428
0.0026606607 	-0.017868337 	-4.4192937e-09 	-5.6889448e-05 	0.079736707
0.0026726727 	-0.017868336 	-4.3710874e-09 	-6.6993947e-05 	0.078519134
0.0026846847 	-0.017868335 	-4.322881e-09 	-7.7098447e-05 	0.077301561
0.0026966967 	-0.017868334 	-4.2746747e-09 	-8.7202947e-05 	0.076083989
0.0027087087 	-0.017868333 	-4.2264684e-09 	-9.7307447e-05 	0.074866416
0.0027207207 	-0.017868332 	-4.178262e-09 	-0.00010741195 	0.073648843
0.0027327327 	-0.017868331 	-4.1300557e-09 	-0.00011751645 	0.07243127
0.0027447447 	-0.01786833 	-4.0818494e-09 	-0.00012762095 	0.071213698
0.0027567568 	-0.017868328 	-4.033643e-09 	-0.00013772545 	0.069996125
0.0027687688 	-0.017868327 	-3.9854367e-09 	-0.00014782995 	0.068778552
0.0027807808 	-0.017868326 	-3.9372304e-09 	-0.00015793445 	0.067560979
0.0027927928 	-0.017868325 	-3.8890241e-09 	-0.00016803895 	0.066343407
0.0028048048 	-0.017868324 	-3.8408177e-09 	-0.00017814345 	0.065125834
0.0028168168 	-0.017868323 	-3.7926114e-09 	-0.00018824795 	0.063908261
0.0028288288 	-0.017868324 	-3.7412579e-09 	-0.00019888512 	0.062677013
0.0028408408 	-0.017868325 	-3.6896487e-09 	-0.0002095656 	0.061444653
0.0028528529 	-0.017868326 	-3.6380394e-09 	-0.00022024608 	0.060212293
0.0028648649 	-0.017868327 	-3.5864302e-09 	-0.00023092656 	0.058979933
0.0028768769 	-0.017868328 	-3.5348209e-09 	-0.00024160704 	0.057747572
0.0028888889 	-0.017868329 	-3.4832116e-09 	-0.00025228751 	0.056515212
0.0029009009 	-0.01786833 	-3.4316024e-09 	-0.00026296799 	0.055282852
0.0029129129 	-0.017868331 	-3.3799931e-09 	-0.00027364847 	0.054050492
0.0029249249 	-0.017868332 	-3.3283839e-09 	-0.00028432895 	0.052818132
0.0029369369 	-0.017868333 	-3.2767746e-09 	-0.00029500943 	0.051585772
0.0029489489 	-0.017868334 	-3.2251653e-09 	-0.0003056899 	0.050353412
0.002960961 	-0.017868335 	-3.1735561e-09 	-0.00031637038 	0.049121052
0.002972973 	-0.017868336 	-3.1219468e-09 	-0.00032705086 	0.047888692
0.002984985 	-0.017868338 	-3.0703375e-09 	-0.00033773134 	0.046656332
0.002996997 	-0.017868339 	-3.0187283e-09 	-0.00034841182 	0.045423972
0.003009009 	-0.01786834 	-2.967119e-09 	-0.00035909229 	0.044191612
0.003021021 	-0.017868341 	-2.9155098e-09 	-0.00036977277 	0.042959252
0.003033033 	-0.017868342 	-2.8639005e-09 	-0.00038045325 	0.041726892
0.003045045 	-0.017868343 	-2.8122912e-09 	-0.00039113373 	0.040494532
0.0030570571 	-0.017868344 	-2.760682e-09 	-0.0004018142 	0.039262172
0.0030690691 	-0.017868306 	-2.7166845e-09 	-0.00040963141 	0.038160812
0.0030810811 	-0.017868256 	-2.675007e-09 	-0.00041657592 	0.03709938
0.0030930931 	-0.017868206 	-2.6333295e-09 	-0.00042352044 	0.036037947
0.0031051051 	-0.017868157 	-2.591652e-09 	-0.00043046495 	0.034976515
0.0031171171 	-0.017868107 	-2.5499745e-09 	-0.00043740946 	0.033915082
0.0031291291 	-0.017868057 	-2.508297e-09 	-0.00044435398 	0.03285365
0.0031411411 	-0.017868008 	-2.4666195e-09 	-0.00045129849 	0.031792218
0.0031531532 	-0.017867958 	-2.424942e-09 	-0.00045824301 	0.030730785
0.0031651652 	-0.017867908 	-2.3832645e-09 	-0.00046518752 	0.029669353
0.0031771772 	-0.017867859 	-2.341587e-09 	-0.00047213203 	0.02860792
0.0031891892 	-0.017867809 	-2.2999095e-09 	-0.00047907655 	0.027546488
0.0032012012 	-0.017867759 	-2.2582321e-09 	-0.00048602106 	0.026485056
0.0032132132 	-0.01786771 	-2.2165546e-09 	-0.00049296557 	0.025423623
0.0032252252 	-0.01786766 	-2.1748771e-09 	-0.00049991009 	0.024362191
0.0032372372 	-0.01786761 	-2.1331996e-09 	-0.0005068546 	0.023300758
0.0032492492 	-0.01786756 	-2.0915221e-09 	-0.00051379912 	0.022239326
0.0032612613 	-0.017867511 	-2.0498446e-09 	-0.00052074363 	0.021177893
0.0032732733 	-0.017867461 	-2.0081671e-09 	-0.00052768814 	0.020116461
0.0032852853 	-0.017867411 	-1.9664896e-09 	-0.00053463266 	0.019055029
0.0032972973 	-0.017867362 	-1.9248121e-09 	-0.00054157717 	0.017993596
0.0033093093 	-0.017867312 	-1.8831346e-09 	-0.00054852169 	0.016932164
0.0033213213 	-0.017867259 	-1.8366598e-09 	-0.0005556747 	0.015869449
0.0033333333 	-0.017867207 	-1.7896197e-09 	-0.00056285229 	0.014806582
0.0033453453 	-0.017867154 	-1.7425796e-09 	-0.00057002987 	0.013743716
0.0033573574 	-0.017867101 	-1.6955394e-09 	-0.00057720746 	0.01268085
0.0033693694 	-0.017867048 	-1.6484993e-09 	-0.00058438504 	0.011617984
0.0033813814 	-0.017866995 	-1.6014592e-09 	-0.00059156262 	0.010555118
0.0033933934 	-0.017866942 	-1.5544191e-09 	-0.00059874021 	0.0094922515
0.0034054054 	-0.01786689 	-1.507379e-09 	-0.00060591779 	0.0084293853
0.0034174174 	-0.017866837 	-1.4603388e-09 	-0.00061309538 	0.0073665191
0.0034294294 	-0.017866784 	-1.4132987e-09 	-0.00062027296 	0.0063036529
0.0034414414 	-0.017866731 	-1.3662586e-09 	-0.00062745055 	0.0052407867
0.0034534535 	-0.017866678 	-1.3192185e-09 	-0.00063462813 	0.0041779205
0.0034654655 	-0.017866625 	-1.2721784e-09 	-0.00064180572 	0.0031150543
0.0034774775 	-0.017866573 	-1.2251382e-09 	-0.0006489833 	0.0020521881
0.0034894895 	-0.01786652 	-1.1780981e-09 	-0.00065616089 	0.00098932187
0.0035015015 	-0.017866467 	-1.131058e-09 	-0.00066333847 	-7.3544327e-05
0.0035135135 	-0.017866414 	-1.0840179e-09 	-0.00067051606 	-0.0011364105
0.0035255255 	-0.017866362 	-1.0402394e-09 	-0.0006768712 	-0.0021480597
0.0035375375 	-0.017866312 	-1.0196957e-09 	-0.00067736752 	-0.0027948567
0.0035495495 	-0.017866262 	-9.9915194e-10 	-0.00067786384 	-0.0034416537
0.0035615616 	-0.017866212 	-9.7860822e-10 	-0.00067836016 	-0.0040884507
0.0035735736 	-0.017866162 	-9.5806449e-10 	-0.00067885648 	-0.0047352477
0.0035855856 	-0.017866112 	-9.3752076e-10 	-0.0006793528 	-0.0053820448
0.0035975976 	-0.017866062 	-9.1697703e-10 	-0.00067984912 	-0.0060288418
0.0036096096 	-0.017866012 	-8.9643331e-10 	-0.00068034544 	-0.0066756388
0.0036216216 	-0.017865962 	-8.7588958e-10 	-0.00068084176 	-0.0073224358
0.0036336336 	-0.017865912 	-8.5534585e-10 	-0.00068133808 	-0.0079692328
0.0036456456 	-0.017865862 	-8.3480213e-10 	-0.0006818344 	-0.0086160298
0.0036576577 	-0.017865812 	-8.142584e-10 	-0.00068233072 	-0.0092628269
0.0036696697 	-0.017865762 	-7.9371467e-10 	-0.00068282704 	-0.0099096239
0.0036816817 	-0.017865712 	-7.7317095e-10 	-0.00068332336 	-0.010556421
0.0036936937 	-0.017865662 	-7.5262722e-10 	-0.00068381968 	-0.011203218
0.0037057057 	-0.017865613 	-7.3208349e-10 	-0.000684316 	-0.011850015
0.0037177177 	-0.017865563 	-7.1153976e-10 	-0.00068481232 	-0.012496812
0.0037297297 	-0.017865513 	-6.9099604e-10 	-0.00068530864 	-0.013143609
0.0037417417 	-0.017865463 	-6.7045231e-10 	-0.00068580496 	-0.013790406
0.0037537538 	-0.017865411 	-6.4721092e-10 	-0.0006861064 	-0.014434328
0.0037657658 	-0.017865358 	-6.2293432e-10 	-0.00068633306 	-0.015077147
0.0037777778 	-0.017865305 	-5.9865772e-10 	-0.00068655972 	-0.015719966
0.0037897898 	-0.017865252 	-5.7438112e-10 	-0.00068678637 	-0.016362785
0.0038018018 	-0.017865199 	-5.5010452e-10 	-0.00068701303 	-0.017005604
0.0038138138 	-0.017865146 	-5.2582792e-10 	-0.00068723969 	-0.017648423
0.0038258258 	-0.017865093 	-5.0155131e-10 	-0.00068746635 	-0.018291242
0.0038378378 	-0.01786504 	-4.7727471e-10 	-0.00068769301 	-0.018934061
0.0038498498 	-0.017864987 	-4.5299811e-10 	-0.00068791966 	-0.01957688
0.0038618619 	-0.017864934 	-4.2872151e-10 	-0.00068814632 	-0.020219699
0.0038738739 	-0.017864881 	-4.0444491e-10 	-0.00068837298 	-0.020862517
0.0038858859 	-0.017864828 	-3.8016831e-10 	-0.00068859964 	-0.021505336
0.0038978979 	-0.017864775 	-3.5589171e-10 	-0.0006888263 	-0.022148155
0.0039099099 	-0.017864722 	-3.3161511e-10 	-0.00068905295 	-0.022790974
0.0039219219 	-0.017864669 	-3.0733851e-10 	-0.00068927961 	-0.023433793
0.0039339339 	-0.017864616 	-2.8381596e-10 	-0.00068933595 	-0.024060563
0.0039459459 	-0.017864572 	-2.7312769e-10 	-0.00068649344 	-0.024414176
0.003957958 	-0.017864527 	-2.6243943e-10 	-0.00068365093 	-0.024767789
0.00396997 	-0.017864483 	-2.5175116e-10 	-0.00068080842 	-0.025121402
0.003981982 	-0.017864438 	-2.410629e-10 	-0.00067796591 	-0.025475015
0.003993994 	-0.017864393 	-2.3037464e-10 	-0.0006751234 	-0.025828628
0.004006006 	-0.017864349 	-2.1968637e-10 	-0.00067228089 	-0.026182241
0.004018018 	-0.017864304 	-2.0899811e-10 	-0.00066943838 	-0.026535854
0.00403003 	-0.01786426 	-1.9830985e-10 	-0.00066659586 	-0.026889467
0.004042042 	-0.017864215 	-1.8762158e-10 	-0.00066375335 	-0.02724308
0.0040540541 	-0.017864171 	-1.7693332e-10 	-0.00066091084 	-0.027596693
0.0040660661 	-0.017864126 	-1.6624506e-10 	-0.00065806833 	-0.027950306
0.0040780781 	-0.017864082 	-1.5555679e-10 	-0.00065522582 	-0.028303919
0.0040900901 	-0.017864037 	-1.4486853e-10 	-0.00065238331 	-0.028657531
0.0041021021 	-0.017863993 	-1.3418027e-10 	-0.0006495408 	-0.029011144
0.0041141141 	-0.017863948 	-1.23492e-10 	-0.00064669829 	-0.029364757
0.0041261261 	-0.017863904 	-1.1280374e-10 	-0.00064385578 	-0.02971837
0.0041381381 	-0.017863857 	-1.0059857e-10 	-0.00064062275 	-0.030069159
0.0041501502 	-0.01786381 	-8.8091124e-11 	-0.00063731191 	-0.030419384
0.0041621622 	-0.017863762 	-7.5583682e-11 	-0.00063400108 	-0.03076961
0.0041741742 	-0.017863715 	-6.3076241e-11 	-0.00063069024 	-0.031119835
0.0041861862 	-0.017863667 	-5.0568799e-11 	-0.0006273794 	-0.031470061
0.0041981982 	-0.01786362 	-3.8061357e-11 	-0.00062406856 	-0.031820286
0.0042102102 	-0.017863573 	-2.5553915e-11 	-0.00062075772 	-0.032170512
0.0042222222 	-0.017863525 	-1.3046474e-11 	-0.00061744688 	-0.032520737
0.0042342342 	-0.017863478 	-5.3903175e-13 	-0.00061413605 	-0.032870963
0.0042462462 	-0.017863431 	1.196841e-11 	-0.00061082521 	-0.033221189
0.0042582583 	-0.017863383 	2.4475852e-11 	-0.00060751437 	-0.033571414
0.0042702703 	-0.017863336 	3.6983294e-11 	-0.00060420353 	-0.03392164
0.0042822823 	-0.017863288 	4.9490735e-11 	-0.00060089269 	-0.034271865
0.0042942943 	-0.017863241 	6.1870997e-11 	-0.00059755366 	-0.034617293
0.0043063063 	-0.017863208 	6.8541753e-11 	-0.00059294889 	-0.034747314
0.0043183183 	-0.017863174 	7.5212508e-11 	-0.00058834413 	-0.034877335
0.0043303303 	-0.017863141 	8.1883264e-11 	-0.00058373936 	-0.035007357
0.0043423423 	-0.017863107 	8.855402e-11 	-0.0005791346 	-0.035137378
0.0043543544 	-0.017863074 	9.5224775e-11 	-0.00057452983 	-0.035267399
0.0043663664 	-0.01786304 	1.0189553e-10 	-0.00056992507 	-0.035397421
0.0043783784 	-0.017863007 	1.0856629e-10 	-0.0005653203 	-0.035527442
0.0043903904 	-0.017862974 	1.1523704e-10 	-0.00056071554 	-0.035657463
0.0044024024 	-0.01786294 	1.219078e-10 	-0.00055611077 	-0.035787485
0.0044144144 	-0.017862907 	1.2857855e-10 	-0.00055150601 	-0.035917506
0.0044264264 	-0.017862873 	1.3524931e-10 	-0.00054690124 	-0.036047528
0.0044384384 	-0.01786284 	1.4192006e-10 	-0.00054229648 	-0.036177549
0.0044504505 	-0.017862806 	1.4859082e-10 	-0.00053769171 	-0.03630757
0.0044624625 	-0.017862773 	1.5526158e-10 	-0.00053308695 	-0.036437592
0.0044744745 	-0.017862738 	1.6224747e-10 	-0.00052808586 	-0.036566911
0.0044864865 	-0.017862702 	1.6935536e-10 	-0.00052293137 	-0.036695959
0.0044984985 	-0.017862666 	1.7646325e-10 	-0.00051777687 	-0.036825007
0.0045105105 	-0.017862631 	1.8357114e-10 	-0.00051262237 	-0.036954055
0.0045225225 	-0.017862595 	1.9067903e-10 	-0.00050746787 	-0.037083103
0.0045345345 	-0.017862559 	1.9778692e-10 	-0.00050231337 	-0.037212151
0.0045465465 	-0.017862524 	2.0489481e-10 	-0.00049715887 	-0.037341199
0.0045585586 	-0.017862488 	2.120027e-10 	-0.00049200437 	-0.037470247
0.0045705706 	-0.017862453 	2.1911059e-10 	-0.00048684988 	-0.037599296
0.0045825826 	-0.017862417 	2.2621848e-10 	-0.00048169538 	-0.037728344
0.0045945946 	-0.017862381 	2.3332637e-10 	-0.00047654088 	-0.037857392
0.0046066066 	-0.017862346 	2.4043426e-10 	-0.00047138638 	-0.03798644
0.0046186186 	-0.017862319 	2.4603349e-10 	-0.00046615378 	-0.038019125
0.0046306306 	-0.017862298 	2.5036985e-10 	-0.00046085581 	-0.037971146
0.0046426426 	-0.017862278 	2.547062e-10 	-0.00045555784 	-0.037923167
0.0046546547 	-0.017862258 	2.5904255e-10 	-0.00045025987 	-0.037875189
0.0046666667 	-0.017862238 	2.6337891e-10 	-0.0004449619 	-0.03782721
0.0046786787 	-0.017862217 	2.6771526e-10 	-0.00043966393 	-0.037779231
0.0046906907 	-0.017862197 	2.7205162e-10 	-0.00043436596 	-0.037731253
0.0047027027 	-0.017862177 	2.7638797e-10 	-0.00042906799 	-0.037683274
0.0047147147 	-0.017862157 	2.8072432e-10 	-0.00042377002 	-0.037635295
0.0047267267 	-0.017862137 	2.8506068e-10 	-0.00041847205 	-0.037587316
0.0047387387 	-0.017862116 	2.8939703e-10 	-0.00041317408 	-0.037539338
0.0047507508 	-0.017862096 	2.9373338e-10 	-0.00040787611 	-0.037491359
0.0047627628 	-0.017862076 	2.9806974e-10 	-0.00040257814 	-0.03744338
0.0047747748 	-0.017862055 	3.0208224e-10 	-0.00039675955 	-0.037397183
0.0047867868 	-0.017862033 	3.0607291e-10 	-0.00039090585 	-0.037351105
0.0047987988 	-0.017862012 	3.1006357e-10 	-0.00038505215 	-0.037305027
0.0048108108 	-0.017861991 	3.1405424e-10 	-0.00037919845 	-0.03725895
0.0048228228 	-0.017861969 	3.180449e-10 	-0.00037334475 	-0.037212872
0.0048348348 	-0.017861948 	3.2203557e-10 	-0.00036749106 	-0.037166795
0.0048468468 	-0.017861927 	3.2602623e-10 	-0.00036163736 	-0.037120717
0.0048588589 	-0.017861905 	3.300169e-10 	-0.00035578366 	-0.037074639
0.0048708709 	-0.017861884 	3.3400756e-10 	-0.00034992996 	-0.037028562
0.0048828829 	-0.017861863 	3.3799823e-10 	-0.00034407626 	-0.036982484
0.0048948949 	-0.017861844 	3.4159126e-10 	-0.00033834283 	-0.03690673
0.0049069069 	-0.017861837 	3.4361392e-10 	-0.00033308442 	-0.036713774
0.0049189189 	-0.017861829 	3.4563658e-10 	-0.000327826 	-0.036520817
0.0049309309 	-0.017861821 	3.4765924e-10 	-0.00032256759 	-0.036327861
0.0049429429 	-0.017861814 	3.496819e-10 	-0.00031730917 	-0.036134905
0.004954955 	-0.017861806 	3.5170457e-10 	-0.00031205075 	-0.035941949
0.004966967 	-0.017861799 	3.5372723e-10 	-0.00030679234 	-0.035748993
0.004978979 	-0.017861791 	3.5574989e-10 	-0.00030153392 	-0.035556037
0.004990991 	-0.017861783 	3.5777255e-10 	-0.0002962755 	-0.035363081
0.005003003 	-0.017861776 	3.5979521e-10 	-0.00029101709 	-0.035170125
0.005015015 	-0.017861768 	3.6181788e-10 	-0.00028575867 	-0.034977169
0.005027027 	-0.017861761 	3.637746e-10 	-0.00028045545 	-0.034784631
0.005039039 	-0.017861753 	3.6504261e-10 	-0.00027468431 	-0.034596467
0.0050510511 	-0.017861745 	3.6631063e-10 	-0.00026891317 	-0.034408304
0.0050630631 	-0.017861737 	3.6757864e-10 	-0.00026314202 	-0.03422014
0.0050750751 	-0.01786173 	3.6884665e-10 	-0.00025737088 	-0.034031976
0.0050870871 	-0.017861722 	3.7011467e-10 	-0.00025159974 	-0.033843812
0.0050990991 	-0.017861714 	3.7138268e-10 	-0.0002458286 	-0.033655648
0.0051111111 	-0.017861706 	3.7265069e-10 	-0.00024005745 	-0.033467484
0.0051231231 	-0.017861699 	3.739187e-10 	-0.00023428631 	-0.03327932
0.0051351351 	-0.017861691 	3.7518672e-10 	-0.00022851517 	-0.033091156
0.0051471471 	-0.01786169 	3.7531777e-10 	-0.00022339166 	-0.032825368
0.0051591592 	-0.017861693 	3.7476284e-10 	-0.0002186589 	-0.032512746
0.0051711712 	-0.017861696 	3.7420791e-10 	-0.00021392614 	-0.032200123
0.0051831832 	-0.017861699 	3.7365298e-10 	-0.00020919338 	-0.0318875
0.0051951952 	-0.017861703 	3.7309805e-10 	-0.00020446062 	-0.031574878
0.0052072072 	-0.017861706 	3.7254312e-10 	-0.00019972786 	-0.031262255
0.0052192192 	-0.017861709 	3.7198819e-10 	-0.0001949951 	-0.030949632
0.0052312312 	-0.017861712 	3.7143326e-10 	-0.00019026234 	-0.03063701
0.0052432432 	-0.017861715 	3.7087833e-10 	-0.00018552958 	-0.030324387
0.0052552553 	-0.017861718 	3.703234e-10 	-0.00018079682 	-0.030011764
0.0052672673 	-0.017861722 	3.6898007e-10 	-0.00017570108 	-0.029705368
0.0052792793 	-0.017861726 	3.6746961e-10 	-0.0001705284 	-0.029400292
0.0052912913 	-0.01786173 	3.6595914e-10 	-0.00016535571 	-0.029095217
0.0053033033 	-0.017861733 	3.6444868e-10 	-0.00016018303 	-0.028790141
0.0053153153 	-0.017861737 	3.6293822e-10 	-0.00015501035 	-0.028485065
0.0053273273 	-0.017861741 	3.6142776e-10 	-0.00014983767 	-0.028179989
0.0053393393 	-0.017861745 	3.599173e-10 	-0.00014466498 	-0.027874913
0.0053513514 	-0.017861749 	3.5840684e-10 	-0.0001394923 	-0.027569837
0.0053633634 	-0.017861756 	3.5609487e-10 	-0.00013493627 	-0.027213045
0.0053753754 	-0.017861769 	3.5292152e-10 	-0.00013104295 	-0.026800673
0.0053873874 	-0.017861781 	3.4974817e-10 	-0.00012714963 	-0.026388301
0.0053993994 	-0.017861793 	3.4657482e-10 	-0.00012325631 	-0.025975929
0.0054114114 	-0.017861805 	3.4340146e-10 	-0.00011936299 	-0.025563557
0.0054234234 	-0.017861817 	3.4022811e-10 	-0.00011546967 	-0.025151185
0.0054354354 	-0.017861829 	3.3705476e-10 	-0.00011157635 	-0.024738813
0.0054474474 	-0.017861841 	3.3388141e-10 	-0.00010768303 	-0.024326441
0.0054594595 	-0.017861853 	3.3070805e-10 	-0.00010378972 	-0.023914069
0.0054714715 	-0.017861866 	3.2665593e-10 	-9.9601277e-05 	-0.023510222
0.0054834835 	-0.01786188 	3.2244092e-10 	-9.5358139e-05 	-0.023107954
0.0054954955 	-0.017861893 	3.1822591e-10 	-9.1115001e-05 	-0.022705686
0.0055075075 	-0.017861906 	3.140109e-10 	-8.6871863e-05 	-0.022303418
0.0055195195 	-0.01786192 	3.097959e-10 	-8.2628725e-05 	-0.02190115
0.0055315315 	-0.017861933 	3.0558089e-10 	-7.8385587e-05 	-0.021498882
0.0055435435 	-0.017861947 	3.0136588e-10 	-7.4142449e-05 	-0.021096614
0.0055555556 	-0.017861963 	2.9648839e-10 	-7.05781e-05 	-0.020648431
0.0055675676 	-0.017861983 	2.9091702e-10 	-6.7724694e-05 	-0.020152158
0.0055795796 	-0.017862002 	2.8534566e-10 	-6.4871288e-05 	-0.019655885
0.0055915916 	-0.017862022 	2.797743e-10 	-6.2017882e-05 	-0.019159612
0.0056036036 	-0.017862041 	2.7420294e-10 	-5.9164476e-05 	-0.018663339
0.0056156156 	-0.017862061 	2.6863158e-10 	-5.6311069e-05 	-0.018167066
0.0056276276 	-0.01786208 	2.6306021e-10 	-5.3457663e-05 	-0.017670793
0.0056396396 	-0.0178621 	2.5748885e-10 	-5.0604257e-05 	-0.01717452
0.0056516517 	-0.017862121 	2.5092351e-10 	-4.7532819e-05 	-0.016689103
0.0056636637 	-0.017862143 	2.4421348e-10 	-4.4429642e-05 	-0.016205266
0.0056756757 	-0.017862164 	2.3750344e-10 	-4.1326464e-05 	-0.015721429
0.0056876877 	-0.017862185 	2.3079341e-10 	-3.8223287e-05 	-0.015237592
0.0056996997 	-0.017862207 	2.2408338e-10 	-3.512011e-05 	-0.014753755
0.0057117117 	-0.017862228 	2.1737334e-10 	-3.2016933e-05 	-0.014269918
0.0057237237 	-0.01786225 	2.1031612e-10 	-2.9448511e-05 	-0.01375357
0.0057357357 	-0.017862274 	2.0271274e-10 	-2.7721279e-05 	-0.013186078
0.0057477477 	-0.017862298 	1.9510937e-10 	-2.5994048e-05 	-0.012618587
0.0057597598 	-0.017862322 	1.87506e-10 	-2.4266816e-05 	-0.012051096
0.0057717718 	-0.017862346 	1.7990263e-10 	-2.2539584e-05 	-0.011483604
0.0057837838 	-0.01786237 	1.7229925e-10 	-2.0812352e-05 	-0.010916113
0.0057957958 	-0.017862393 	1.6469588e-10 	-1.9085121e-05 	-0.010348622
0.0058078078 	-0.017862419 	1.5621328e-10 	-1.7256879e-05 	-0.0097909372
0.0058198198 	-0.017862444 	1.4730712e-10 	-1.5379978e-05 	-0.0092379772
0.0058318318 	-0.01786247 	1.3840097e-10 	-1.3503077e-05 	-0.0086850171
0.0058438438 	-0.017862496 	1.2949481e-10 	-1.1626176e-05 	-0.008132057
0.0058558559 	-0.017862522 	1.2058865e-10 	-9.7492742e-06 	-0.007579097
0.0058678679 	-0.017862547 	1.116825e-10 	-7.872373e-06 	-0.0070261369
0.0058798799 	-0.017862567 	1.022824e-10 	-7.1403024e-06 	-0.0063832143
0.0058918919 	-0.017862586 	9.2860854e-11 	-6.4579265e-06 	-0.0057363866
0.0059039039 	-0.017862605 	8.3439312e-11 	-5.7755507e-06 	-0.0050895588
0.0059159159 	-0.017862625 	7.401777e-11 	-5.0931749e-06 	-0.0044427311
0.0059279279 	-0.017862644 	6.4596229e-11 	-4.410799e-06 	-0.0037959034
0.0059399399 	-0.017862663 	5.5111292e-11 	-3.7259356e-06 	-0.0031497441
0.005951952 	-0.017862683 	4.4089034e-11 	-2.9807485e-06 	-0.0025197953
0.005963964 	-0.017862702 	3.3066775e-11 	-2.2355614e-06 	-0.0018898465
0.005975976 	-0.017862722 	2.2044517e-11 	-1.4903742e-06 	-0.0012598977
0.005987988 	-0.017862742 	1.1022258e-11 	-7.4518712e-07 	-0.00062994883
0.006 	-0.017862761 	7.9589374e-23 	-5.3808371e-18 	-4.548726e-15
