-0.006 	-0.0084111339 	0 	0 	0
-0.005987988 	-0.0084111025 	-3.8838613e-11 	-1.6275508e-07 	-0.00078929562
-0.005975976 	-0.0084110711 	-7.7677226e-11 	-3.2551016e-07 	-0.0015785912
-0.005963964 	-0.0084110397 	-1.1651584e-10 	-4.8826524e-07 	-0.0023678869
-0.005951952 	-0.0084110083 	-1.5535445e-10 	-6.5102032e-07 	-0.0031571825
-0.0059399399 	-0.0084109769 	-1.9419306e-10 	-8.137754e-07 	-0.0039464781
-0.0059279279 	-0.0084109456 	-2.3303168e-10 	-9.7653048e-07 	-0.0047357737
-0.0059159159 	-0.0084109125 	-2.7372446e-10 	-1.1589033e-06 	-0.0055213157
-0.0059039039 	-0.0084108792 	-3.1459597e-10 	-1.343167e-06 	-0.0063064958
-0.0058918919 	-0.0084108692 	-3.5483848e-10 	-1.610127e-06 	-0.0070410386
-0.0058798799 	-0.0084108767 	-3.9460737e-10 	-1.9393541e-06 	-0.0077374534
-0.0058678679 	-0.0084108842 	-4.3437626e-10 	-2.2685812e-06 	-0.0084338682
-0.0058558559 	-0.0084108917 	-4.7414516e-10 	-2.5978084e-06 	-0.009130283
-0.0058438438 	-0.0084108993 	-5.1391405e-10 	-2.9270355e-06 	-0.0098266979
-0.0058318318 	-0.0084109068 	-5.5368294e-10 	-3.2562626e-06 	-0.010523113
-0.0058198198 	-0.0084109143 	-5.9345184e-10 	-3.5854898e-06 	-0.011219527
-0.0058078078 	-0.0084109225 	-6.3420281e-10 	-3.9486329e-06 	-0.011913861
-0.0057957958 	-0.008410931 	-6.7544883e-10 	-4.3288718e-06 	-0.012607145
-0.0057837838 	-0.0084109396 	-7.1669233e-10 	-4.7106841e-06 	-0.013299749
-0.0057717718 	-0.0084109481 	-7.5765155e-10 	-5.271076e-06 	-0.013915245
-0.0057597598 	-0.0084109567 	-7.9861078e-10 	-5.8314679e-06 	-0.014530741
-0.0057477477 	-0.0084109652 	-8.3957e-10 	-6.3918597e-06 	-0.015146237
-0.0057357357 	-0.0084109737 	-8.8052922e-10 	-6.9522516e-06 	-0.015761733
-0.0057237237 	-0.0084109823 	-9.2148845e-10 	-7.5126435e-06 	-0.016377229
-0.0057117117 	-0.0084109908 	-9.6244767e-10 	-8.0730354e-06 	-0.016992725
-0.0056996997 	-0.0084109993 	-1.0034069e-09 	-8.6334273e-06 	-0.017608221
-0.0056876877 	-0.008411008 	-1.0445547e-09 	-9.2086735e-06 	-0.018223349
-0.0056756757 	-0.0084110176 	-1.086588e-09 	-9.8536426e-06 	-0.01883675
-0.0056636637 	-0.0084110271 	-1.1286212e-09 	-1.0498612e-05 	-0.019450151
-0.0056516517 	-0.0084110366 	-1.1705324e-09 	-1.1177045e-05 	-0.020048698
-0.0056396396 	-0.0084110458 	-1.2118164e-09 	-1.2027638e-05 	-0.020570829
-0.0056276276 	-0.0084110549 	-1.2531003e-09 	-1.287823e-05 	-0.02109296
-0.0056156156 	-0.0084110641 	-1.2943842e-09 	-1.3728823e-05 	-0.021615092
-0.0056036036 	-0.0084110733 	-1.3356681e-09 	-1.4579416e-05 	-0.022137223
-0.0055915916 	-0.0084110825 	-1.376952e-09 	-1.5430008e-05 	-0.022659354
-0.0055795796 	-0.0084110917 	-1.4182359e-09 	-1.6280601e-05 	-0.023181485
-0.0055675676 	-0.0084111009 	-1.4595199e-09 	-1.7131194e-05 	-0.023703617
-0.0055555556 	-0.0084111101 	-1.5008038e-09 	-1.7981787e-05 	-0.024225748
-0.0055435435 	-0.0084111195 	-1.5423068e-09 	-1.8865104e-05 	-0.024747642
-0.0055315315 	-0.0084111295 	-1.58438e-09 	-1.98336e-05 	-0.02526892
-0.0055195195 	-0.0084111395 	-1.6264532e-09 	-2.0802095e-05 	-0.025790198
-0.0055075075 	-0.0084111495 	-1.6685265e-09 	-2.1770591e-05 	-0.026311475
-0.0054954955 	-0.0084111596 	-1.7092024e-09 	-2.2943305e-05 	-0.026740637
-0.0054834835 	-0.0084111697 	-1.7496509e-09 	-2.4149264e-05 	-0.027154804
-0.0054714715 	-0.0084111797 	-1.7900993e-09 	-2.5355222e-05 	-0.027568971
-0.0054594595 	-0.0084111898 	-1.8305478e-09 	-2.6561181e-05 	-0.027983138
-0.0054474474 	-0.0084111999 	-1.8709962e-09 	-2.7767139e-05 	-0.028397305
-0.0054354354 	-0.00841121 	-1.9114447e-09 	-2.8973098e-05 	-0.028811471
-0.0054234234 	-0.0084112201 	-1.9518931e-09 	-3.0179056e-05 	-0.029225638
-0.0054114114 	-0.0084112301 	-1.9923416e-09 	-3.1385014e-05 	-0.029639805
-0.0053993994 	-0.0084112402 	-2.03279e-09 	-3.2590973e-05 	-0.030053972
-0.0053873874 	-0.0084112503 	-2.0732385e-09 	-3.3796931e-05 	-0.030468139
-0.0053753754 	-0.0084112608 	-2.1141908e-09 	-3.5118629e-05 	-0.030882815
-0.0053633634 	-0.0084112715 	-2.1552841e-09 	-3.64727e-05 	-0.031297633
-0.0053513514 	-0.0084112822 	-2.1963773e-09 	-3.7826771e-05 	-0.031712452
-0.0053393393 	-0.0084112929 	-2.2374706e-09 	-3.9180843e-05 	-0.03212727
-0.0053273273 	-0.0084113041 	-2.2758754e-09 	-4.0796942e-05 	-0.032428236
-0.0053153153 	-0.0084113154 	-2.3139976e-09 	-4.2440596e-05 	-0.03271723
-0.0053033033 	-0.0084113267 	-2.3521197e-09 	-4.4084249e-05 	-0.033006224
-0.0052912913 	-0.008411338 	-2.3902418e-09 	-4.5727903e-05 	-0.033295218
-0.0052792793 	-0.0084113492 	-2.4283639e-09 	-4.7371556e-05 	-0.033584212
-0.0052672673 	-0.0084113605 	-2.4664861e-09 	-4.901521e-05 	-0.033873206
-0.0052552553 	-0.0084113718 	-2.5046082e-09 	-5.0658863e-05 	-0.0341622
-0.0052432432 	-0.0084113831 	-2.5427303e-09 	-5.2302517e-05 	-0.034451194
-0.0052312312 	-0.0084113944 	-2.5808524e-09 	-5.394617e-05 	-0.034740188
-0.0052192192 	-0.0084114057 	-2.6189746e-09 	-5.5589824e-05 	-0.035029182
-0.0052072072 	-0.008411417 	-2.6570967e-09 	-5.7233477e-05 	-0.035318176
-0.0051951952 	-0.0084114284 	-2.6955201e-09 	-5.8958999e-05 	-0.03560835
-0.0051831832 	-0.0084114401 	-2.7342796e-09 	-6.0775886e-05 	-0.035899841
-0.0051711712 	-0.0084114517 	-2.7730392e-09 	-6.2592773e-05 	-0.036191333
-0.0051591592 	-0.0084114634 	-2.8117988e-09 	-6.4409661e-05 	-0.036482824
-0.0051471471 	-0.0084114751 	-2.8501952e-09 	-6.6254162e-05 	-0.036763158
-0.0051351351 	-0.0084114879 	-2.8841355e-09 	-6.8437553e-05 	-0.03690657
-0.0051231231 	-0.0084115007 	-2.9180758e-09 	-7.0620944e-05 	-0.037049982
-0.0051111111 	-0.0084115134 	-2.952016e-09 	-7.2804335e-05 	-0.037193394
-0.0050990991 	-0.0084115262 	-2.9859563e-09 	-7.4987727e-05 	-0.037336806
-0.0050870871 	-0.008411539 	-3.0198965e-09 	-7.7171118e-05 	-0.037480218
-0.0050750751 	-0.0084115517 	-3.0538368e-09 	-7.9354509e-05 	-0.03762363
-0.0050630631 	-0.0084115645 	-3.0877771e-09 	-8.15379e-05 	-0.037767042
-0.0050510511 	-0.0084115773 	-3.1217173e-09 	-8.3721291e-05 	-0.037910454
-0.005039039 	-0.00841159 	-3.1556576e-09 	-8.5904682e-05 	-0.038053866
-0.005027027 	-0.0084116028 	-3.1895979e-09 	-8.8088074e-05 	-0.038197278
-0.005015015 	-0.0084116156 	-3.2235381e-09 	-9.0271465e-05 	-0.03834069
-0.005003003 	-0.0084116283 	-3.2574784e-09 	-9.2454856e-05 	-0.038484102
-0.004990991 	-0.0084116411 	-3.2914987e-09 	-9.4658706e-05 	-0.038628029
-0.004978979 	-0.008411654 	-3.3261827e-09 	-9.7032258e-05 	-0.038776227
-0.004966967 	-0.0084116668 	-3.3608668e-09 	-9.940581e-05 	-0.038924425
-0.004954955 	-0.0084116797 	-3.3955508e-09 	-0.00010177936 	-0.039072623
-0.0049429429 	-0.0084116926 	-3.4302348e-09 	-0.00010415291 	-0.03922082
-0.0049309309 	-0.0084117056 	-3.4640579e-09 	-0.00010658305 	-0.039348091
-0.0049189189 	-0.00841172 	-3.4915516e-09 	-0.00010942918 	-0.039321516
-0.0049069069 	-0.0084117344 	-3.5190452e-09 	-0.00011227531 	-0.03929494
-0.0048948949 	-0.0084117488 	-3.5465389e-09 	-0.00011512144 	-0.039268365
-0.0048828829 	-0.0084117632 	-3.5740325e-09 	-0.00011796757 	-0.03924179
-0.0048708709 	-0.0084117775 	-3.6015262e-09 	-0.0001208137 	-0.039215214
-0.0048588589 	-0.0084117919 	-3.6290199e-09 	-0.00012365983 	-0.039188639
-0.0048468468 	-0.0084118063 	-3.6565135e-09 	-0.00012650596 	-0.039162064
-0.0048348348 	-0.0084118207 	-3.6840072e-09 	-0.00012935209 	-0.039135488
-0.0048228228 	-0.0084118351 	-3.7115008e-09 	-0.00013219822 	-0.039108913
-0.0048108108 	-0.0084118495 	-3.7389945e-09 	-0.00013504435 	-0.039082338
-0.0047987988 	-0.0084118639 	-3.7664881e-09 	-0.00013789048 	-0.039055762
-0.0047867868 	-0.0084118782 	-3.7939818e-09 	-0.00014073661 	-0.039029187
-0.0047747748 	-0.0084118926 	-3.8214754e-09 	-0.00014358274 	-0.039002612
-0.0047627628 	-0.008411907 	-3.8489691e-09 	-0.00014642887 	-0.038976037
-0.0047507508 	-0.0084119213 	-3.8768646e-09 	-0.00014935476 	-0.038952603
-0.0047387387 	-0.0084119355 	-3.9053379e-09 	-0.00015239533 	-0.038933686
-0.0047267267 	-0.0084119497 	-3.9338111e-09 	-0.0001554359 	-0.038914769
-0.0047147147 	-0.0084119639 	-3.9622843e-09 	-0.00015847647 	-0.038895852
-0.0047027027 	-0.0084119781 	-3.9907576e-09 	-0.00016151703 	-0.038876935
-0.0046906907 	-0.0084119923 	-4.0192308e-09 	-0.0001645576 	-0.038858018
-0.0046786787 	-0.008412008 	-4.0402334e-09 	-0.0001680679 	-0.03868323
-0.0046666667 	-0.0084120242 	-4.0587783e-09 	-0.00017173273 	-0.038457168
-0.0046546547 	-0.0084120403 	-4.0773233e-09 	-0.00017539756 	-0.038231105
-0.0046426426 	-0.0084120565 	-4.0958683e-09 	-0.00017906238 	-0.038005043
-0.0046306306 	-0.0084120726 	-4.1144133e-09 	-0.00018272721 	-0.037778981
-0.0046186186 	-0.0084120888 	-4.1329583e-09 	-0.00018639203 	-0.037552919
-0.0046066066 	-0.0084121049 	-4.1515032e-09 	-0.00019005686 	-0.037326856
-0.0045945946 	-0.0084121211 	-4.1700482e-09 	-0.00019372168 	-0.037100794
-0.0045825826 	-0.0084121372 	-4.1885932e-09 	-0.00019738651 	-0.036874732
-0.0045705706 	-0.0084121534 	-4.2071382e-09 	-0.00020105134 	-0.036648669
-0.0045585586 	-0.0084121695 	-4.2256832e-09 	-0.00020471616 	-0.036422607
-0.0045465465 	-0.0084121857 	-4.2442282e-09 	-0.00020838099 	-0.036196545
-0.0045345345 	-0.0084122019 	-4.2627731e-09 	-0.00021204581 	-0.035970482
-0.0045225225 	-0.008412218 	-4.2813181e-09 	-0.00021571064 	-0.03574442
-0.0045105105 	-0.0084122342 	-4.2998631e-09 	-0.00021937547 	-0.035518358
-0.0044984985 	-0.0084122503 	-4.3184081e-09 	-0.00022304029 	-0.035292295
-0.0044864865 	-0.0084122664 	-4.33705e-09 	-0.00022671729 	-0.035066995
-0.0044744745 	-0.0084122822 	-4.3570351e-09 	-0.00023056294 	-0.034852258
-0.0044624625 	-0.0084122979 	-4.3770202e-09 	-0.00023440859 	-0.03463752
-0.0044504505 	-0.0084123136 	-4.3970053e-09 	-0.00023825424 	-0.034422782
-0.0044384384 	-0.0084123294 	-4.4169904e-09 	-0.0002420999 	-0.034208045
-0.0044264264 	-0.0084123451 	-4.4369755e-09 	-0.00024594555 	-0.033993307
-0.0044144144 	-0.0084123609 	-4.4569606e-09 	-0.0002497912 	-0.033778569
-0.0044024024 	-0.0084123782 	-4.4686086e-09 	-0.00025420622 	-0.03340342
-0.0043903904 	-0.0084123965 	-4.4757599e-09 	-0.00025892833 	-0.032941752
-0.0043783784 	-0.0084124147 	-4.4829112e-09 	-0.00026365045 	-0.032480084
-0.0043663664 	-0.008412433 	-4.4900626e-09 	-0.00026837256 	-0.032018415
-0.0043543544 	-0.0084124512 	-4.4972139e-09 	-0.00027309468 	-0.031556747
-0.0043423423 	-0.0084124694 	-4.5043652e-09 	-0.00027781679 	-0.031095079
-0.0043303303 	-0.0084124877 	-4.5115166e-09 	-0.00028253891 	-0.030633411
-0.0043183183 	-0.0084125059 	-4.5186679e-09 	-0.00028726102 	-0.030171742
-0.0043063063 	-0.0084125242 	-4.5258192e-09 	-0.00029198314 	-0.029710074
-0.0042942943 	-0.0084125424 	-4.5329705e-09 	-0.00029670525 	-0.029248406
-0.0042822823 	-0.0084125607 	-4.5401219e-09 	-0.00030142737 	-0.028786738
-0.0042702703 	-0.0084125789 	-4.5472732e-09 	-0.00030614948 	-0.028325069
-0.0042582583 	-0.0084125972 	-4.5544245e-09 	-0.00031087159 	-0.027863401
-0.0042462462 	-0.0084126154 	-4.5615759e-09 	-0.00031559371 	-0.027401733
-0.0042342342 	-0.0084126336 	-4.5687272e-09 	-0.00032031582 	-0.026940065
-0.0042222222 	-0.0084126519 	-4.5758785e-09 	-0.00032503794 	-0.026478396
-0.0042102102 	-0.0084126701 	-4.5830299e-09 	-0.00032976005 	-0.026016728
-0.0041981982 	-0.0084126884 	-4.5901812e-09 	-0.00033448217 	-0.02555506
-0.0041861862 	-0.0084127066 	-4.5973325e-09 	-0.00033920428 	-0.025093392
-0.0041741742 	-0.0084127245 	-4.6062337e-09 	-0.00034403052 	-0.024643387
-0.0041621622 	-0.0084127422 	-4.6158038e-09 	-0.00034889657 	-0.024197841
-0.0041501502 	-0.0084127599 	-4.6253739e-09 	-0.00035376261 	-0.023752295
-0.0041381381 	-0.0084127777 	-4.634944e-09 	-0.00035862866 	-0.023306749
-0.0041261261 	-0.0084127954 	-4.6445141e-09 	-0.00036349471 	-0.022861202
-0.0041141141 	-0.0084128131 	-4.6540843e-09 	-0.00036836075 	-0.022415656
-0.0041021021 	-0.0084128308 	-4.6636544e-09 	-0.0003732268 	-0.02197011
-0.0040900901 	-0.0084128486 	-4.6661217e-09 	-0.00037865598 	-0.021393005
-0.0040780781 	-0.0084128663 	-4.6596862e-09 	-0.00038479101 	-0.020651001
-0.0040660661 	-0.008412884 	-4.6532508e-09 	-0.00039092605 	-0.019908997
-0.0040540541 	-0.0084129018 	-4.6468154e-09 	-0.00039706108 	-0.019166993
-0.004042042 	-0.0084129195 	-4.6403799e-09 	-0.00040319611 	-0.01842499
-0.00403003 	-0.0084129373 	-4.6339445e-09 	-0.00040933114 	-0.017682986
-0.004018018 	-0.008412955 	-4.6275091e-09 	-0.00041546617 	-0.016940982
-0.004006006 	-0.0084129727 	-4.6210736e-09 	-0.0004216012 	-0.016198978
-0.003993994 	-0.0084129905 	-4.6146382e-09 	-0.00042773624 	-0.015456974
-0.003981982 	-0.0084130082 	-4.6082028e-09 	-0.00043387127 	-0.014714971
-0.00396997 	-0.008413026 	-4.6017673e-09 	-0.0004400063 	-0.013972967
-0.003957958 	-0.0084130437 	-4.5953319e-09 	-0.00044614133 	-0.013230963
-0.0039459459 	-0.0084130614 	-4.5888964e-09 	-0.00045227636 	-0.012488959
-0.0039339339 	-0.0084130792 	-4.582461e-09 	-0.0004584114 	-0.011746955
-0.0039219219 	-0.0084130969 	-4.5760256e-09 	-0.00046454643 	-0.011004952
-0.0039099099 	-0.0084131147 	-4.5695901e-09 	-0.00047068146 	-0.010262948
-0.0038978979 	-0.0084131324 	-4.5631547e-09 	-0.00047681649 	-0.009520944
-0.0038858859 	-0.0084131501 	-4.5567193e-09 	-0.00048295152 	-0.0087789401
-0.0038738739 	-0.0084131679 	-4.5502838e-09 	-0.00048908656 	-0.0080369363
-0.0038618619 	-0.0084131856 	-4.5438484e-09 	-0.00049522159 	-0.0072949325
-0.0038498498 	-0.0084132034 	-4.537413e-09 	-0.00050135662 	-0.0065529287
-0.0038378378 	-0.0084132211 	-4.5309775e-09 	-0.00050749165 	-0.0058109249
-0.0038258258 	-0.0084132382 	-4.5290832e-09 	-0.00051369138 	-0.0050910034
-0.0038138138 	-0.0084132553 	-4.5273025e-09 	-0.00051989272 	-0.004371635
-0.0038018018 	-0.0084132724 	-4.5255219e-09 	-0.00052609407 	-0.0036522665
-0.0037897898 	-0.0084132896 	-4.5237412e-09 	-0.00053229542 	-0.0029328981
-0.0037777778 	-0.0084133067 	-4.5219606e-09 	-0.00053849676 	-0.0022135296
-0.0037657658 	-0.0084133238 	-4.52018e-09 	-0.00054469811 	-0.0014941612
-0.0037537538 	-0.0084133409 	-4.5183993e-09 	-0.00055089946 	-0.0007747927
-0.0037417417 	-0.008413358 	-4.5166187e-09 	-0.0005571008 	-5.5424244e-05
-0.0037297297 	-0.0084133749 	-4.5062686e-09 	-0.00056265605 	0.00071560601
-0.0037177177 	-0.0084133916 	-4.4925552e-09 	-0.00056795773 	0.0015069121
-0.0037057057 	-0.0084134084 	-4.4788419e-09 	-0.0005732594 	0.0022982181
-0.0036936937 	-0.0084134251 	-4.4651285e-09 	-0.00057856107 	0.0030895242
-0.0036816817 	-0.0084134419 	-4.4514152e-09 	-0.00058386275 	0.0038808303
-0.0036696697 	-0.0084134586 	-4.4377018e-09 	-0.00058916442 	0.0046721363
-0.0036576577 	-0.0084134754 	-4.4239885e-09 	-0.0005944661 	0.0054634424
-0.0036456456 	-0.0084134921 	-4.4102751e-09 	-0.00059976777 	0.0062547485
-0.0036336336 	-0.0084135088 	-4.3965618e-09 	-0.00060506945 	0.0070460545
-0.0036216216 	-0.0084135256 	-4.3828484e-09 	-0.00061037112 	0.0078373606
-0.0036096096 	-0.0084135423 	-4.3691351e-09 	-0.00061567279 	0.0086286666
-0.0035975976 	-0.0084135591 	-4.3554217e-09 	-0.00062097447 	0.0094199727
-0.0035855856 	-0.0084135758 	-4.3417083e-09 	-0.00062627614 	0.010211279
-0.0035735736 	-0.0084135926 	-4.327995e-09 	-0.00063157782 	0.011002585
-0.0035615616 	-0.0084136093 	-4.3142816e-09 	-0.00063687949 	0.011793891
-0.0035495495 	-0.0084136261 	-4.3005683e-09 	-0.00064218117 	0.012585197
-0.0035375375 	-0.0084136428 	-4.2868549e-09 	-0.00064748284 	0.013376503
-0.0035255255 	-0.0084136596 	-4.2731416e-09 	-0.00065278451 	0.014167809
-0.0035135135 	-0.0084136763 	-4.2594282e-09 	-0.00065808619 	0.014959115
-0.0035015015 	-0.0084136931 	-4.2457149e-09 	-0.00066338786 	0.015750421
-0.0034894895 	-0.0084137098 	-4.2320015e-09 	-0.00066868954 	0.016541727
-0.0034774775 	-0.0084137266 	-4.2182882e-09 	-0.00067399121 	0.017333033
-0.0034654655 	-0.0084137433 	-4.2045748e-09 	-0.00067929289 	0.018124339
-0.0034534535 	-0.0084137601 	-4.1908615e-09 	-0.00068459456 	0.018915645
-0.0034414414 	-0.0084137769 	-4.1788186e-09 	-0.00068988869 	0.019698648
-0.0034294294 	-0.0084137938 	-4.1696633e-09 	-0.00069516977 	0.020467296
-0.0034174174 	-0.0084138106 	-4.160508e-09 	-0.00070045085 	0.021235944
-0.0034054054 	-0.0084138275 	-4.1513527e-09 	-0.00070573193 	0.022004592
-0.0033933934 	-0.0084138444 	-4.1421974e-09 	-0.00071101301 	0.022773241
-0.0033813814 	-0.0084138613 	-4.1330421e-09 	-0.0007162941 	0.023541889
-0.0033693694 	-0.0084138781 	-4.1238868e-09 	-0.00072157518 	0.024310537
-0.0033573574 	-0.008413895 	-4.1147315e-09 	-0.00072685626 	0.025079186
-0.0033453453 	-0.0084139119 	-4.1055762e-09 	-0.00073213734 	0.025847834
-0.0033333333 	-0.0084139288 	-4.0964208e-09 	-0.00073741842 	0.026616482
-0.0033213213 	-0.0084139098 	-4.0430881e-09 	-0.00075183912 	0.029274022
-0.0033093093 	-0.0084138908 	-3.9897554e-09 	-0.00076625981 	0.031931561
-0.0032972973 	-0.0084138719 	-3.9364227e-09 	-0.0007806805 	0.0345891
-0.0032852853 	-0.0084138529 	-3.88309e-09 	-0.0007951012 	0.03724664
-0.0032732733 	-0.0084138357 	-3.83498e-09 	-0.00080932543 	0.039853494
-0.0032612613 	-0.0084138209 	-3.7937082e-09 	-0.00082329242 	0.042393984
-0.0032492492 	-0.0084138211 	-3.7615652e-09 	-0.00083271795 	0.044153858
-0.0032372372 	-0.0084138299 	-3.7346535e-09 	-0.00083954089 	0.045466385
-0.0032252252 	-0.0084138387 	-3.7077419e-09 	-0.00084636383 	0.046778912
-0.0032132132 	-0.0084138476 	-3.6808303e-09 	-0.00085318678 	0.04809144
-0.0032012012 	-0.0084138564 	-3.6539186e-09 	-0.00086000972 	0.049403967
-0.0031891892 	-0.0084138659 	-3.6289045e-09 	-0.00086677903 	0.050699238
-0.0031771772 	-0.0084138761 	-3.6061604e-09 	-0.00087348417 	0.051973866
-0.0031651652 	-0.0084138811 	-3.5811592e-09 	-0.00088034538 	0.053296518
-0.0031531532 	-0.0084138786 	-3.5529972e-09 	-0.00088742515 	0.054686422
-0.0031411411 	-0.0084138762 	-3.5248351e-09 	-0.00089450492 	0.056076326
-0.0031291291 	-0.0084138737 	-3.4966731e-09 	-0.0009015847 	0.05746623
-0.0031171171 	-0.0084138712 	-3.468511e-09 	-0.00090866447 	0.058856134
-0.0031051051 	-0.0084138688 	-3.440349e-09 	-0.00091574424 	0.060246038
-0.0030930931 	-0.0084138668 	-3.4140281e-09 	-0.00092275862 	0.061615028
-0.0030810811 	-0.0084138652 	-3.389273e-09 	-0.00092971739 	0.062966234
-0.0030690691 	-0.0084138616 	-3.3634569e-09 	-0.00093672359 	0.06434623
-0.0030570571 	-0.0084138509 	-3.3340457e-09 	-0.00094389053 	0.065823781
-0.003045045 	-0.0084138401 	-3.3046344e-09 	-0.00095105746 	0.067301332
-0.003033033 	-0.0084138294 	-3.2752232e-09 	-0.00095822439 	0.068778882
-0.003021021 	-0.0084138187 	-3.245812e-09 	-0.00096539132 	0.070256433
-0.003009009 	-0.0084138079 	-3.2164007e-09 	-0.00097255826 	0.071733984
-0.002996997 	-0.0084137972 	-3.1869895e-09 	-0.00097972519 	0.073211535
-0.002984985 	-0.008413787 	-3.1589859e-09 	-0.00098681676 	0.074666768
-0.002972973 	-0.0084137771 	-3.1320773e-09 	-0.0009938497 	0.076104641
-0.002960961 	-0.0084137673 	-3.1051688e-09 	-0.0010008826 	0.077542513
-0.0029489489 	-0.008413752 	-3.0751647e-09 	-0.0010080167 	0.079110388
-0.0029369369 	-0.0084137363 	-3.0449605e-09 	-0.0010151573 	0.080686664
-0.0029249249 	-0.0084137207 	-3.0147564e-09 	-0.0010222978 	0.082262941
-0.0029129129 	-0.008413705 	-2.9845522e-09 	-0.0010294384 	0.083839217
-0.0029009009 	-0.0084136894 	-2.9543481e-09 	-0.001036579 	0.085415493
-0.0028888889 	-0.0084136738 	-2.9241439e-09 	-0.0010437195 	0.086991769
-0.0028768769 	-0.0084136581 	-2.8939398e-09 	-0.0010508601 	0.088568045
-0.0028648649 	-0.0084136429 	-2.8641356e-09 	-0.0010579445 	0.090128846
-0.0028528529 	-0.0084136283 	-2.8349879e-09 	-0.0010649366 	0.091664252
-0.0028408408 	-0.0084136138 	-2.8058402e-09 	-0.0010719286 	0.093199657
-0.0028288288 	-0.0084135967 	-2.7766539e-09 	-0.0010789255 	0.09479594
-0.0028168168 	-0.0084135759 	-2.7474107e-09 	-0.0010859293 	0.096482346
-0.0028048048 	-0.0084135551 	-2.7181674e-09 	-0.0010929332 	0.098168752
-0.0027927928 	-0.0084135342 	-2.6889242e-09 	-0.0010999371 	0.099855158
-0.0027807808 	-0.0084135134 	-2.6596809e-09 	-0.001106941 	0.10154156
-0.0027687688 	-0.0084134926 	-2.6304377e-09 	-0.0011139449 	0.10322797
-0.0027567568 	-0.0084134718 	-2.6011944e-09 	-0.0011209487 	0.10491438
-0.0027447447 	-0.008413451 	-2.5719512e-09 	-0.0011279526 	0.10660078
-0.0027327327 	-0.0084134302 	-2.5427079e-09 	-0.0011349565 	0.10828719
-0.0027207207 	-0.0084134105 	-2.5127042e-09 	-0.001141828 	0.10993861
-0.0027087087 	-0.008413391 	-2.4825414e-09 	-0.0011486719 	0.11158272
-0.0026966967 	-0.0084133714 	-2.4523786e-09 	-0.0011555157 	0.11322683
-0.0026846847 	-0.0084133485 	-2.4238665e-09 	-0.0011622877 	0.11494463
-0.0026726727 	-0.0084133213 	-2.3973566e-09 	-0.0011689727 	0.11675181
-0.0026606607 	-0.0084132941 	-2.3708468e-09 	-0.0011756577 	0.118559
-0.0026486486 	-0.0084132669 	-2.3443369e-09 	-0.0011823427 	0.12036618
-0.0026366366 	-0.0084132397 	-2.3178271e-09 	-0.0011890277 	0.12217336
-0.0026246246 	-0.0084132125 	-2.2913172e-09 	-0.0011957127 	0.12398054
-0.0026126126 	-0.0084131853 	-2.2648074e-09 	-0.0012023977 	0.12578773
-0.0026006006 	-0.0084131581 	-2.2382975e-09 	-0.0012090827 	0.12759491
-0.0025885886 	-0.0084131309 	-2.2117877e-09 	-0.0012157677 	0.12940209
-0.0025765766 	-0.0084131037 	-2.1852778e-09 	-0.0012224526 	0.13120928
-0.0025645646 	-0.0084130776 	-2.156259e-09 	-0.0012290178 	0.13298465
-0.0025525526 	-0.0084130519 	-2.1262831e-09 	-0.0012355373 	0.13474789
-0.0025405405 	-0.0084130262 	-2.0963071e-09 	-0.0012420568 	0.13651113
-0.0025285285 	-0.0084130006 	-2.0663311e-09 	-0.0012485763 	0.13827438
-0.0025165165 	-0.0084129669 	-2.0445466e-09 	-0.0012546862 	0.14019199
-0.0025045045 	-0.0084129322 	-2.023719e-09 	-0.0012607482 	0.14212764
-0.0024924925 	-0.0084128976 	-2.0028914e-09 	-0.0012668102 	0.14406328
-0.0024804805 	-0.008412863 	-1.9820638e-09 	-0.0012728722 	0.14599893
-0.0024684685 	-0.0084128284 	-1.9612361e-09 	-0.0012789342 	0.14793458
-0.0024564565 	-0.0084127937 	-1.9404085e-09 	-0.0012849963 	0.14987022
-0.0024444444 	-0.0084127591 	-1.9195809e-09 	-0.0012910583 	0.15180587
-0.0024324324 	-0.0084127245 	-1.8987533e-09 	-0.0012971203 	0.15374152
-0.0024204204 	-0.0084126898 	-1.8779257e-09 	-0.0013031823 	0.15567716
-0.0024084084 	-0.0084126552 	-1.8570981e-09 	-0.0013092444 	0.15761281
-0.0023963964 	-0.0084126206 	-1.8362705e-09 	-0.0013153064 	0.15954846
-0.0023843844 	-0.0084125874 	-1.80959e-09 	-0.0013212306 	0.16144477
-0.0023723724 	-0.0084125545 	-1.7819628e-09 	-0.0013271326 	0.16333472
-0.0023603604 	-0.0084125216 	-1.7543356e-09 	-0.0013330346 	0.16522467
-0.0023483483 	-0.0084124887 	-1.7267085e-09 	-0.0013389366 	0.16711462
-0.0023363363 	-0.0084124508 	-1.707466e-09 	-0.0013443509 	0.16909509
-0.0023243243 	-0.0084124082 	-1.6960218e-09 	-0.0013493117 	0.17115976
-0.0023123123 	-0.0084123656 	-1.6845777e-09 	-0.0013542725 	0.17322444
-0.0023003003 	-0.008412323 	-1.6731336e-09 	-0.0013592333 	0.17528911
-0.0022882883 	-0.0084122804 	-1.6616895e-09 	-0.0013641941 	0.17735378
-0.0022762763 	-0.0084122378 	-1.6502454e-09 	-0.0013691548 	0.17941845
-0.0022642643 	-0.0084121952 	-1.6388013e-09 	-0.0013741156 	0.18148312
-0.0022522523 	-0.0084121526 	-1.6273572e-09 	-0.0013790764 	0.18354779
-0.0022402402 	-0.00841211 	-1.6159131e-09 	-0.0013840372 	0.18561247
-0.0022282282 	-0.0084120674 	-1.604469e-09 	-0.001388998 	0.18767714
-0.0022162162 	-0.0084120248 	-1.5930248e-09 	-0.0013939588 	0.18974181
-0.0022042042 	-0.0084119821 	-1.5815807e-09 	-0.0013989196 	0.19180648
-0.0021921922 	-0.0084119395 	-1.5701227e-09 	-0.0014038801 	0.19387109
-0.0021801802 	-0.0084118988 	-1.5486356e-09 	-0.0014087045 	0.19588849
-0.0021681682 	-0.0084118581 	-1.5271485e-09 	-0.0014135289 	0.19790589
-0.0021561562 	-0.0084118174 	-1.5056614e-09 	-0.0014183533 	0.1999233
-0.0021441441 	-0.0084117767 	-1.4841743e-09 	-0.0014231777 	0.2019407
-0.0021321321 	-0.0084117353 	-1.4643185e-09 	-0.0014278764 	0.20397037
-0.0021201201 	-0.0084116852 	-1.4644484e-09 	-0.0014310356 	0.20615037
-0.0021081081 	-0.0084116351 	-1.4645782e-09 	-0.0014341947 	0.20833036
-0.0020960961 	-0.008411585 	-1.4647081e-09 	-0.0014373539 	0.21051036
-0.0020840841 	-0.0084115349 	-1.4648379e-09 	-0.001440513 	0.21269035
-0.0020720721 	-0.0084114848 	-1.4649677e-09 	-0.0014436722 	0.21487034
-0.0020600601 	-0.0084114347 	-1.4650976e-09 	-0.0014468313 	0.21705034
-0.002048048 	-0.0084113846 	-1.4652274e-09 	-0.0014499905 	0.21923033
-0.002036036 	-0.0084113344 	-1.4653573e-09 	-0.0014531496 	0.22141032
-0.002024024 	-0.0084112843 	-1.4654871e-09 	-0.0014563087 	0.22359032
-0.002012012 	-0.0084112342 	-1.4656169e-09 	-0.0014594679 	0.22577031
-0.002 	-0.0084111841 	-1.4657468e-09 	-0.001462627 	0.2279503
-0.001987988 	-0.008411134 	-1.4658766e-09 	-0.0014657862 	0.2301303
-0.001975976 	-0.0084110839 	-1.4660065e-09 	-0.0014689453 	0.23231029
-0.001963964 	-0.0084110338 	-1.4661363e-09 	-0.0014721045 	0.23449029
-0.001951952 	-0.0084109854 	-1.4557774e-09 	-0.0014751889 	0.23662814
-0.0019399399 	-0.0084109373 	-1.4439555e-09 	-0.0014782629 	0.23876012
-0.0019279279 	-0.0084108892 	-1.4321335e-09 	-0.0014813368 	0.2408921
-0.0019159159 	-0.0084108411 	-1.4203115e-09 	-0.0014844108 	0.24302408
-0.0019039039 	-0.008410793 	-1.4084895e-09 	-0.0014874848 	0.24515606
-0.0018918919 	-0.0084107422 	-1.4029653e-09 	-0.001489758 	0.24732446
-0.0018798799 	-0.008410685 	-1.4128563e-09 	-0.0014900713 	0.24958198
-0.0018678679 	-0.0084106278 	-1.4227473e-09 	-0.0014903846 	0.25183951
-0.0018558559 	-0.0084105705 	-1.4326383e-09 	-0.0014906978 	0.25409703
-0.0018438438 	-0.0084105133 	-1.4425292e-09 	-0.0014910111 	0.25635455
-0.0018318318 	-0.0084104561 	-1.4524202e-09 	-0.0014913244 	0.25861208
-0.0018198198 	-0.0084103989 	-1.4623112e-09 	-0.0014916376 	0.2608696
-0.0018078078 	-0.0084103416 	-1.4722022e-09 	-0.0014919509 	0.26312713
-0.0017957958 	-0.0084102844 	-1.4820932e-09 	-0.0014922642 	0.26538465
-0.0017837838 	-0.0084102272 	-1.4919841e-09 	-0.0014925774 	0.26764217
-0.0017717718 	-0.0084101699 	-1.5018751e-09 	-0.0014928907 	0.2698997
-0.0017597598 	-0.0084101127 	-1.5117661e-09 	-0.001493204 	0.27215722
-0.0017477477 	-0.0084100555 	-1.5216571e-09 	-0.0014935173 	0.27441475
-0.0017357357 	-0.0084099983 	-1.5315481e-09 	-0.0014938305 	0.27667227
-0.0017237237 	-0.008409941 	-1.5414391e-09 	-0.0014941438 	0.2789298
-0.0017117117 	-0.0084098838 	-1.55133e-09 	-0.0014944571 	0.28118732
-0.0016996997 	-0.0084098269 	-1.5592983e-09 	-0.0014947713 	0.28343617
-0.0016876877 	-0.0084097717 	-1.5588079e-09 	-0.0014950898 	0.28564689
-0.0016756757 	-0.0084097164 	-1.5583176e-09 	-0.0014954083 	0.2878576
-0.0016636637 	-0.0084096612 	-1.5578273e-09 	-0.0014957268 	0.29006831
-0.0016516517 	-0.008409606 	-1.5573369e-09 	-0.0014960453 	0.29227902
-0.0016396396 	-0.0084095507 	-1.5568466e-09 	-0.0014963638 	0.29448973
-0.0016276276 	-0.0084094955 	-1.5563563e-09 	-0.0014966823 	0.29670045
-0.0016156156 	-0.0084094239 	-1.5680353e-09 	-0.0014924885 	0.29946672
-0.0016036036 	-0.0084093495 	-1.5819092e-09 	-0.0014874809 	0.3023332
-0.0015915916 	-0.008409275 	-1.5957831e-09 	-0.0014824733 	0.30519968
-0.0015795796 	-0.0084092006 	-1.609657e-09 	-0.0014774656 	0.30806616
-0.0015675676 	-0.0084091261 	-1.6235309e-09 	-0.001472458 	0.31093264
-0.0015555556 	-0.0084090516 	-1.6374048e-09 	-0.0014674504 	0.31379912
-0.0015435435 	-0.0084089772 	-1.6512787e-09 	-0.0014624428 	0.31666559
-0.0015315315 	-0.0084089027 	-1.6651526e-09 	-0.0014574352 	0.31953207
-0.0015195195 	-0.0084088282 	-1.6790265e-09 	-0.0014524276 	0.32239855
-0.0015075075 	-0.0084087538 	-1.6929003e-09 	-0.00144742 	0.32526503
-0.0014954955 	-0.0084086793 	-1.7067742e-09 	-0.0014424124 	0.32813151
-0.0014834835 	-0.0084086049 	-1.7206481e-09 	-0.0014374047 	0.33099799
-0.0014714715 	-0.0084085304 	-1.734522e-09 	-0.0014323971 	0.33386447
-0.0014594595 	-0.0084084559 	-1.7483959e-09 	-0.0014273895 	0.33673094
-0.0014474474 	-0.0084083815 	-1.7622698e-09 	-0.0014223819 	0.33959742
-0.0014354354 	-0.008408307 	-1.7761437e-09 	-0.0014173743 	0.3424639
-0.0014234234 	-0.0084082325 	-1.7900176e-09 	-0.0014123667 	0.34533038
-0.0014114114 	-0.0084081581 	-1.8038915e-09 	-0.0014073591 	0.34819686
-0.0013993994 	-0.0084080843 	-1.8153717e-09 	-0.0014024332 	0.35103832
-0.0013873874 	-0.008408011 	-1.8251135e-09 	-0.0013975666 	0.35386162
-0.0013753754 	-0.0084079377 	-1.8348553e-09 	-0.0013927001 	0.35668491
-0.0013633634 	-0.0084078644 	-1.8445971e-09 	-0.0013878336 	0.35950821
-0.0013513514 	-0.0084077911 	-1.8543389e-09 	-0.0013829671 	0.36233151
-0.0013393393 	-0.0084077178 	-1.8640806e-09 	-0.0013781005 	0.3651548
-0.0013273273 	-0.0084076445 	-1.8738224e-09 	-0.001373234 	0.3679781
-0.0013153153 	-0.0084075851 	-1.8805985e-09 	-0.0013667943 	0.37032681
-0.0013033033 	-0.0084075474 	-1.8827358e-09 	-0.001357894 	0.37193322
-0.0012912913 	-0.0084075098 	-1.8848731e-09 	-0.0013489937 	0.37353963
-0.0012792793 	-0.0084074722 	-1.8870104e-09 	-0.0013400934 	0.37514604
-0.0012672673 	-0.0084074345 	-1.8891478e-09 	-0.0013311932 	0.37675246
-0.0012552553 	-0.0084073969 	-1.8912851e-09 	-0.0013222929 	0.37835887
-0.0012432432 	-0.0084073592 	-1.8934224e-09 	-0.0013133926 	0.37996528
-0.0012312312 	-0.0084073216 	-1.8955597e-09 	-0.0013044923 	0.38157169
-0.0012192192 	-0.008407284 	-1.8976971e-09 	-0.001295592 	0.3831781
-0.0012072072 	-0.0084072463 	-1.8998344e-09 	-0.0012866917 	0.38478452
-0.0011951952 	-0.0084072087 	-1.9019717e-09 	-0.0012777914 	0.38639093
-0.0011831832 	-0.0084071711 	-1.904109e-09 	-0.0012688911 	0.38799734
-0.0011711712 	-0.0084071334 	-1.9062463e-09 	-0.0012599908 	0.38960375
-0.0011591592 	-0.0084070958 	-1.9083837e-09 	-0.0012510906 	0.39121016
-0.0011471471 	-0.0084070582 	-1.910521e-09 	-0.0012421903 	0.39281658
-0.0011351351 	-0.0084070205 	-1.9126583e-09 	-0.00123329 	0.39442299
-0.0011231231 	-0.0084069824 	-1.9135987e-09 	-0.0012242623 	0.39605044
-0.0011111111 	-0.0084069443 	-1.914205e-09 	-0.0012151991 	0.39768377
-0.0010990991 	-0.0084069061 	-1.9148114e-09 	-0.0012061359 	0.39931709
-0.0010870871 	-0.0084068679 	-1.9154177e-09 	-0.0011970727 	0.40095042
-0.0010750751 	-0.0084068297 	-1.9160241e-09 	-0.0011880095 	0.40258374
-0.0010630631 	-0.0084067915 	-1.9166304e-09 	-0.0011789462 	0.40421707
-0.0010510511 	-0.0084067533 	-1.9172368e-09 	-0.001169883 	0.40585039
-0.001039039 	-0.0084067151 	-1.9178431e-09 	-0.0011608198 	0.40748372
-0.001027027 	-0.0084066769 	-1.9184495e-09 	-0.0011517566 	0.40911704
-0.001015015 	-0.0084066387 	-1.9190558e-09 	-0.0011426934 	0.41075037
-0.001003003 	-0.0084066005 	-1.9196622e-09 	-0.0011336302 	0.41238369
-0.00099099099 	-0.0084065623 	-1.9202685e-09 	-0.001124567 	0.41401702
-0.00097897898 	-0.0084065241 	-1.9208749e-09 	-0.0011155038 	0.41565034
-0.00096696697 	-0.0084064859 	-1.9214813e-09 	-0.0011064406 	0.41728367
-0.00095495495 	-0.0084064477 	-1.9220876e-09 	-0.0010973774 	0.41891699
-0.00094294294 	-0.0084064095 	-1.922694e-09 	-0.0010883141 	0.42055032
-0.00093093093 	-0.0084063713 	-1.9233003e-09 	-0.0010792509 	0.42218364
-0.00091891892 	-0.0084063331 	-1.9239067e-09 	-0.0010701877 	0.42381697
-0.00090690691 	-0.008406295 	-1.924513e-09 	-0.0010611245 	0.42545029
-0.00089489489 	-0.0084062568 	-1.9251194e-09 	-0.0010520613 	0.42708362
-0.00088288288 	-0.0084062186 	-1.9257257e-09 	-0.0010429981 	0.42871694
-0.00087087087 	-0.0084061804 	-1.9263321e-09 	-0.0010339349 	0.43035027
-0.00085885886 	-0.0084061422 	-1.9269384e-09 	-0.0010248717 	0.43198359
-0.00084684685 	-0.008406104 	-1.9275448e-09 	-0.0010158085 	0.43361692
-0.00083483483 	-0.0084060658 	-1.9281511e-09 	-0.0010067452 	0.43525024
-0.00082282282 	-0.0084060276 	-1.9287575e-09 	-0.00099768203 	0.43688357
-0.00081081081 	-0.0084059894 	-1.9293638e-09 	-0.00098861882 	0.43851689
-0.0007987988 	-0.0084059512 	-1.9299702e-09 	-0.00097955561 	0.44015022
-0.00078678679 	-0.008405913 	-1.9305766e-09 	-0.0009704924 	0.44178354
-0.00077477477 	-0.0084058748 	-1.9311829e-09 	-0.00096142919 	0.44341687
-0.00076276276 	-0.0084058366 	-1.9317893e-09 	-0.00095236598 	0.44505019
-0.00075075075 	-0.0084057984 	-1.9323956e-09 	-0.00094330277 	0.44668352
-0.00073873874 	-0.0084057602 	-1.933002e-09 	-0.00093423956 	0.44831684
-0.00072672673 	-0.008405722 	-1.9336083e-09 	-0.00092517634 	0.44995017
-0.00071471471 	-0.0084056839 	-1.9342147e-09 	-0.00091611313 	0.45158349
-0.0007027027 	-0.0084056457 	-1.934821e-09 	-0.00090704992 	0.45321682
-0.00069069069 	-0.0084056075 	-1.9354274e-09 	-0.00089798671 	0.45485014
-0.00067867868 	-0.0084055693 	-1.9360337e-09 	-0.0008889235 	0.45648347
-0.00066666667 	-0.0084055311 	-1.9366401e-09 	-0.00087986029 	0.45811679
-0.00065465465 	-0.0084055006 	-1.9363829e-09 	-0.0008677991 	0.45936401
-0.00064264264 	-0.0084054796 	-1.9350485e-09 	-0.00085199887 	0.46012968
-0.00063063063 	-0.0084054587 	-1.9337142e-09 	-0.00083619864 	0.46089534
-0.00061861862 	-0.0084054378 	-1.9323799e-09 	-0.00082039841 	0.46166101
-0.00060660661 	-0.0084054169 	-1.9310456e-09 	-0.00080459818 	0.46242668
-0.00059459459 	-0.0084053959 	-1.9297113e-09 	-0.00078879795 	0.46319235
-0.00058258258 	-0.008405375 	-1.928377e-09 	-0.00077299772 	0.46395801
-0.00057057057 	-0.0084053541 	-1.9270427e-09 	-0.00075719749 	0.46472368
-0.00055855856 	-0.0084053332 	-1.9257084e-09 	-0.00074139726 	0.46548935
-0.00054654655 	-0.0084053122 	-1.9243741e-09 	-0.00072559703 	0.46625501
-0.00053453453 	-0.0084052913 	-1.9230398e-09 	-0.00070979679 	0.46702068
-0.00052252252 	-0.0084052704 	-1.9217055e-09 	-0.00069399656 	0.46778635
-0.00051051051 	-0.0084052494 	-1.9203712e-09 	-0.00067819633 	0.46855201
-0.0004984985 	-0.0084052285 	-1.9190369e-09 	-0.0006623961 	0.46931768
-0.00048648649 	-0.0084052076 	-1.9177026e-09 	-0.00064659587 	0.47008335
-0.00047447447 	-0.0084051867 	-1.9163683e-09 	-0.00063079564 	0.47084901
-0.00046246246 	-0.0084051655 	-1.9136543e-09 	-0.00061485321 	0.47162299
-0.00045045045 	-0.0084051444 	-1.9106713e-09 	-0.00059888306 	0.47239859
-0.00043843844 	-0.0084051232 	-1.9076883e-09 	-0.00058291291 	0.47317418
-0.00042642643 	-0.0084051021 	-1.9047052e-09 	-0.00056694275 	0.47394978
-0.00041441441 	-0.0084050809 	-1.9017222e-09 	-0.0005509726 	0.47472538
-0.0004024024 	-0.0084050597 	-1.8987392e-09 	-0.00053500245 	0.47550097
-0.00039039039 	-0.0084050386 	-1.8957562e-09 	-0.0005190323 	0.47627657
-0.00037837838 	-0.0084050174 	-1.8927732e-09 	-0.00050306214 	0.47705216
-0.00036636637 	-0.0084049963 	-1.8897902e-09 	-0.00048709199 	0.47782776
-0.00035435435 	-0.0084049751 	-1.8868072e-09 	-0.00047112184 	0.47860336
-0.00034234234 	-0.008404954 	-1.8838241e-09 	-0.00045515169 	0.47937895
-0.00033033033 	-0.0084049328 	-1.8808411e-09 	-0.00043918153 	0.48015455
-0.00031831832 	-0.0084049116 	-1.8778581e-09 	-0.00042321138 	0.48093015
-0.00030630631 	-0.0084048905 	-1.8748751e-09 	-0.00040724123 	0.48170574
-0.00029429429 	-0.0084048693 	-1.8718921e-09 	-0.00039127107 	0.48248134
-0.00028228228 	-0.0084048482 	-1.8689091e-09 	-0.00037530092 	0.48325694
-0.00027027027 	-0.008404827 	-1.865926e-09 	-0.00035933077 	0.48403253
-0.00025825826 	-0.0084048058 	-1.862943e-09 	-0.00034336062 	0.48480813
-0.00024624625 	-0.0084047847 	-1.85996e-09 	-0.00032739046 	0.48558372
-0.00023423423 	-0.0084047635 	-1.856977e-09 	-0.00031142031 	0.48635932
-0.00022222222 	-0.0084047424 	-1.853994e-09 	-0.00029545016 	0.48713492
-0.00021021021 	-0.0084047212 	-1.851011e-09 	-0.00027948001 	0.48791051
-0.0001981982 	-0.0084047001 	-1.848028e-09 	-0.00026350985 	0.48868611
-0.00018618619 	-0.0084046789 	-1.8450449e-09 	-0.0002475397 	0.48946171
-0.00017417417 	-0.0084046577 	-1.8420619e-09 	-0.00023156955 	0.4902373
-0.00016216216 	-0.0084046366 	-1.8390789e-09 	-0.0002155994 	0.4910129
-0.00015015015 	-0.0084046154 	-1.8360959e-09 	-0.00019962924 	0.49178849
-0.00013813814 	-0.0084045943 	-1.8331129e-09 	-0.00018365909 	0.49256409
-0.00012612613 	-0.0084045731 	-1.8301299e-09 	-0.00016768894 	0.49333969
-0.00011411411 	-0.0084045519 	-1.8271468e-09 	-0.00015171879 	0.49411528
-0.0001021021 	-0.0084045308 	-1.8241638e-09 	-0.00013574863 	0.49489088
-9.009009e-05 	-0.0084045096 	-1.8211808e-09 	-0.00011977848 	0.49566648
-7.8078078e-05 	-0.0084044885 	-1.8181978e-09 	-0.00010380833 	0.49644207
-6.6066066e-05 	-0.0084044673 	-1.8152148e-09 	-8.7838175e-05 	0.49721767
-5.4054054e-05 	-0.0084044461 	-1.8122318e-09 	-7.1868022e-05 	0.49799327
-4.2042042e-05 	-0.008404425 	-1.8092488e-09 	-5.5897869e-05 	0.49876886
-3.003003e-05 	-0.0084044038 	-1.8062657e-09 	-3.9927717e-05 	0.49954446
-1.8018018e-05 	-0.0084043827 	-1.8032827e-09 	-2.3957564e-05 	0.50032005
-6.006006e-06 	-0.0084043615 	-1.8002997e-09 	-7.9874115e-06 	0.50109565
6.006006e-06 	-0.0084043614 	-1.7995653e-09 	7.8977823e-06 	0.50110061
1.8018018e-05 	-0.0084043823 	-1.8010795e-09 	2.3698017e-05 	0.50033494
3.003003e-05 	-0.0084044033 	-1.8025937e-09 	3.9498252e-05 	0.49956927
4.2042042e-05 	-0.0084044242 	-1.8041079e-09 	5.5298487e-05 	0.4988036
5.4054054e-05 	-0.0084044451 	-1.8056221e-09 	7.1098722e-05 	0.49803793
6.6066066e-05 	-0.008404466 	-1.8071364e-09 	8.6898956e-05 	0.49727226
7.8078078e-05 	-0.008404487 	-1.8086506e-09 	0.00010269919 	0.49650659
9.009009e-05 	-0.0084045079 	-1.8101648e-09 	0.00011849943 	0.49574092
0.0001021021 	-0.0084045288 	-1.811679e-09 	0.00013429966 	0.49497525
0.00011411411 	-0.0084045497 	-1.8131932e-09 	0.0001500999 	0.49420958
0.00012612613 	-0.0084045707 	-1.8147074e-09 	0.00016590013 	0.49344391
0.00013813814 	-0.0084045916 	-1.8162216e-09 	0.00018170037 	0.49267824
0.00015015015 	-0.0084046125 	-1.8177358e-09 	0.0001975006 	0.49191257
0.00016216216 	-0.0084046335 	-1.81925e-09 	0.00021330084 	0.49114689
0.00017417417 	-0.0084046544 	-1.8207642e-09 	0.00022910107 	0.49038122
0.00018618619 	-0.0084046753 	-1.8222785e-09 	0.0002449013 	0.48961555
0.0001981982 	-0.0084046964 	-1.8252863e-09 	0.00026085308 	0.48884103
0.00021021021 	-0.0084047176 	-1.8284753e-09 	0.00027682324 	0.48806543
0.00022222222 	-0.0084047388 	-1.8316643e-09 	0.0002927934 	0.48728983
0.00023423423 	-0.0084047599 	-1.8348533e-09 	0.00030876355 	0.48651423
0.00024624625 	-0.0084047811 	-1.8380423e-09 	0.00032473371 	0.48573863
0.00025825826 	-0.0084048022 	-1.8412313e-09 	0.00034070387 	0.48496303
0.00027027027 	-0.0084048234 	-1.8444203e-09 	0.00035667402 	0.48418743
0.00028228228 	-0.0084048446 	-1.8476093e-09 	0.00037264418 	0.48341183
0.00029429429 	-0.0084048657 	-1.8507983e-09 	0.00038861434 	0.48263623
0.00030630631 	-0.0084048869 	-1.8539873e-09 	0.00040458449 	0.48186063
0.00031831832 	-0.008404908 	-1.8571763e-09 	0.00042055465 	0.48108503
0.00033033033 	-0.0084049292 	-1.8603653e-09 	0.00043652481 	0.48030943
0.00034234234 	-0.0084049504 	-1.8635543e-09 	0.00045249496 	0.47953383
0.00035435435 	-0.0084049715 	-1.8667433e-09 	0.00046846512 	0.47875823
0.00036636637 	-0.0084049927 	-1.8699323e-09 	0.00048443528 	0.47798263
0.00037837838 	-0.0084050138 	-1.8731213e-09 	0.00050040543 	0.47720703
0.00039039039 	-0.008405035 	-1.8763103e-09 	0.00051637559 	0.47643143
0.0004024024 	-0.0084050562 	-1.8794993e-09 	0.00053234574 	0.47565583
0.00041441441 	-0.0084050773 	-1.8826884e-09 	0.0005483159 	0.47488023
0.00042642643 	-0.0084050985 	-1.8858774e-09 	0.00056428606 	0.47410463
0.00043843844 	-0.0084051196 	-1.8890664e-09 	0.00058025621 	0.47332903
0.00045045045 	-0.0084051408 	-1.8922554e-09 	0.00059622637 	0.47255343
0.00046246246 	-0.008405162 	-1.8954444e-09 	0.00061219653 	0.47177783
0.00047447447 	-0.0084051831 	-1.8986334e-09 	0.00062816668 	0.47100223
0.00048648649 	-0.0084052043 	-1.9018224e-09 	0.00064413684 	0.47022663
0.0004984985 	-0.0084052254 	-1.9050114e-09 	0.000660107 	0.46945103
0.00051051051 	-0.0084052466 	-1.9082004e-09 	0.00067607715 	0.46867543
0.00052252252 	-0.0084052678 	-1.9113894e-09 	0.00069204731 	0.46789983
0.00053453453 	-0.0084052889 	-1.9145784e-09 	0.00070801747 	0.46712423
0.00054654655 	-0.0084053101 	-1.9177674e-09 	0.00072398762 	0.46634863
0.00055855856 	-0.0084053312 	-1.9209564e-09 	0.00073995778 	0.46557303
0.00057057057 	-0.0084053524 	-1.9241454e-09 	0.00075592794 	0.46479743
0.00058258258 	-0.0084053736 	-1.9273344e-09 	0.00077189809 	0.46402183
0.00059459459 	-0.0084053947 	-1.9305234e-09 	0.00078786825 	0.46324623
0.00060660661 	-0.0084054159 	-1.9337124e-09 	0.00080383841 	0.46247063
0.00061861862 	-0.008405437 	-1.9369014e-09 	0.00081980856 	0.46169503
0.00063063063 	-0.0084054582 	-1.9400904e-09 	0.00083577872 	0.46091943
0.00064264264 	-0.0084054794 	-1.9432794e-09 	0.00085174888 	0.46014383
0.00065465465 	-0.0084055005 	-1.9464684e-09 	0.00086771903 	0.45936823
0.00066666667 	-0.0084055308 	-1.9466379e-09 	0.00087976542 	0.45813153
0.00067867868 	-0.0084055685 	-1.9443863e-09 	0.00088866571 	0.45652511
0.00069069069 	-0.0084056061 	-1.9421347e-09 	0.00089756601 	0.4549187
0.0007027027 	-0.0084056437 	-1.9398831e-09 	0.0009064663 	0.45331228
0.00071471471 	-0.0084056814 	-1.9376315e-09 	0.0009153666 	0.45170587
0.00072672673 	-0.008405719 	-1.9353799e-09 	0.0009242669 	0.45009945
0.00073873874 	-0.0084057566 	-1.9331284e-09 	0.00093316719 	0.44849304
0.00075075075 	-0.0084057943 	-1.9308768e-09 	0.00094206749 	0.44688662
0.00076276276 	-0.0084058319 	-1.9286252e-09 	0.00095096779 	0.44528021
0.00077477477 	-0.0084058696 	-1.9263736e-09 	0.00095986808 	0.44367379
0.00078678679 	-0.0084059072 	-1.924122e-09 	0.00096876838 	0.44206738
0.0007987988 	-0.0084059448 	-1.9218704e-09 	0.00097766867 	0.44046097
0.00081081081 	-0.0084059825 	-1.9196188e-09 	0.00098656897 	0.43885455
0.00082282282 	-0.0084060201 	-1.9173673e-09 	0.00099546927 	0.43724814
0.00083483483 	-0.0084060577 	-1.9151157e-09 	0.0010043696 	0.43564172
0.00084684685 	-0.0084060954 	-1.9128641e-09 	0.0010132699 	0.43403531
0.00085885886 	-0.0084061335 	-1.9121255e-09 	0.0010223244 	0.43240341
0.00087087087 	-0.0084061717 	-1.9114719e-09 	0.0010313876 	0.43077008
0.00088288288 	-0.0084062099 	-1.9108182e-09 	0.0010404509 	0.42913675
0.00089489489 	-0.0084062481 	-1.9101646e-09 	0.0010495141 	0.42750343
0.00090690691 	-0.0084062863 	-1.9095109e-09 	0.0010585773 	0.4258701
0.00091891892 	-0.0084063245 	-1.9088573e-09 	0.0010676405 	0.42423677
0.00093093093 	-0.0084063627 	-1.9082036e-09 	0.0010767037 	0.42260344
0.00094294294 	-0.0084064009 	-1.90755e-09 	0.0010857669 	0.42097012
0.00095495495 	-0.0084064391 	-1.9068963e-09 	0.0010948302 	0.41933679
0.00096696697 	-0.0084064773 	-1.9062427e-09 	0.0011038934 	0.41770346
0.00097897898 	-0.0084065155 	-1.905589e-09 	0.0011129566 	0.41607013
0.00099099099 	-0.0084065537 	-1.9049354e-09 	0.0011220198 	0.4144368
0.001003003 	-0.0084065919 	-1.9042817e-09 	0.001131083 	0.41280348
0.001015015 	-0.0084066301 	-1.9036281e-09 	0.0011401463 	0.41117015
0.001027027 	-0.0084066683 	-1.9029744e-09 	0.0011492095 	0.40953682
0.001039039 	-0.0084067065 	-1.9023208e-09 	0.0011582727 	0.40790349
0.0010510511 	-0.0084067446 	-1.9016671e-09 	0.0011673359 	0.40627017
0.0010630631 	-0.0084067828 	-1.9010135e-09 	0.0011763991 	0.40463684
0.0010750751 	-0.008406821 	-1.9003598e-09 	0.0011854624 	0.40300351
0.0010870871 	-0.0084068592 	-1.8997062e-09 	0.0011945256 	0.40137018
0.0010990991 	-0.0084068974 	-1.8990525e-09 	0.0012035888 	0.39973685
0.0011111111 	-0.0084069356 	-1.8983989e-09 	0.001212652 	0.39810353
0.0011231231 	-0.0084069738 	-1.8977452e-09 	0.0012217152 	0.3964702
0.0011351351 	-0.008407012 	-1.8970916e-09 	0.0012307785 	0.39483687
0.0011471471 	-0.0084070502 	-1.8964379e-09 	0.0012398417 	0.39320354
0.0011591592 	-0.0084070884 	-1.8957843e-09 	0.0012489049 	0.39157022
0.0011711712 	-0.0084071266 	-1.8951307e-09 	0.0012579681 	0.38993689
0.0011831832 	-0.0084071648 	-1.894477e-09 	0.0012670313 	0.38830356
0.0011951952 	-0.008407203 	-1.8938234e-09 	0.0012760945 	0.38667023
0.0012072072 	-0.0084072412 	-1.8931697e-09 	0.0012851578 	0.3850369
0.0012192192 	-0.0084072794 	-1.8925161e-09 	0.001294221 	0.38340358
0.0012312312 	-0.0084073176 	-1.8918624e-09 	0.0013032842 	0.38177025
0.0012432432 	-0.0084073558 	-1.8912088e-09 	0.0013123474 	0.38013692
0.0012552553 	-0.0084073939 	-1.8905551e-09 	0.0013214106 	0.37850359
0.0012672673 	-0.0084074321 	-1.8899015e-09 	0.0013304739 	0.37687027
0.0012792793 	-0.0084074703 	-1.8892478e-09 	0.0013395371 	0.37523694
0.0012912913 	-0.0084075085 	-1.8885942e-09 	0.0013486003 	0.37360361
0.0013033033 	-0.0084075467 	-1.8879405e-09 	0.0013576635 	0.37197028
0.0013153153 	-0.0084075849 	-1.8872869e-09 	0.0013667267 	0.37033695
0.0013273273 	-0.0084076445 	-1.8807947e-09 	0.00137323 	0.36797774
0.0013393393 	-0.0084077178 	-1.8705697e-09 	0.0013780965 	0.36515445
0.0013513514 	-0.0084077911 	-1.8603447e-09 	0.001382963 	0.36233115
0.0013633634 	-0.0084078644 	-1.8501197e-09 	0.0013878296 	0.35950785
0.0013753754 	-0.0084079377 	-1.8398947e-09 	0.0013926961 	0.35668455
0.0013873874 	-0.0084080111 	-1.8296697e-09 	0.0013975626 	0.35386125
0.0013993994 	-0.0084080844 	-1.8194447e-09 	0.0014024292 	0.35103795
0.0014114114 	-0.0084081581 	-1.8074794e-09 	0.0014073551 	0.34819649
0.0014234234 	-0.0084082326 	-1.793118e-09 	0.0014123627 	0.34533001
0.0014354354 	-0.0084083071 	-1.7787565e-09 	0.0014173703 	0.34246352
0.0014474474 	-0.0084083815 	-1.764395e-09 	0.0014223779 	0.33959704
0.0014594595 	-0.008408456 	-1.7500336e-09 	0.0014273856 	0.33673056
0.0014714715 	-0.0084085305 	-1.7356721e-09 	0.0014323932 	0.33386408
0.0014834835 	-0.0084086049 	-1.7213106e-09 	0.0014374008 	0.3309976
0.0014954955 	-0.0084086794 	-1.7069492e-09 	0.0014424084 	0.32813112
0.0015075075 	-0.0084087538 	-1.6925877e-09 	0.001447416 	0.32526464
0.0015195195 	-0.0084088283 	-1.6782262e-09 	0.0014524237 	0.32239815
0.0015315315 	-0.0084089028 	-1.6638648e-09 	0.0014574313 	0.31953167
0.0015435435 	-0.0084089772 	-1.6495033e-09 	0.0014624389 	0.31666519
0.0015555556 	-0.0084090517 	-1.6351418e-09 	0.0014674465 	0.31379871
0.0015675676 	-0.0084091262 	-1.6207804e-09 	0.0014724542 	0.31093223
0.0015795796 	-0.0084092006 	-1.6064189e-09 	0.0014774618 	0.30806575
0.0015915916 	-0.0084092751 	-1.5920574e-09 	0.0014824694 	0.30519927
0.0016036036 	-0.0084093495 	-1.577696e-09 	0.001487477 	0.30233278
0.0016156156 	-0.008409424 	-1.5633345e-09 	0.0014924847 	0.2994663
0.0016276276 	-0.0084094955 	-1.5511747e-09 	0.0014966785 	0.29670002
0.0016396396 	-0.0084095508 	-1.551222e-09 	0.00149636 	0.29448931
0.0016516517 	-0.008409606 	-1.5512693e-09 	0.0014960415 	0.29227859
0.0016636637 	-0.0084096613 	-1.5513166e-09 	0.001495723 	0.29006788
0.0016756757 	-0.0084097165 	-1.551364e-09 	0.0014954045 	0.28785717
0.0016876877 	-0.0084097718 	-1.5514113e-09 	0.001495086 	0.28564645
0.0016996997 	-0.008409827 	-1.5514586e-09 	0.0014947675 	0.28343574
0.0017117117 	-0.0084098839 	-1.5430444e-09 	0.0014944532 	0.28118688
0.0017237237 	-0.0084099411 	-1.5327069e-09 	0.00149414 	0.27892936
0.0017357357 	-0.0084099983 	-1.5223694e-09 	0.0014938267 	0.27667183
0.0017477477 	-0.0084100556 	-1.5120318e-09 	0.0014935134 	0.27441431
0.0017597598 	-0.0084101128 	-1.5016943e-09 	0.0014932002 	0.27215678
0.0017717718 	-0.00841017 	-1.4913568e-09 	0.0014928869 	0.26989926
0.0017837838 	-0.0084102272 	-1.4810192e-09 	0.0014925736 	0.26764173
0.0017957958 	-0.0084102845 	-1.4706817e-09 	0.0014922604 	0.2653842
0.0018078078 	-0.0084103417 	-1.4603441e-09 	0.0014919471 	0.26312668
0.0018198198 	-0.0084103989 	-1.4500066e-09 	0.0014916338 	0.26086915
0.0018318318 	-0.0084104562 	-1.4396691e-09 	0.0014913206 	0.25861163
0.0018438438 	-0.0084105134 	-1.4293315e-09 	0.0014910073 	0.2563541
0.0018558559 	-0.0084105706 	-1.418994e-09 	0.001490694 	0.25409658
0.0018678679 	-0.0084106278 	-1.4086564e-09 	0.0014903808 	0.25183905
0.0018798799 	-0.0084106851 	-1.3983189e-09 	0.0014900675 	0.24958152
0.0018918919 	-0.0084107423 	-1.3879814e-09 	0.0014897542 	0.247324
0.0019039039 	-0.0084107931 	-1.3931964e-09 	0.001487481 	0.2451556
0.0019159159 	-0.0084108412 	-1.4047654e-09 	0.001484407 	0.24302362
0.0019279279 	-0.0084108893 	-1.4163344e-09 	0.001481333 	0.24089164
0.0019399399 	-0.0084109374 	-1.4279034e-09 	0.001478259 	0.23875966
0.001951952 	-0.0084109855 	-1.4394724e-09 	0.0014751851 	0.23662768
0.001963964 	-0.0084110339 	-1.4495548e-09 	0.0014721007 	0.23448982
0.001975976 	-0.008411084 	-1.4489804e-09 	0.0014689415 	0.23230982
0.001987988 	-0.0084111341 	-1.448406e-09 	0.0014657824 	0.23012983
0.002 	-0.0084111842 	-1.4478316e-09 	0.0014626232 	0.22794983
0.002012012 	-0.0084112343 	-1.4472573e-09 	0.0014594641 	0.22576984
0.002024024 	-0.0084112844 	-1.4466829e-09 	0.001456305 	0.22358985
0.002036036 	-0.0084113345 	-1.4461085e-09 	0.0014531458 	0.22140985
0.002048048 	-0.0084113846 	-1.4455341e-09 	0.0014499867 	0.21922986
0.0020600601 	-0.0084114348 	-1.4449597e-09 	0.0014468275 	0.21704986
0.0020720721 	-0.0084114849 	-1.4443853e-09 	0.0014436684 	0.21486987
0.0020840841 	-0.008411535 	-1.4438109e-09 	0.0014405092 	0.21268987
0.0020960961 	-0.0084115851 	-1.4432365e-09 	0.0014373501 	0.21050988
0.0021081081 	-0.0084116352 	-1.4426621e-09 	0.001434191 	0.20832988
0.0021201201 	-0.0084116853 	-1.4420877e-09 	0.0014310318 	0.20614989
0.0021321321 	-0.0084117354 	-1.4415133e-09 	0.0014278727 	0.20396989
0.0021441441 	-0.0084117768 	-1.4613358e-09 	0.001423174 	0.20194022
0.0021561562 	-0.0084118175 	-1.4828232e-09 	0.0014183496 	0.19992282
0.0021681682 	-0.0084118582 	-1.5043106e-09 	0.0014135252 	0.19790541
0.0021801802 	-0.0084118989 	-1.5257979e-09 	0.0014087008 	0.19588801
0.0021921922 	-0.0084119396 	-1.5472853e-09 	0.0014038764 	0.1938706
0.0022042042 	-0.0084119822 	-1.5585986e-09 	0.0013989158 	0.191806
0.0022162162 	-0.0084120248 	-1.5698977e-09 	0.001393955 	0.18974132
0.0022282282 	-0.0084120675 	-1.5811969e-09 	0.0013889942 	0.18767665
0.0022402402 	-0.0084121101 	-1.5924961e-09 	0.0013840334 	0.18561198
0.0022522523 	-0.0084121527 	-1.6037953e-09 	0.0013790727 	0.18354731
0.0022642643 	-0.0084121953 	-1.6150945e-09 	0.0013741119 	0.18148264
0.0022762763 	-0.0084122379 	-1.6263936e-09 	0.0013691511 	0.17941796
0.0022882883 	-0.0084122805 	-1.6376928e-09 	0.0013641903 	0.17735329
0.0023003003 	-0.0084123231 	-1.648992e-09 	0.0013592295 	0.17528862
0.0023123123 	-0.0084123657 	-1.6602912e-09 	0.0013542688 	0.17322395
0.0023243243 	-0.0084124083 	-1.6715903e-09 	0.001349308 	0.17115927
0.0023363363 	-0.0084124509 	-1.6828895e-09 	0.0013443472 	0.1690946
0.0023483483 	-0.0084124888 	-1.7019404e-09 	0.0013389329 	0.16711413
0.0023603604 	-0.0084125217 	-1.7293258e-09 	0.0013330309 	0.16522418
0.0023723724 	-0.0084125546 	-1.7567111e-09 	0.0013271289 	0.16333423
0.0023843844 	-0.0084125875 	-1.7840965e-09 	0.0013212269 	0.16144428
0.0023963964 	-0.0084126207 	-1.8105461e-09 	0.0013153027 	0.15954796
0.0024084084 	-0.0084126553 	-1.8312108e-09 	0.0013092406 	0.15761232
0.0024204204 	-0.0084126899 	-1.8518754e-09 	0.0013031786 	0.15567667
0.0024324324 	-0.0084127246 	-1.8725401e-09 	0.0012971166 	0.15374102
0.0024444444 	-0.0084127592 	-1.8932048e-09 	0.0012910546 	0.15180537
0.0024564565 	-0.0084127938 	-1.9138695e-09 	0.0012849926 	0.14986973
0.0024684685 	-0.0084128284 	-1.9345342e-09 	0.0012789305 	0.14793408
0.0024804805 	-0.0084128631 	-1.9551988e-09 	0.0012728685 	0.14599843
0.0024924925 	-0.0084128977 	-1.9758635e-09 	0.0012668065 	0.14406279
0.0025045045 	-0.0084129323 	-1.9965282e-09 	0.0012607445 	0.14212714
0.0025165165 	-0.008412967 	-2.0171929e-09 	0.0012546825 	0.14019149
0.0025285285 	-0.0084130007 	-2.0388315e-09 	0.0012485726 	0.13827388
0.0025405405 	-0.0084130263 	-2.0688075e-09 	0.0012420531 	0.13651064
0.0025525526 	-0.008413052 	-2.0987834e-09 	0.0012355336 	0.13474739
0.0025645646 	-0.0084130777 	-2.1287594e-09 	0.0012290142 	0.13298415
0.0025765766 	-0.0084131038 	-2.1577782e-09 	0.001222449 	0.13120878
0.0025885886 	-0.008413131 	-2.184288e-09 	0.001215764 	0.12940159
0.0026006006 	-0.0084131582 	-2.2107979e-09 	0.001209079 	0.12759441
0.0026126126 	-0.0084131854 	-2.2373077e-09 	0.001202394 	0.12578723
0.0026246246 	-0.0084132126 	-2.2638176e-09 	0.001195709 	0.12398004
0.0026366366 	-0.0084132398 	-2.2903274e-09 	0.0011890241 	0.12217286
0.0026486486 	-0.0084132669 	-2.3168372e-09 	0.0011823391 	0.12036568
0.0026606607 	-0.0084132941 	-2.3433471e-09 	0.0011756541 	0.11855849
0.0026726727 	-0.0084133213 	-2.3698569e-09 	0.0011689691 	0.11675131
0.0026846847 	-0.0084133485 	-2.3963668e-09 	0.0011622841 	0.11494413
0.0026966967 	-0.0084133715 	-2.4247648e-09 	0.0011555121 	0.11322633
0.0027087087 	-0.008413391 	-2.4547196e-09 	0.0011486682 	0.11158222
0.0027207207 	-0.0084134105 	-2.4846743e-09 	0.0011418244 	0.10993811
0.0027327327 	-0.0084134303 	-2.5144879e-09 	0.0011349529 	0.10828668
0.0027447447 	-0.0084134511 	-2.5436271e-09 	0.001127949 	0.10660028
0.0027567568 	-0.0084134719 	-2.5727663e-09 	0.0011209452 	0.10491387
0.0027687688 	-0.0084134927 	-2.6019054e-09 	0.0011139413 	0.10322747
0.0027807808 	-0.0084135135 	-2.6310446e-09 	0.0011069374 	0.10154106
0.0027927928 	-0.0084135343 	-2.6601837e-09 	0.0010999335 	0.099854654
0.0028048048 	-0.0084135551 	-2.6893229e-09 	0.0010929297 	0.098168248
0.0028168168 	-0.0084135759 	-2.7184621e-09 	0.0010859258 	0.096481842
0.0028288288 	-0.0084135968 	-2.7476012e-09 	0.0010789219 	0.094795436
0.0028408408 	-0.0084136138 	-2.7763931e-09 	0.0010719251 	0.093199153
0.0028528529 	-0.0084136284 	-2.8049503e-09 	0.001064933 	0.091663747
0.0028648649 	-0.008413643 	-2.8335075e-09 	0.0010579409 	0.090128342
0.0028768769 	-0.0084136582 	-2.8627191e-09 	0.0010508566 	0.088567541
0.0028888889 	-0.0084136738 	-2.8923295e-09 	0.001043716 	0.086991265
0.0029009009 	-0.0084136895 	-2.9219399e-09 	0.0010365755 	0.085414989
0.0029129129 	-0.0084137051 	-2.9515502e-09 	0.0010294349 	0.083838713
0.0029249249 	-0.0084137208 	-2.9811606e-09 	0.0010222943 	0.082262437
0.0029369369 	-0.0084137364 	-3.0107709e-09 	0.0010151538 	0.08068616
0.0029489489 	-0.0084137521 	-3.0403813e-09 	0.0010080132 	0.079109884
0.002960961 	-0.0084137674 	-3.0698196e-09 	0.0010008792 	0.077542009
0.002972973 	-0.0084137772 	-3.0965956e-09 	0.00099384625 	0.076104137
0.002984985 	-0.0084137871 	-3.1233717e-09 	0.00098681332 	0.074666265
0.002996997 	-0.0084137973 	-3.1511818e-09 	0.00097972176 	0.073211031
0.003009009 	-0.008413808 	-3.1803212e-09 	0.00097255483 	0.071733481
0.003021021 	-0.0084138187 	-3.2094606e-09 	0.00096538791 	0.07025593
0.003033033 	-0.0084138295 	-3.2386001e-09 	0.00095822099 	0.068778379
0.003045045 	-0.0084138402 	-3.2677395e-09 	0.00095105406 	0.067300829
0.0030570571 	-0.0084138509 	-3.2968789e-09 	0.00094388714 	0.065823278
0.0030690691 	-0.0084138617 	-3.3260183e-09 	0.00093672021 	0.064345727
0.0030810811 	-0.0084138653 	-3.3516577e-09 	0.00092971402 	0.062965731
0.0030930931 	-0.0084138669 	-3.3762642e-09 	0.00092275527 	0.061614526
0.0031051051 	-0.0084138688 	-3.4025038e-09 	0.0009157409 	0.060245536
0.0031171171 	-0.0084138713 	-3.4306638e-09 	0.00090866114 	0.058855632
0.0031291291 	-0.0084138738 	-3.4588238e-09 	0.00090158137 	0.057465728
0.0031411411 	-0.0084138762 	-3.4869838e-09 	0.00089450161 	0.056075825
0.0031531532 	-0.0084138787 	-3.5151438e-09 	0.00088742185 	0.054685921
0.0031651652 	-0.0084138811 	-3.5433038e-09 	0.00088034208 	0.053296017
0.0031771772 	-0.0084138762 	-3.5680035e-09 	0.00087348088 	0.051973366
0.0031891892 	-0.008413866 	-3.5902322e-09 	0.00086677576 	0.050698738
0.0032012012 	-0.0084138565 	-3.6148225e-09 	0.00086000647 	0.049403468
0.0032132132 	-0.0084138477 	-3.6413869e-09 	0.00085318354 	0.048090941
0.0032252252 	-0.0084138388 	-3.6679513e-09 	0.0008463606 	0.046778414
0.0032372372 	-0.00841383 	-3.6945157e-09 	0.00083953767 	0.045465888
0.0032492492 	-0.0084138211 	-3.7210801e-09 	0.00083271474 	0.044153361
0.0032612613 	-0.0084138209 	-3.7526484e-09 	0.00082328924 	0.042393488
0.0032732733 	-0.0084138358 	-3.7929483e-09 	0.00080932228 	0.039852999
0.0032852853 	-0.008413853 	-3.8403044e-09 	0.00079509808 	0.037246146
0.0032972973 	-0.008413872 	-3.8930495e-09 	0.00078067742 	0.034588608
0.0033093093 	-0.0084138909 	-3.9457946e-09 	0.00076625676 	0.03193107
0.0033213213 	-0.0084139099 	-3.9985397e-09 	0.0007518361 	0.029273532
0.0033333333 	-0.0084139288 	-4.0512847e-09 	0.00073741545 	0.026615994
0.0033453453 	-0.008413912 	-4.0601427e-09 	0.00073213437 	0.025847346
0.0033573574 	-0.0084138951 	-4.0690006e-09 	0.0007268533 	0.025078699
0.0033693694 	-0.0084138782 	-4.0778586e-09 	0.00072157223 	0.024310051
0.0033813814 	-0.0084138613 	-4.0867165e-09 	0.00071629116 	0.023541404
0.0033933934 	-0.0084138445 	-4.0955745e-09 	0.00071101009 	0.022772756
0.0034054054 	-0.0084138276 	-4.1044324e-09 	0.00070572902 	0.022004108
0.0034174174 	-0.0084138107 	-4.1132904e-09 	0.00070044795 	0.021235461
0.0034294294 	-0.0084137939 	-4.1221483e-09 	0.00069516687 	0.020466813
0.0034414414 	-0.008413777 	-4.1310063e-09 	0.0006898858 	0.019698166
0.0034534535 	-0.0084137602 	-4.1428186e-09 	0.00068459169 	0.018915164
0.0034654655 	-0.0084137434 	-4.15634e-09 	0.00067929003 	0.018123859
0.0034774775 	-0.0084137267 	-4.1698615e-09 	0.00067398837 	0.017332554
0.0034894895 	-0.0084137099 	-4.183383e-09 	0.00066868671 	0.016541248
0.0035015015 	-0.0084136932 	-4.1969044e-09 	0.00066338505 	0.015749943
0.0035135135 	-0.0084136764 	-4.2104259e-09 	0.00065808339 	0.014958638
0.0035255255 	-0.0084136597 	-4.2239474e-09 	0.00065278173 	0.014167332
0.0035375375 	-0.0084136429 	-4.2374688e-09 	0.00064748007 	0.013376027
0.0035495495 	-0.0084136262 	-4.2509903e-09 	0.00064217841 	0.012584722
0.0035615616 	-0.0084136094 	-4.2645118e-09 	0.00063687675 	0.011793416
0.0035735736 	-0.0084135927 	-4.2780333e-09 	0.00063157509 	0.011002111
0.0035855856 	-0.0084135759 	-4.2915547e-09 	0.00062627343 	0.010210806
0.0035975976 	-0.0084135592 	-4.3050762e-09 	0.00062097177 	0.0094195002
0.0036096096 	-0.0084135424 	-4.3185977e-09 	0.00061567011 	0.0086281949
0.0036216216 	-0.0084135257 	-4.3321191e-09 	0.00061036845 	0.0078368895
0.0036336336 	-0.0084135089 	-4.3456406e-09 	0.00060506679 	0.0070455842
0.0036456456 	-0.0084134922 	-4.3591621e-09 	0.00059976513 	0.0062542788
0.0036576577 	-0.0084134754 	-4.3726835e-09 	0.00059446347 	0.0054629735
0.0036696697 	-0.0084134587 	-4.386205e-09 	0.00058916181 	0.0046716681
0.0036816817 	-0.0084134419 	-4.3997265e-09 	0.00058386015 	0.0038803628
0.0036936937 	-0.0084134252 	-4.4132479e-09 	0.00057855849 	0.0030890574
0.0037057057 	-0.0084134085 	-4.4267694e-09 	0.00057325683 	0.0022977521
0.0037177177 	-0.0084133917 	-4.4402909e-09 	0.00056795517 	0.0015064467
0.0037297297 	-0.008413375 	-4.4538123e-09 	0.00056265351 	0.0007151414
0.0037417417 	-0.0084133581 	-4.4639635e-09 	0.00055709828 	-5.5887951e-05
0.0037537538 	-0.008413341 	-4.4655274e-09 	0.00055089695 	-0.00077525502
0.0037657658 	-0.0084133239 	-4.4670913e-09 	0.00054469562 	-0.0014946221
0.0037777778 	-0.0084133068 	-4.4686551e-09 	0.00053849428 	-0.0022139891
0.0037897898 	-0.0084132897 	-4.470219e-09 	0.00053229295 	-0.0029333562
0.0038018018 	-0.0084132725 	-4.4717828e-09 	0.00052609162 	-0.0036527233
0.0038138138 	-0.0084132554 	-4.4733467e-09 	0.00051989029 	-0.0043720903
0.0038258258 	-0.0084132383 	-4.4749105e-09 	0.00051368896 	-0.0050914574
0.0038378378 	-0.0084132212 	-4.4765884e-09 	0.00050748925 	-0.0058113775
0.0038498498 	-0.0084132035 	-4.4828189e-09 	0.00050135423 	-0.00655338
0.0038618619 	-0.0084131857 	-4.4890493e-09 	0.00049521922 	-0.0072953825
0.0038738739 	-0.008413168 	-4.4952797e-09 	0.0004890842 	-0.0080373849
0.0038858859 	-0.0084131502 	-4.5015102e-09 	0.00048294919 	-0.0087793874
0.0038978979 	-0.0084131325 	-4.5077406e-09 	0.00047681418 	-0.0095213899
0.0039099099 	-0.0084131148 	-4.513971e-09 	0.00047067916 	-0.010263392
0.0039219219 	-0.008413097 	-4.5202015e-09 	0.00046454415 	-0.011005395
0.0039339339 	-0.0084130793 	-4.5264319e-09 	0.00045840913 	-0.011747397
0.0039459459 	-0.0084130615 	-4.5326623e-09 	0.00045227412 	-0.0124894
0.003957958 	-0.0084130438 	-4.5388928e-09 	0.00044613911 	-0.013231402
0.00396997 	-0.0084130261 	-4.5451232e-09 	0.00044000409 	-0.013973405
0.003981982 	-0.0084130083 	-4.5513537e-09 	0.00043386908 	-0.014715407
0.003993994 	-0.0084129906 	-4.5575841e-09 	0.00042773407 	-0.01545741
0.004006006 	-0.0084129728 	-4.5638145e-09 	0.00042159905 	-0.016199412
0.004018018 	-0.0084129551 	-4.570045e-09 	0.00041546404 	-0.016941415
0.00403003 	-0.0084129373 	-4.5762754e-09 	0.00040932902 	-0.017683417
0.004042042 	-0.0084129196 	-4.5825058e-09 	0.00040319401 	-0.018425419
0.0040540541 	-0.0084129019 	-4.5887363e-09 	0.000397059 	-0.019167422
0.0040660661 	-0.0084128841 	-4.5949667e-09 	0.00039092398 	-0.019909424
0.0040780781 	-0.0084128664 	-4.6011971e-09 	0.00038478897 	-0.020651427
0.0040900901 	-0.0084128486 	-4.6074276e-09 	0.00037865395 	-0.021393429
0.0041021021 	-0.0084128309 	-4.6049228e-09 	0.00037322479 	-0.021970533
0.0041141141 	-0.0084128132 	-4.5954489e-09 	0.00036835876 	-0.022416077
0.0041261261 	-0.0084127955 	-4.5859751e-09 	0.00036349273 	-0.022861622
0.0041381381 	-0.0084127777 	-4.5765012e-09 	0.0003586267 	-0.023307166
0.0041501502 	-0.00841276 	-4.5670273e-09 	0.00035376067 	-0.02375271
0.0041621622 	-0.0084127423 	-4.5575535e-09 	0.00034889465 	-0.024198254
0.0041741742 	-0.0084127246 	-4.5480796e-09 	0.00034402862 	-0.024643798
0.0041861862 	-0.0084127067 	-4.5392546e-09 	0.00033920239 	-0.025093801
0.0041981982 	-0.0084126885 	-4.532127e-09 	0.0003344803 	-0.025555468
0.0042102102 	-0.0084126702 	-4.5249994e-09 	0.0003297582 	-0.026017134
0.0042222222 	-0.008412652 	-4.5178718e-09 	0.0003250361 	-0.026478801
0.0042342342 	-0.0084126337 	-4.5107443e-09 	0.000320314 	-0.026940467
0.0042462462 	-0.0084126155 	-4.5036167e-09 	0.0003155919 	-0.027402133
0.0042582583 	-0.0084125972 	-4.4964891e-09 	0.00031086981 	-0.0278638
0.0042702703 	-0.008412579 	-4.4893615e-09 	0.00030614771 	-0.028325466
0.0042822823 	-0.0084125608 	-4.4822339e-09 	0.00030142561 	-0.028787133
0.0042942943 	-0.0084125425 	-4.4751063e-09 	0.00029670351 	-0.029248799
0.0043063063 	-0.0084125243 	-4.4679787e-09 	0.00029198141 	-0.029710466
0.0043183183 	-0.008412506 	-4.4608511e-09 	0.00028725931 	-0.030172132
0.0043303303 	-0.0084124878 	-4.4537236e-09 	0.00028253722 	-0.030633798
0.0043423423 	-0.0084124695 	-4.446596e-09 	0.00027781512 	-0.031095465
0.0043543544 	-0.0084124513 	-4.4394684e-09 	0.00027309302 	-0.031557131
0.0043663664 	-0.008412433 	-4.4323408e-09 	0.00026837092 	-0.032018798
0.0043783784 	-0.0084124148 	-4.4252132e-09 	0.00026364882 	-0.032480464
0.0043903904 	-0.0084123966 	-4.4180856e-09 	0.00025892673 	-0.032942131
0.0044024024 	-0.0084123783 	-4.410958e-09 	0.00025420463 	-0.033403797
0.0044144144 	-0.0084123609 	-4.399425e-09 	0.00024978962 	-0.033778944
0.0044264264 	-0.0084123452 	-4.3797241e-09 	0.00024594399 	-0.033993679
0.0044384384 	-0.0084123295 	-4.3600231e-09 	0.00024209836 	-0.034208415
0.0044504505 	-0.0084123137 	-4.3403222e-09 	0.00023825272 	-0.03442315
0.0044624625 	-0.008412298 	-4.3206213e-09 	0.00023440709 	-0.034637886
0.0044744745 	-0.0084122823 	-4.3009203e-09 	0.00023056145 	-0.034852621
0.0044864865 	-0.0084122665 	-4.2812194e-09 	0.00022671582 	-0.035067356
0.0044984985 	-0.0084122504 	-4.2627775e-09 	0.00022303884 	-0.035292654
0.0045105105 	-0.0084122342 	-4.2444264e-09 	0.00021937403 	-0.035518714
0.0045225225 	-0.0084122181 	-4.2260754e-09 	0.00021570922 	-0.035744774
0.0045345345 	-0.0084122019 	-4.2077243e-09 	0.00021204441 	-0.035970834
0.0045465465 	-0.0084121858 	-4.1893733e-09 	0.0002083796 	-0.036196894
0.0045585586 	-0.0084121696 	-4.1710222e-09 	0.00020471479 	-0.036422954
0.0045705706 	-0.0084121535 	-4.1526711e-09 	0.00020104998 	-0.036649014
0.0045825826 	-0.0084121373 	-4.1343201e-09 	0.00019738517 	-0.036875074
0.0045945946 	-0.0084121212 	-4.115969e-09 	0.00019372037 	-0.037101135
0.0046066066 	-0.008412105 	-4.097618e-09 	0.00019005556 	-0.037327195
0.0046186186 	-0.0084120889 	-4.0792669e-09 	0.00018639075 	-0.037553255
0.0046306306 	-0.0084120727 	-4.0609159e-09 	0.00018272594 	-0.037779315
0.0046426426 	-0.0084120565 	-4.0425648e-09 	0.00017906113 	-0.038005375
0.0046546547 	-0.0084120404 	-4.0242138e-09 	0.00017539632 	-0.038231435
0.0046666667 	-0.0084120242 	-4.0058627e-09 	0.00017173151 	-0.038457495
0.0046786787 	-0.0084120081 	-3.9875116e-09 	0.0001680667 	-0.038683555
0.0046906907 	-0.0084119924 	-3.9667577e-09 	0.00016455642 	-0.03885834
0.0047027027 	-0.0084119782 	-3.9386993e-09 	0.00016151587 	-0.038877254
0.0047147147 	-0.008411964 	-3.9106409e-09 	0.00015847531 	-0.038896169
0.0047267267 	-0.0084119498 	-3.8825825e-09 	0.00015543476 	-0.038915083
0.0047387387 	-0.0084119356 	-3.8545241e-09 	0.00015239421 	-0.038933998
0.0047507508 	-0.0084119214 	-3.8264657e-09 	0.00014935366 	-0.038952912
0.0047627628 	-0.0084119071 	-3.7989469e-09 	0.00014642778 	-0.038976343
0.0047747748 	-0.0084118927 	-3.7718034e-09 	0.00014358167 	-0.039002916
0.0047867868 	-0.0084118783 	-3.7446599e-09 	0.00014073555 	-0.039029488
0.0047987988 	-0.0084118639 	-3.7175164e-09 	0.00013788944 	-0.039056061
0.0048108108 	-0.0084118495 	-3.6903729e-09 	0.00013504333 	-0.039082634
0.0048228228 	-0.0084118351 	-3.6632294e-09 	0.00013219721 	-0.039109207
0.0048348348 	-0.0084118208 	-3.6360859e-09 	0.0001293511 	-0.039135779
0.0048468468 	-0.0084118064 	-3.6089424e-09 	0.00012650499 	-0.039162352
0.0048588589 	-0.008411792 	-3.5817989e-09 	0.00012365887 	-0.039188925
0.0048708709 	-0.0084117776 	-3.5546554e-09 	0.00012081276 	-0.039215497
0.0048828829 	-0.0084117632 	-3.5275119e-09 	0.00011796665 	-0.03924207
0.0048948949 	-0.0084117488 	-3.5003684e-09 	0.00011512053 	-0.039268643
0.0049069069 	-0.0084117344 	-3.4732249e-09 	0.00011227442 	-0.039295216
0.0049189189 	-0.0084117201 	-3.4460814e-09 	0.00010942831 	-0.039321788
0.0049309309 	-0.0084117057 	-3.4189379e-09 	0.00010658219 	-0.039348361
0.0049429429 	-0.0084116926 	-3.3855958e-09 	0.00010415207 	-0.039221087
0.004954955 	-0.0084116798 	-3.3514105e-09 	0.00010177853 	-0.039072887
0.004966967 	-0.0084116669 	-3.3172252e-09 	9.9404997e-05 	-0.038924686
0.004978979 	-0.008411654 	-3.2830398e-09 	9.703146e-05 	-0.038776486
0.004990991 	-0.0084116412 	-3.2488545e-09 	9.4657923e-05 	-0.038628285
0.005003003 	-0.0084116284 	-3.2152912e-09 	9.2454087e-05 	-0.038484355
0.005015015 	-0.0084116156 	-3.1818029e-09 	9.027071e-05 	-0.03834094
0.005027027 	-0.0084116028 	-3.1483146e-09 	8.8087334e-05 	-0.038197526
0.005039039 	-0.0084115901 	-3.1148263e-09 	8.5903957e-05 	-0.038054111
0.0050510511 	-0.0084115773 	-3.081338e-09 	8.372058e-05 	-0.037910696
0.0050630631 	-0.0084115645 	-3.0478497e-09 	8.1537203e-05 	-0.037767281
0.0050750751 	-0.0084115518 	-3.0143614e-09 	7.9353827e-05 	-0.037623866
0.0050870871 	-0.008411539 	-2.9808731e-09 	7.717045e-05 	-0.037480451
0.0050990991 	-0.0084115262 	-2.9473848e-09 	7.4987073e-05 	-0.037337037
0.0051111111 	-0.0084115135 	-2.9138965e-09 	7.2803696e-05 	-0.037193622
0.0051231231 	-0.0084115007 	-2.8804082e-09 	7.062032e-05 	-0.037050207
0.0051351351 	-0.0084114879 	-2.8469199e-09 	6.8436943e-05 	-0.036906792
0.0051471471 	-0.0084114752 	-2.8134316e-09 	6.6253566e-05 	-0.036763377
0.0051591592 	-0.0084114634 	-2.7755542e-09 	6.4409078e-05 	-0.03648304
0.0051711712 	-0.0084114518 	-2.7373192e-09 	6.2592205e-05 	-0.036191545
0.0051831832 	-0.0084114401 	-2.6990842e-09 	6.0775331e-05 	-0.035900051
0.0051951952 	-0.0084114285 	-2.6608492e-09 	5.8958457e-05 	-0.035608557
0.0052072072 	-0.008411417 	-2.6229303e-09 	5.7232948e-05 	-0.03531838
0.0052192192 	-0.0084114057 	-2.5852946e-09 	5.5589307e-05 	-0.035029383
0.0052312312 	-0.0084113944 	-2.5476589e-09 	5.3945666e-05 	-0.034740386
0.0052432432 	-0.0084113832 	-2.5100232e-09 	5.2302025e-05 	-0.034451389
0.0052552553 	-0.0084113719 	-2.4723875e-09 	5.0658384e-05 	-0.034162392
0.0052672673 	-0.0084113606 	-2.4347518e-09 	4.9014743e-05 	-0.033873395
0.0052792793 	-0.0084113493 	-2.3971161e-09 	4.7371102e-05 	-0.033584398
0.0052912913 	-0.008411338 	-2.3594804e-09 	4.5727461e-05 	-0.033295401
0.0053033033 	-0.0084113267 	-2.3218447e-09 	4.408382e-05 	-0.033006404
0.0053153153 	-0.0084113154 	-2.284209e-09 	4.2440179e-05 	-0.032717407
0.0053273273 	-0.0084113041 	-2.2465733e-09 	4.0796538e-05 	-0.03242841
0.0053393393 	-0.0084112929 	-2.2086608e-09 	3.9180451e-05 	-0.032127441
0.0053513514 	-0.0084112822 	-2.168116e-09 	3.7826391e-05 	-0.031712619
0.0053633634 	-0.0084112716 	-2.1275713e-09 	3.647233e-05 	-0.031297798
0.0053753754 	-0.0084112609 	-2.0870265e-09 	3.511827e-05 	-0.030882976
0.0053873874 	-0.0084112503 	-2.0466141e-09 	3.3796584e-05 	-0.030468297
0.0053993994 	-0.0084112403 	-2.006675e-09 	3.2590636e-05 	-0.030054127
0.0054114114 	-0.0084112302 	-1.9667358e-09 	3.1384688e-05 	-0.029639957
0.0054234234 	-0.0084112201 	-1.9267967e-09 	3.017874e-05 	-0.029225788
0.0054354354 	-0.00841121 	-1.8868575e-09 	2.8972792e-05 	-0.028811618
0.0054474474 	-0.0084112 	-1.8469184e-09 	2.7766844e-05 	-0.028397448
0.0054594595 	-0.0084111899 	-1.8069792e-09 	2.6560896e-05 	-0.027983278
0.0054714715 	-0.0084111798 	-1.7670401e-09 	2.5354948e-05 	-0.027569108
0.0054834835 	-0.0084111697 	-1.727101e-09 	2.4149e-05 	-0.027154938
0.0054954955 	-0.0084111597 	-1.6871618e-09 	2.2943052e-05 	-0.026740768
0.0055075075 	-0.0084111496 	-1.6470026e-09 	2.1770348e-05 	-0.026311603
0.0055195195 	-0.0084111396 	-1.6054916e-09 	2.0801861e-05 	-0.025790323
0.0055315315 	-0.0084111296 	-1.5639806e-09 	1.9833374e-05 	-0.025269042
0.0055435435 	-0.0084111196 	-1.5224696e-09 	1.8864887e-05 	-0.024747761
0.0055555556 	-0.0084111102 	-1.4814964e-09 	1.7981579e-05 	-0.024225864
0.0055675676 	-0.008411101 	-1.4407299e-09 	1.7130994e-05 	-0.023703729
0.0055795796 	-0.0084110918 	-1.3999634e-09 	1.628041e-05 	-0.023181595
0.0055915916 	-0.0084110826 	-1.3591969e-09 	1.5429826e-05 	-0.022659461
0.0056036036 	-0.0084110734 	-1.3184304e-09 	1.4579242e-05 	-0.022137326
0.0056156156 	-0.0084110642 	-1.2776639e-09 	1.3728658e-05 	-0.021615192
0.0056276276 	-0.008411055 	-1.2368974e-09 	1.2878074e-05 	-0.021093058
0.0056396396 	-0.0084110459 	-1.1961309e-09 	1.2027489e-05 	-0.020570923
0.0056516517 	-0.0084110367 	-1.1553644e-09 	1.1176905e-05 	-0.020048789
0.0056636637 	-0.0084110272 	-1.1140093e-09 	1.0498479e-05 	-0.019450238
0.0056756757 	-0.0084110177 	-1.0725397e-09 	9.8535157e-06 	-0.018836834
0.0056876877 	-0.0084110081 	-1.0310702e-09 	9.2085528e-06 	-0.01822343
0.0056996997 	-0.0084109994 	-9.9044518e-10 	8.6333132e-06 	-0.017608299
0.0057117117 	-0.0084109909 	-9.5000011e-10 	8.0729278e-06 	-0.0169928
0.0057237237 	-0.0084109823 	-9.0955505e-10 	7.5125425e-06 	-0.016377301
0.0057357357 	-0.0084109738 	-8.6910999e-10 	6.9521572e-06 	-0.015761802
0.0057477477 	-0.0084109653 	-8.2866492e-10 	6.3917718e-06 	-0.015146303
0.0057597598 	-0.0084109567 	-7.8821986e-10 	5.8313865e-06 	-0.014530804
0.0057717718 	-0.0084109482 	-7.477748e-10 	5.2710011e-06 	-0.013915305
0.0057837838 	-0.0084109397 	-7.0732973e-10 	4.7106158e-06 	-0.013299806
0.0057957958 	-0.0084109311 	-6.6664697e-10 	4.3288076e-06 	-0.012607198
0.0058078078 	-0.0084109225 	-6.259621e-10 	3.9485727e-06 	-0.011913911
0.0058198198 	-0.0084109143 	-5.8575284e-10 	3.5854339e-06 	-0.011219574
0.0058318318 	-0.0084109068 	-5.4648711e-10 	3.2562115e-06 	-0.010523157
0.0058438438 	-0.0084108993 	-5.0722138e-10 	2.9269891e-06 	-0.0098267386
0.0058558559 	-0.0084108918 	-4.6795564e-10 	2.5977668e-06 	-0.0091303207
0.0058678679 	-0.0084108843 	-4.2868991e-10 	2.2685444e-06 	-0.0084339028
0.0058798799 	-0.0084108768 	-3.8942418e-10 	1.9393221e-06 	-0.0077374848
0.0058918919 	-0.0084108693 	-3.5015845e-10 	1.6100997e-06 	-0.0070410669
0.0059039039 	-0.0084108793 	-3.1044896e-10 	1.3431433e-06 	-0.0063065209
0.0059159159 	-0.0084109125 	-2.7015011e-10 	1.1588816e-06 	-0.0055213376
0.0059279279 	-0.0084109456 	-2.3002371e-10 	9.7651089e-07 	-0.0047357924
0.0059399399 	-0.008410977 	-1.9168643e-10 	8.1375908e-07 	-0.0039464937
0.005951952 	-0.0084110084 	-1.5334914e-10 	6.5100726e-07 	-0.003157195
0.005963964 	-0.0084110398 	-1.1501186e-10 	4.8825545e-07 	-0.0023678962
0.005975976 	-0.0084110712 	-7.6674571e-11 	3.2550363e-07 	-0.0015785975
0.005987988 	-0.0084111026 	-3.8337285e-11 	1.6275182e-07 	-0.00078929874
0.006 	-0.008411134 	-2.7128884e-22 	1.1516922e-18 	-5.5853705e-15
