-0.006 	-0.019791465 	0 	0 	0
-0.005987988 	-0.019791435 	1.7513877e-11 	1.6131595e-06 	-0.00039884645
-0.005975976 	-0.019791407 	3.8273296e-11 	3.147035e-06 	-0.00081768931
-0.005963964 	-0.019791379 	6.0502059e-11 	4.6450166e-06 	-0.0012455851
-0.005951952 	-0.019791351 	8.2730821e-11 	6.1429981e-06 	-0.0016734808
-0.0059399399 	-0.019791323 	1.0495958e-10 	7.6409796e-06 	-0.0021013766
-0.0059279279 	-0.019791295 	1.2718835e-10 	9.1389611e-06 	-0.0025292723
-0.0059159159 	-0.019791267 	1.4941711e-10 	1.0636943e-05 	-0.0029571681
-0.0059039039 	-0.019791239 	1.7164587e-10 	1.2134924e-05 	-0.0033850639
-0.0058918919 	-0.019791211 	1.9387463e-10 	1.3632906e-05 	-0.0038129596
-0.0058798799 	-0.019791183 	2.161034e-10 	1.5130887e-05 	-0.0042408554
-0.0058678679 	-0.019791155 	2.3833216e-10 	1.6628869e-05 	-0.0046687511
-0.0058558559 	-0.019791122 	2.5913072e-10 	1.8628011e-05 	-0.00508215
-0.0058438438 	-0.01979107 	2.7415983e-10 	2.2648843e-05 	-0.005437068
-0.0058318318 	-0.01979102 	2.9188712e-10 	2.6462817e-05 	-0.0058096944
-0.0058198198 	-0.019790971 	3.1071199e-10 	3.0192642e-05 	-0.0061895244
-0.0058078078 	-0.019790922 	3.2953686e-10 	3.3922467e-05 	-0.0065693543
-0.0057957958 	-0.019790873 	3.4836173e-10 	3.7652293e-05 	-0.0069491842
-0.0057837838 	-0.019790825 	3.6718661e-10 	4.1382118e-05 	-0.0073290142
-0.0057717718 	-0.019790776 	3.8601148e-10 	4.5111943e-05 	-0.0077088441
-0.0057597598 	-0.019790727 	4.0483635e-10 	4.8841769e-05 	-0.0080886741
-0.0057477477 	-0.019790678 	4.2366122e-10 	5.2571594e-05 	-0.008468504
-0.0057357357 	-0.019790629 	4.4248609e-10 	5.6301419e-05 	-0.008848334
-0.0057237237 	-0.01979058 	4.6131097e-10 	6.0031245e-05 	-0.0092281639
-0.0057117117 	-0.019790531 	4.8013584e-10 	6.376107e-05 	-0.0096079939
-0.0056996997 	-0.019790483 	4.9896071e-10 	6.7490895e-05 	-0.0099878238
-0.0056876877 	-0.019790436 	5.1268491e-10 	7.3654407e-05 	-0.010315796
-0.0056756757 	-0.019790391 	5.2560244e-10 	8.0318512e-05 	-0.010634408
-0.0056636637 	-0.019790349 	5.4113736e-10 	8.6546756e-05 	-0.010971487
-0.0056516517 	-0.019790307 	5.5667228e-10 	9.2775e-05 	-0.011308565
-0.0056396396 	-0.019790264 	5.722072e-10 	9.9003244e-05 	-0.011645644
-0.0056276276 	-0.019790222 	5.8774213e-10 	0.00010523149 	-0.011982722
-0.0056156156 	-0.01979018 	6.0327705e-10 	0.00011145973 	-0.012319801
-0.0056036036 	-0.019790137 	6.1881197e-10 	0.00011768798 	-0.012656879
-0.0055915916 	-0.019790095 	6.3434689e-10 	0.00012391622 	-0.012993958
-0.0055795796 	-0.019790053 	6.4988182e-10 	0.00013014446 	-0.013331037
-0.0055675676 	-0.019790011 	6.6541674e-10 	0.00013637271 	-0.013668115
-0.0055555556 	-0.019789968 	6.8095166e-10 	0.00014260095 	-0.014005194
-0.0055435435 	-0.019789926 	6.9648658e-10 	0.0001488292 	-0.014342272
-0.0055315315 	-0.019789884 	7.1202151e-10 	0.00015505744 	-0.014679351
-0.0055195195 	-0.019789841 	7.2755643e-10 	0.00016128569 	-0.015016429
-0.0055075075 	-0.019789806 	7.3916857e-10 	0.00016948782 	-0.015310603
-0.0054954955 	-0.019789776 	7.4845545e-10 	0.00017885998 	-0.015579344
-0.0054834835 	-0.019789747 	7.5939619e-10 	0.00018772303 	-0.015859993
-0.0054714715 	-0.019789719 	7.7100092e-10 	0.00019638168 	-0.016145422
-0.0054594595 	-0.019789691 	7.8260565e-10 	0.00020504034 	-0.016430852
-0.0054474474 	-0.019789662 	7.9421037e-10 	0.00021369899 	-0.016716281
-0.0054354354 	-0.019789634 	8.058151e-10 	0.00022235764 	-0.017001711
-0.0054234234 	-0.019789606 	8.1741983e-10 	0.0002310163 	-0.01728714
-0.0054114114 	-0.019789578 	8.2902456e-10 	0.00023967495 	-0.01757257
-0.0053993994 	-0.01978955 	8.4062929e-10 	0.0002483336 	-0.017857999
-0.0053873874 	-0.019789522 	8.5223402e-10 	0.00025699225 	-0.018143429
-0.0053753754 	-0.019789493 	8.6383874e-10 	0.00026565091 	-0.018428858
-0.0053633634 	-0.019789465 	8.7544347e-10 	0.00027430956 	-0.018714287
-0.0053513514 	-0.019789437 	8.870482e-10 	0.00028296821 	-0.018999717
-0.0053393393 	-0.019789409 	8.9865293e-10 	0.00029162687 	-0.019285146
-0.0053273273 	-0.019789381 	9.1025766e-10 	0.00030028552 	-0.019570576
-0.0053153153 	-0.019789353 	9.2186238e-10 	0.00030894417 	-0.019856005
-0.0053033033 	-0.019789331 	9.306917e-10 	0.0003188374 	-0.020111097
-0.0052912913 	-0.01978932 	9.3542667e-10 	0.00033055188 	-0.020321435
-0.0052792793 	-0.019789308 	9.406283e-10 	0.00034205167 	-0.020534471
-0.0052672673 	-0.019789298 	9.4736972e-10 	0.00035284305 	-0.020756414
-0.0052552553 	-0.019789288 	9.5411115e-10 	0.00036363442 	-0.020978356
-0.0052432432 	-0.019789277 	9.6085257e-10 	0.0003744258 	-0.021200299
-0.0052312312 	-0.019789267 	9.67594e-10 	0.00038521717 	-0.021422241
-0.0052192192 	-0.019789256 	9.7433542e-10 	0.00039600854 	-0.021644184
-0.0052072072 	-0.019789246 	9.8107685e-10 	0.00040679992 	-0.021866126
-0.0051951952 	-0.019789235 	9.8781827e-10 	0.00041759129 	-0.022088069
-0.0051831832 	-0.019789225 	9.945597e-10 	0.00042838267 	-0.022310011
-0.0051711712 	-0.019789215 	1.0013011e-09 	0.00043917404 	-0.022531954
-0.0051591592 	-0.019789204 	1.0080425e-09 	0.00044996542 	-0.022753896
-0.0051471471 	-0.019789194 	1.014784e-09 	0.00046075679 	-0.022975839
-0.0051351351 	-0.019789183 	1.0215254e-09 	0.00047154817 	-0.023197781
-0.0051231231 	-0.019789173 	1.0282668e-09 	0.00048233954 	-0.023419724
-0.0051111111 	-0.019789163 	1.0350082e-09 	0.00049313091 	-0.023641666
-0.0050990991 	-0.019789152 	1.0417497e-09 	0.00050392229 	-0.023863609
-0.0050870871 	-0.019789142 	1.0484911e-09 	0.00051471366 	-0.024085551
-0.0050750751 	-0.019789131 	1.0552325e-09 	0.00052550504 	-0.024307494
-0.0050630631 	-0.019789141 	1.0547157e-09 	0.00053866574 	-0.024455764
-0.0050510511 	-0.019789154 	1.0530834e-09 	0.00055219057 	-0.024592713
-0.005039039 	-0.019789167 	1.0522948e-09 	0.0005652663 	-0.024731982
-0.005027027 	-0.019789179 	1.0527523e-09 	0.00057767869 	-0.02487468
-0.005015015 	-0.019789191 	1.0532098e-09 	0.00059009109 	-0.025017377
-0.005003003 	-0.019789203 	1.0536672e-09 	0.00060250348 	-0.025160074
-0.004990991 	-0.019789215 	1.0541247e-09 	0.00061491588 	-0.025302771
-0.004978979 	-0.019789227 	1.0545822e-09 	0.00062732827 	-0.025445468
-0.004966967 	-0.019789239 	1.0550397e-09 	0.00063974067 	-0.025588165
-0.004954955 	-0.019789252 	1.0554972e-09 	0.00065215306 	-0.025730862
-0.0049429429 	-0.019789264 	1.0559547e-09 	0.00066456546 	-0.02587356
-0.0049309309 	-0.019789276 	1.0564122e-09 	0.00067697786 	-0.026016257
-0.0049189189 	-0.019789288 	1.0568697e-09 	0.00068939025 	-0.026158954
-0.0049069069 	-0.0197893 	1.0573272e-09 	0.00070180265 	-0.026301651
-0.0048948949 	-0.019789312 	1.0577847e-09 	0.00071421504 	-0.026444348
-0.0048828829 	-0.019789324 	1.0582421e-09 	0.00072662744 	-0.026587045
-0.0048708709 	-0.019789336 	1.0586996e-09 	0.00073903983 	-0.026729742
-0.0048588589 	-0.019789348 	1.0591571e-09 	0.00075145223 	-0.026872439
-0.0048468468 	-0.01978936 	1.0596146e-09 	0.00076386462 	-0.027015137
-0.0048348348 	-0.019789372 	1.0600721e-09 	0.00077627702 	-0.027157834
-0.0048228228 	-0.019789385 	1.0605296e-09 	0.00078868941 	-0.027300531
-0.0048108108 	-0.019789397 	1.0609871e-09 	0.00080110181 	-0.027443228
-0.0047987988 	-0.019789431 	1.053174e-09 	0.00081493412 	-0.027515732
-0.0047867868 	-0.019789474 	1.0419082e-09 	0.00082935921 	-0.027558932
-0.0047747748 	-0.019789518 	1.0306423e-09 	0.0008437843 	-0.027602132
-0.0047627628 	-0.019789558 	1.022118e-09 	0.00085706604 	-0.027644439
-0.0047507508 	-0.019789598 	1.0138595e-09 	0.00087023688 	-0.02768666
-0.0047387387 	-0.019789638 	1.005601e-09 	0.00088340772 	-0.027728881
-0.0047267267 	-0.019789677 	9.9734253e-10 	0.00089657857 	-0.027771101
-0.0047147147 	-0.019789717 	9.8908406e-10 	0.00090974941 	-0.027813322
-0.0047027027 	-0.019789757 	9.8082558e-10 	0.00092292025 	-0.027855543
-0.0046906907 	-0.019789797 	9.7256711e-10 	0.00093609109 	-0.027897764
-0.0046786787 	-0.019789837 	9.6430863e-10 	0.00094926193 	-0.027939985
-0.0046666667 	-0.019789876 	9.5605016e-10 	0.00096243277 	-0.027982205
-0.0046546547 	-0.019789916 	9.4779169e-10 	0.00097560362 	-0.028024426
-0.0046426426 	-0.019789956 	9.3953321e-10 	0.00098877446 	-0.028066647
-0.0046306306 	-0.019789996 	9.3127474e-10 	0.0010019453 	-0.028108868
-0.0046186186 	-0.019790036 	9.2301626e-10 	0.0010151161 	-0.028151088
-0.0046066066 	-0.019790075 	9.1475779e-10 	0.001028287 	-0.028193309
-0.0045945946 	-0.019790115 	9.0649931e-10 	0.0010414578 	-0.02823553
-0.0045825826 	-0.019790155 	8.9824084e-10 	0.0010546287 	-0.028277751
-0.0045705706 	-0.019790195 	8.8998237e-10 	0.0010677995 	-0.028319972
-0.0045585586 	-0.019790235 	8.8172389e-10 	0.0010809704 	-0.028362192
-0.0045465465 	-0.019790275 	8.7346542e-10 	0.0010941412 	-0.028404413
-0.0045345345 	-0.019790314 	8.6520694e-10 	0.001107312 	-0.028446634
-0.0045225225 	-0.019790354 	8.5694847e-10 	0.0011204829 	-0.028488855
-0.0045105105 	-0.019790394 	8.4868999e-10 	0.0011336537 	-0.028531075
-0.0044984985 	-0.019790455 	8.2988998e-10 	0.0011472044 	-0.028504209
-0.0044864865 	-0.019790531 	8.0306048e-10 	0.0011610444 	-0.028424717
-0.0044744745 	-0.019790608 	7.7623098e-10 	0.0011748845 	-0.028345226
-0.0044624625 	-0.019790682 	7.5140698e-10 	0.0011882053 	-0.028262296
-0.0044504505 	-0.019790752 	7.2961037e-10 	0.0012007424 	-0.028174174
-0.0044384384 	-0.019790822 	7.0781377e-10 	0.0012132796 	-0.028086052
-0.0044264264 	-0.019790891 	6.8601716e-10 	0.0012258167 	-0.02799793
-0.0044144144 	-0.019790961 	6.6422055e-10 	0.0012383538 	-0.027909809
-0.0044024024 	-0.019791031 	6.4242395e-10 	0.0012508909 	-0.027821687
-0.0043903904 	-0.019791101 	6.2062734e-10 	0.001263428 	-0.027733565
-0.0043783784 	-0.019791171 	5.9883073e-10 	0.0012759651 	-0.027645443
-0.0043663664 	-0.01979124 	5.7703413e-10 	0.0012885022 	-0.027557321
-0.0043543544 	-0.01979131 	5.5523752e-10 	0.0013010394 	-0.027469199
-0.0043423423 	-0.01979138 	5.3344091e-10 	0.0013135765 	-0.027381077
-0.0043303303 	-0.01979145 	5.1164431e-10 	0.0013261136 	-0.027292955
-0.0043183183 	-0.01979152 	4.898477e-10 	0.0013386507 	-0.027204833
-0.0043063063 	-0.019791589 	4.6805109e-10 	0.0013511878 	-0.027116712
-0.0042942943 	-0.019791659 	4.4625449e-10 	0.0013637249 	-0.02702859
-0.0042822823 	-0.019791729 	4.2445788e-10 	0.001376262 	-0.026940468
-0.0042702703 	-0.019791799 	4.0266127e-10 	0.0013887992 	-0.026852346
-0.0042582583 	-0.019791869 	3.8086467e-10 	0.0014013363 	-0.026764224
-0.0042462462 	-0.019791938 	3.5906806e-10 	0.0014138734 	-0.026676102
-0.0042342342 	-0.019792008 	3.3727145e-10 	0.0014264105 	-0.02658798
-0.0042222222 	-0.019792078 	3.1547485e-10 	0.0014389476 	-0.026499858
-0.0042102102 	-0.019792148 	2.9367824e-10 	0.0014514847 	-0.026411736
-0.0041981982 	-0.019792218 	2.7188163e-10 	0.0014640219 	-0.026323615
-0.0041861862 	-0.019792287 	2.5008503e-10 	0.001476559 	-0.026235493
-0.0041741742 	-0.019792357 	2.2828842e-10 	0.0014890961 	-0.026147371
-0.0041621622 	-0.019792429 	2.0480428e-10 	0.0015015495 	-0.026050701
-0.0041501502 	-0.019792532 	1.5143983e-10 	0.0015125219 	-0.025802671
-0.0041381381 	-0.019792635 	9.8075371e-11 	0.0015234943 	-0.025554642
-0.0041261261 	-0.019792738 	4.4710914e-11 	0.0015344667 	-0.025306612
-0.0041141141 	-0.019792836 	-4.7278572e-12 	0.0015448926 	-0.025050798
-0.0041021021 	-0.01979293 	-4.9533005e-11 	0.0015546736 	-0.024785797
-0.0040900901 	-0.019793023 	-9.4338152e-11 	0.0015644546 	-0.024520795
-0.0040780781 	-0.019793117 	-1.391433e-10 	0.0015742356 	-0.024255793
-0.0040660661 	-0.01979321 	-1.8394845e-10 	0.0015840166 	-0.023990791
-0.0040540541 	-0.019793304 	-2.2875359e-10 	0.0015937975 	-0.023725789
-0.004042042 	-0.019793397 	-2.7355874e-10 	0.0016035785 	-0.023460787
-0.00403003 	-0.019793491 	-3.1836389e-10 	0.0016133595 	-0.023195786
-0.004018018 	-0.019793584 	-3.6316904e-10 	0.0016231405 	-0.022930784
-0.004006006 	-0.019793678 	-4.0797418e-10 	0.0016329215 	-0.022665782
-0.003993994 	-0.019793771 	-4.5277933e-10 	0.0016427025 	-0.02240078
-0.003981982 	-0.019793865 	-4.9758448e-10 	0.0016524834 	-0.022135778
-0.00396997 	-0.019793958 	-5.4238963e-10 	0.0016622644 	-0.021870777
-0.003957958 	-0.019794052 	-5.8719477e-10 	0.0016720454 	-0.021605775
-0.0039459459 	-0.019794145 	-6.3199992e-10 	0.0016818264 	-0.021340773
-0.0039339339 	-0.019794239 	-6.7680507e-10 	0.0016916074 	-0.021075771
-0.0039219219 	-0.019794332 	-7.2161022e-10 	0.0017013884 	-0.020810769
-0.0039099099 	-0.019794426 	-7.6641536e-10 	0.0017111693 	-0.020545767
-0.0038978979 	-0.019794519 	-8.1122051e-10 	0.0017209503 	-0.020280766
-0.0038858859 	-0.019794612 	-8.5602566e-10 	0.0017307313 	-0.020015764
-0.0038738739 	-0.019794706 	-9.0083081e-10 	0.0017405123 	-0.019750762
-0.0038618619 	-0.019794799 	-9.4563595e-10 	0.0017502933 	-0.01948576
-0.0038498498 	-0.019794893 	-9.904411e-10 	0.0017600743 	-0.019220758
-0.0038378378 	-0.019794986 	-1.0352462e-09 	0.0017698552 	-0.018955756
-0.0038258258 	-0.01979508 	-1.0800514e-09 	0.0017796362 	-0.018690755
-0.0038138138 	-0.019795173 	-1.1248565e-09 	0.0017894172 	-0.018425753
-0.0038018018 	-0.019795267 	-1.1696617e-09 	0.0017991982 	-0.018160751
-0.0037897898 	-0.01979536 	-1.2144668e-09 	0.0018089792 	-0.017895749
-0.0037777778 	-0.019795454 	-1.259272e-09 	0.0018187602 	-0.017630747
-0.0037657658 	-0.01979556 	-1.341846e-09 	0.0018248711 	-0.017196208
-0.0037537538 	-0.019795671 	-1.4398864e-09 	0.0018294792 	-0.016692242
-0.0037417417 	-0.019795782 	-1.5379268e-09 	0.0018340873 	-0.016188276
-0.0037297297 	-0.019795893 	-1.6359673e-09 	0.0018386954 	-0.015684311
-0.0037177177 	-0.019795998 	-1.7254169e-09 	0.0018427845 	-0.015164968
-0.0037057057 	-0.019796099 	-1.8098605e-09 	0.0018465711 	-0.014636666
-0.0036936937 	-0.0197962 	-1.8943042e-09 	0.0018503577 	-0.014108363
-0.0036816817 	-0.019796301 	-1.9787478e-09 	0.0018541443 	-0.013580061
-0.0036696697 	-0.019796402 	-2.0631915e-09 	0.0018579309 	-0.013051759
-0.0036576577 	-0.019796503 	-2.1476351e-09 	0.0018617175 	-0.012523456
-0.0036456456 	-0.019796604 	-2.2320788e-09 	0.0018655041 	-0.011995154
-0.0036336336 	-0.019796705 	-2.3165225e-09 	0.0018692907 	-0.011466851
-0.0036216216 	-0.019796807 	-2.4009661e-09 	0.0018730773 	-0.010938549
-0.0036096096 	-0.019796908 	-2.4854098e-09 	0.0018768639 	-0.010410246
-0.0035975976 	-0.019797009 	-2.5698534e-09 	0.0018806505 	-0.009881944
-0.0035855856 	-0.01979711 	-2.6542971e-09 	0.0018844371 	-0.0093536416
-0.0035735736 	-0.019797211 	-2.7387407e-09 	0.0018882238 	-0.0088253392
-0.0035615616 	-0.019797312 	-2.8231844e-09 	0.0018920104 	-0.0082970367
-0.0035495495 	-0.019797413 	-2.9076281e-09 	0.001895797 	-0.0077687343
-0.0035375375 	-0.019797514 	-2.9920717e-09 	0.0018995836 	-0.0072404319
-0.0035255255 	-0.019797615 	-3.0765154e-09 	0.0019033702 	-0.0067121294
-0.0035135135 	-0.019797716 	-3.160959e-09 	0.0019071568 	-0.006183827
-0.0035015015 	-0.019797817 	-3.2454027e-09 	0.0019109434 	-0.0056555246
-0.0034894895 	-0.019797918 	-3.3298463e-09 	0.00191473 	-0.0051272221
-0.0034774775 	-0.01979802 	-3.41429e-09 	0.0019185166 	-0.0045989197
-0.0034654655 	-0.019798121 	-3.4987337e-09 	0.0019223032 	-0.0040706173
-0.0034534535 	-0.019798222 	-3.5831773e-09 	0.0019260898 	-0.0035423149
-0.0034414414 	-0.019798323 	-3.667621e-09 	0.0019298765 	-0.0030140124
-0.0034294294 	-0.019798424 	-3.7520646e-09 	0.0019336631 	-0.00248571
-0.0034174174 	-0.019798525 	-3.8365083e-09 	0.0019374497 	-0.0019574076
-0.0034054054 	-0.019798626 	-3.9209519e-09 	0.0019412363 	-0.0014291051
-0.0033933934 	-0.019798727 	-4.0053956e-09 	0.0019450229 	-0.00090080271
-0.0033813814 	-0.019798828 	-4.0898393e-09 	0.0019488095 	-0.00037250028
-0.0033693694 	-0.019798929 	-4.1742829e-09 	0.0019525961 	0.00015580215
-0.0033573574 	-0.01979903 	-4.2587266e-09 	0.0019563827 	0.00068410458
-0.0033453453 	-0.019799132 	-4.3431702e-09 	0.0019601693 	0.001212407
-0.0033333333 	-0.019799233 	-4.4291024e-09 	0.0019636329 	0.001750023
-0.0033213213 	-0.019799348 	-4.5834947e-09 	0.0019522379 	0.0027159976
-0.0033093093 	-0.019799463 	-4.7378871e-09 	0.001940843 	0.0036819721
-0.0032972973 	-0.019799578 	-4.8922795e-09 	0.0019294481 	0.0046479467
-0.0032852853 	-0.019799692 	-5.0466719e-09 	0.0019180531 	0.0056139213
-0.0032732733 	-0.019799803 	-5.1945749e-09 	0.0019068996 	0.0065887815
-0.0032612613 	-0.019799907 	-5.3325785e-09 	0.0018961143 	0.0075771965
-0.0032492492 	-0.019800012 	-5.4705821e-09 	0.0018853291 	0.0085656115
-0.0032372372 	-0.019800116 	-5.6085857e-09 	0.0018745438 	0.0095540265
-0.0032252252 	-0.01980022 	-5.7465893e-09 	0.0018637585 	0.010542442
-0.0032132132 	-0.019800324 	-5.8845929e-09 	0.0018529732 	0.011530857
-0.0032012012 	-0.019800428 	-6.0225965e-09 	0.001842188 	0.012519272
-0.0031891892 	-0.019800533 	-6.1606001e-09 	0.0018314027 	0.013507687
-0.0031771772 	-0.019800637 	-6.2986037e-09 	0.0018206174 	0.014496102
-0.0031651652 	-0.019800741 	-6.4366073e-09 	0.0018098322 	0.015484517
-0.0031531532 	-0.019800845 	-6.5746109e-09 	0.0017990469 	0.016472932
-0.0031411411 	-0.019800949 	-6.7126145e-09 	0.0017882616 	0.017461347
-0.0031291291 	-0.019801054 	-6.8506181e-09 	0.0017774764 	0.018449762
-0.0031171171 	-0.019801158 	-6.9886217e-09 	0.0017666911 	0.019438177
-0.0031051051 	-0.019801262 	-7.1266253e-09 	0.0017559058 	0.020426592
-0.0030930931 	-0.019801366 	-7.2646289e-09 	0.0017451205 	0.021415007
-0.0030810811 	-0.01980147 	-7.4026325e-09 	0.0017343353 	0.022403422
-0.0030690691 	-0.019801575 	-7.5406361e-09 	0.00172355 	0.023391837
-0.0030570571 	-0.019801679 	-7.6786397e-09 	0.0017127647 	0.024380252
-0.003045045 	-0.019801783 	-7.8166433e-09 	0.0017019795 	0.025368667
-0.003033033 	-0.019801887 	-7.9546469e-09 	0.0016911942 	0.026357082
-0.003021021 	-0.019801991 	-8.0926505e-09 	0.0016804089 	0.027345497
-0.003009009 	-0.019802096 	-8.2306541e-09 	0.0016696237 	0.028333912
-0.002996997 	-0.0198022 	-8.3686577e-09 	0.0016588384 	0.029322327
-0.002984985 	-0.019802304 	-8.5066613e-09 	0.0016480531 	0.030310742
-0.002972973 	-0.019802408 	-8.6446649e-09 	0.0016372678 	0.031299157
-0.002960961 	-0.019802512 	-8.7826685e-09 	0.0016264826 	0.032287572
-0.0029489489 	-0.019802617 	-8.9206721e-09 	0.0016156973 	0.033275987
-0.0029369369 	-0.019802721 	-9.0586757e-09 	0.001604912 	0.034264402
-0.0029249249 	-0.019802825 	-9.1966792e-09 	0.0015941268 	0.035252817
-0.0029129129 	-0.019802929 	-9.3346828e-09 	0.0015833415 	0.036241232
-0.0029009009 	-0.019803033 	-9.4726864e-09 	0.0015725562 	0.037229647
-0.0028888889 	-0.019803138 	-9.61069e-09 	0.001561771 	0.038218062
-0.0028768769 	-0.019803242 	-9.7486936e-09 	0.0015509857 	0.039206477
-0.0028648649 	-0.019803346 	-9.8866972e-09 	0.0015402004 	0.040194892
-0.0028528529 	-0.01980345 	-1.0024701e-08 	0.0015294152 	0.041183307
-0.0028408408 	-0.019803554 	-1.0162704e-08 	0.0015186299 	0.042171722
-0.0028288288 	-0.019803596 	-1.0289685e-08 	0.0015035023 	0.043309868
-0.0028168168 	-0.019803546 	-1.0400499e-08 	0.0014820059 	0.044667618
-0.0028048048 	-0.019803496 	-1.0511313e-08 	0.0014605096 	0.046025369
-0.0027927928 	-0.019803446 	-1.0622126e-08 	0.0014390133 	0.047383119
-0.0027807808 	-0.019803396 	-1.073294e-08 	0.0014175169 	0.048740869
-0.0027687688 	-0.019803347 	-1.0843202e-08 	0.0013962983 	0.050097113
-0.0027567568 	-0.019803306 	-1.0950542e-08 	0.0013765503 	0.051445381
-0.0027447447 	-0.019803265 	-1.1057881e-08 	0.0013568024 	0.052793648
-0.0027327327 	-0.019803224 	-1.1165221e-08 	0.0013370544 	0.054141916
-0.0027207207 	-0.019803183 	-1.1272561e-08 	0.0013173065 	0.055490183
-0.0027087087 	-0.019803143 	-1.1379901e-08 	0.0012975585 	0.056838451
-0.0026966967 	-0.019803102 	-1.1487241e-08 	0.0012778106 	0.058186718
-0.0026846847 	-0.019803061 	-1.159458e-08 	0.0012580626 	0.059534986
-0.0026726727 	-0.01980302 	-1.170192e-08 	0.0012383147 	0.060883253
-0.0026606607 	-0.019802979 	-1.180926e-08 	0.0012185667 	0.062231521
-0.0026486486 	-0.019802938 	-1.19166e-08 	0.0011988187 	0.063579788
-0.0026366366 	-0.019802897 	-1.202394e-08 	0.0011790708 	0.064928056
-0.0026246246 	-0.019802856 	-1.213128e-08 	0.0011593228 	0.066276323
-0.0026126126 	-0.019802816 	-1.2238619e-08 	0.0011395749 	0.067624591
-0.0026006006 	-0.019802775 	-1.2345959e-08 	0.0011198269 	0.068972858
-0.0025885886 	-0.019802734 	-1.2453299e-08 	0.001100079 	0.070321126
-0.0025765766 	-0.019802693 	-1.2560639e-08 	0.001080331 	0.071669393
-0.0025645646 	-0.019802652 	-1.2667979e-08 	0.0010605831 	0.073017661
-0.0025525526 	-0.019802611 	-1.2775318e-08 	0.0010408351 	0.074365928
-0.0025405405 	-0.01980257 	-1.2882658e-08 	0.0010210871 	0.075714196
-0.0025285285 	-0.019802529 	-1.2989998e-08 	0.0010013392 	0.077062463
-0.0025165165 	-0.019802489 	-1.3097338e-08 	0.00098159123 	0.078410731
-0.0025045045 	-0.019802448 	-1.3204678e-08 	0.00096184327 	0.079758998
-0.0024924925 	-0.019802407 	-1.3312017e-08 	0.00094209532 	0.081107266
-0.0024804805 	-0.019802366 	-1.3419357e-08 	0.00092234736 	0.082455533
-0.0024684685 	-0.019802325 	-1.3526697e-08 	0.00090259941 	0.083803801
-0.0024564565 	-0.019802284 	-1.3634037e-08 	0.00088285145 	0.085152068
-0.0024444444 	-0.019802243 	-1.3741377e-08 	0.00086310349 	0.086500336
-0.0024324324 	-0.019802202 	-1.3848716e-08 	0.00084335554 	0.087848603
-0.0024204204 	-0.019802162 	-1.3956056e-08 	0.00082360758 	0.089196871
-0.0024084084 	-0.019802121 	-1.4063396e-08 	0.00080385963 	0.090545138
-0.0023963964 	-0.01980208 	-1.4170736e-08 	0.00078411167 	0.091893406
-0.0023843844 	-0.019802039 	-1.4278076e-08 	0.00076436372 	0.093241673
-0.0023723724 	-0.019801998 	-1.4385415e-08 	0.00074461576 	0.094589941
-0.0023603604 	-0.019801957 	-1.4492755e-08 	0.0007248678 	0.095938208
-0.0023483483 	-0.019801916 	-1.4600095e-08 	0.00070511985 	0.097286476
-0.0023363363 	-0.019801875 	-1.4707435e-08 	0.00068537189 	0.098634743
-0.0023243243 	-0.019801835 	-1.4814775e-08 	0.00066562394 	0.099983011
-0.0023123123 	-0.019801794 	-1.4922114e-08 	0.00064587598 	0.10133128
-0.0023003003 	-0.019801753 	-1.5029454e-08 	0.00062612802 	0.10267955
-0.0022882883 	-0.019801712 	-1.5136794e-08 	0.00060638007 	0.10402781
-0.0022762763 	-0.019801671 	-1.5244134e-08 	0.00058663211 	0.10537608
-0.0022642643 	-0.019801406 	-1.5382213e-08 	0.00054618307 	0.10819897
-0.0022522523 	-0.01980035 	-1.5675806e-08 	0.00043079617 	0.11672172
-0.0022402402 	-0.019799347 	-1.5985999e-08 	0.00031941969 	0.12514319
-0.0022282282 	-0.019798345 	-1.6296192e-08 	0.0002080432 	0.13356467
-0.0022162162 	-0.019797343 	-1.6606384e-08 	9.6666712e-05 	0.14198614
-0.0022042042 	-0.01979658 	-1.6831848e-08 	7.327949e-06 	0.14879441
-0.0021921922 	-0.019796391 	-1.687884e-08 	-2.8531544e-05 	0.15178602
-0.0021801802 	-0.01979621 	-1.6934121e-08 	-6.3387925e-05 	0.15474811
-0.0021681682 	-0.019796029 	-1.6989401e-08 	-9.8244306e-05 	0.15771021
-0.0021561562 	-0.019795848 	-1.7044681e-08 	-0.00013310069 	0.1606723
-0.0021441441 	-0.019795667 	-1.7099961e-08 	-0.00016795707 	0.16363439
-0.0021321321 	-0.019795488 	-1.7107736e-08 	-0.00020525493 	0.16684126
-0.0021201201 	-0.019795329 	-1.7129679e-08 	-0.00024043164 	0.17002894
-0.0021081081 	-0.01979517 	-1.7151622e-08 	-0.00027560834 	0.17321663
-0.0020960961 	-0.019795011 	-1.7173564e-08 	-0.00031078504 	0.17640431
-0.0020840841 	-0.019794852 	-1.7195507e-08 	-0.00034596175 	0.179592
-0.0020720721 	-0.019794692 	-1.721745e-08 	-0.00038113845 	0.18277968
-0.0020600601 	-0.019794516 	-1.7204443e-08 	-0.00041761591 	0.18613878
-0.002048048 	-0.019794332 	-1.7172501e-08 	-0.00045375374 	0.18963149
-0.002036036 	-0.019794155 	-1.7154032e-08 	-0.0004888403 	0.19307959
-0.002024024 	-0.019793978 	-1.7135562e-08 	-0.00052392687 	0.19652769
-0.002012012 	-0.019793802 	-1.7117092e-08 	-0.00055901343 	0.19997579
-0.002 	-0.019793625 	-1.7098623e-08 	-0.00059409999 	0.20342389
-0.001987988 	-0.019793448 	-1.7080153e-08 	-0.00062918655 	0.20687199
-0.001975976 	-0.01979326 	-1.7035285e-08 	-0.00066472542 	0.21044839
-0.001963964 	-0.019793052 	-1.6943222e-08 	-0.00070028943 	0.21428046
-0.001951952 	-0.019792858 	-1.6877654e-08 	-0.00073422094 	0.21802331
-0.0019399399 	-0.019792664 	-1.6812086e-08 	-0.00076815245 	0.22176616
-0.0019279279 	-0.01979247 	-1.6746518e-08 	-0.00080208396 	0.22550901
-0.0019159159 	-0.019792276 	-1.6680949e-08 	-0.00083601547 	0.22925186
-0.0019039039 	-0.019792082 	-1.6615381e-08 	-0.00086994698 	0.23299471
-0.0018918919 	-0.019791888 	-1.6549813e-08 	-0.00090387849 	0.23673757
-0.0018798799 	-0.019791688 	-1.646697e-08 	-0.00093770082 	0.2405673
-0.0018678679 	-0.019791465 	-1.6312512e-08 	-0.00097066286 	0.2447682
-0.0018558559 	-0.019791261 	-1.6196286e-08 	-0.0010018627 	0.24883078
-0.0018438438 	-0.019791056 	-1.6080061e-08 	-0.0010330626 	0.25289335
-0.0018318318 	-0.019790851 	-1.5963835e-08 	-0.0010642625 	0.25695593
-0.0018198198 	-0.019790646 	-1.584761e-08 	-0.0010954624 	0.26101851
-0.0018078078 	-0.019790442 	-1.5731384e-08 	-0.0011266622 	0.26508108
-0.0017957958 	-0.019790237 	-1.5615159e-08 	-0.0011578621 	0.26914366
-0.0017837838 	-0.019790032 	-1.5498933e-08 	-0.001189062 	0.27320624
-0.0017717718 	-0.019789827 	-1.5382708e-08 	-0.0012202619 	0.27726882
-0.0017597598 	-0.019789601 	-1.517899e-08 	-0.0012478339 	0.28181829
-0.0017477477 	-0.019789389 	-1.5008932e-08 	-0.001274323 	0.28622994
-0.0017357357 	-0.01978918 	-1.484599e-08 	-0.0013006113 	0.29061189
-0.0017237237 	-0.019788971 	-1.4683048e-08 	-0.0013268996 	0.29499385
-0.0017117117 	-0.019788762 	-1.4520106e-08 	-0.001353188 	0.2993758
-0.0016996997 	-0.019788554 	-1.4357164e-08 	-0.0013794763 	0.30375775
-0.0016876877 	-0.019788345 	-1.4194222e-08 	-0.0014057647 	0.3081397
-0.0016756757 	-0.019788136 	-1.403128e-08 	-0.001432053 	0.31252166
-0.0016636637 	-0.019787928 	-1.3868337e-08 	-0.0014583414 	0.31690361
-0.0016516517 	-0.019787719 	-1.3705395e-08 	-0.0014846297 	0.32128556
-0.0016396396 	-0.019787505 	-1.3507859e-08 	-0.0015067551 	0.3259075
-0.0016276276 	-0.019787289 	-1.3289147e-08 	-0.0015253748 	0.33068882
-0.0016156156 	-0.019787085 	-1.3095145e-08 	-0.0015439971 	0.33533745
-0.0016036036 	-0.01978688 	-1.2901144e-08 	-0.0015626195 	0.33998607
-0.0015915916 	-0.019786675 	-1.2707143e-08 	-0.0015812419 	0.3446347
-0.0015795796 	-0.01978647 	-1.2513141e-08 	-0.0015998642 	0.34928333
-0.0015675676 	-0.019786266 	-1.231914e-08 	-0.0016184866 	0.35393196
-0.0015555556 	-0.019786061 	-1.2125139e-08 	-0.0016371089 	0.35858059
-0.0015435435 	-0.019785856 	-1.1931138e-08 	-0.0016557313 	0.36322922
-0.0015315315 	-0.019785652 	-1.1737136e-08 	-0.0016743536 	0.36787785
-0.0015195195 	-0.019785447 	-1.1543135e-08 	-0.001692976 	0.37252648
-0.0015075075 	-0.019785242 	-1.1349134e-08 	-0.0017115983 	0.3771751
-0.0014954955 	-0.019785041 	-1.1142453e-08 	-0.0017219089 	0.38201588
-0.0014834835 	-0.019784843 	-1.0934341e-08 	-0.0017290413 	0.3869026
-0.0014714715 	-0.019784651 	-1.0739048e-08 	-0.0017371492 	0.39167552
-0.0014594595 	-0.01978446 	-1.0543754e-08 	-0.0017452571 	0.39644843
-0.0014474474 	-0.019784269 	-1.034846e-08 	-0.0017533651 	0.40122135
-0.0014354354 	-0.019784078 	-1.0153166e-08 	-0.001761473 	0.40599426
-0.0014234234 	-0.019783886 	-9.9578727e-09 	-0.0017695809 	0.41076717
-0.0014114114 	-0.019783695 	-9.762579e-09 	-0.0017776888 	0.41554009
-0.0013993994 	-0.019783504 	-9.5672852e-09 	-0.0017857967 	0.420313
-0.0013873874 	-0.019783313 	-9.3719915e-09 	-0.0017939046 	0.42508592
-0.0013753754 	-0.019783121 	-9.1766977e-09 	-0.0018020125 	0.42985883
-0.0013633634 	-0.01978293 	-8.981404e-09 	-0.0018101204 	0.43463174
-0.0013513514 	-0.019782739 	-8.7861103e-09 	-0.0018182283 	0.43940466
-0.0013393393 	-0.019782553 	-8.6003882e-09 	-0.0018223652 	0.44416401
-0.0013273273 	-0.019782382 	-8.4395301e-09 	-0.0018161871 	0.44888812
-0.0013153153 	-0.019782212 	-8.2789134e-09 	-0.0018112559 	0.45355696
-0.0013033033 	-0.019782044 	-8.1184534e-09 	-0.0018071338 	0.45818993
-0.0012912913 	-0.019781876 	-7.9579935e-09 	-0.0018030118 	0.46282289
-0.0012792793 	-0.019781708 	-7.7975336e-09 	-0.0017988897 	0.46745586
-0.0012672673 	-0.01978154 	-7.6370736e-09 	-0.0017947677 	0.47208883
-0.0012552553 	-0.019781372 	-7.4766137e-09 	-0.0017906456 	0.4767218
-0.0012432432 	-0.019781204 	-7.3161537e-09 	-0.0017865236 	0.48135477
-0.0012312312 	-0.019781036 	-7.1556938e-09 	-0.0017824015 	0.48598773
-0.0012192192 	-0.019780867 	-6.9952338e-09 	-0.0017782795 	0.4906207
-0.0012072072 	-0.019780699 	-6.8347739e-09 	-0.0017741574 	0.49525367
-0.0011951952 	-0.019780531 	-6.674314e-09 	-0.0017700354 	0.49988664
-0.0011831832 	-0.019780363 	-6.513854e-09 	-0.0017659134 	0.50451961
-0.0011711712 	-0.019780195 	-6.3533941e-09 	-0.0017617913 	0.50915257
-0.0011591592 	-0.019780028 	-6.1960952e-09 	-0.0017570183 	0.51376228
-0.0011471471 	-0.019779883 	-6.102722e-09 	-0.0017390824 	0.51790154
-0.0011351351 	-0.019779737 	-6.0081149e-09 	-0.0017214315 	0.52203832
-0.0011231231 	-0.019779592 	-5.9065764e-09 	-0.0017053822 	0.52616115
-0.0011111111 	-0.019779446 	-5.805038e-09 	-0.0016893328 	0.53028398
-0.0010990991 	-0.019779301 	-5.7034995e-09 	-0.0016732835 	0.53440681
-0.0010870871 	-0.019779155 	-5.601961e-09 	-0.0016572342 	0.53852964
-0.0010750751 	-0.019779009 	-5.5004226e-09 	-0.0016411848 	0.54265248
-0.0010630631 	-0.019778864 	-5.3988841e-09 	-0.0016251355 	0.54677531
-0.0010510511 	-0.019778718 	-5.2973457e-09 	-0.0016090861 	0.55089814
-0.001039039 	-0.019778573 	-5.1958072e-09 	-0.0015930368 	0.55502097
-0.001027027 	-0.019778427 	-5.0942687e-09 	-0.0015769875 	0.5591438
-0.001015015 	-0.019778282 	-4.9927303e-09 	-0.0015609381 	0.56326663
-0.001003003 	-0.019778136 	-4.8911918e-09 	-0.0015448888 	0.56738946
-0.00099099099 	-0.01977799 	-4.7896533e-09 	-0.0015288394 	0.57151229
-0.00097897898 	-0.019777845 	-4.6881149e-09 	-0.0015127901 	0.57563512
-0.00096696697 	-0.019777699 	-4.5865764e-09 	-0.0014967408 	0.57975796
-0.00095495495 	-0.019777554 	-4.485038e-09 	-0.0014806914 	0.58388079
-0.00094294294 	-0.019777525 	-4.4322965e-09 	-0.0014573409 	0.5875231
-0.00093093093 	-0.019777532 	-4.3940824e-09 	-0.0014318167 	0.59102235
-0.00091891892 	-0.019777533 	-4.3506105e-09 	-0.0014067679 	0.59456416
-0.00090690691 	-0.019777531 	-4.3039152e-09 	-0.0013820105 	0.59813206
-0.00089489489 	-0.019777528 	-4.2572198e-09 	-0.0013572531 	0.60169995
-0.00088288288 	-0.019777526 	-4.2105244e-09 	-0.0013324957 	0.60526785
-0.00087087087 	-0.019777523 	-4.1638291e-09 	-0.0013077383 	0.60883575
-0.00085885886 	-0.019777521 	-4.1171337e-09 	-0.0012829809 	0.61240365
-0.00084684685 	-0.019777519 	-4.0704384e-09 	-0.0012582236 	0.61597155
-0.00083483483 	-0.019777516 	-4.023743e-09 	-0.0012334662 	0.61953944
-0.00082282282 	-0.019777514 	-3.9770477e-09 	-0.0012087088 	0.62310734
-0.00081081081 	-0.019777511 	-3.9303523e-09 	-0.0011839514 	0.62667524
-0.0007987988 	-0.019777509 	-3.8836569e-09 	-0.001159194 	0.63024314
-0.00078678679 	-0.019777506 	-3.8369616e-09 	-0.0011344366 	0.63381104
-0.00077477477 	-0.019777504 	-3.7902662e-09 	-0.0011096792 	0.63737894
-0.00076276276 	-0.019777501 	-3.7435709e-09 	-0.0010849218 	0.64094683
-0.00075075075 	-0.019777499 	-3.6968755e-09 	-0.0010601644 	0.64451473
-0.00073873874 	-0.019777496 	-3.6501802e-09 	-0.001035407 	0.64808263
-0.00072672673 	-0.019777494 	-3.6034848e-09 	-0.0010106496 	0.65165053
-0.00071471471 	-0.019777493 	-3.5622799e-09 	-0.00098714845 	0.65492428
-0.0007027027 	-0.019777497 	-3.5472116e-09 	-0.00096962742 	0.65679777
-0.00069069069 	-0.019777501 	-3.5321434e-09 	-0.00095210639 	0.65867126
-0.00067867868 	-0.019777506 	-3.5170751e-09 	-0.00093458536 	0.66054475
-0.00066666667 	-0.01977751 	-3.5020068e-09 	-0.00091706433 	0.66241824
-0.00065465465 	-0.019777514 	-3.4869386e-09 	-0.00089954329 	0.66429173
-0.00064264264 	-0.019777518 	-3.4718703e-09 	-0.00088202226 	0.66616522
-0.00063063063 	-0.019777523 	-3.456802e-09 	-0.00086450123 	0.6680387
-0.00061861862 	-0.019777527 	-3.4417338e-09 	-0.0008469802 	0.66991219
-0.00060660661 	-0.019777531 	-3.4266655e-09 	-0.00082945917 	0.67178568
-0.00059459459 	-0.019777536 	-3.4115972e-09 	-0.00081193814 	0.67365917
-0.00058258258 	-0.01977754 	-3.396529e-09 	-0.00079441711 	0.67553266
-0.00057057057 	-0.019777544 	-3.3814607e-09 	-0.00077689607 	0.67740615
-0.00055855856 	-0.019777548 	-3.3663924e-09 	-0.00075937504 	0.67927964
-0.00054654655 	-0.019777553 	-3.3513242e-09 	-0.00074185401 	0.68115313
-0.00053453453 	-0.019777557 	-3.3362559e-09 	-0.00072433298 	0.68302662
-0.00052252252 	-0.019777561 	-3.3211876e-09 	-0.00070681195 	0.68490011
-0.00051051051 	-0.019777566 	-3.3061194e-09 	-0.00068929092 	0.6867736
-0.0004984985 	-0.01977757 	-3.2910511e-09 	-0.00067176989 	0.68864709
-0.00048648649 	-0.019777574 	-3.2759828e-09 	-0.00065424885 	0.69052058
-0.00047447447 	-0.019777578 	-3.2609146e-09 	-0.00063672782 	0.69239407
-0.00046246246 	-0.019777583 	-3.2458463e-09 	-0.00061920679 	0.69426756
-0.00045045045 	-0.019777587 	-3.230778e-09 	-0.00060168576 	0.69614105
-0.00043843844 	-0.019777591 	-3.2157098e-09 	-0.00058416473 	0.69801454
-0.00042642643 	-0.019777596 	-3.2006415e-09 	-0.0005666437 	0.69988803
-0.00041441441 	-0.0197776 	-3.1855732e-09 	-0.00054912266 	0.70176152
-0.0004024024 	-0.019777604 	-3.170505e-09 	-0.00053160163 	0.70363501
-0.00039039039 	-0.019777611 	-3.1574629e-09 	-0.00051414657 	0.70547955
-0.00037837838 	-0.01977762 	-3.1459339e-09 	-0.00049674075 	0.70730248
-0.00036636637 	-0.019777629 	-3.1344049e-09 	-0.00047933494 	0.70912542
-0.00035435435 	-0.019777622 	-3.1247485e-09 	-0.00046249397 	0.71056464
-0.00034234234 	-0.019777584 	-3.1187794e-09 	-0.00044676522 	0.71124828
-0.00033033033 	-0.019777547 	-3.1128103e-09 	-0.00043103647 	0.71193193
-0.00031831832 	-0.019777509 	-3.1068413e-09 	-0.00041530773 	0.71261558
-0.00030630631 	-0.019777471 	-3.1008722e-09 	-0.00039957898 	0.71329923
-0.00029429429 	-0.019777434 	-3.0949031e-09 	-0.00038385023 	0.71398288
-0.00028228228 	-0.019777396 	-3.088934e-09 	-0.00036812149 	0.71466652
-0.00027027027 	-0.019777358 	-3.082965e-09 	-0.00035239274 	0.71535017
-0.00025825826 	-0.01977732 	-3.0769959e-09 	-0.00033666399 	0.71603382
-0.00024624625 	-0.019777283 	-3.0710268e-09 	-0.00032093525 	0.71671747
-0.00023423423 	-0.019777245 	-3.0650577e-09 	-0.0003052065 	0.71740112
-0.00022222222 	-0.019777207 	-3.0590886e-09 	-0.00028947775 	0.71808476
-0.00021021021 	-0.01977717 	-3.0531196e-09 	-0.000273749 	0.71876841
-0.0001981982 	-0.019777132 	-3.0471505e-09 	-0.00025802026 	0.71945206
-0.00018618619 	-0.019777094 	-3.0411814e-09 	-0.00024229151 	0.72013571
-0.00017417417 	-0.019777056 	-3.0352123e-09 	-0.00022656276 	0.72081936
-0.00016216216 	-0.019777019 	-3.0292433e-09 	-0.00021083402 	0.721503
-0.00015015015 	-0.019776981 	-3.0232742e-09 	-0.00019510527 	0.72218665
-0.00013813814 	-0.019776943 	-3.0173051e-09 	-0.00017937652 	0.7228703
-0.00012612613 	-0.019776906 	-3.011336e-09 	-0.00016364778 	0.72355395
-0.00011411411 	-0.019776868 	-3.0053669e-09 	-0.00014791903 	0.7242376
-0.0001021021 	-0.01977683 	-2.9993979e-09 	-0.00013219028 	0.72492124
-9.009009e-05 	-0.019776792 	-2.9934288e-09 	-0.00011646153 	0.72560489
-7.8078078e-05 	-0.019776755 	-2.9874597e-09 	-0.00010073279 	0.72628854
-6.6066066e-05 	-0.019776717 	-2.9814906e-09 	-8.5004041e-05 	0.72697219
-5.4054054e-05 	-0.019776679 	-2.9755216e-09 	-6.9275294e-05 	0.72765583
-4.2042042e-05 	-0.019776642 	-2.9695525e-09 	-5.3546547e-05 	0.72833948
-3.003003e-05 	-0.019776603 	-2.9644336e-09 	-3.8160658e-05 	0.72900391
-1.8018018e-05 	-0.019776563 	-2.9596201e-09 	-2.289794e-05 	0.72966144
-6.006006e-06 	-0.019776524 	-2.9548067e-09 	-7.6352217e-06 	0.73031897
6.006006e-06 	-0.019776523 	-2.9556358e-09 	7.8605132e-06 	0.7303059
1.8018018e-05 	-0.019776561 	-2.9621075e-09 	2.3589265e-05 	0.72962226
3.003003e-05 	-0.019776599 	-2.9685793e-09 	3.9318016e-05 	0.72893861
4.2042042e-05 	-0.019776636 	-2.975051e-09 	5.5046767e-05 	0.72825496
5.4054054e-05 	-0.019776674 	-2.9815227e-09 	7.0775519e-05 	0.72757131
6.6066066e-05 	-0.019776712 	-2.9879945e-09 	8.650427e-05 	0.72688766
7.8078078e-05 	-0.01977675 	-2.9944662e-09 	0.00010223302 	0.72620401
9.009009e-05 	-0.019776787 	-3.0009379e-09 	0.00011796177 	0.72552036
0.0001021021 	-0.019776825 	-3.0074096e-09 	0.00013369052 	0.72483671
0.00011411411 	-0.019776863 	-3.0138814e-09 	0.00014941928 	0.72415307
0.00012612613 	-0.0197769 	-3.0203531e-09 	0.00016514803 	0.72346942
0.00013813814 	-0.019776938 	-3.0268248e-09 	0.00018087678 	0.72278577
0.00015015015 	-0.019776976 	-3.0332965e-09 	0.00019660553 	0.72210212
0.00016216216 	-0.019777014 	-3.0397683e-09 	0.00021233428 	0.72141847
0.00017417417 	-0.019777051 	-3.04624e-09 	0.00022806303 	0.72073482
0.00018618619 	-0.019777089 	-3.0527117e-09 	0.00024379178 	0.72005117
0.0001981982 	-0.019777127 	-3.0591834e-09 	0.00025952053 	0.71936753
0.00021021021 	-0.019777164 	-3.0656552e-09 	0.00027524929 	0.71868388
0.00022222222 	-0.019777202 	-3.0721269e-09 	0.00029097804 	0.71800023
0.00023423423 	-0.01977724 	-3.0785986e-09 	0.00030670679 	0.71731658
0.00024624625 	-0.019777277 	-3.0850703e-09 	0.00032243554 	0.71663293
0.00025825826 	-0.019777315 	-3.0915421e-09 	0.00033816429 	0.71594928
0.00027027027 	-0.019777353 	-3.0980138e-09 	0.00035389304 	0.71526563
0.00028228228 	-0.019777391 	-3.1044855e-09 	0.00036962179 	0.71458199
0.00029429429 	-0.019777428 	-3.1109572e-09 	0.00038535055 	0.71389834
0.00030630631 	-0.019777466 	-3.117429e-09 	0.0004010793 	0.71321469
0.00031831832 	-0.019777504 	-3.1239007e-09 	0.00041680805 	0.71253104
0.00033033033 	-0.019777543 	-3.1295353e-09 	0.00043211789 	0.71187087
0.00034234234 	-0.019777582 	-3.1350757e-09 	0.00044738061 	0.71121334
0.00035435435 	-0.019777622 	-3.1406162e-09 	0.00046264333 	0.71055582
0.00036636637 	-0.019777632 	-3.1527538e-09 	0.00047940377 	0.70909186
0.00037837838 	-0.019777628 	-3.1682417e-09 	0.0004969248 	0.70721837
0.00039039039 	-0.019777623 	-3.1837295e-09 	0.00051444584 	0.70534488
0.0004024024 	-0.019777619 	-3.1992174e-09 	0.00053196688 	0.70347139
0.00041441441 	-0.019777615 	-3.2147053e-09 	0.00054948791 	0.7015979
0.00042642643 	-0.019777611 	-3.2301932e-09 	0.00056700895 	0.69972441
0.00043843844 	-0.019777606 	-3.245681e-09 	0.00058452999 	0.69785092
0.00045045045 	-0.019777602 	-3.2611689e-09 	0.00060205102 	0.69597743
0.00046246246 	-0.019777598 	-3.2766568e-09 	0.00061957206 	0.69410394
0.00047447447 	-0.019777593 	-3.2921447e-09 	0.0006370931 	0.69223045
0.00048648649 	-0.019777589 	-3.3076326e-09 	0.00065461413 	0.69035696
0.0004984985 	-0.019777585 	-3.3231204e-09 	0.00067213517 	0.68848347
0.00051051051 	-0.019777581 	-3.3386083e-09 	0.00068965621 	0.68660998
0.00052252252 	-0.019777576 	-3.3540962e-09 	0.00070717724 	0.68473649
0.00053453453 	-0.019777572 	-3.3695841e-09 	0.00072469828 	0.682863
0.00054654655 	-0.019777568 	-3.3850719e-09 	0.00074221932 	0.68098951
0.00055855856 	-0.019777563 	-3.4005598e-09 	0.00075974035 	0.67911602
0.00057057057 	-0.019777559 	-3.4160477e-09 	0.00077726139 	0.67724253
0.00058258258 	-0.019777555 	-3.4315356e-09 	0.00079478243 	0.67536904
0.00059459459 	-0.019777551 	-3.4470234e-09 	0.00081230346 	0.67349555
0.00060660661 	-0.019777546 	-3.4625113e-09 	0.0008298245 	0.67162206
0.00061861862 	-0.019777542 	-3.4779992e-09 	0.00084734554 	0.66974857
0.00063063063 	-0.019777538 	-3.4934871e-09 	0.00086486657 	0.66787508
0.00064264264 	-0.019777533 	-3.508975e-09 	0.00088238761 	0.66600159
0.00065465465 	-0.019777529 	-3.5244628e-09 	0.00089990865 	0.66412809
0.00066666667 	-0.019777525 	-3.5399507e-09 	0.00091742968 	0.6622546
0.00067867868 	-0.01977752 	-3.5552273e-09 	0.00093494356 	0.66038425
0.00069069069 	-0.019777511 	-3.5673129e-09 	0.00095234938 	0.65856132
0.0007027027 	-0.019777503 	-3.5793985e-09 	0.0009697552 	0.65673839
0.00071471471 	-0.019777494 	-3.5914842e-09 	0.00098716102 	0.65491546
0.00072672673 	-0.019777494 	-3.6325928e-09 	0.0010106422 	0.65165049
0.00073873874 	-0.019777497 	-3.6797982e-09 	0.0010353996 	0.64808259
0.00075075075 	-0.019777499 	-3.7270036e-09 	0.001060157 	0.64451469
0.00076276276 	-0.019777502 	-3.774209e-09 	0.0010849144 	0.64094679
0.00077477477 	-0.019777504 	-3.8214144e-09 	0.0011096717 	0.63737889
0.00078678679 	-0.019777506 	-3.8686198e-09 	0.0011344291 	0.63381099
0.0007987988 	-0.019777509 	-3.9158252e-09 	0.0011591865 	0.63024309
0.00081081081 	-0.019777511 	-3.9630306e-09 	0.0011839439 	0.62667519
0.00082282282 	-0.019777514 	-4.010236e-09 	0.0012087013 	0.62310729
0.00083483483 	-0.019777516 	-4.0574414e-09 	0.0012334587 	0.61953939
0.00084684685 	-0.019777519 	-4.1046468e-09 	0.0012582161 	0.61597149
0.00085885886 	-0.019777521 	-4.1518522e-09 	0.0012829735 	0.61240359
0.00087087087 	-0.019777524 	-4.1990576e-09 	0.0013077309 	0.60883569
0.00088288288 	-0.019777526 	-4.246263e-09 	0.0013324883 	0.6052678
0.00089489489 	-0.019777529 	-4.2934684e-09 	0.0013572457 	0.6016999
0.00090690691 	-0.019777531 	-4.3406738e-09 	0.0013820031 	0.598132
0.00091891892 	-0.019777534 	-4.3878792e-09 	0.0014067605 	0.5945641
0.00093093093 	-0.019777533 	-4.432057e-09 	0.0014318093 	0.59102229
0.00094294294 	-0.019777526 	-4.4712966e-09 	0.0014573335 	0.58752303
0.00095495495 	-0.019777554 	-4.5249285e-09 	0.001480684 	0.58388072
0.00096696697 	-0.0197777 	-4.6269037e-09 	0.0014967333 	0.57975789
0.00097897898 	-0.019777845 	-4.7288789e-09 	0.0015127826 	0.57563506
0.00099099099 	-0.019777991 	-4.8308541e-09 	0.0015288319 	0.57151223
0.001003003 	-0.019778136 	-4.9328293e-09 	0.0015448813 	0.56738939
0.001015015 	-0.019778282 	-5.0348045e-09 	0.0015609306 	0.56326656
0.001027027 	-0.019778427 	-5.1367797e-09 	0.0015769799 	0.55914373
0.001039039 	-0.019778573 	-5.238755e-09 	0.0015930292 	0.55502089
0.0010510511 	-0.019778719 	-5.3407302e-09 	0.0016090786 	0.55089806
0.0010630631 	-0.019778864 	-5.4427054e-09 	0.0016251279 	0.54677523
0.0010750751 	-0.01977901 	-5.5446806e-09 	0.0016411772 	0.5426524
0.0010870871 	-0.019779155 	-5.6466558e-09 	0.0016572265 	0.53852956
0.0010990991 	-0.019779301 	-5.748631e-09 	0.0016732758 	0.53440673
0.0011111111 	-0.019779446 	-5.8506062e-09 	0.0016893252 	0.5302839
0.0011231231 	-0.019779592 	-5.9525814e-09 	0.0017053745 	0.52616107
0.0011351351 	-0.019779738 	-6.0545566e-09 	0.0017214238 	0.52203823
0.0011471471 	-0.019779883 	-6.1502227e-09 	0.0017390747 	0.51790145
0.0011591592 	-0.019780028 	-6.2447657e-09 	0.0017570106 	0.51376219
0.0011711712 	-0.019780195 	-6.4017329e-09 	0.0017617836 	0.50915248
0.0011831832 	-0.019780363 	-6.5617871e-09 	0.0017659056 	0.50451951
0.0011951952 	-0.019780532 	-6.7218413e-09 	0.0017700276 	0.49988654
0.0012072072 	-0.0197807 	-6.8818954e-09 	0.0017741496 	0.49525357
0.0012192192 	-0.019780868 	-7.0419496e-09 	0.0017782716 	0.4906206
0.0012312312 	-0.019781036 	-7.2020037e-09 	0.0017823936 	0.48598763
0.0012432432 	-0.019781204 	-7.3620579e-09 	0.0017865156 	0.48135466
0.0012552553 	-0.019781372 	-7.522112e-09 	0.0017906376 	0.47672169
0.0012672673 	-0.01978154 	-7.6821662e-09 	0.0017947596 	0.47208872
0.0012792793 	-0.019781708 	-7.8422204e-09 	0.0017988816 	0.46745575
0.0012912913 	-0.019781876 	-8.0022745e-09 	0.0018030036 	0.46282278
0.0013033033 	-0.019782044 	-8.1623287e-09 	0.0018071256 	0.45818981
0.0013153153 	-0.019782213 	-8.3223828e-09 	0.0018112476 	0.45355684
0.0013273273 	-0.019782382 	-8.4829833e-09 	0.0018161788 	0.44888801
0.0013393393 	-0.019782553 	-8.6444255e-09 	0.0018223569 	0.44416389
0.0013513514 	-0.019782739 	-8.8289006e-09 	0.0018182199 	0.43940454
0.0013633634 	-0.01978293 	-9.0222424e-09 	0.001810112 	0.43463162
0.0013753754 	-0.019783122 	-9.2155843e-09 	0.001802004 	0.42985871
0.0013873874 	-0.019783313 	-9.4089261e-09 	0.001793896 	0.42508579
0.0013993994 	-0.019783504 	-9.602268e-09 	0.0017857881 	0.42031287
0.0014114114 	-0.019783695 	-9.7956098e-09 	0.0017776801 	0.41553996
0.0014234234 	-0.019783887 	-9.9889517e-09 	0.0017695721 	0.41076704
0.0014354354 	-0.019784078 	-1.0182294e-08 	0.0017614642 	0.40599413
0.0014474474 	-0.019784269 	-1.0375635e-08 	0.0017533562 	0.40122121
0.0014594595 	-0.01978446 	-1.0568977e-08 	0.0017452482 	0.39644829
0.0014714715 	-0.019784652 	-1.0762319e-08 	0.0017371403 	0.39167538
0.0014834835 	-0.019784843 	-1.0955661e-08 	0.0017290323 	0.38690246
0.0014954955 	-0.019785041 	-1.116246e-08 	0.0017218998 	0.38201574
0.0015075075 	-0.019785242 	-1.1367449e-08 	0.0017115892 	0.37717496
0.0015195195 	-0.019785447 	-1.155839e-08 	0.0016929667 	0.37252633
0.0015315315 	-0.019785652 	-1.1749331e-08 	0.0016743443 	0.36787769
0.0015435435 	-0.019785856 	-1.1940273e-08 	0.0016557219 	0.36322906
0.0015555556 	-0.019786061 	-1.2131214e-08 	0.0016370994 	0.35858043
0.0015675676 	-0.019786266 	-1.2322155e-08 	0.001618477 	0.3539318
0.0015795796 	-0.01978647 	-1.2513096e-08 	0.0015998546 	0.34928317
0.0015915916 	-0.019786675 	-1.2704037e-08 	0.0015812321 	0.34463454
0.0016036036 	-0.01978688 	-1.2894978e-08 	0.0015626097 	0.33998591
0.0016156156 	-0.019787085 	-1.3085919e-08 	0.0015439873 	0.33533728
0.0016276276 	-0.019787289 	-1.3276861e-08 	0.0015253649 	0.33068864
0.0016396396 	-0.019787505 	-1.3492981e-08 	0.0015067451 	0.32590732
0.0016516517 	-0.019787719 	-1.3687604e-08 	0.0014846196 	0.32128538
0.0016636637 	-0.019787928 	-1.3847073e-08 	0.0014583312 	0.31690343
0.0016756757 	-0.019788136 	-1.4006542e-08 	0.0014320427 	0.31252147
0.0016876877 	-0.019788345 	-1.416601e-08 	0.0014057543 	0.30813952
0.0016996997 	-0.019788554 	-1.4325479e-08 	0.0013794659 	0.30375757
0.0017117117 	-0.019788762 	-1.4484948e-08 	0.0013531775 	0.29937561
0.0017237237 	-0.019788971 	-1.4644417e-08 	0.001326889 	0.29499366
0.0017357357 	-0.01978918 	-1.4803886e-08 	0.0013006006 	0.2906117
0.0017477477 	-0.019789389 	-1.4963355e-08 	0.0012743122 	0.28622975
0.0017597598 	-0.019789601 	-1.5129915e-08 	0.001247823 	0.28181809
0.0017717718 	-0.019789827 	-1.5330016e-08 	0.0012202509 	0.27726862
0.0017837838 	-0.019790032 	-1.5442705e-08 	0.001189051 	0.27320604
0.0017957958 	-0.019790237 	-1.5555393e-08 	0.001157851 	0.26914346
0.0018078078 	-0.019790442 	-1.5668082e-08 	0.001126651 	0.26508088
0.0018198198 	-0.019790646 	-1.578077e-08 	0.0010954511 	0.2610183
0.0018318318 	-0.019790851 	-1.5893459e-08 	0.0010642511 	0.25695572
0.0018438438 	-0.019791056 	-1.6006148e-08 	0.0010330512 	0.25289314
0.0018558559 	-0.019791261 	-1.6118836e-08 	0.0010018512 	0.24883056
0.0018678679 	-0.019791465 	-1.6231525e-08 	0.00097065126 	0.24476798
0.0018798799 	-0.019791688 	-1.6381404e-08 	0.00093768912 	0.24056707
0.0018918919 	-0.019791888 	-1.646073e-08 	0.00090386672 	0.23673734
0.0019039039 	-0.019792082 	-1.6523059e-08 	0.00086993513 	0.23299449
0.0019159159 	-0.019792276 	-1.6585388e-08 	0.00083600354 	0.22925163
0.0019279279 	-0.01979247 	-1.6647716e-08 	0.00080207196 	0.22550878
0.0019399399 	-0.019792664 	-1.6710045e-08 	0.00076814037 	0.22176592
0.001951952 	-0.019792858 	-1.6772373e-08 	0.00073420879 	0.21802307
0.001963964 	-0.019793052 	-1.6834702e-08 	0.0007002772 	0.21428022
0.001975976 	-0.01979326 	-1.6922578e-08 	0.0006647131 	0.21044814
0.001987988 	-0.019793449 	-1.696395e-08 	0.00062917416 	0.20687174
0.002 	-0.019793625 	-1.6979462e-08 	0.00059408753 	0.20342364
0.002012012 	-0.019793802 	-1.6994973e-08 	0.0005590009 	0.19997554
0.002024024 	-0.019793979 	-1.7010485e-08 	0.00052391428 	0.19652744
0.002036036 	-0.019794155 	-1.7025996e-08 	0.00048882765 	0.19307934
0.002048048 	-0.019794332 	-1.7041508e-08 	0.00045374102 	0.18963124
0.0020600601 	-0.019794516 	-1.7069882e-08 	0.00041760312 	0.18613852
0.0020720721 	-0.019794693 	-1.7079476e-08 	0.00038112559 	0.18277942
0.0020840841 	-0.019794852 	-1.7055148e-08 	0.00034594883 	0.17959173
0.0020960961 	-0.019795011 	-1.703082e-08 	0.00031077207 	0.17640405
0.0021081081 	-0.01979517 	-1.7006493e-08 	0.00027559531 	0.17321636
0.0021201201 	-0.019795329 	-1.6982165e-08 	0.00024041855 	0.17002868
0.0021321321 	-0.019795488 	-1.6957837e-08 	0.00020524179 	0.16684099
0.0021441441 	-0.019795668 	-1.6946578e-08 	0.00016794385 	0.16363412
0.0021561562 	-0.019795849 	-1.6889841e-08 	0.00013308742 	0.16067203
0.0021681682 	-0.019796029 	-1.6833103e-08 	9.8230994e-05 	0.15770993
0.0021801802 	-0.01979621 	-1.6776365e-08 	6.3374565e-05 	0.15474784
0.0021921922 	-0.019796391 	-1.6719628e-08 	2.8518136e-05 	0.15178574
0.0022042042 	-0.01979658 	-1.6670569e-08 	-7.3414113e-06 	0.14879413
0.0022162162 	-0.019797343 	-1.6442835e-08 	-9.6680255e-05 	0.14198586
0.0022282282 	-0.019798346 	-1.6130868e-08 	-0.00020805683 	0.13356438
0.0022402402 	-0.019799348 	-1.5818902e-08 	-0.0003194334 	0.12514291
0.0022522523 	-0.01980035 	-1.5506936e-08 	-0.00043080998 	0.11672143
0.0022642643 	-0.019801406 	-1.5209746e-08 	-0.00054619698 	0.10819868
0.0022762763 	-0.019801671 	-1.5070962e-08 	-0.00058664604 	0.10537579
0.0022882883 	-0.019801712 	-1.4964533e-08 	-0.00060639397 	0.10402752
0.0023003003 	-0.019801753 	-1.4858104e-08 	-0.00062614191 	0.10267925
0.0023123123 	-0.019801794 	-1.4751675e-08 	-0.00064588985 	0.10133098
0.0023243243 	-0.019801835 	-1.4645246e-08 	-0.00066563779 	0.099982716
0.0023363363 	-0.019801875 	-1.4538817e-08 	-0.00068538572 	0.098634449
0.0023483483 	-0.019801916 	-1.4432388e-08 	-0.00070513366 	0.097286181
0.0023603604 	-0.019801957 	-1.4325959e-08 	-0.0007248816 	0.095937913
0.0023723724 	-0.019801998 	-1.421953e-08 	-0.00074462953 	0.094589645
0.0023843844 	-0.019802039 	-1.41131e-08 	-0.00076437747 	0.093241378
0.0023963964 	-0.01980208 	-1.4006671e-08 	-0.00078412541 	0.09189311
0.0024084084 	-0.019802121 	-1.3900242e-08 	-0.00080387335 	0.090544842
0.0024204204 	-0.019802162 	-1.3793813e-08 	-0.00082362128 	0.089196574
0.0024324324 	-0.019802203 	-1.3687384e-08 	-0.00084336922 	0.087848307
0.0024444444 	-0.019802243 	-1.3580955e-08 	-0.00086311716 	0.086500039
0.0024564565 	-0.019802284 	-1.3474526e-08 	-0.00088286509 	0.085151771
0.0024684685 	-0.019802325 	-1.3368097e-08 	-0.00090261303 	0.083803503
0.0024804805 	-0.019802366 	-1.3261668e-08 	-0.00092236097 	0.082455236
0.0024924925 	-0.019802407 	-1.3155239e-08 	-0.00094210891 	0.081106968
0.0025045045 	-0.019802448 	-1.3048809e-08 	-0.00096185684 	0.0797587
0.0025165165 	-0.019802489 	-1.294238e-08 	-0.00098160478 	0.078410432
0.0025285285 	-0.01980253 	-1.2835951e-08 	-0.0010013527 	0.077062165
0.0025405405 	-0.01980257 	-1.2729522e-08 	-0.0010211007 	0.075713897
0.0025525526 	-0.019802611 	-1.2623093e-08 	-0.0010408486 	0.074365629
0.0025645646 	-0.019802652 	-1.2516664e-08 	-0.0010605965 	0.073017361
0.0025765766 	-0.019802693 	-1.2410235e-08 	-0.0010803445 	0.071669094
0.0025885886 	-0.019802734 	-1.2303806e-08 	-0.0011000924 	0.070320826
0.0026006006 	-0.019802775 	-1.2197377e-08 	-0.0011198403 	0.068972558
0.0026126126 	-0.019802816 	-1.2090948e-08 	-0.0011395883 	0.06762429
0.0026246246 	-0.019802857 	-1.1984518e-08 	-0.0011593362 	0.066276023
0.0026366366 	-0.019802898 	-1.1878089e-08 	-0.0011790842 	0.064927755
0.0026486486 	-0.019802938 	-1.177166e-08 	-0.0011988321 	0.063579487
0.0026606607 	-0.019802979 	-1.1665231e-08 	-0.00121858 	0.06223122
0.0026726727 	-0.01980302 	-1.1558802e-08 	-0.001238328 	0.060882952
0.0026846847 	-0.019803061 	-1.1452373e-08 	-0.0012580759 	0.059534684
0.0026966967 	-0.019803102 	-1.1345944e-08 	-0.0012778238 	0.058186416
0.0027087087 	-0.019803143 	-1.1239515e-08 	-0.0012975718 	0.056838149
0.0027207207 	-0.019803184 	-1.1133086e-08 	-0.0013173197 	0.055489881
0.0027327327 	-0.019803225 	-1.1026657e-08 	-0.0013370676 	0.054141613
0.0027447447 	-0.019803265 	-1.0920227e-08 	-0.0013568156 	0.052793345
0.0027567568 	-0.019803306 	-1.0813798e-08 	-0.0013765635 	0.051445078
0.0027687688 	-0.019803347 	-1.0707369e-08 	-0.0013963115 	0.05009681
0.0027807808 	-0.019803396 	-1.0597481e-08 	-0.0014175301 	0.048740566
0.0027927928 	-0.019803446 	-1.0486939e-08 	-0.0014390264 	0.047382815
0.0028048048 	-0.019803496 	-1.0376398e-08 	-0.0014605227 	0.046025064
0.0028168168 	-0.019803546 	-1.0265856e-08 	-0.001482019 	0.044667314
0.0028288288 	-0.019803596 	-1.0155315e-08 	-0.0015035154 	0.043309563
0.0028408408 	-0.019803555 	-1.002948e-08 	-0.0015186429 	0.042171418
0.0028528529 	-0.019803451 	-9.8932193e-09 	-0.0015294281 	0.041183003
0.0028648649 	-0.019803346 	-9.7569582e-09 	-0.0015402134 	0.040194588
0.0028768769 	-0.019803242 	-9.6206972e-09 	-0.0015509986 	0.039206174
0.0028888889 	-0.019803138 	-9.4844361e-09 	-0.0015617838 	0.038217759
0.0029009009 	-0.019803034 	-9.348175e-09 	-0.001572569 	0.037229344
0.0029129129 	-0.01980293 	-9.2119139e-09 	-0.0015833542 	0.03624093
0.0029249249 	-0.019802825 	-9.0756528e-09 	-0.0015941394 	0.035252515
0.0029369369 	-0.019802721 	-8.9393918e-09 	-0.0016049246 	0.0342641
0.0029489489 	-0.019802617 	-8.8031307e-09 	-0.0016157098 	0.033275686
0.002960961 	-0.019802513 	-8.6668696e-09 	-0.001626495 	0.032287271
0.002972973 	-0.019802409 	-8.5306085e-09 	-0.0016372802 	0.031298856
0.002984985 	-0.019802304 	-8.3943475e-09 	-0.0016480654 	0.030310442
0.002996997 	-0.0198022 	-8.2580864e-09 	-0.0016588506 	0.029322027
0.003009009 	-0.019802096 	-8.1218253e-09 	-0.0016696358 	0.028333612
0.003021021 	-0.019801992 	-7.9855642e-09 	-0.001680421 	0.027345198
0.003033033 	-0.019801888 	-7.8493031e-09 	-0.0016912062 	0.026356783
0.003045045 	-0.019801783 	-7.7130421e-09 	-0.0017019914 	0.025368368
0.0030570571 	-0.019801679 	-7.576781e-09 	-0.0017127766 	0.024379954
0.0030690691 	-0.019801575 	-7.4405199e-09 	-0.0017235619 	0.023391539
0.0030810811 	-0.019801471 	-7.3042588e-09 	-0.0017343471 	0.022403124
0.0030930931 	-0.019801367 	-7.1679977e-09 	-0.0017451323 	0.02141471
0.0031051051 	-0.019801262 	-7.0317367e-09 	-0.0017559175 	0.020426295
0.0031171171 	-0.019801158 	-6.8954756e-09 	-0.0017667027 	0.019437881
0.0031291291 	-0.019801054 	-6.7592145e-09 	-0.0017774879 	0.018449466
0.0031411411 	-0.01980095 	-6.6229534e-09 	-0.0017882731 	0.017461051
0.0031531532 	-0.019800845 	-6.4866924e-09 	-0.0017990583 	0.016472637
0.0031651652 	-0.019800741 	-6.3504313e-09 	-0.0018098435 	0.015484222
0.0031771772 	-0.019800637 	-6.2141702e-09 	-0.0018206287 	0.014495807
0.0031891892 	-0.019800533 	-6.0779091e-09 	-0.0018314139 	0.013507393
0.0032012012 	-0.019800429 	-5.941648e-09 	-0.0018421991 	0.012518978
0.0032132132 	-0.019800324 	-5.805387e-09 	-0.0018529843 	0.011530563
0.0032252252 	-0.01980022 	-5.6691259e-09 	-0.0018637695 	0.010542149
0.0032372372 	-0.019800116 	-5.5328648e-09 	-0.0018745547 	0.009553734
0.0032492492 	-0.019800012 	-5.3966037e-09 	-0.0018853399 	0.0085653194
0.0032612613 	-0.019799908 	-5.2603426e-09 	-0.0018961252 	0.0075769047
0.0032732733 	-0.019799803 	-5.1240816e-09 	-0.0019069104 	0.00658849
0.0032852853 	-0.019799693 	-4.9779145e-09 	-0.0019180638 	0.0056136302
0.0032972973 	-0.019799578 	-4.8252538e-09 	-0.0019294587 	0.0046476559
0.0033093093 	-0.019799463 	-4.6725931e-09 	-0.0019408536 	0.0036816816
0.0033213213 	-0.019799348 	-4.5199325e-09 	-0.0019522484 	0.0027157073
0.0033333333 	-0.019799233 	-4.3672718e-09 	-0.0019636433 	0.0017497329
0.0033453453 	-0.019799132 	-4.2822106e-09 	-0.0019601797 	0.0012121178
0.0033573574 	-0.019799031 	-4.1986193e-09 	-0.001956393 	0.00068381623
0.0033693694 	-0.01979893 	-4.1150279e-09 	-0.0019526063 	0.00015551464
0.0033813814 	-0.019798829 	-4.0314365e-09 	-0.0019488196 	-0.00037278695
0.0033933934 	-0.019798728 	-3.9478452e-09 	-0.001945033 	-0.00090108854
0.0034054054 	-0.019798626 	-3.8642538e-09 	-0.0019412463 	-0.0014293901
0.0034174174 	-0.019798525 	-3.7806624e-09 	-0.0019374596 	-0.0019576917
0.0034294294 	-0.019798424 	-3.6970711e-09 	-0.0019336729 	-0.0024859933
0.0034414414 	-0.019798323 	-3.6134797e-09 	-0.0019298862 	-0.0030142949
0.0034534535 	-0.019798222 	-3.5298883e-09 	-0.0019260995 	-0.0035425965
0.0034654655 	-0.019798121 	-3.446297e-09 	-0.0019223129 	-0.0040708981
0.0034774775 	-0.01979802 	-3.3627056e-09 	-0.0019185262 	-0.0045991997
0.0034894895 	-0.019797919 	-3.2791142e-09 	-0.0019147395 	-0.0051275013
0.0035015015 	-0.019797818 	-3.1955229e-09 	-0.0019109528 	-0.0056558029
0.0035135135 	-0.019797717 	-3.1119315e-09 	-0.0019071661 	-0.0061841045
0.0035255255 	-0.019797616 	-3.0283401e-09 	-0.0019033795 	-0.006712406
0.0035375375 	-0.019797514 	-2.9447488e-09 	-0.0018995928 	-0.0072407076
0.0035495495 	-0.019797413 	-2.8611574e-09 	-0.0018958061 	-0.0077690092
0.0035615616 	-0.019797312 	-2.777566e-09 	-0.0018920194 	-0.0082973108
0.0035735736 	-0.019797211 	-2.6939747e-09 	-0.0018882327 	-0.0088256124
0.0035855856 	-0.01979711 	-2.6103833e-09 	-0.001884446 	-0.009353914
0.0035975976 	-0.019797009 	-2.5267919e-09 	-0.0018806594 	-0.0098822156
0.0036096096 	-0.019796908 	-2.4432006e-09 	-0.0018768727 	-0.010410517
0.0036216216 	-0.019796807 	-2.3596092e-09 	-0.001873086 	-0.010938819
0.0036336336 	-0.019796706 	-2.2760178e-09 	-0.0018692993 	-0.01146712
0.0036456456 	-0.019796605 	-2.1924265e-09 	-0.0018655126 	-0.011995422
0.0036576577 	-0.019796504 	-2.1088351e-09 	-0.0018617259 	-0.012523724
0.0036696697 	-0.019796402 	-2.0252437e-09 	-0.0018579393 	-0.013052025
0.0036816817 	-0.019796301 	-1.9416524e-09 	-0.0018541526 	-0.013580327
0.0036936937 	-0.0197962 	-1.858061e-09 	-0.0018503659 	-0.014108628
0.0037057057 	-0.019796099 	-1.7744696e-09 	-0.0018465792 	-0.01463693
0.0037177177 	-0.019795998 	-1.6908783e-09 	-0.0018427925 	-0.015165232
0.0037297297 	-0.019795893 	-1.6024283e-09 	-0.0018387034 	-0.015684573
0.0037417417 	-0.019795782 	-1.5056404e-09 	-0.0018340952 	-0.016188538
0.0037537538 	-0.019795671 	-1.4088524e-09 	-0.0018294871 	-0.016692503
0.0037657658 	-0.01979556 	-1.3120645e-09 	-0.0018248789 	-0.017196468
0.0037777778 	-0.019795454 	-1.2305028e-09 	-0.0018187678 	-0.017631007
0.0037897898 	-0.019795361 	-1.1861234e-09 	-0.0018089868 	-0.017896007
0.0038018018 	-0.019795267 	-1.141744e-09 	-0.0017992057 	-0.018161008
0.0038138138 	-0.019795174 	-1.0973646e-09 	-0.0017894247 	-0.018426009
0.0038258258 	-0.01979508 	-1.0529852e-09 	-0.0017796436 	-0.018691009
0.0038378378 	-0.019794987 	-1.0086059e-09 	-0.0017698626 	-0.01895601
0.0038498498 	-0.019794893 	-9.6422646e-10 	-0.0017600815 	-0.019221011
0.0038618619 	-0.0197948 	-9.1984706e-10 	-0.0017503005 	-0.019486011
0.0038738739 	-0.019794706 	-8.7546767e-10 	-0.0017405194 	-0.019751012
0.0038858859 	-0.019794613 	-8.3108827e-10 	-0.0017307384 	-0.020016013
0.0038978979 	-0.019794519 	-7.8670888e-10 	-0.0017209573 	-0.020281013
0.0039099099 	-0.019794426 	-7.4232948e-10 	-0.0017111762 	-0.020546014
0.0039219219 	-0.019794332 	-6.9795008e-10 	-0.0017013952 	-0.020811015
0.0039339339 	-0.019794239 	-6.5357069e-10 	-0.0016916141 	-0.021076015
0.0039459459 	-0.019794145 	-6.0919129e-10 	-0.0016818331 	-0.021341016
0.003957958 	-0.019794052 	-5.648119e-10 	-0.001672052 	-0.021606017
0.00396997 	-0.019793958 	-5.204325e-10 	-0.001662271 	-0.021871017
0.003981982 	-0.019793865 	-4.7605311e-10 	-0.0016524899 	-0.022136018
0.003993994 	-0.019793771 	-4.3167371e-10 	-0.0016427089 	-0.022401019
0.004006006 	-0.019793678 	-3.8729432e-10 	-0.0016329278 	-0.022666019
0.004018018 	-0.019793584 	-3.4291492e-10 	-0.0016231468 	-0.02293102
0.00403003 	-0.019793491 	-2.9853552e-10 	-0.0016133657 	-0.023196021
0.004042042 	-0.019793397 	-2.5415613e-10 	-0.0016035846 	-0.023461021
0.0040540541 	-0.019793304 	-2.0977673e-10 	-0.0015938036 	-0.023726022
0.0040660661 	-0.01979321 	-1.6539734e-10 	-0.0015840225 	-0.023991023
0.0040780781 	-0.019793117 	-1.2101794e-10 	-0.0015742415 	-0.024256024
0.0040900901 	-0.019793023 	-7.6638546e-11 	-0.0015644604 	-0.024521024
0.0041021021 	-0.01979293 	-3.2259151e-11 	-0.0015546794 	-0.024786025
0.0041141141 	-0.019792837 	1.2120245e-11 	-0.0015448983 	-0.025051026
0.0041261261 	-0.019792738 	6.0968705e-11 	-0.0015344723 	-0.025306838
0.0041381381 	-0.019792635 	1.1360343e-10 	-0.0015234998 	-0.025554867
0.0041501502 	-0.019792532 	1.6623816e-10 	-0.0015125274 	-0.025802895
0.0041621622 	-0.019792429 	2.1887289e-10 	-0.0015015549 	-0.026050924
0.0041741742 	-0.019792357 	2.4215173e-10 	-0.0014891014 	-0.026147592
0.0041861862 	-0.019792288 	2.6377266e-10 	-0.0014765642 	-0.026235713
0.0041981982 	-0.019792218 	2.8539358e-10 	-0.0014640271 	-0.026323833
0.0042102102 	-0.019792148 	3.0701451e-10 	-0.0014514899 	-0.026411954
0.0042222222 	-0.019792078 	3.2863544e-10 	-0.0014389527 	-0.026500075
0.0042342342 	-0.019792008 	3.5025636e-10 	-0.0014264155 	-0.026588195
0.0042462462 	-0.019791939 	3.7187729e-10 	-0.0014138783 	-0.026676316
0.0042582583 	-0.019791869 	3.9349822e-10 	-0.0014013412 	-0.026764436
0.0042702703 	-0.019791799 	4.1511915e-10 	-0.001388804 	-0.026852557
0.0042822823 	-0.019791729 	4.3674007e-10 	-0.0013762668 	-0.026940677
0.0042942943 	-0.019791659 	4.58361e-10 	-0.0013637296 	-0.027028798
0.0043063063 	-0.01979159 	4.7998193e-10 	-0.0013511925 	-0.027116918
0.0043183183 	-0.01979152 	5.0160285e-10 	-0.0013386553 	-0.027205039
0.0043303303 	-0.01979145 	5.2322378e-10 	-0.0013261181 	-0.027293159
0.0043423423 	-0.01979138 	5.4484471e-10 	-0.0013135809 	-0.02738128
0.0043543544 	-0.01979131 	5.6646563e-10 	-0.0013010438 	-0.027469401
0.0043663664 	-0.019791241 	5.8808656e-10 	-0.0012885066 	-0.027557521
0.0043783784 	-0.019791171 	6.0970749e-10 	-0.0012759694 	-0.027645642
0.0043903904 	-0.019791101 	6.3132842e-10 	-0.0012634322 	-0.027733762
0.0044024024 	-0.019791031 	6.5294934e-10 	-0.0012508951 	-0.027821883
0.0044144144 	-0.019790961 	6.7457027e-10 	-0.0012383579 	-0.027910003
0.0044264264 	-0.019790892 	6.961912e-10 	-0.0012258207 	-0.027998124
0.0044384384 	-0.019790822 	7.1781212e-10 	-0.0012132835 	-0.028086244
0.0044504505 	-0.019790752 	7.3943305e-10 	-0.0012007463 	-0.028174365
0.0044624625 	-0.019790682 	7.6105398e-10 	-0.0011882092 	-0.028262486
0.0044744745 	-0.019790608 	7.8557219e-10 	-0.0011748883 	-0.028345415
0.0044864865 	-0.019790532 	8.1200971e-10 	-0.0011610482 	-0.028424904
0.0044984985 	-0.019790455 	8.3844723e-10 	-0.0011472081 	-0.028504394
0.0045105105 	-0.019790394 	8.5700317e-10 	-0.0011336573 	-0.02853126
0.0045225225 	-0.019790354 	8.6521175e-10 	-0.0011204864 	-0.028489038
0.0045345345 	-0.019790315 	8.7342033e-10 	-0.0011073155 	-0.028446815
0.0045465465 	-0.019790275 	8.8162891e-10 	-0.0010941446 	-0.028404593
0.0045585586 	-0.019790235 	8.8983749e-10 	-0.0010809737 	-0.028362371
0.0045705706 	-0.019790195 	8.9804607e-10 	-0.0010678028 	-0.028320149
0.0045825826 	-0.019790155 	9.0625465e-10 	-0.0010546319 	-0.028277926
0.0045945946 	-0.019790116 	9.1446323e-10 	-0.001041461 	-0.028235704
0.0046066066 	-0.019790076 	9.2267181e-10 	-0.0010282901 	-0.028193482
0.0046186186 	-0.019790036 	9.3088039e-10 	-0.0010151193 	-0.02815126
0.0046306306 	-0.019789996 	9.3908897e-10 	-0.0010019484 	-0.028109037
0.0046426426 	-0.019789956 	9.4729755e-10 	-0.00098877747 	-0.028066815
0.0046546547 	-0.019789916 	9.5550613e-10 	-0.00097560657 	-0.028024593
0.0046666667 	-0.019789877 	9.6371471e-10 	-0.00096243568 	-0.027982371
0.0046786787 	-0.019789837 	9.7192329e-10 	-0.00094926479 	-0.027940149
0.0046906907 	-0.019789797 	9.8013187e-10 	-0.00093609389 	-0.027897926
0.0047027027 	-0.019789757 	9.8834045e-10 	-0.000922923 	-0.027855704
0.0047147147 	-0.019789717 	9.9654903e-10 	-0.00090975211 	-0.027813482
0.0047267267 	-0.019789678 	1.0047576e-09 	-0.00089658121 	-0.02777126
0.0047387387 	-0.019789638 	1.0129662e-09 	-0.00088341032 	-0.027729037
0.0047507508 	-0.019789598 	1.0211748e-09 	-0.00087023943 	-0.027686815
0.0047627628 	-0.019789558 	1.0293833e-09 	-0.00085706853 	-0.027644593
0.0047747748 	-0.019789518 	1.0378491e-09 	-0.00084378674 	-0.027602284
0.0047867868 	-0.019789475 	1.0489665e-09 	-0.0008293616 	-0.027559083
0.0047987988 	-0.019789431 	1.060084e-09 	-0.00081493645 	-0.027515881
0.0048108108 	-0.019789397 	1.0677791e-09 	-0.00080110408 	-0.027443376
0.0048228228 	-0.019789385 	1.0672766e-09 	-0.00078869164 	-0.027300678
0.0048348348 	-0.019789373 	1.0667741e-09 	-0.00077627921 	-0.027157979
0.0048468468 	-0.019789361 	1.0662716e-09 	-0.00076386677 	-0.02701528
0.0048588589 	-0.019789348 	1.0657691e-09 	-0.00075145433 	-0.026872582
0.0048708709 	-0.019789336 	1.0652667e-09 	-0.0007390419 	-0.026729883
0.0048828829 	-0.019789324 	1.0647642e-09 	-0.00072662946 	-0.026587184
0.0048948949 	-0.019789312 	1.0642617e-09 	-0.00071421702 	-0.026444486
0.0049069069 	-0.0197893 	1.0637592e-09 	-0.00070180459 	-0.026301787
0.0049189189 	-0.019789288 	1.0632567e-09 	-0.00068939215 	-0.026159089
0.0049309309 	-0.019789276 	1.0627542e-09 	-0.00067697971 	-0.02601639
0.0049429429 	-0.019789264 	1.0622517e-09 	-0.00066456728 	-0.025873691
0.004954955 	-0.019789252 	1.0617492e-09 	-0.00065215484 	-0.025730993
0.004966967 	-0.01978924 	1.0612467e-09 	-0.0006397424 	-0.025588294
0.004978979 	-0.019789228 	1.0607442e-09 	-0.00062732997 	-0.025445595
0.004990991 	-0.019789215 	1.0602417e-09 	-0.00061491753 	-0.025302897
0.005003003 	-0.019789203 	1.0597392e-09 	-0.00060250509 	-0.025160198
0.005015015 	-0.019789191 	1.0592367e-09 	-0.00059009266 	-0.0250175
0.005027027 	-0.019789179 	1.0587342e-09 	-0.00057768022 	-0.024874801
0.005039039 	-0.019789167 	1.0582317e-09 	-0.00056526778 	-0.024732102
0.0050510511 	-0.019789154 	1.0589452e-09 	-0.00055219201 	-0.024592831
0.0050630631 	-0.019789141 	1.0604819e-09 	-0.00053866714 	-0.024455881
0.0050750751 	-0.019789131 	1.0609287e-09 	-0.00052550638 	-0.024307609
0.0050870871 	-0.019789142 	1.0542831e-09 	-0.00051471498 	-0.024085665
0.0050990991 	-0.019789152 	1.0476376e-09 	-0.00050392357 	-0.023863721
0.0051111111 	-0.019789163 	1.040992e-09 	-0.00049313217 	-0.023641777
0.0051231231 	-0.019789173 	1.0343465e-09 	-0.00048234076 	-0.023419833
0.0051351351 	-0.019789184 	1.0277009e-09 	-0.00047154935 	-0.023197889
0.0051471471 	-0.019789194 	1.0210553e-09 	-0.00046075795 	-0.022975945
0.0051591592 	-0.019789204 	1.0144098e-09 	-0.00044996654 	-0.022754001
0.0051711712 	-0.019789215 	1.0077642e-09 	-0.00043917513 	-0.022532057
0.0051831832 	-0.019789225 	1.0011187e-09 	-0.00042838373 	-0.022310113
0.0051951952 	-0.019789236 	9.944731e-10 	-0.00041759232 	-0.022088169
0.0052072072 	-0.019789246 	9.8782754e-10 	-0.00040680091 	-0.021866225
0.0052192192 	-0.019789257 	9.8118198e-10 	-0.00039600951 	-0.021644281
0.0052312312 	-0.019789267 	9.7453642e-10 	-0.0003852181 	-0.021422337
0.0052432432 	-0.019789277 	9.6789086e-10 	-0.00037442669 	-0.021200393
0.0052552553 	-0.019789288 	9.612453e-10 	-0.00036363529 	-0.020978449
0.0052672673 	-0.019789298 	9.5459974e-10 	-0.00035284388 	-0.020756505
0.0052792793 	-0.019789309 	9.4795418e-10 	-0.00034205248 	-0.020534561
0.0052912913 	-0.01978932 	9.4271125e-10 	-0.00033055265 	-0.020321523
0.0053033033 	-0.019789331 	9.378934e-10 	-0.00031883813 	-0.020111184
0.0053153153 	-0.019789353 	9.290392e-10 	-0.00030894488 	-0.01985609
0.0053273273 	-0.019789381 	9.1744889e-10 	-0.0003002862 	-0.019570659
0.0053393393 	-0.019789409 	9.0585858e-10 	-0.00029162752 	-0.019285228
0.0053513514 	-0.019789437 	8.9426827e-10 	-0.00028296885 	-0.018999797
0.0053633634 	-0.019789465 	8.8267796e-10 	-0.00027431017 	-0.018714366
0.0053753754 	-0.019789494 	8.7108765e-10 	-0.0002656515 	-0.018428935
0.0053873874 	-0.019789522 	8.5949734e-10 	-0.00025699282 	-0.018143504
0.0053993994 	-0.01978955 	8.4790703e-10 	-0.00024833414 	-0.017858073
0.0054114114 	-0.019789578 	8.3631672e-10 	-0.00023967547 	-0.017572642
0.0054234234 	-0.019789606 	8.2472642e-10 	-0.00023101679 	-0.017287211
0.0054354354 	-0.019789634 	8.1313611e-10 	-0.00022235812 	-0.01700178
0.0054474474 	-0.019789663 	8.015458e-10 	-0.00021369944 	-0.016716349
0.0054594595 	-0.019789691 	7.8995549e-10 	-0.00020504076 	-0.016430918
0.0054714715 	-0.019789719 	7.7836518e-10 	-0.00019638209 	-0.016145487
0.0054834835 	-0.019789747 	7.6677487e-10 	-0.00018772341 	-0.015860056
0.0054954955 	-0.019789776 	7.5581338e-10 	-0.00017886034 	-0.015579406
0.0055075075 	-0.019789806 	7.4641814e-10 	-0.00016948815 	-0.015310663
0.0055195195 	-0.019789841 	7.3472412e-10 	-0.00016128599 	-0.015016488
0.0055315315 	-0.019789884 	7.1915198e-10 	-0.00015505774 	-0.014679408
0.0055435435 	-0.019789926 	7.0357983e-10 	-0.00014882948 	-0.014342328
0.0055555556 	-0.019789968 	6.8800769e-10 	-0.00014260122 	-0.014005248
0.0055675676 	-0.019790011 	6.7243554e-10 	-0.00013637296 	-0.013668168
0.0055795796 	-0.019790053 	6.5686339e-10 	-0.0001301447 	-0.013331088
0.0055915916 	-0.019790095 	6.4129125e-10 	-0.00012391644 	-0.012994008
0.0056036036 	-0.019790137 	6.257191e-10 	-0.00011768818 	-0.012656928
0.0056156156 	-0.01979018 	6.1014696e-10 	-0.00011145993 	-0.012319848
0.0056276276 	-0.019790222 	5.9457481e-10 	-0.00010523167 	-0.011982768
0.0056396396 	-0.019790264 	5.7900266e-10 	-9.9003409e-05 	-0.011645688
0.0056516517 	-0.019790307 	5.6343052e-10 	-9.2775151e-05 	-0.011308608
0.0056636637 	-0.019790349 	5.4785837e-10 	-8.6546892e-05 	-0.010971527
0.0056756757 	-0.019790391 	5.3228622e-10 	-8.0318634e-05 	-0.010634447
0.0056876877 	-0.019790436 	5.1917482e-10 	-7.3654512e-05 	-0.010315834
0.0056996997 	-0.019790483 	5.0524948e-10 	-6.7490986e-05 	-0.0099878603
0.0057117117 	-0.019790531 	4.8628853e-10 	-6.3761154e-05 	-0.0096080289
0.0057237237 	-0.01979058 	4.6732758e-10 	-6.0031322e-05 	-0.0092281975
0.0057357357 	-0.019790629 	4.4836663e-10 	-5.630149e-05 	-0.0088483661
0.0057477477 	-0.019790678 	4.2940569e-10 	-5.2571658e-05 	-0.0084685347
0.0057597598 	-0.019790727 	4.1044474e-10 	-4.8841826e-05 	-0.0080887033
0.0057717718 	-0.019790776 	3.9148379e-10 	-4.5111994e-05 	-0.0077088719
0.0057837838 	-0.019790825 	3.7252284e-10 	-4.1382162e-05 	-0.0073290404
0.0057957958 	-0.019790873 	3.535619e-10 	-3.765233e-05 	-0.006949209
0.0058078078 	-0.019790922 	3.3460095e-10 	-3.3922498e-05 	-0.0065693776
0.0058198198 	-0.019790971 	3.1564e-10 	-3.0192666e-05 	-0.0061895462
0.0058318318 	-0.01979102 	2.9667905e-10 	-2.6462834e-05 	-0.0058097148
0.0058438438 	-0.01979107 	2.7874348e-10 	-2.2648854e-05 	-0.0054370869
0.0058558559 	-0.019791122 	2.6332855e-10 	-1.8628013e-05 	-0.0050821675
0.0058678679 	-0.019791155 	2.4219871e-10 	-1.662887e-05 	-0.0046687672
0.0058798799 	-0.019791183 	2.1965218e-10 	-1.5130888e-05 	-0.0042408699
0.0058918919 	-0.019791211 	1.9710566e-10 	-1.3632907e-05 	-0.0038129727
0.0059039039 	-0.019791239 	1.7455913e-10 	-1.2134925e-05 	-0.0033850755
0.0059159159 	-0.019791267 	1.5201261e-10 	-1.0636944e-05 	-0.0029571783
0.0059279279 	-0.019791295 	1.2946608e-10 	-9.138962e-06 	-0.0025292811
0.0059399399 	-0.019791323 	1.0691956e-10 	-7.6409805e-06 	-0.0021013838
0.005951952 	-0.019791351 	8.4373033e-11 	-6.142999e-06 	-0.0016734866
0.005963964 	-0.019791379 	6.1826508e-11 	-4.6450175e-06 	-0.0012455894
0.005975976 	-0.019791407 	3.9279984e-11 	-3.1470359e-06 	-0.00081769216
0.005987988 	-0.019791435 	1.8114615e-11 	-1.6131602e-06 	-0.00039884786
0.006 	-0.019791465 	1.2949375e-22 	-1.1531803e-17 	-2.8511953e-15
