-0.006 	-0.015114554 	0 	0 	0
-0.005987988 	-0.015114537 	2.0517128e-12 	2.9408729e-07 	-0.00074818098
-0.005975976 	-0.015114519 	4.1034256e-12 	5.8817457e-07 	-0.001496362
-0.005963964 	-0.015114501 	6.1551385e-12 	8.8226186e-07 	-0.0022445429
-0.005951952 	-0.015114483 	8.2068513e-12 	1.1763491e-06 	-0.0029927239
-0.0059399399 	-0.015114466 	1.0258564e-11 	1.4704364e-06 	-0.0037409049
-0.0059279279 	-0.015114448 	1.2310277e-11 	1.7645237e-06 	-0.0044890859
-0.0059159159 	-0.01511443 	1.436199e-11 	2.058611e-06 	-0.0052372668
-0.0059039039 	-0.015114412 	1.6385441e-11 	2.3522065e-06 	-0.0059855566
-0.0058918919 	-0.015114394 	1.6184363e-11 	2.6070911e-06 	-0.006742409
-0.0058798799 	-0.015114376 	1.5983286e-11 	2.8619757e-06 	-0.0074992614
-0.0058678679 	-0.015114365 	1.432408e-11 	3.5628543e-06 	-0.0081666396
-0.0058558559 	-0.015114355 	1.2474572e-11 	4.3219401e-06 	-0.0088223405
-0.0058438438 	-0.015114344 	1.0625064e-11 	5.0810259e-06 	-0.0094780414
-0.0058318318 	-0.015114334 	8.7755567e-12 	5.8401117e-06 	-0.010133742
-0.0058198198 	-0.015114323 	6.926049e-12 	6.5991975e-06 	-0.010789443
-0.0058078078 	-0.015114313 	5.0765413e-12 	7.3582833e-06 	-0.011445144
-0.0057957958 	-0.015114302 	3.2270336e-12 	8.1173691e-06 	-0.012100845
-0.0057837838 	-0.015114292 	1.3775259e-12 	8.8764548e-06 	-0.012756546
-0.0057717718 	-0.015114282 	-4.7198178e-13 	9.6355406e-06 	-0.013412247
-0.0057597598 	-0.015114272 	-4.3627547e-12 	1.0314488e-05 	-0.014074297
-0.0057477477 	-0.015114263 	-8.6886673e-12 	1.0976353e-05 	-0.014737701
-0.0057357357 	-0.015114255 	-1.3554815e-11 	1.1876677e-05 	-0.015364055
-0.0057237237 	-0.015114247 	-1.9196831e-11 	1.3119469e-05 	-0.015937198
-0.0057117117 	-0.015114239 	-2.4838848e-11 	1.4362261e-05 	-0.016510341
-0.0056996997 	-0.015114231 	-3.0480864e-11 	1.5605054e-05 	-0.017083484
-0.0056876877 	-0.015114223 	-3.612288e-11 	1.6847846e-05 	-0.017656627
-0.0056756757 	-0.015114215 	-4.1764896e-11 	1.8090638e-05 	-0.01822977
-0.0056636637 	-0.015114207 	-4.7406912e-11 	1.933343e-05 	-0.018802913
-0.0056516517 	-0.015114199 	-5.3048929e-11 	2.0576222e-05 	-0.019376056
-0.0056396396 	-0.015114191 	-5.8690945e-11 	2.1819014e-05 	-0.0199492
-0.0056276276 	-0.015114183 	-6.4332961e-11 	2.3061806e-05 	-0.020522343
-0.0056156156 	-0.015114175 	-7.0306168e-11 	2.4283098e-05 	-0.02109641
-0.0056036036 	-0.015114168 	-7.8432676e-11 	2.5364603e-05 	-0.021676484
-0.0055915916 	-0.015114161 	-8.6559184e-11 	2.6446108e-05 	-0.022256558
-0.0055795796 	-0.015114156 	-9.4977587e-11 	2.7755365e-05 	-0.022795832
-0.0055675676 	-0.015114152 	-1.0384252e-10 	2.9413028e-05 	-0.023272694
-0.0055555556 	-0.015114148 	-1.1270745e-10 	3.1070691e-05 	-0.023749556
-0.0055435435 	-0.015114145 	-1.2157239e-10 	3.2728354e-05 	-0.024226418
-0.0055315315 	-0.015114141 	-1.3043732e-10 	3.4386017e-05 	-0.02470328
-0.0055195195 	-0.015114137 	-1.3930225e-10 	3.604368e-05 	-0.025180142
-0.0055075075 	-0.015114134 	-1.4816718e-10 	3.7701343e-05 	-0.025657004
-0.0054954955 	-0.01511413 	-1.5703212e-10 	3.9359005e-05 	-0.026133865
-0.0054834835 	-0.015114127 	-1.6589705e-10 	4.1016668e-05 	-0.026610727
-0.0054714715 	-0.015114123 	-1.7476198e-10 	4.2674331e-05 	-0.027087589
-0.0054594595 	-0.015114119 	-1.8362692e-10 	4.4331994e-05 	-0.027564451
-0.0054474474 	-0.015114116 	-1.9249185e-10 	4.5989657e-05 	-0.028041313
-0.0054354354 	-0.015114113 	-2.0302355e-10 	4.7482495e-05 	-0.028522693
-0.0054234234 	-0.01511411 	-2.141477e-10 	4.8916747e-05 	-0.029005679
-0.0054114114 	-0.015114107 	-2.2527184e-10 	5.0350999e-05 	-0.029488664
-0.0053993994 	-0.015114107 	-2.3631318e-10 	5.210172e-05 	-0.029896405
-0.0053873874 	-0.015114109 	-2.4730629e-10 	5.4036711e-05 	-0.030260333
-0.0053753754 	-0.01511411 	-2.582994e-10 	5.5971702e-05 	-0.030624261
-0.0053633634 	-0.015114112 	-2.6929252e-10 	5.7906694e-05 	-0.03098819
-0.0053513514 	-0.015114113 	-2.8028563e-10 	5.9841685e-05 	-0.031352118
-0.0053393393 	-0.015114115 	-2.9127875e-10 	6.1776676e-05 	-0.031716046
-0.0053273273 	-0.015114116 	-3.0227186e-10 	6.3711668e-05 	-0.032079974
-0.0053153153 	-0.015114118 	-3.1326497e-10 	6.5646659e-05 	-0.032443902
-0.0053033033 	-0.015114119 	-3.2425809e-10 	6.7581651e-05 	-0.03280783
-0.0052912913 	-0.01511412 	-3.352512e-10 	6.9516642e-05 	-0.033171759
-0.0052792793 	-0.015114122 	-3.4624431e-10 	7.1451633e-05 	-0.033535687
-0.0052672673 	-0.015114123 	-3.5723743e-10 	7.3386625e-05 	-0.033899615
-0.0052552553 	-0.015114125 	-3.6823054e-10 	7.5321616e-05 	-0.034263543
-0.0052432432 	-0.015114127 	-3.7999474e-10 	7.7142542e-05 	-0.034629647
-0.0052312312 	-0.015114129 	-3.9287444e-10 	7.8798456e-05 	-0.0349989
-0.0052192192 	-0.015114131 	-4.0575414e-10 	8.0454369e-05 	-0.035368153
-0.0052072072 	-0.015114133 	-4.1863383e-10 	8.2110282e-05 	-0.035737405
-0.0051951952 	-0.01511414 	-4.3042081e-10 	8.4080266e-05 	-0.035983888
-0.0051831832 	-0.015114147 	-4.4206694e-10 	8.6090732e-05 	-0.036214546
-0.0051711712 	-0.015114155 	-4.5371306e-10 	8.8101199e-05 	-0.036445203
-0.0051591592 	-0.015114162 	-4.6535919e-10 	9.0111665e-05 	-0.036675861
-0.0051471471 	-0.01511417 	-4.7700531e-10 	9.2122132e-05 	-0.036906519
-0.0051351351 	-0.015114177 	-4.8865144e-10 	9.4132598e-05 	-0.037137177
-0.0051231231 	-0.015114185 	-5.0029756e-10 	9.6143065e-05 	-0.037367834
-0.0051111111 	-0.015114192 	-5.1194369e-10 	9.8153531e-05 	-0.037598492
-0.0050990991 	-0.0151142 	-5.2358981e-10 	0.000100164 	-0.03782915
-0.0050870871 	-0.015114207 	-5.3523594e-10 	0.00010217446 	-0.038059808
-0.0050750751 	-0.015114215 	-5.4688206e-10 	0.00010418493 	-0.038290465
-0.0050630631 	-0.015114222 	-5.5852819e-10 	0.0001061954 	-0.038521123
-0.0050510511 	-0.01511423 	-5.7017432e-10 	0.00010820586 	-0.038751781
-0.005039039 	-0.015114237 	-5.8182044e-10 	0.00011021633 	-0.038982439
-0.005027027 	-0.015114245 	-5.9346657e-10 	0.0001122268 	-0.039213096
-0.005015015 	-0.015114252 	-6.0641193e-10 	0.00011395038 	-0.039447827
-0.005003003 	-0.01511426 	-6.1952368e-10 	0.00011563723 	-0.03968308
-0.004990991 	-0.015114268 	-6.3263542e-10 	0.00011732408 	-0.039918332
-0.004978979 	-0.015114275 	-6.4574716e-10 	0.00011901093 	-0.040153584
-0.004966967 	-0.015114289 	-6.5673848e-10 	0.00012078934 	-0.040243757
-0.004954955 	-0.015114303 	-6.6746884e-10 	0.00012257902 	-0.040316074
-0.0049429429 	-0.015114318 	-6.781992e-10 	0.0001243687 	-0.040388391
-0.0049309309 	-0.015114332 	-6.8892956e-10 	0.00012615838 	-0.040460708
-0.0049189189 	-0.015114347 	-6.9965992e-10 	0.00012794806 	-0.040533025
-0.0049069069 	-0.015114362 	-7.1039028e-10 	0.00012973774 	-0.040605342
-0.0048948949 	-0.015114376 	-7.2112063e-10 	0.00013152742 	-0.040677659
-0.0048828829 	-0.015114391 	-7.3185099e-10 	0.0001333171 	-0.040749977
-0.0048708709 	-0.015114405 	-7.4258135e-10 	0.00013510678 	-0.040822294
-0.0048588589 	-0.01511442 	-7.5331171e-10 	0.00013689646 	-0.040894611
-0.0048468468 	-0.015114434 	-7.6404207e-10 	0.00013868614 	-0.040966928
-0.0048348348 	-0.015114449 	-7.7477243e-10 	0.00014047582 	-0.041039245
-0.0048228228 	-0.015114463 	-7.8550279e-10 	0.0001422655 	-0.041111562
-0.0048108108 	-0.015114478 	-7.9623314e-10 	0.00014405517 	-0.041183879
-0.0047987988 	-0.015114492 	-8.069635e-10 	0.00014584485 	-0.041256196
-0.0047867868 	-0.015114507 	-8.1769386e-10 	0.00014763453 	-0.041328513
-0.0047747748 	-0.015114521 	-8.2842422e-10 	0.00014942421 	-0.04140083
-0.0047627628 	-0.015114535 	-8.4007079e-10 	0.00015090709 	-0.04147668
-0.0047507508 	-0.01511455 	-8.5184649e-10 	0.00015234672 	-0.041553027
-0.0047387387 	-0.015114564 	-8.6362218e-10 	0.00015378636 	-0.041629375
-0.0047267267 	-0.015114578 	-8.7539788e-10 	0.00015522599 	-0.041705722
-0.0047147147 	-0.015114595 	-8.8602523e-10 	0.00015656384 	-0.041715459
-0.0047027027 	-0.015114616 	-8.9445966e-10 	0.00015770732 	-0.041597993
-0.0046906907 	-0.015114638 	-9.0289409e-10 	0.00015885079 	-0.041480528
-0.0046786787 	-0.01511466 	-9.1132852e-10 	0.00015999427 	-0.041363062
-0.0046666667 	-0.015114682 	-9.1976296e-10 	0.00016113774 	-0.041245596
-0.0046546547 	-0.015114704 	-9.2819739e-10 	0.00016228122 	-0.04112813
-0.0046426426 	-0.015114726 	-9.3663182e-10 	0.0001634247 	-0.041010665
-0.0046306306 	-0.015114748 	-9.4506625e-10 	0.00016456817 	-0.040893199
-0.0046186186 	-0.01511477 	-9.5350069e-10 	0.00016571165 	-0.040775733
-0.0046066066 	-0.015114791 	-9.6193512e-10 	0.00016685512 	-0.040658267
-0.0045945946 	-0.015114813 	-9.7036955e-10 	0.0001679986 	-0.040540802
-0.0045825826 	-0.015114835 	-9.7880398e-10 	0.00016914207 	-0.040423336
-0.0045705706 	-0.015114857 	-9.8723842e-10 	0.00017028555 	-0.04030587
-0.0045585586 	-0.015114879 	-9.9567285e-10 	0.00017142902 	-0.040188404
-0.0045465465 	-0.015114901 	-1.0041073e-09 	0.0001725725 	-0.040070939
-0.0045345345 	-0.015114923 	-1.0125417e-09 	0.00017371597 	-0.039953473
-0.0045225225 	-0.015114945 	-1.0209761e-09 	0.00017485945 	-0.039836007
-0.0045105105 	-0.015114966 	-1.0294106e-09 	0.00017600293 	-0.039718542
-0.0044984985 	-0.015114988 	-1.037845e-09 	0.0001771464 	-0.039601076
-0.0044864865 	-0.01511501 	-1.0463088e-09 	0.00017827435 	-0.039483779
-0.0044744745 	-0.015115031 	-1.0554017e-09 	0.00017906935 	-0.039370113
-0.0044624625 	-0.015115052 	-1.0644946e-09 	0.00017986435 	-0.039256447
-0.0044504505 	-0.015115073 	-1.0735875e-09 	0.00018065935 	-0.039142781
-0.0044384384 	-0.015115094 	-1.0826804e-09 	0.00018145435 	-0.039029115
-0.0044264264 	-0.015115115 	-1.0917733e-09 	0.00018224935 	-0.038915449
-0.0044144144 	-0.015115142 	-1.0973675e-09 	0.00018224006 	-0.038590197
-0.0044024024 	-0.015115171 	-1.1025858e-09 	0.00018214434 	-0.038242206
-0.0043903904 	-0.015115199 	-1.107804e-09 	0.00018204862 	-0.037894215
-0.0043783784 	-0.015115227 	-1.1130223e-09 	0.00018195291 	-0.037546224
-0.0043663664 	-0.015115255 	-1.1182405e-09 	0.00018185719 	-0.037198233
-0.0043543544 	-0.015115283 	-1.1234588e-09 	0.00018176147 	-0.036850243
-0.0043423423 	-0.015115312 	-1.128677e-09 	0.00018166575 	-0.036502252
-0.0043303303 	-0.01511534 	-1.1338953e-09 	0.00018157003 	-0.036154261
-0.0043183183 	-0.015115368 	-1.1391135e-09 	0.00018147431 	-0.03580627
-0.0043063063 	-0.015115396 	-1.1443318e-09 	0.00018137859 	-0.035458279
-0.0042942943 	-0.015115425 	-1.14955e-09 	0.00018128287 	-0.035110289
-0.0042822823 	-0.015115453 	-1.1547683e-09 	0.00018118715 	-0.034762298
-0.0042702703 	-0.015115481 	-1.1599865e-09 	0.00018109143 	-0.034414307
-0.0042582583 	-0.015115509 	-1.1652048e-09 	0.00018099571 	-0.034066316
-0.0042462462 	-0.015115537 	-1.170423e-09 	0.00018089999 	-0.033718325
-0.0042342342 	-0.015115566 	-1.1756413e-09 	0.00018080427 	-0.033370334
-0.0042222222 	-0.015115594 	-1.1808595e-09 	0.00018070855 	-0.033022344
-0.0042102102 	-0.015115622 	-1.1860778e-09 	0.00018061284 	-0.032674353
-0.0041981982 	-0.01511565 	-1.191296e-09 	0.00018051712 	-0.032326362
-0.0041861862 	-0.015115679 	-1.1965143e-09 	0.0001804214 	-0.031978371
-0.0041741742 	-0.015115707 	-1.2017325e-09 	0.00018032568 	-0.03163038
-0.0041621622 	-0.015115735 	-1.2069559e-09 	0.00018022642 	-0.03128244
-0.0041501502 	-0.015115762 	-1.2126092e-09 	0.000179829 	-0.0309387
-0.0041381381 	-0.015115788 	-1.2182626e-09 	0.00017943157 	-0.03059496
-0.0041261261 	-0.015115815 	-1.2239159e-09 	0.00017903415 	-0.03025122
-0.0041141141 	-0.015115842 	-1.2295693e-09 	0.00017863673 	-0.02990748
-0.0041021021 	-0.015115869 	-1.2352226e-09 	0.00017823931 	-0.02956374
-0.0040900901 	-0.015115896 	-1.2401937e-09 	0.00017751843 	-0.029167813
-0.0040780781 	-0.015115929 	-1.2420474e-09 	0.0001753195 	-0.02853341
-0.0040660661 	-0.015115961 	-1.2439011e-09 	0.00017312057 	-0.027899007
-0.0040540541 	-0.015115994 	-1.2457548e-09 	0.00017092164 	-0.027264604
-0.004042042 	-0.015116026 	-1.2476084e-09 	0.00016872272 	-0.026630201
-0.00403003 	-0.015116059 	-1.2494621e-09 	0.00016652379 	-0.025995798
-0.004018018 	-0.015116091 	-1.2513158e-09 	0.00016432486 	-0.025361395
-0.004006006 	-0.015116124 	-1.2531695e-09 	0.00016212593 	-0.024726992
-0.003993994 	-0.015116156 	-1.2550231e-09 	0.000159927 	-0.024092589
-0.003981982 	-0.015116189 	-1.2568768e-09 	0.00015772807 	-0.023458186
-0.00396997 	-0.015116221 	-1.2587305e-09 	0.00015552914 	-0.022823782
-0.003957958 	-0.015116254 	-1.2605841e-09 	0.00015333021 	-0.022189379
-0.0039459459 	-0.015116286 	-1.2624378e-09 	0.00015113128 	-0.021554976
-0.0039339339 	-0.015116319 	-1.2642915e-09 	0.00014893235 	-0.020920573
-0.0039219219 	-0.015116351 	-1.2661452e-09 	0.00014673342 	-0.02028617
-0.0039099099 	-0.015116384 	-1.2679988e-09 	0.00014453449 	-0.019651767
-0.0038978979 	-0.015116416 	-1.2698525e-09 	0.00014233556 	-0.019017364
-0.0038858859 	-0.015116449 	-1.2717062e-09 	0.00014013663 	-0.018382961
-0.0038738739 	-0.015116481 	-1.2735599e-09 	0.00013793771 	-0.017748558
-0.0038618619 	-0.015116514 	-1.2754135e-09 	0.00013573878 	-0.017114155
-0.0038498498 	-0.015116546 	-1.2772672e-09 	0.00013353985 	-0.016479752
-0.0038378378 	-0.015116579 	-1.2791209e-09 	0.00013134092 	-0.015845349
-0.0038258258 	-0.015116611 	-1.2809746e-09 	0.00012914199 	-0.015210946
-0.0038138138 	-0.015116644 	-1.2828282e-09 	0.00012694306 	-0.014576543
-0.0038018018 	-0.015116676 	-1.2846819e-09 	0.00012474413 	-0.01394214
-0.0037897898 	-0.015116708 	-1.2866745e-09 	0.00012248544 	-0.013309909
-0.0037777778 	-0.015116739 	-1.2889273e-09 	0.00012011481 	-0.012681749
-0.0037657658 	-0.015116769 	-1.29118e-09 	0.00011774418 	-0.012053589
-0.0037537538 	-0.0151168 	-1.2934328e-09 	0.00011537355 	-0.011425428
-0.0037417417 	-0.015116831 	-1.2956856e-09 	0.00011300292 	-0.010797268
-0.0037297297 	-0.015116861 	-1.2979384e-09 	0.00011063229 	-0.010169108
-0.0037177177 	-0.015116892 	-1.3001911e-09 	0.00010826166 	-0.0095409472
-0.0037057057 	-0.015116925 	-1.3004916e-09 	0.00010332482 	-0.0086371869
-0.0036936937 	-0.015116958 	-1.3000792e-09 	9.7450963e-05 	-0.0076327939
-0.0036816817 	-0.015116991 	-1.2996669e-09 	9.1577103e-05 	-0.0066284008
-0.0036696697 	-0.015117024 	-1.2992545e-09 	8.5703243e-05 	-0.0056240078
-0.0036576577 	-0.015117058 	-1.2988421e-09 	7.9829383e-05 	-0.0046196148
-0.0036456456 	-0.015117091 	-1.2984297e-09 	7.3955523e-05 	-0.0036152217
-0.0036336336 	-0.015117124 	-1.2980173e-09 	6.8081663e-05 	-0.0026108287
-0.0036216216 	-0.015117157 	-1.297605e-09 	6.2207803e-05 	-0.0016064357
-0.0036096096 	-0.01511719 	-1.2971926e-09 	5.6333943e-05 	-0.00060204266
-0.0035975976 	-0.015117224 	-1.2967802e-09 	5.0460083e-05 	0.00040235037
-0.0035855856 	-0.015117257 	-1.2963678e-09 	4.4586223e-05 	0.0014067434
-0.0035735736 	-0.01511729 	-1.2959555e-09 	3.8712363e-05 	0.0024111364
-0.0035615616 	-0.015117323 	-1.2955431e-09 	3.2838503e-05 	0.0034155295
-0.0035495495 	-0.015117357 	-1.2951307e-09 	2.6964643e-05 	0.0044199225
-0.0035375375 	-0.01511739 	-1.2947183e-09 	2.1090783e-05 	0.0054243155
-0.0035255255 	-0.015117423 	-1.2943059e-09 	1.5216923e-05 	0.0064287085
-0.0035135135 	-0.015117456 	-1.2938936e-09 	9.3430635e-06 	0.0074331016
-0.0035015015 	-0.01511749 	-1.2934812e-09 	3.4692035e-06 	0.0084374946
-0.0034894895 	-0.015117523 	-1.2930688e-09 	-2.4046564e-06 	0.0094418876
-0.0034774775 	-0.015117556 	-1.2926564e-09 	-8.2785164e-06 	0.010446281
-0.0034654655 	-0.015117589 	-1.292244e-09 	-1.4152376e-05 	0.011450674
-0.0034534535 	-0.015117623 	-1.2918317e-09 	-2.0026236e-05 	0.012455067
-0.0034414414 	-0.015117656 	-1.2914193e-09 	-2.5900096e-05 	0.01345946
-0.0034294294 	-0.015117689 	-1.2910069e-09 	-3.1773956e-05 	0.014463853
-0.0034174174 	-0.015117722 	-1.2905945e-09 	-3.7647816e-05 	0.015468246
-0.0034054054 	-0.015117755 	-1.2901822e-09 	-4.3521676e-05 	0.016472639
-0.0033933934 	-0.015117789 	-1.2897698e-09 	-4.9395536e-05 	0.017477032
-0.0033813814 	-0.015117822 	-1.2893574e-09 	-5.5269396e-05 	0.018481425
-0.0033693694 	-0.015117855 	-1.2886768e-09 	-6.1106943e-05 	0.019479052
-0.0033573574 	-0.015117887 	-1.2877904e-09 	-6.6916627e-05 	0.020471488
-0.0033453453 	-0.015117919 	-1.286904e-09 	-7.2726312e-05 	0.021463924
-0.0033333333 	-0.015117951 	-1.2860176e-09 	-7.8535996e-05 	0.02245636
-0.0033213213 	-0.015117983 	-1.2851312e-09 	-8.434568e-05 	0.023448796
-0.0033093093 	-0.015118015 	-1.2842448e-09 	-9.0155365e-05 	0.024441232
-0.0032972973 	-0.015118048 	-1.2833584e-09 	-9.5965049e-05 	0.025433668
-0.0032852853 	-0.015118079 	-1.282675e-09 	-0.00010185241 	0.026432062
-0.0032732733 	-0.01511809 	-1.2850747e-09 	-0.00010891945 	0.027520942
-0.0032612613 	-0.015118101 	-1.2874744e-09 	-0.00011598649 	0.028609822
-0.0032492492 	-0.015118113 	-1.2898741e-09 	-0.00012305353 	0.029698701
-0.0032372372 	-0.015118124 	-1.2922738e-09 	-0.00013012056 	0.030787581
-0.0032252252 	-0.015118135 	-1.2946735e-09 	-0.0001371876 	0.03187646
-0.0032132132 	-0.015118147 	-1.2970732e-09 	-0.00014425464 	0.03296534
-0.0032012012 	-0.015118158 	-1.2994728e-09 	-0.00015132168 	0.034054219
-0.0031891892 	-0.01511817 	-1.3018725e-09 	-0.00015838872 	0.035143099
-0.0031771772 	-0.015118181 	-1.3042722e-09 	-0.00016545576 	0.036231979
-0.0031651652 	-0.015118192 	-1.3066719e-09 	-0.0001725228 	0.037320858
-0.0031531532 	-0.015118204 	-1.3090716e-09 	-0.00017958983 	0.038409738
-0.0031411411 	-0.015118215 	-1.3114713e-09 	-0.00018665687 	0.039498617
-0.0031291291 	-0.015118227 	-1.313871e-09 	-0.00019372391 	0.040587497
-0.0031171171 	-0.015118238 	-1.3162707e-09 	-0.00020079095 	0.041676377
-0.0031051051 	-0.015118249 	-1.3186704e-09 	-0.00020785799 	0.042765256
-0.0030930931 	-0.015118261 	-1.3210701e-09 	-0.00021492503 	0.043854136
-0.0030810811 	-0.015118272 	-1.3234698e-09 	-0.00022199207 	0.044943015
-0.0030690691 	-0.015118284 	-1.3258695e-09 	-0.00022905911 	0.046031895
-0.0030570571 	-0.015118295 	-1.3282692e-09 	-0.00023612614 	0.047120774
-0.003045045 	-0.015118306 	-1.3306689e-09 	-0.00024319318 	0.048209654
-0.003033033 	-0.015118318 	-1.3330686e-09 	-0.00025026022 	0.049298534
-0.003021021 	-0.015118329 	-1.3354683e-09 	-0.00025732726 	0.050387413
-0.003009009 	-0.015118341 	-1.337868e-09 	-0.0002643943 	0.051476293
-0.002996997 	-0.015118352 	-1.3402677e-09 	-0.00027146134 	0.052565172
-0.002984985 	-0.015118363 	-1.3426674e-09 	-0.00027852838 	0.053654052
-0.002972973 	-0.015118375 	-1.3450671e-09 	-0.00028559542 	0.054742931
-0.002960961 	-0.015118386 	-1.3474668e-09 	-0.00029266245 	0.055831811
-0.0029489489 	-0.015118398 	-1.3498665e-09 	-0.00029972949 	0.056920691
-0.0029369369 	-0.015118409 	-1.3522662e-09 	-0.00030679653 	0.05800957
-0.0029249249 	-0.01511842 	-1.3546659e-09 	-0.00031386357 	0.05909845
-0.0029129129 	-0.015118432 	-1.3570656e-09 	-0.00032093061 	0.060187329
-0.0029009009 	-0.015118443 	-1.3590344e-09 	-0.00032797179 	0.061274254
-0.0028888889 	-0.015118456 	-1.3575849e-09 	-0.00033480789 	0.062345671
-0.0028768769 	-0.015118468 	-1.3561355e-09 	-0.00034164399 	0.063417089
-0.0028648649 	-0.015118481 	-1.3546861e-09 	-0.00034848009 	0.064488506
-0.0028528529 	-0.015118493 	-1.3532367e-09 	-0.00035531619 	0.065559924
-0.0028408408 	-0.015118505 	-1.3517873e-09 	-0.00036215229 	0.066631341
-0.0028288288 	-0.015118518 	-1.3503379e-09 	-0.00036898839 	0.067702758
-0.0028168168 	-0.01511853 	-1.3488885e-09 	-0.00037582449 	0.068774176
-0.0028048048 	-0.015118543 	-1.3474391e-09 	-0.00038266059 	0.069845593
-0.0027927928 	-0.015118472 	-1.3638109e-09 	-0.00040282051 	0.073080339
-0.0027807808 	-0.015118346 	-1.3920635e-09 	-0.00043186298 	0.077757302
-0.0027687688 	-0.01511822 	-1.420316e-09 	-0.00046090544 	0.082434265
-0.0027567568 	-0.015118095 	-1.4485686e-09 	-0.00048994791 	0.087111229
-0.0027447447 	-0.01511797 	-1.471764e-09 	-0.00051871577 	0.091762114
-0.0027327327 	-0.015117854 	-1.4702652e-09 	-0.00054614277 	0.096285655
-0.0027207207 	-0.015117831 	-1.4877278e-09 	-0.00055799509 	0.098265736
-0.0027087087 	-0.01511781 	-1.5058127e-09 	-0.0005693363 	0.10016235
-0.0026966967 	-0.01511779 	-1.5238976e-09 	-0.00058067752 	0.10205896
-0.0026846847 	-0.015117769 	-1.5419825e-09 	-0.00059201873 	0.10395558
-0.0026726727 	-0.015117748 	-1.5600674e-09 	-0.00060335995 	0.10585219
-0.0026606607 	-0.01511773 	-1.5651698e-09 	-0.00061421561 	0.10770942
-0.0026486486 	-0.015117708 	-1.5816511e-09 	-0.00062556779 	0.10964791
-0.0026366366 	-0.015117681 	-1.6069372e-09 	-0.00063730064 	0.11164696
-0.0026246246 	-0.015117654 	-1.6322232e-09 	-0.00064903349 	0.113646
-0.0026126126 	-0.015117628 	-1.6575093e-09 	-0.00066076634 	0.11564505
-0.0026006006 	-0.015117601 	-1.6827953e-09 	-0.00067249919 	0.11764409
-0.0025885886 	-0.015117575 	-1.7080814e-09 	-0.00068423204 	0.11964314
-0.0025765766 	-0.01511755 	-1.7197593e-09 	-0.00069550004 	0.12160297
-0.0025645646 	-0.015117522 	-1.7374108e-09 	-0.00070697813 	0.12361174
-0.0025525526 	-0.015117486 	-1.7706829e-09 	-0.00071900187 	0.12572881
-0.0025405405 	-0.01511745 	-1.8039549e-09 	-0.0007310256 	0.12784589
-0.0025285285 	-0.015117414 	-1.837227e-09 	-0.00074304934 	0.12996296
-0.0025165165 	-0.015117378 	-1.870499e-09 	-0.00075507307 	0.13208003
-0.0025045045 	-0.015117341 	-1.9037711e-09 	-0.00076709681 	0.1341971
-0.0024924925 	-0.015117305 	-1.9370431e-09 	-0.00077912054 	0.13631418
-0.0024804805 	-0.015117272 	-1.9557825e-09 	-0.00079067565 	0.13838966
-0.0024684685 	-0.015117237 	-1.975272e-09 	-0.00080223623 	0.14047977
-0.0024564565 	-0.015117192 	-2.0176389e-09 	-0.00081438956 	0.14273202
-0.0024444444 	-0.015117147 	-2.0600057e-09 	-0.00082654288 	0.14498428
-0.0024324324 	-0.015117103 	-2.1023726e-09 	-0.00083869621 	0.14723654
-0.0024204204 	-0.015117058 	-2.1447394e-09 	-0.00085084954 	0.14948879
-0.0024084084 	-0.015117013 	-2.1871063e-09 	-0.00086300287 	0.15174105
-0.0023963964 	-0.015116968 	-2.2294732e-09 	-0.0008751562 	0.15399331
-0.0023843844 	-0.015116924 	-2.27184e-09 	-0.00088730953 	0.15624556
-0.0023723724 	-0.015116881 	-2.3009542e-09 	-0.00089903977 	0.15845735
-0.0023603604 	-0.01511684 	-2.3263401e-09 	-0.00091065098 	0.16065775
-0.0023483483 	-0.015116788 	-2.3721471e-09 	-0.00092260059 	0.16302003
-0.0023363363 	-0.015116735 	-2.423352e-09 	-0.00093463965 	0.1654251
-0.0023243243 	-0.015116681 	-2.4745569e-09 	-0.0009466787 	0.16783018
-0.0023123123 	-0.015116627 	-2.5257619e-09 	-0.00095871776 	0.17023525
-0.0023003003 	-0.015116574 	-2.5769668e-09 	-0.00097075682 	0.17264032
-0.0022882883 	-0.01511652 	-2.6281717e-09 	-0.00098279587 	0.1750454
-0.0022762763 	-0.015116466 	-2.6793766e-09 	-0.00099483493 	0.17745047
-0.0022642643 	-0.015116413 	-2.7305815e-09 	-0.001006874 	0.17985554
-0.0022522523 	-0.015116361 	-2.7745087e-09 	-0.0010186641 	0.182234
-0.0022402402 	-0.01511631 	-2.8102936e-09 	-0.0010301757 	0.18458269
-0.0022282282 	-0.015116257 	-2.8506074e-09 	-0.0010416894 	0.18697977
-0.0022162162 	-0.015116194 	-2.9074335e-09 	-0.0010532105 	0.18955328
-0.0022042042 	-0.01511613 	-2.9642597e-09 	-0.0010647317 	0.1921268
-0.0021921922 	-0.015116067 	-3.0210859e-09 	-0.0010762528 	0.19470031
-0.0021801802 	-0.015116003 	-3.077912e-09 	-0.001087774 	0.19727382
-0.0021681682 	-0.01511594 	-3.1347382e-09 	-0.0010992951 	0.19984734
-0.0021561562 	-0.015115876 	-3.1915643e-09 	-0.0011108163 	0.20242085
-0.0021441441 	-0.015115813 	-3.2483905e-09 	-0.0011223374 	0.20499437
-0.0021321321 	-0.015115749 	-3.3052167e-09 	-0.0011338586 	0.20756788
-0.0021201201 	-0.015115686 	-3.3620428e-09 	-0.0011453797 	0.21014139
-0.0021081081 	-0.015115625 	-3.4102325e-09 	-0.0011565224 	0.21266717
-0.0020960961 	-0.015115565 	-3.4559711e-09 	-0.0011675576 	0.21517941
-0.0020840841 	-0.015115502 	-3.5040321e-09 	-0.0011784432 	0.2177438
-0.0020720721 	-0.015115429 	-3.5603703e-09 	-0.0011887954 	0.22049414
-0.0020600601 	-0.015115355 	-3.6167085e-09 	-0.0011991476 	0.22324447
-0.002048048 	-0.015115281 	-3.6730466e-09 	-0.0012094998 	0.2259948
-0.002036036 	-0.015115208 	-3.7293848e-09 	-0.001219852 	0.22874513
-0.002024024 	-0.015115134 	-3.785723e-09 	-0.0012302042 	0.23149547
-0.002012012 	-0.01511506 	-3.8420612e-09 	-0.0012405564 	0.2342458
-0.002 	-0.015114987 	-3.8983994e-09 	-0.0012509086 	0.23699613
-0.001987988 	-0.015114913 	-3.9547376e-09 	-0.0012612608 	0.23974646
-0.001975976 	-0.015114839 	-4.0110758e-09 	-0.001271613 	0.2424968
-0.001963964 	-0.015114766 	-4.067414e-09 	-0.0012819652 	0.24524713
-0.001951952 	-0.015114694 	-4.1213757e-09 	-0.0012921089 	0.24796346
-0.0019399399 	-0.015114624 	-4.1731027e-09 	-0.0013020566 	0.25064782
-0.0019279279 	-0.015114554 	-4.2248298e-09 	-0.0013120044 	0.25333218
-0.0019159159 	-0.015114476 	-4.2729463e-09 	-0.0013208781 	0.25615963
-0.0019039039 	-0.015114393 	-4.3187712e-09 	-0.0013290701 	0.25907791
-0.0018918919 	-0.01511431 	-4.3645961e-09 	-0.0013372622 	0.26199618
-0.0018798799 	-0.015114227 	-4.4104211e-09 	-0.0013454542 	0.26491446
-0.0018678679 	-0.015114144 	-4.456246e-09 	-0.0013536462 	0.26783273
-0.0018558559 	-0.015114061 	-4.5020709e-09 	-0.0013618383 	0.270751
-0.0018438438 	-0.015113978 	-4.5478958e-09 	-0.0013700303 	0.27366928
-0.0018318318 	-0.015113894 	-4.5937208e-09 	-0.0013782223 	0.27658755
-0.0018198198 	-0.015113811 	-4.6395457e-09 	-0.0013864144 	0.27950582
-0.0018078078 	-0.015113728 	-4.6853706e-09 	-0.0013946064 	0.2824241
-0.0017957958 	-0.015113645 	-4.7311955e-09 	-0.0014027984 	0.28534237
-0.0017837838 	-0.015113562 	-4.7770204e-09 	-0.0014109905 	0.28826065
-0.0017717718 	-0.015113481 	-4.8243564e-09 	-0.0014190563 	0.29114636
-0.0017597598 	-0.015113401 	-4.8733939e-09 	-0.0014269801 	0.29399541
-0.0017477477 	-0.015113322 	-4.9224313e-09 	-0.0014349038 	0.29684447
-0.0017357357 	-0.015113241 	-4.9671419e-09 	-0.0014422494 	0.29972784
-0.0017237237 	-0.015113151 	-4.9916937e-09 	-0.0014469016 	0.30277112
-0.0017117117 	-0.015113061 	-5.0162455e-09 	-0.0014515537 	0.3058144
-0.0016996997 	-0.015112971 	-5.0407973e-09 	-0.0014562059 	0.30885767
-0.0016876877 	-0.015112882 	-5.0653492e-09 	-0.0014608581 	0.31190095
-0.0016756757 	-0.015112792 	-5.089901e-09 	-0.0014655102 	0.31494423
-0.0016636637 	-0.015112702 	-5.1144528e-09 	-0.0014701624 	0.31798751
-0.0016516517 	-0.015112612 	-5.1390046e-09 	-0.0014748145 	0.32103079
-0.0016396396 	-0.015112522 	-5.1635564e-09 	-0.0014794667 	0.32407407
-0.0016276276 	-0.015112433 	-5.1881082e-09 	-0.0014841189 	0.32711734
-0.0016156156 	-0.015112343 	-5.2126601e-09 	-0.001488771 	0.33016062
-0.0016036036 	-0.015112253 	-5.2372119e-09 	-0.0014934232 	0.3332039
-0.0015915916 	-0.015112163 	-5.2617637e-09 	-0.0014980754 	0.33624718
-0.0015795796 	-0.015112074 	-5.2863155e-09 	-0.0015027275 	0.33929046
-0.0015675676 	-0.015111985 	-5.314761e-09 	-0.0015073525 	0.3423059
-0.0015555556 	-0.015111899 	-5.348936e-09 	-0.0015119376 	0.34528039
-0.0015435435 	-0.015111812 	-5.383111e-09 	-0.0015165226 	0.34825488
-0.0015315315 	-0.015111726 	-5.417286e-09 	-0.0015211077 	0.35122936
-0.0015195195 	-0.015111635 	-5.4267421e-09 	-0.0015221337 	0.35426776
-0.0015075075 	-0.015111541 	-5.4239451e-09 	-0.0015213956 	0.35733783
-0.0014954955 	-0.015111447 	-5.4211481e-09 	-0.0015206574 	0.3604079
-0.0014834835 	-0.015111354 	-5.418351e-09 	-0.0015199193 	0.36347798
-0.0014714715 	-0.01511126 	-5.415554e-09 	-0.0015191811 	0.36654805
-0.0014594595 	-0.015111166 	-5.412757e-09 	-0.001518443 	0.36961812
-0.0014474474 	-0.015111073 	-5.40996e-09 	-0.0015177048 	0.3726882
-0.0014354354 	-0.015110979 	-5.407163e-09 	-0.0015169666 	0.37575827
-0.0014234234 	-0.015110885 	-5.404366e-09 	-0.0015162285 	0.37882834
-0.0014114114 	-0.015110792 	-5.401569e-09 	-0.0015154903 	0.38189841
-0.0013993994 	-0.015110698 	-5.3987719e-09 	-0.0015147522 	0.38496849
-0.0013873874 	-0.015110604 	-5.3959749e-09 	-0.001514014 	0.38803856
-0.0013753754 	-0.015110511 	-5.3931779e-09 	-0.0015132759 	0.39110863
-0.0013633634 	-0.015110417 	-5.3903809e-09 	-0.0015125377 	0.39417871
-0.0013513514 	-0.015110323 	-5.3875839e-09 	-0.0015117995 	0.39724878
-0.0013393393 	-0.01511023 	-5.3853172e-09 	-0.0015110707 	0.40031598
-0.0013273273 	-0.015110139 	-5.3938724e-09 	-0.001510531 	0.4033246
-0.0013153153 	-0.015110048 	-5.4024276e-09 	-0.0015099913 	0.40633321
-0.0013033033 	-0.015109957 	-5.4109828e-09 	-0.0015094517 	0.40934182
-0.0012912913 	-0.015109867 	-5.419538e-09 	-0.001508912 	0.41235044
-0.0012792793 	-0.01510978 	-5.3924641e-09 	-0.0015013101 	0.41575726
-0.0012672673 	-0.015109695 	-5.3569727e-09 	-0.0014920397 	0.41925817
-0.0012552553 	-0.01510961 	-5.3214812e-09 	-0.0014827694 	0.42275908
-0.0012432432 	-0.015109524 	-5.2859898e-09 	-0.001473499 	0.42625999
-0.0012312312 	-0.015109439 	-5.2504984e-09 	-0.0014642286 	0.4297609
-0.0012192192 	-0.015109354 	-5.2150069e-09 	-0.0014549582 	0.4332618
-0.0012072072 	-0.015109268 	-5.1795155e-09 	-0.0014456879 	0.43676271
-0.0011951952 	-0.015109183 	-5.1440241e-09 	-0.0014364175 	0.44026362
-0.0011831832 	-0.015109098 	-5.1085326e-09 	-0.0014271471 	0.44376453
-0.0011711712 	-0.015109013 	-5.0730412e-09 	-0.0014178767 	0.44726544
-0.0011591592 	-0.015108927 	-5.0375498e-09 	-0.0014086064 	0.45076635
-0.0011471471 	-0.015108842 	-5.0020583e-09 	-0.001399336 	0.45426725
-0.0011351351 	-0.015108757 	-4.9665669e-09 	-0.0013900656 	0.45776816
-0.0011231231 	-0.015108671 	-4.9310755e-09 	-0.0013807952 	0.46126907
-0.0011111111 	-0.015108586 	-4.895584e-09 	-0.0013715249 	0.46476998
-0.0010990991 	-0.015108501 	-4.8600926e-09 	-0.0013622545 	0.46827089
-0.0010870871 	-0.015108415 	-4.8246012e-09 	-0.0013529841 	0.4717718
-0.0010750751 	-0.01510833 	-4.7899715e-09 	-0.0013437566 	0.47526927
-0.0010630631 	-0.015108245 	-4.7641834e-09 	-0.0013349686 	0.47873158
-0.0010510511 	-0.015108159 	-4.7383953e-09 	-0.0013261806 	0.48219388
-0.001039039 	-0.015108074 	-4.7126072e-09 	-0.0013173927 	0.48565618
-0.001027027 	-0.015107989 	-4.686819e-09 	-0.0013086047 	0.48911849
-0.001015015 	-0.015107916 	-4.6613042e-09 	-0.0012988395 	0.49216502
-0.001003003 	-0.015107874 	-4.636486e-09 	-0.0012865836 	0.49415192
-0.00099099099 	-0.015107832 	-4.6116678e-09 	-0.0012743278 	0.49613882
-0.00097897898 	-0.01510779 	-4.5868495e-09 	-0.0012620719 	0.49812572
-0.00096696697 	-0.015107748 	-4.5620313e-09 	-0.0012498161 	0.50011262
-0.00095495495 	-0.015107706 	-4.537213e-09 	-0.0012375602 	0.50209952
-0.00094294294 	-0.015107665 	-4.5123948e-09 	-0.0012253044 	0.50408642
-0.00093093093 	-0.015107623 	-4.4875766e-09 	-0.0012130485 	0.50607331
-0.00091891892 	-0.015107581 	-4.4627583e-09 	-0.0012007927 	0.50806021
-0.00090690691 	-0.015107539 	-4.4373333e-09 	-0.0011884863 	0.51005041
-0.00089489489 	-0.015107498 	-4.4088257e-09 	-0.0011759229 	0.51205737
-0.00088288288 	-0.015107456 	-4.3803182e-09 	-0.0011633596 	0.51406433
-0.00087087087 	-0.015107414 	-4.3518106e-09 	-0.0011507963 	0.51607128
-0.00085885886 	-0.015107373 	-4.3233031e-09 	-0.0011382329 	0.51807824
-0.00084684685 	-0.015107331 	-4.2947955e-09 	-0.0011256696 	0.5200852
-0.00083483483 	-0.01510729 	-4.2662879e-09 	-0.0011131062 	0.52209215
-0.00082282282 	-0.015107248 	-4.2377804e-09 	-0.0011005429 	0.52409911
-0.00081081081 	-0.015107207 	-4.2092728e-09 	-0.0010879796 	0.52610606
-0.0007987988 	-0.015107165 	-4.1807653e-09 	-0.0010754162 	0.52811302
-0.00078678679 	-0.015107124 	-4.1522577e-09 	-0.0010628529 	0.53011998
-0.00077477477 	-0.015107082 	-4.1237502e-09 	-0.0010502896 	0.53212693
-0.00076276276 	-0.015107041 	-4.0952426e-09 	-0.0010377262 	0.53413389
-0.00075075075 	-0.015106999 	-4.0667351e-09 	-0.0010251629 	0.53614085
-0.00073873874 	-0.015106957 	-4.0382275e-09 	-0.0010125995 	0.5381478
-0.00072672673 	-0.015106916 	-4.00972e-09 	-0.0010000362 	0.54015476
-0.00071471471 	-0.015106874 	-3.9812124e-09 	-0.00098747287 	0.54216172
-0.0007027027 	-0.015106833 	-3.9527049e-09 	-0.00097490953 	0.54416867
-0.00069069069 	-0.015106791 	-3.9241973e-09 	-0.0009623462 	0.54617563
-0.00067867868 	-0.01510675 	-3.8956898e-09 	-0.00094978286 	0.54818259
-0.00066666667 	-0.015106708 	-3.8671822e-09 	-0.00093721952 	0.55018954
-0.00065465465 	-0.015106667 	-3.8386747e-09 	-0.00092465618 	0.5521965
-0.00064264264 	-0.015106625 	-3.8101671e-09 	-0.00091209285 	0.55420346
-0.00063063063 	-0.015106584 	-3.7816596e-09 	-0.00089952951 	0.55621041
-0.00061861862 	-0.015106542 	-3.753152e-09 	-0.00088696617 	0.55821737
-0.00060660661 	-0.0151065 	-3.7246445e-09 	-0.00087440283 	0.56022433
-0.00059459459 	-0.015106459 	-3.6961369e-09 	-0.0008618395 	0.56223128
-0.00058258258 	-0.015106417 	-3.6676294e-09 	-0.00084927616 	0.56423824
-0.00057057057 	-0.015106376 	-3.6391218e-09 	-0.00083671282 	0.5662452
-0.00055855856 	-0.015106334 	-3.6106142e-09 	-0.00082414948 	0.56825215
-0.00054654655 	-0.015106293 	-3.5821067e-09 	-0.00081158615 	0.57025911
-0.00053453453 	-0.015106251 	-3.5535991e-09 	-0.00079902281 	0.57226607
-0.00052252252 	-0.01510621 	-3.5250916e-09 	-0.00078645947 	0.57427302
-0.00051051051 	-0.015106168 	-3.496584e-09 	-0.00077389613 	0.57627998
-0.0004984985 	-0.015106143 	-3.4827186e-09 	-0.0007563637 	0.57728135
-0.00048648649 	-0.01510612 	-3.4706463e-09 	-0.00073822275 	0.57815958
-0.00047447447 	-0.015106097 	-3.4585739e-09 	-0.0007200818 	0.5790378
-0.00046246246 	-0.015106074 	-3.4465016e-09 	-0.00070194084 	0.57991603
-0.00045045045 	-0.015106051 	-3.4344292e-09 	-0.00068379989 	0.58079425
-0.00043843844 	-0.015106028 	-3.4223568e-09 	-0.00066565894 	0.58167248
-0.00042642643 	-0.015106005 	-3.4102845e-09 	-0.00064751799 	0.58255071
-0.00041441441 	-0.015105982 	-3.3982121e-09 	-0.00062937704 	0.58342893
-0.0004024024 	-0.015105959 	-3.3861398e-09 	-0.00061123608 	0.58430716
-0.00039039039 	-0.015105936 	-3.3732359e-09 	-0.00059301352 	0.58518744
-0.00037837838 	-0.015105913 	-3.3600886e-09 	-0.00057476707 	0.58606833
-0.00036636637 	-0.01510589 	-3.3469412e-09 	-0.00055652061 	0.58694922
-0.00035435435 	-0.015105867 	-3.3337939e-09 	-0.00053827416 	0.58783011
-0.00034234234 	-0.015105844 	-3.3206466e-09 	-0.00052002771 	0.588711
-0.00033033033 	-0.015105821 	-3.3074993e-09 	-0.00050178126 	0.58959189
-0.00031831832 	-0.015105798 	-3.294352e-09 	-0.00048353481 	0.59047277
-0.00030630631 	-0.015105775 	-3.2812047e-09 	-0.00046528835 	0.59135366
-0.00029429429 	-0.015105752 	-3.2680573e-09 	-0.0004470419 	0.59223455
-0.00028228228 	-0.015105728 	-3.25491e-09 	-0.00042879545 	0.59311544
-0.00027027027 	-0.015105705 	-3.2417627e-09 	-0.000410549 	0.59399633
-0.00025825826 	-0.015105682 	-3.2286154e-09 	-0.00039230254 	0.59487721
-0.00024624625 	-0.015105659 	-3.2154681e-09 	-0.00037405609 	0.5957581
-0.00023423423 	-0.015105636 	-3.2023208e-09 	-0.00035580964 	0.59663899
-0.00022222222 	-0.015105613 	-3.1891734e-09 	-0.00033756319 	0.59751988
-0.00021021021 	-0.01510559 	-3.1760261e-09 	-0.00031931673 	0.59840077
-0.0001981982 	-0.015105567 	-3.1628788e-09 	-0.00030107028 	0.59928166
-0.00018618619 	-0.015105544 	-3.1497315e-09 	-0.00028282383 	0.60016254
-0.00017417417 	-0.015105521 	-3.1365842e-09 	-0.00026457738 	0.60104343
-0.00016216216 	-0.015105498 	-3.1234369e-09 	-0.00024633092 	0.60192432
-0.00015015015 	-0.015105475 	-3.1102895e-09 	-0.00022808447 	0.60280521
-0.00013813814 	-0.015105451 	-3.0971422e-09 	-0.00020983802 	0.6036861
-0.00012612613 	-0.015105428 	-3.0839949e-09 	-0.00019159157 	0.60456698
-0.00011411411 	-0.015105405 	-3.0708476e-09 	-0.00017334511 	0.60544787
-0.0001021021 	-0.015105382 	-3.0577003e-09 	-0.00015509866 	0.60632876
-9.009009e-05 	-0.015105359 	-3.0445529e-09 	-0.00013685221 	0.60720965
-7.8078078e-05 	-0.015105336 	-3.0314056e-09 	-0.00011860576 	0.60809054
-6.6066066e-05 	-0.015105313 	-3.0182583e-09 	-0.0001003593 	0.60897143
-5.4054054e-05 	-0.01510529 	-3.005111e-09 	-8.2112851e-05 	0.60985231
-4.2042042e-05 	-0.015105267 	-2.9919637e-09 	-6.3866399e-05 	0.6107332
-3.003003e-05 	-0.015105244 	-2.9788164e-09 	-4.5619947e-05 	0.61161409
-1.8018018e-05 	-0.015105221 	-2.965669e-09 	-2.7373494e-05 	0.61249498
-6.006006e-06 	-0.015105198 	-2.9525217e-09 	-9.1270417e-06 	0.61337587
6.006006e-06 	-0.015105198 	-2.9524494e-09 	9.066661e-06 	0.6133772
1.8018018e-05 	-0.015105221 	-2.9654521e-09 	2.7207614e-05 	0.61249897
3.003003e-05 	-0.015105244 	-2.9784548e-09 	4.5348567e-05 	0.61162074
4.2042042e-05 	-0.015105266 	-2.9914575e-09 	6.348952e-05 	0.61074251
5.4054054e-05 	-0.015105289 	-3.0044601e-09 	8.1630473e-05 	0.60986428
6.6066066e-05 	-0.015105312 	-3.0174628e-09 	9.9771426e-05 	0.60898605
7.8078078e-05 	-0.015105335 	-3.0304655e-09 	0.00011791238 	0.60810782
9.009009e-05 	-0.015105358 	-3.0434682e-09 	0.00013605333 	0.60722959
0.0001021021 	-0.015105381 	-3.0564709e-09 	0.00015419428 	0.60635137
0.00011411411 	-0.015105404 	-3.0698685e-09 	0.00017237561 	0.60547212
0.00012612613 	-0.015105427 	-3.0839031e-09 	0.00019062206 	0.60459123
0.00013813814 	-0.015105451 	-3.0979378e-09 	0.00020886852 	0.60371034
0.00015015015 	-0.015105474 	-3.1119724e-09 	0.00022711497 	0.60282944
0.00016216216 	-0.015105497 	-3.1260071e-09 	0.00024536142 	0.60194855
0.00017417417 	-0.01510552 	-3.1400418e-09 	0.00026360788 	0.60106766
0.00018618619 	-0.015105543 	-3.1540764e-09 	0.00028185433 	0.60018677
0.0001981982 	-0.015105566 	-3.1681111e-09 	0.00030010078 	0.59930588
0.00021021021 	-0.015105589 	-3.1821457e-09 	0.00031834724 	0.59842499
0.00022222222 	-0.015105612 	-3.1961804e-09 	0.00033659369 	0.5975441
0.00023423423 	-0.015105635 	-3.2102151e-09 	0.00035484015 	0.59666321
0.00024624625 	-0.015105658 	-3.2242497e-09 	0.0003730866 	0.59578232
0.00025825826 	-0.015105681 	-3.2382844e-09 	0.00039133305 	0.59490143
0.00027027027 	-0.015105704 	-3.252319e-09 	0.00040957951 	0.59402053
0.00028228228 	-0.015105728 	-3.2663537e-09 	0.00042782596 	0.59313964
0.00029429429 	-0.015105751 	-3.2803884e-09 	0.00044607241 	0.59225875
0.00030630631 	-0.015105774 	-3.294423e-09 	0.00046431887 	0.59137786
0.00031831832 	-0.015105797 	-3.3084577e-09 	0.00048256532 	0.59049697
0.00033033033 	-0.01510582 	-3.3224923e-09 	0.00050081177 	0.58961608
0.00034234234 	-0.015105843 	-3.336527e-09 	0.00051905823 	0.58873519
0.00035435435 	-0.015105866 	-3.3505617e-09 	0.00053730468 	0.5878543
0.00036636637 	-0.015105889 	-3.3645963e-09 	0.00055555113 	0.58697341
0.00037837838 	-0.015105912 	-3.378631e-09 	0.00057379759 	0.58609251
0.00039039039 	-0.015105935 	-3.3926656e-09 	0.00059204404 	0.58521162
0.0004024024 	-0.015105958 	-3.4067003e-09 	0.00061029049 	0.58433073
0.00041441441 	-0.015105981 	-3.420735e-09 	0.00062853695 	0.58344984
0.00042642643 	-0.015106005 	-3.4347696e-09 	0.0006467834 	0.58256895
0.00043843844 	-0.015106028 	-3.4488043e-09 	0.00066502985 	0.58168806
0.00045045045 	-0.015106051 	-3.4628389e-09 	0.00068327631 	0.58080717
0.00046246246 	-0.015106074 	-3.4768736e-09 	0.00070152276 	0.57992628
0.00047447447 	-0.015106097 	-3.4909083e-09 	0.00071976922 	0.57904539
0.00048648649 	-0.01510612 	-3.5049429e-09 	0.00073801567 	0.5781645
0.0004984985 	-0.015106143 	-3.5189776e-09 	0.00075626212 	0.5772836
0.00051051051 	-0.015106168 	-3.5342554e-09 	0.000773855 	0.57628205
0.00052252252 	-0.01510621 	-3.5596848e-09 	0.00078611085 	0.57429515
0.00053453453 	-0.015106252 	-3.5851142e-09 	0.00079836669 	0.57230824
0.00054654655 	-0.015106294 	-3.6105437e-09 	0.00081062254 	0.57032134
0.00055855856 	-0.015106335 	-3.6359731e-09 	0.00082287838 	0.56833444
0.00057057057 	-0.015106377 	-3.6614025e-09 	0.00083513423 	0.56634754
0.00058258258 	-0.015106419 	-3.6868319e-09 	0.00084739007 	0.56436064
0.00059459459 	-0.015106461 	-3.7122613e-09 	0.00085964592 	0.56237373
0.00060660661 	-0.015106503 	-3.7376907e-09 	0.00087190177 	0.56038683
0.00061861862 	-0.015106545 	-3.7631202e-09 	0.00088415761 	0.55839993
0.00063063063 	-0.015106586 	-3.7921907e-09 	0.00089671842 	0.55639314
0.00064264264 	-0.015106628 	-3.8212914e-09 	0.00090928175 	0.55438618
0.00065465465 	-0.015106669 	-3.8503922e-09 	0.00092184509 	0.55237922
0.00066666667 	-0.015106711 	-3.8794929e-09 	0.00093440842 	0.55037226
0.00067867868 	-0.015106752 	-3.9085936e-09 	0.00094697176 	0.5483653
0.00069069069 	-0.015106794 	-3.9376944e-09 	0.00095953509 	0.54635834
0.0007027027 	-0.015106835 	-3.9667951e-09 	0.00097209843 	0.54435138
0.00071471471 	-0.015106877 	-3.9958958e-09 	0.00098466176 	0.54234442
0.00072672673 	-0.015106918 	-4.0249966e-09 	0.0009972251 	0.54033746
0.00073873874 	-0.01510696 	-4.0540973e-09 	0.0010097884 	0.5383305
0.00075075075 	-0.015107002 	-4.083198e-09 	0.0010223518 	0.53632354
0.00076276276 	-0.015107043 	-4.1122987e-09 	0.0010349151 	0.53431659
0.00077477477 	-0.015107085 	-4.1413995e-09 	0.0010474784 	0.53230963
0.00078678679 	-0.015107126 	-4.1705002e-09 	0.0010600418 	0.53030267
0.0007987988 	-0.015107168 	-4.1996009e-09 	0.0010726051 	0.52829571
0.00081081081 	-0.015107209 	-4.2287017e-09 	0.0010851684 	0.52628875
0.00082282282 	-0.015107251 	-4.2578024e-09 	0.0010977318 	0.52428179
0.00083483483 	-0.015107292 	-4.2869031e-09 	0.0011102951 	0.52227483
0.00084684685 	-0.015107334 	-4.3160039e-09 	0.0011228584 	0.52026787
0.00085885886 	-0.015107375 	-4.3451046e-09 	0.0011354218 	0.51826091
0.00087087087 	-0.015107417 	-4.3742053e-09 	0.0011479851 	0.51625395
0.00088288288 	-0.015107459 	-4.4033061e-09 	0.0011605485 	0.51424699
0.00089489489 	-0.0151075 	-4.4324068e-09 	0.0011731118 	0.51224003
0.00090690691 	-0.015107542 	-4.4615075e-09 	0.0011856751 	0.51023307
0.00091891892 	-0.015107583 	-4.4906082e-09 	0.0011982385 	0.50822611
0.00093093093 	-0.015107625 	-4.519709e-09 	0.0012108018 	0.50621916
0.00094294294 	-0.015107666 	-4.5488097e-09 	0.0012233651 	0.5042122
0.00095495495 	-0.015107708 	-4.5779104e-09 	0.0012359285 	0.50220524
0.00096696697 	-0.015107749 	-4.6070112e-09 	0.0012484918 	0.50019828
0.00097897898 	-0.015107791 	-4.6361119e-09 	0.0012610551 	0.49819132
0.00099099099 	-0.015107832 	-4.6652126e-09 	0.0012736185 	0.49618436
0.001003003 	-0.015107874 	-4.6943134e-09 	0.0012861818 	0.4941774
0.001015015 	-0.015107916 	-4.7234141e-09 	0.0012987451 	0.49217044
0.001027027 	-0.015107989 	-4.7500568e-09 	0.001308597 	0.48911825
0.001039039 	-0.015108074 	-4.775735e-09 	0.001317385 	0.48565594
0.0010510511 	-0.015108159 	-4.8014133e-09 	0.0013261729 	0.48219364
0.0010630631 	-0.015108245 	-4.8270915e-09 	0.0013349609 	0.47873133
0.0010750751 	-0.01510833 	-4.8527698e-09 	0.0013437489 	0.47526902
0.0010870871 	-0.015108415 	-4.8873885e-09 	0.0013529764 	0.47177154
0.0010990991 	-0.015108501 	-4.9228787e-09 	0.0013622468 	0.46827063
0.0011111111 	-0.015108586 	-4.9583688e-09 	0.0013715171 	0.46476972
0.0011231231 	-0.015108671 	-4.993859e-09 	0.0013807875 	0.46126881
0.0011351351 	-0.015108757 	-5.0293492e-09 	0.0013900579 	0.45776789
0.0011471471 	-0.015108842 	-5.0648394e-09 	0.0013993282 	0.45426698
0.0011591592 	-0.015108927 	-5.1003296e-09 	0.0014085986 	0.45076607
0.0011711712 	-0.015109013 	-5.1358198e-09 	0.001417869 	0.44726516
0.0011831832 	-0.015109098 	-5.1713099e-09 	0.0014271393 	0.44376425
0.0011951952 	-0.015109183 	-5.2068001e-09 	0.0014364097 	0.44026333
0.0012072072 	-0.015109268 	-5.2422903e-09 	0.0014456801 	0.43676242
0.0012192192 	-0.015109354 	-5.2777805e-09 	0.0014549504 	0.43326151
0.0012312312 	-0.015109439 	-5.3132707e-09 	0.0014642208 	0.4297606
0.0012432432 	-0.015109524 	-5.3487609e-09 	0.0014734911 	0.42625969
0.0012552553 	-0.01510961 	-5.384251e-09 	0.0014827615 	0.42275878
0.0012672673 	-0.015109695 	-5.4197412e-09 	0.0014920319 	0.41925786
0.0012792793 	-0.01510978 	-5.4552314e-09 	0.0015013022 	0.41575695
0.0012912913 	-0.015109867 	-5.482161e-09 	0.0015089041 	0.41235012
0.0013033033 	-0.015109957 	-5.4728562e-09 	0.0015094438 	0.40934151
0.0013153153 	-0.015110048 	-5.4635513e-09 	0.0015099834 	0.40633289
0.0013273273 	-0.015110139 	-5.4542465e-09 	0.0015105231 	0.40332427
0.0013393393 	-0.01511023 	-5.4449417e-09 	0.0015110628 	0.40031566
0.0013513514 	-0.015110323 	-5.4465723e-09 	0.0015117916 	0.39724845
0.0013633634 	-0.015110417 	-5.4487388e-09 	0.0015125298 	0.39417838
0.0013753754 	-0.015110511 	-5.4509054e-09 	0.001513268 	0.3911083
0.0013873874 	-0.015110604 	-5.4530719e-09 	0.0015140061 	0.38803823
0.0013993994 	-0.015110698 	-5.4552385e-09 	0.0015147443 	0.38496815
0.0014114114 	-0.015110792 	-5.457405e-09 	0.0015154824 	0.38189807
0.0014234234 	-0.015110885 	-5.4595716e-09 	0.0015162206 	0.378828
0.0014354354 	-0.015110979 	-5.4617381e-09 	0.0015169587 	0.37575792
0.0014474474 	-0.015111073 	-5.4639046e-09 	0.0015176969 	0.37268785
0.0014594595 	-0.015111166 	-5.4660712e-09 	0.001518435 	0.36961777
0.0014714715 	-0.01511126 	-5.4682377e-09 	0.0015191732 	0.3665477
0.0014834835 	-0.015111354 	-5.4704043e-09 	0.0015199113 	0.36347762
0.0014954955 	-0.015111447 	-5.4725708e-09 	0.0015206495 	0.36040754
0.0015075075 	-0.015111541 	-5.4747374e-09 	0.0015213876 	0.35733747
0.0015195195 	-0.015111635 	-5.4769039e-09 	0.0015221258 	0.35426739
0.0015315315 	-0.015111726 	-5.4667675e-09 	0.0015210998 	0.351229
0.0015435435 	-0.015111812 	-5.4318119e-09 	0.0015165147 	0.34825451
0.0015555556 	-0.015111899 	-5.3968562e-09 	0.0015119296 	0.34528002
0.0015675676 	-0.015111985 	-5.3619005e-09 	0.0015073446 	0.34230553
0.0015795796 	-0.015112074 	-5.3326701e-09 	0.0015027196 	0.33929008
0.0015915916 	-0.015112163 	-5.3073306e-09 	0.0014980674 	0.3362468
0.0016036036 	-0.015112253 	-5.281991e-09 	0.0014934153 	0.33320352
0.0016156156 	-0.015112343 	-5.2566514e-09 	0.0014887631 	0.33016024
0.0016276276 	-0.015112433 	-5.2313119e-09 	0.0014841109 	0.32711696
0.0016396396 	-0.015112522 	-5.2059723e-09 	0.0014794588 	0.32407368
0.0016516517 	-0.015112612 	-5.1806327e-09 	0.0014748066 	0.3210304
0.0016636637 	-0.015112702 	-5.1552932e-09 	0.0014701544 	0.31798712
0.0016756757 	-0.015112792 	-5.1299536e-09 	0.0014655023 	0.31494384
0.0016876877 	-0.015112882 	-5.104614e-09 	0.0014608501 	0.31190056
0.0016996997 	-0.015112971 	-5.0792745e-09 	0.001456198 	0.30885728
0.0017117117 	-0.015113061 	-5.0539349e-09 	0.0014515458 	0.305814
0.0017237237 	-0.015113151 	-5.0285953e-09 	0.0014468936 	0.30277072
0.0017357357 	-0.015113241 	-5.0032558e-09 	0.0014422415 	0.29972744
0.0017477477 	-0.015113322 	-4.9578101e-09 	0.0014348959 	0.29684406
0.0017597598 	-0.015113401 	-4.9080488e-09 	0.0014269721 	0.29399501
0.0017717718 	-0.015113481 	-4.8582875e-09 	0.0014190484 	0.29114595
0.0017837838 	-0.015113562 	-4.8103106e-09 	0.0014109826 	0.28826024
0.0017957958 	-0.015113645 	-4.7639184e-09 	0.0014027905 	0.28534196
0.0018078078 	-0.015113728 	-4.7175262e-09 	0.0013945985 	0.28242369
0.0018198198 	-0.015113811 	-4.671134e-09 	0.0013864065 	0.27950541
0.0018318318 	-0.015113895 	-4.6247419e-09 	0.0013782144 	0.27658714
0.0018438438 	-0.015113978 	-4.5783497e-09 	0.0013700224 	0.27366886
0.0018558559 	-0.015114061 	-4.5319575e-09 	0.0013618304 	0.27075059
0.0018678679 	-0.015114144 	-4.4855653e-09 	0.0013536384 	0.26783231
0.0018798799 	-0.015114227 	-4.4391732e-09 	0.0013454463 	0.26491404
0.0018918919 	-0.01511431 	-4.392781e-09 	0.0013372543 	0.26199576
0.0019039039 	-0.015114393 	-4.3463888e-09 	0.0013290623 	0.25907749
0.0019159159 	-0.015114476 	-4.2999966e-09 	0.0013208703 	0.25615921
0.0019279279 	-0.015114554 	-4.2513202e-09 	0.0013119965 	0.25333176
0.0019399399 	-0.015114624 	-4.1990449e-09 	0.0013020488 	0.2506474
0.001951952 	-0.015114694 	-4.1467696e-09 	0.0012921011 	0.24796303
0.001963964 	-0.015114766 	-4.0923026e-09 	0.0012819574 	0.2452467
0.001975976 	-0.015114839 	-4.0355048e-09 	0.0012716052 	0.24249637
0.001987988 	-0.015114913 	-3.978707e-09 	0.001261253 	0.23974604
0.002 	-0.015114987 	-3.9219092e-09 	0.0012509008 	0.2369957
0.002012012 	-0.01511506 	-3.8651115e-09 	0.0012405486 	0.23424537
0.002024024 	-0.015115134 	-3.8083137e-09 	0.0012301964 	0.23149504
0.002036036 	-0.015115208 	-3.7515159e-09 	0.0012198443 	0.2287447
0.002048048 	-0.015115281 	-3.6947181e-09 	0.0012094921 	0.22599437
0.0020600601 	-0.015115355 	-3.6379203e-09 	0.0011991399 	0.22324403
0.0020720721 	-0.015115429 	-3.5811225e-09 	0.0011887877 	0.2204937
0.0020840841 	-0.015115502 	-3.5243247e-09 	0.0011784355 	0.21774337
0.0020960961 	-0.015115565 	-3.4758396e-09 	0.0011675499 	0.21517897
0.0021081081 	-0.015115625 	-3.4296868e-09 	0.0011565147 	0.21266674
0.0021201201 	-0.015115686 	-3.3810822e-09 	0.001145372 	0.21014096
0.0021321321 	-0.015115749 	-3.3238387e-09 	0.0011338509 	0.20756744
0.0021441441 	-0.015115813 	-3.2665951e-09 	0.0011223298 	0.20499393
0.0021561562 	-0.015115876 	-3.2093516e-09 	0.0011108086 	0.20242041
0.0021681682 	-0.01511594 	-3.152108e-09 	0.0010992875 	0.1998469
0.0021801802 	-0.015116003 	-3.0948645e-09 	0.0010877664 	0.19727339
0.0021921922 	-0.015116067 	-3.037621e-09 	0.0010762452 	0.19469987
0.0022042042 	-0.01511613 	-2.9803774e-09 	0.0010647241 	0.19212636
0.0022162162 	-0.015116194 	-2.9231339e-09 	0.001053203 	0.18955284
0.0022282282 	-0.015116257 	-2.8658903e-09 	0.0010416818 	0.18697933
0.0022402402 	-0.01511631 	-2.8251193e-09 	0.0010301682 	0.18458225
0.0022522523 	-0.015116361 	-2.7888662e-09 	0.0010186566 	0.18223356
0.0022642643 	-0.015116413 	-2.7447821e-09 	0.0010068665 	0.1798551
0.0022762763 	-0.015116466 	-2.6936984e-09 	0.00099482745 	0.17745003
0.0022882883 	-0.01511652 	-2.6426148e-09 	0.00098278841 	0.17504496
0.0023003003 	-0.015116574 	-2.5915311e-09 	0.00097074938 	0.17263988
0.0023123123 	-0.015116627 	-2.5404475e-09 	0.00095871034 	0.17023481
0.0023243243 	-0.015116681 	-2.4893638e-09 	0.0009466713 	0.16782974
0.0023363363 	-0.015116735 	-2.4382801e-09 	0.00093463226 	0.16542466
0.0023483483 	-0.015116788 	-2.3871965e-09 	0.00092259322 	0.16301959
0.0023603604 	-0.01511684 	-2.3414015e-09 	0.00091064363 	0.16065731
0.0023723724 	-0.015116881 	-2.3156144e-09 	0.00089903244 	0.15845691
0.0023843844 	-0.015116924 	-2.2861582e-09 	0.00088730222 	0.15624512
0.0023963964 	-0.015116968 	-2.2436597e-09 	0.00087514891 	0.15399286
0.0024084084 	-0.015117013 	-2.2011611e-09 	0.0008629956 	0.15174061
0.0024204204 	-0.015117058 	-2.1586626e-09 	0.00085084229 	0.14948835
0.0024324324 	-0.015117103 	-2.1161641e-09 	0.00083868899 	0.1472361
0.0024444444 	-0.015117147 	-2.0736655e-09 	0.00082653568 	0.14498384
0.0024564565 	-0.015117192 	-2.031167e-09 	0.00081438237 	0.14273158
0.0024684685 	-0.015117237 	-1.9886685e-09 	0.00080222906 	0.14047933
0.0024804805 	-0.015117272 	-1.9688944e-09 	0.0007906685 	0.13838922
0.0024924925 	-0.015117305 	-1.9498307e-09 	0.00077911342 	0.13631374
0.0025045045 	-0.015117342 	-1.9161027e-09 	0.00076708971 	0.13419666
0.0025165165 	-0.015117378 	-1.8823747e-09 	0.00075506599 	0.13207959
0.0025285285 	-0.015117414 	-1.8486467e-09 	0.00074304228 	0.12996252
0.0025405405 	-0.01511745 	-1.8149187e-09 	0.00073101857 	0.12784544
0.0025525526 	-0.015117486 	-1.7811907e-09 	0.00071899486 	0.12572837
0.0025645646 	-0.015117522 	-1.7474627e-09 	0.00070697115 	0.1236113
0.0025765766 	-0.01511755 	-1.729659e-09 	0.00069549308 	0.12160253
0.0025885886 	-0.015117575 	-1.7179809e-09 	0.0006842251 	0.1196427
0.0026006006 	-0.015117601 	-1.6926947e-09 	0.00067249228 	0.11764366
0.0026126126 	-0.015117628 	-1.6674085e-09 	0.00066075945 	0.11564461
0.0026246246 	-0.015117655 	-1.6421223e-09 	0.00064902663 	0.11364556
0.0026366366 	-0.015117681 	-1.6168361e-09 	0.0006372938 	0.11164652
0.0026486486 	-0.015117708 	-1.5915499e-09 	0.00062556097 	0.10964747
0.0026606607 	-0.015117731 	-1.5749063e-09 	0.00061420882 	0.10770898
0.0026726727 	-0.015117749 	-1.5694282e-09 	0.00060335318 	0.10585175
0.0026846847 	-0.01511777 	-1.5511456e-09 	0.00059201199 	0.10395514
0.0026966967 	-0.01511779 	-1.5328631e-09 	0.0005806708 	0.10205853
0.0027087087 	-0.015117811 	-1.5145805e-09 	0.00056932961 	0.10016191
0.0027207207 	-0.015117831 	-1.4962979e-09 	0.00055798842 	0.098265299
0.0027327327 	-0.015117855 	-1.4785932e-09 	0.00054613613 	0.096285218
0.0027447447 	-0.015117971 	-1.4784984e-09 	0.00051870921 	0.091761678
0.0027567568 	-0.015118095 	-1.454211e-09 	0.00048994142 	0.087110795
0.0027687688 	-0.015118221 	-1.4249691e-09 	0.00046089903 	0.082433833
0.0027807808 	-0.015118347 	-1.3957271e-09 	0.00043185665 	0.077756871
0.0027927928 	-0.015118472 	-1.3664852e-09 	0.00040281426 	0.073079909
0.0028048048 	-0.015118543 	-1.3493622e-09 	0.00038265439 	0.069845165
0.0028168168 	-0.015118531 	-1.3504176e-09 	0.00037581832 	0.068773748
0.0028288288 	-0.015118518 	-1.3514729e-09 	0.00036898224 	0.067702332
0.0028408408 	-0.015118506 	-1.3525283e-09 	0.00036214617 	0.066630915
0.0028528529 	-0.015118493 	-1.3535836e-09 	0.00035531009 	0.065559498
0.0028648649 	-0.015118481 	-1.3546389e-09 	0.00034847401 	0.064488081
0.0028768769 	-0.015118468 	-1.3556943e-09 	0.00034163794 	0.063416664
0.0028888889 	-0.015118456 	-1.3567496e-09 	0.00033480186 	0.062345247
0.0029009009 	-0.015118444 	-1.357805e-09 	0.00032796579 	0.061273831
0.0029129129 	-0.015118432 	-1.3554383e-09 	0.00032092463 	0.060186907
0.0029249249 	-0.015118421 	-1.3526401e-09 	0.00031385762 	0.059098028
0.0029369369 	-0.015118409 	-1.349842e-09 	0.0003067906 	0.058009149
0.0029489489 	-0.015118398 	-1.3470439e-09 	0.00029972359 	0.05692027
0.002960961 	-0.015118387 	-1.3442458e-09 	0.00029265658 	0.055831391
0.002972973 	-0.015118375 	-1.3414476e-09 	0.00028558956 	0.054742512
0.002984985 	-0.015118364 	-1.3386495e-09 	0.00027852255 	0.053653633
0.002996997 	-0.015118352 	-1.3358514e-09 	0.00027145554 	0.052564754
0.003009009 	-0.015118341 	-1.3330532e-09 	0.00026438852 	0.051475875
0.003021021 	-0.01511833 	-1.3302551e-09 	0.00025732151 	0.050386996
0.003033033 	-0.015118318 	-1.327457e-09 	0.0002502545 	0.049298117
0.003045045 	-0.015118307 	-1.3246588e-09 	0.00024318748 	0.048209238
0.0030570571 	-0.015118295 	-1.3218607e-09 	0.00023612047 	0.047120359
0.0030690691 	-0.015118284 	-1.3190626e-09 	0.00022905346 	0.04603148
0.0030810811 	-0.015118273 	-1.3162644e-09 	0.00022198645 	0.044942601
0.0030930931 	-0.015118261 	-1.3134663e-09 	0.00021491943 	0.043853722
0.0031051051 	-0.01511825 	-1.3106682e-09 	0.00020785242 	0.042764843
0.0031171171 	-0.015118238 	-1.30787e-09 	0.00020078541 	0.041675964
0.0031291291 	-0.015118227 	-1.3050719e-09 	0.00019371839 	0.040587085
0.0031411411 	-0.015118216 	-1.3022738e-09 	0.00018665138 	0.039498206
0.0031531532 	-0.015118204 	-1.2994757e-09 	0.00017958437 	0.038409327
0.0031651652 	-0.015118193 	-1.2966775e-09 	0.00017251735 	0.037320448
0.0031771772 	-0.015118181 	-1.2938794e-09 	0.00016545034 	0.036231569
0.0031891892 	-0.01511817 	-1.2910813e-09 	0.00015838333 	0.03514269
0.0032012012 	-0.015118159 	-1.2882831e-09 	0.00015131631 	0.034053811
0.0032132132 	-0.015118147 	-1.285485e-09 	0.0001442493 	0.032964932
0.0032252252 	-0.015118136 	-1.2826869e-09 	0.00013718229 	0.031876053
0.0032372372 	-0.015118124 	-1.2798887e-09 	0.00013011528 	0.030787174
0.0032492492 	-0.015118113 	-1.2770906e-09 	0.00012304826 	0.029698295
0.0032612613 	-0.015118102 	-1.2742925e-09 	0.00011598125 	0.028609416
0.0032732733 	-0.01511809 	-1.2714943e-09 	0.00010891424 	0.027520537
0.0032852853 	-0.015118079 	-1.2686962e-09 	0.00010184722 	0.026431658
0.0032972973 	-0.015118048 	-1.2690733e-09 	9.5959895e-05 	0.025433265
0.0033093093 	-0.015118016 	-1.2696594e-09 	9.0150243e-05 	0.02444083
0.0033213213 	-0.015117983 	-1.2702455e-09 	8.434059e-05 	0.023448395
0.0033333333 	-0.015117951 	-1.2708317e-09 	7.8530938e-05 	0.022455961
0.0033453453 	-0.015117919 	-1.2714178e-09 	7.2721286e-05 	0.021463526
0.0033573574 	-0.015117887 	-1.272004e-09 	6.6911634e-05 	0.020471091
0.0033693694 	-0.015117855 	-1.2725901e-09 	6.1101982e-05 	0.019478656
0.0033813814 	-0.015117822 	-1.2729065e-09 	5.5264469e-05 	0.01848103
0.0033933934 	-0.015117789 	-1.2728713e-09 	4.9390643e-05 	0.017476638
0.0034054054 	-0.015117756 	-1.2728361e-09 	4.3516818e-05 	0.016472246
0.0034174174 	-0.015117722 	-1.2728009e-09 	3.7642992e-05 	0.015467854
0.0034294294 	-0.015117689 	-1.2727657e-09 	3.1769167e-05 	0.014463462
0.0034414414 	-0.015117656 	-1.2727305e-09 	2.5895341e-05 	0.01345907
0.0034534535 	-0.015117623 	-1.2726953e-09 	2.0021516e-05 	0.012454678
0.0034654655 	-0.015117589 	-1.2726601e-09 	1.414769e-05 	0.011450286
0.0034774775 	-0.015117556 	-1.2726249e-09 	8.2738647e-06 	0.010445894
0.0034894895 	-0.015117523 	-1.2725897e-09 	2.4000392e-06 	0.0094415021
0.0035015015 	-0.01511749 	-1.2725545e-09 	-3.4737863e-06 	0.0084371101
0.0035135135 	-0.015117456 	-1.2725193e-09 	-9.3476117e-06 	0.0074327182
0.0035255255 	-0.015117423 	-1.2724841e-09 	-1.5221437e-05 	0.0064283263
0.0035375375 	-0.01511739 	-1.2724489e-09 	-2.1095263e-05 	0.0054239343
0.0035495495 	-0.015117357 	-1.2724137e-09 	-2.6969088e-05 	0.0044195424
0.0035615616 	-0.015117324 	-1.2723785e-09 	-3.2842914e-05 	0.0034151504
0.0035735736 	-0.01511729 	-1.2723434e-09 	-3.8716739e-05 	0.0024107585
0.0035855856 	-0.015117257 	-1.2723082e-09 	-4.4590565e-05 	0.0014063666
0.0035975976 	-0.015117224 	-1.272273e-09 	-5.046439e-05 	0.00040197463
0.0036096096 	-0.015117191 	-1.2722378e-09 	-5.6338216e-05 	-0.0006024173
0.0036216216 	-0.015117157 	-1.2722026e-09 	-6.2212041e-05 	-0.0016068092
0.0036336336 	-0.015117124 	-1.2721674e-09 	-6.8085867e-05 	-0.0026112012
0.0036456456 	-0.015117091 	-1.2721322e-09 	-7.3959692e-05 	-0.0036155931
0.0036576577 	-0.015117058 	-1.272097e-09 	-7.9833518e-05 	-0.0046199851
0.0036696697 	-0.015117024 	-1.2720618e-09 	-8.5707343e-05 	-0.005624377
0.0036816817 	-0.015116991 	-1.2720266e-09 	-9.1581169e-05 	-0.0066287689
0.0036936937 	-0.015116958 	-1.2719914e-09 	-9.7454994e-05 	-0.0076331609
0.0037057057 	-0.015116925 	-1.2719562e-09 	-0.00010332882 	-0.0086375528
0.0037177177 	-0.015116892 	-1.2713251e-09 	-0.00010826562 	-0.009541312
0.0037297297 	-0.015116861 	-1.2690621e-09 	-0.00011063622 	-0.010169471
0.0037417417 	-0.015116831 	-1.2667991e-09 	-0.00011300682 	-0.01079763
0.0037537538 	-0.0151168 	-1.2645361e-09 	-0.00011537742 	-0.011425789
0.0037657658 	-0.01511677 	-1.262273e-09 	-0.00011774802 	-0.012053948
0.0037777778 	-0.015116739 	-1.26001e-09 	-0.00012011862 	-0.012682107
0.0037897898 	-0.015116708 	-1.257747e-09 	-0.00012248923 	-0.013310266
0.0038018018 	-0.015116676 	-1.2556538e-09 	-0.00012474788 	-0.013942494
0.0038138138 	-0.015116644 	-1.2536513e-09 	-0.00012694678 	-0.014576896
0.0038258258 	-0.015116611 	-1.2516488e-09 	-0.00012914568 	-0.015211298
0.0038378378 	-0.015116579 	-1.2496464e-09 	-0.00013134457 	-0.015845699
0.0038498498 	-0.015116546 	-1.2476439e-09 	-0.00013354347 	-0.016480101
0.0038618619 	-0.015116514 	-1.2456414e-09 	-0.00013574237 	-0.017114503
0.0038738739 	-0.015116481 	-1.2436389e-09 	-0.00013794126 	-0.017748904
0.0038858859 	-0.015116449 	-1.2416364e-09 	-0.00014014016 	-0.018383306
0.0038978979 	-0.015116416 	-1.2396339e-09 	-0.00014233906 	-0.019017708
0.0039099099 	-0.015116384 	-1.2376314e-09 	-0.00014453796 	-0.019652109
0.0039219219 	-0.015116351 	-1.2356289e-09 	-0.00014673685 	-0.020286511
0.0039339339 	-0.015116319 	-1.2336264e-09 	-0.00014893575 	-0.020920912
0.0039459459 	-0.015116287 	-1.2316239e-09 	-0.00015113465 	-0.021555314
0.003957958 	-0.015116254 	-1.2296214e-09 	-0.00015333354 	-0.022189716
0.00396997 	-0.015116222 	-1.2276189e-09 	-0.00015553244 	-0.022824117
0.003981982 	-0.015116189 	-1.2256165e-09 	-0.00015773134 	-0.023458519
0.003993994 	-0.015116157 	-1.223614e-09 	-0.00015993023 	-0.024092921
0.004006006 	-0.015116124 	-1.2216115e-09 	-0.00016212913 	-0.024727322
0.004018018 	-0.015116092 	-1.219609e-09 	-0.00016432803 	-0.025361724
0.00403003 	-0.015116059 	-1.2176065e-09 	-0.00016652692 	-0.025996126
0.004042042 	-0.015116027 	-1.215604e-09 	-0.00016872582 	-0.026630527
0.0040540541 	-0.015115994 	-1.2136015e-09 	-0.00017092472 	-0.027264929
0.0040660661 	-0.015115962 	-1.211599e-09 	-0.00017312362 	-0.027899331
0.0040780781 	-0.015115929 	-1.2095965e-09 	-0.00017532251 	-0.028533732
0.0040900901 	-0.015115897 	-1.207594e-09 	-0.00017752141 	-0.029168134
0.0041021021 	-0.015115869 	-1.2026968e-09 	-0.00017824226 	-0.029564059
0.0041141141 	-0.015115842 	-1.197166e-09 	-0.00017863965 	-0.029907797
0.0041261261 	-0.015115815 	-1.1916353e-09 	-0.00017903705 	-0.030251536
0.0041381381 	-0.015115789 	-1.1861046e-09 	-0.00017943444 	-0.030595274
0.0041501502 	-0.015115762 	-1.1805739e-09 	-0.00017983184 	-0.030939012
0.0041621622 	-0.015115735 	-1.1750431e-09 	-0.00018022923 	-0.03128275
0.0041741742 	-0.015115707 	-1.1698612e-09 	-0.00018032846 	-0.031630689
0.0041861862 	-0.015115679 	-1.1646833e-09 	-0.00018042415 	-0.031978679
0.0041981982 	-0.01511565 	-1.1595055e-09 	-0.00018051984 	-0.032326668
0.0042102102 	-0.015115622 	-1.1543277e-09 	-0.00018061553 	-0.032674657
0.0042222222 	-0.015115594 	-1.1491499e-09 	-0.00018071122 	-0.033022646
0.0042342342 	-0.015115566 	-1.1439721e-09 	-0.00018080691 	-0.033370635
0.0042462462 	-0.015115538 	-1.1387943e-09 	-0.0001809026 	-0.033718624
0.0042582583 	-0.015115509 	-1.1336164e-09 	-0.00018099829 	-0.034066613
0.0042702703 	-0.015115481 	-1.1284386e-09 	-0.00018109398 	-0.034414602
0.0042822823 	-0.015115453 	-1.1232608e-09 	-0.00018118967 	-0.034762592
0.0042942943 	-0.015115425 	-1.118083e-09 	-0.00018128536 	-0.035110581
0.0043063063 	-0.015115396 	-1.1129052e-09 	-0.00018138105 	-0.03545857
0.0043183183 	-0.015115368 	-1.1077274e-09 	-0.00018147674 	-0.035806559
0.0043303303 	-0.01511534 	-1.1025495e-09 	-0.00018157243 	-0.036154548
0.0043423423 	-0.015115312 	-1.0973717e-09 	-0.00018166811 	-0.036502537
0.0043543544 	-0.015115284 	-1.0921939e-09 	-0.0001817638 	-0.036850526
0.0043663664 	-0.015115255 	-1.0870161e-09 	-0.00018185949 	-0.037198515
0.0043783784 	-0.015115227 	-1.0818383e-09 	-0.00018195518 	-0.037546505
0.0043903904 	-0.015115199 	-1.0766605e-09 	-0.00018205087 	-0.037894494
0.0044024024 	-0.015115171 	-1.0714826e-09 	-0.00018214656 	-0.038242483
0.0044144144 	-0.015115142 	-1.0663048e-09 	-0.00018224225 	-0.038590472
0.0044264264 	-0.015115115 	-1.0607646e-09 	-0.00018225151 	-0.038915723
0.0044384384 	-0.015115094 	-1.0518521e-09 	-0.00018145648 	-0.039029387
0.0044504505 	-0.015115073 	-1.0429396e-09 	-0.00018066146 	-0.039143051
0.0044624625 	-0.015115052 	-1.0340271e-09 	-0.00017986643 	-0.039256715
0.0044744745 	-0.015115031 	-1.0251146e-09 	-0.00017907141 	-0.039370379
0.0044864865 	-0.01511501 	-1.016202e-09 	-0.00017827638 	-0.039484043
0.0044984985 	-0.015114988 	-1.0078877e-09 	-0.00017714841 	-0.039601338
0.0045105105 	-0.015114967 	-9.9960118e-10 	-0.00017600491 	-0.039718802
0.0045225225 	-0.015114945 	-9.913147e-10 	-0.00017486141 	-0.039836266
0.0045345345 	-0.015114923 	-9.8302822e-10 	-0.0001737179 	-0.03995373
0.0045465465 	-0.015114901 	-9.7474173e-10 	-0.0001725744 	-0.040071193
0.0045585586 	-0.015114879 	-9.6645525e-10 	-0.0001714309 	-0.040188657
0.0045705706 	-0.015114857 	-9.5816877e-10 	-0.0001702874 	-0.040306121
0.0045825826 	-0.015114835 	-9.4988229e-10 	-0.0001691439 	-0.040423585
0.0045945946 	-0.015114813 	-9.4159581e-10 	-0.00016800039 	-0.040541049
0.0046066066 	-0.015114791 	-9.3330932e-10 	-0.00016685689 	-0.040658513
0.0046186186 	-0.01511477 	-9.2502284e-10 	-0.00016571339 	-0.040775976
0.0046306306 	-0.015114748 	-9.1673636e-10 	-0.00016456989 	-0.04089344
0.0046426426 	-0.015114726 	-9.0844988e-10 	-0.00016342638 	-0.041010904
0.0046546547 	-0.015114704 	-9.001634e-10 	-0.00016228288 	-0.041128368
0.0046666667 	-0.015114682 	-8.9187692e-10 	-0.00016113938 	-0.041245832
0.0046786787 	-0.01511466 	-8.8359043e-10 	-0.00015999588 	-0.041363296
0.0046906907 	-0.015114638 	-8.7530395e-10 	-0.00015885238 	-0.041480759
0.0047027027 	-0.015114616 	-8.6701747e-10 	-0.00015770887 	-0.041598223
0.0047147147 	-0.015114595 	-8.5873099e-10 	-0.00015656537 	-0.041715687
0.0047267267 	-0.015114578 	-8.4829648e-10 	-0.0001552275 	-0.041705949
0.0047387387 	-0.015114564 	-8.3673712e-10 	-0.00015378784 	-0.041629599
0.0047507508 	-0.01511455 	-8.2517777e-10 	-0.00015234818 	-0.041553249
0.0047627628 	-0.015114535 	-8.1361842e-10 	-0.00015090853 	-0.0414769
0.0047747748 	-0.015114521 	-8.0218505e-10 	-0.00014942563 	-0.041401048
0.0047867868 	-0.015114507 	-7.9164565e-10 	-0.00014763593 	-0.041328729
0.0047987988 	-0.015114492 	-7.8110626e-10 	-0.00014584622 	-0.04125641
0.0048108108 	-0.015114478 	-7.7056686e-10 	-0.00014405652 	-0.041184091
0.0048228228 	-0.015114463 	-7.6002746e-10 	-0.00014226682 	-0.041111772
0.0048348348 	-0.015114449 	-7.4948807e-10 	-0.00014047712 	-0.041039453
0.0048468468 	-0.015114434 	-7.3894867e-10 	-0.00013868741 	-0.040967133
0.0048588589 	-0.01511442 	-7.2840928e-10 	-0.00013689771 	-0.040894814
0.0048708709 	-0.015114405 	-7.1786988e-10 	-0.00013510801 	-0.040822495
0.0048828829 	-0.015114391 	-7.0733048e-10 	-0.0001333183 	-0.040750176
0.0048948949 	-0.015114376 	-6.9679109e-10 	-0.0001315286 	-0.040677857
0.0049069069 	-0.015114362 	-6.8625169e-10 	-0.0001297389 	-0.040605538
0.0049189189 	-0.015114347 	-6.757123e-10 	-0.00012794919 	-0.040533219
0.0049309309 	-0.015114332 	-6.651729e-10 	-0.00012615949 	-0.0404609
0.0049429429 	-0.015114318 	-6.546335e-10 	-0.00012436979 	-0.04038858
0.004954955 	-0.015114303 	-6.4409411e-10 	-0.00012258009 	-0.040316261
0.004966967 	-0.015114289 	-6.3355471e-10 	-0.00012079038 	-0.040243942
0.004978979 	-0.015114275 	-6.2276104e-10 	-0.00011901195 	-0.040153768
0.004990991 	-0.015114268 	-6.0990132e-10 	-0.00011732508 	-0.039918513
0.005003003 	-0.01511426 	-5.9704161e-10 	-0.00011563821 	-0.039683258
0.005015015 	-0.015114252 	-5.841819e-10 	-0.00011395134 	-0.039448004
0.005027027 	-0.015114245 	-5.7148528e-10 	-0.00011222774 	-0.039213271
0.005039039 	-0.015114237 	-5.6006237e-10 	-0.00011021725 	-0.038982611
0.0050510511 	-0.01511423 	-5.4863946e-10 	-0.00010820677 	-0.038751951
0.0050630631 	-0.015114222 	-5.3721655e-10 	-0.00010619628 	-0.038521291
0.0050750751 	-0.015114215 	-5.2579364e-10 	-0.00010418579 	-0.038290631
0.0050870871 	-0.015114207 	-5.1437073e-10 	-0.00010217531 	-0.038059971
0.0050990991 	-0.0151142 	-5.0294782e-10 	-0.00010016482 	-0.037829312
0.0051111111 	-0.015114192 	-4.9152491e-10 	-9.8154334e-05 	-0.037598652
0.0051231231 	-0.015114185 	-4.80102e-10 	-9.6143847e-05 	-0.037367992
0.0051351351 	-0.015114177 	-4.6867909e-10 	-9.4133361e-05 	-0.037137332
0.0051471471 	-0.01511417 	-4.5725618e-10 	-9.2122875e-05 	-0.036906672
0.0051591592 	-0.015114162 	-4.4583327e-10 	-9.0112388e-05 	-0.036676012
0.0051711712 	-0.015114155 	-4.3441036e-10 	-8.8101902e-05 	-0.036445352
0.0051831832 	-0.015114147 	-4.2298745e-10 	-8.6091416e-05 	-0.036214693
0.0051951952 	-0.01511414 	-4.1156454e-10 	-8.4080929e-05 	-0.035984033
0.0052072072 	-0.015114133 	-4.0000794e-10 	-8.2110926e-05 	-0.035737548
0.0052192192 	-0.015114131 	-3.8741415e-10 	-8.0454997e-05 	-0.035368293
0.0052312312 	-0.015114129 	-3.7482036e-10 	-7.8799068e-05 	-0.034999038
0.0052432432 	-0.015114127 	-3.6222657e-10 	-7.7143139e-05 	-0.034629783
0.0052552553 	-0.015114125 	-3.5074128e-10 	-7.5322196e-05 	-0.034263677
0.0052672673 	-0.015114123 	-3.4002224e-10 	-7.3387188e-05 	-0.033899747
0.0052792793 	-0.015114122 	-3.2930319e-10 	-7.1452181e-05 	-0.033535816
0.0052912913 	-0.01511412 	-3.1858414e-10 	-6.9517173e-05 	-0.033171886
0.0053033033 	-0.015114119 	-3.078651e-10 	-6.7582165e-05 	-0.032807956
0.0053153153 	-0.015114118 	-2.9714605e-10 	-6.5647158e-05 	-0.032444025
0.0053273273 	-0.015114116 	-2.8642701e-10 	-6.371215e-05 	-0.032080095
0.0053393393 	-0.015114115 	-2.7570796e-10 	-6.1777142e-05 	-0.031716165
0.0053513514 	-0.015114113 	-2.6498892e-10 	-5.9842135e-05 	-0.031352234
0.0053633634 	-0.015114112 	-2.5426987e-10 	-5.7907127e-05 	-0.030988304
0.0053753754 	-0.01511411 	-2.4355082e-10 	-5.5972119e-05 	-0.030624374
0.0053873874 	-0.015114109 	-2.3283178e-10 	-5.4037111e-05 	-0.030260443
0.0053993994 	-0.015114107 	-2.2211273e-10 	-5.2102104e-05 	-0.029896513
0.0054114114 	-0.015114107 	-2.113605e-10 	-5.0351368e-05 	-0.02948877
0.0054234234 	-0.01511411 	-2.0055128e-10 	-4.8917104e-05 	-0.029005782
0.0054354354 	-0.015114113 	-1.8974205e-10 	-4.748284e-05 	-0.028522794
0.0054474474 	-0.015114116 	-1.7951889e-10 	-4.5989989e-05 	-0.028041412
0.0054594595 	-0.015114119 	-1.7094454e-10 	-4.4332313e-05 	-0.027564548
0.0054714715 	-0.015114123 	-1.6237019e-10 	-4.2674638e-05 	-0.027087684
0.0054834835 	-0.015114127 	-1.5379583e-10 	-4.1016963e-05 	-0.02661082
0.0054954955 	-0.01511413 	-1.4522148e-10 	-3.9359287e-05 	-0.026133956
0.0055075075 	-0.015114134 	-1.3664713e-10 	-3.7701612e-05 	-0.025657092
0.0055195195 	-0.015114138 	-1.2807277e-10 	-3.6043936e-05 	-0.025180228
0.0055315315 	-0.015114141 	-1.1949842e-10 	-3.4386261e-05 	-0.024703364
0.0055435435 	-0.015114145 	-1.1092406e-10 	-3.2728585e-05 	-0.0242265
0.0055555556 	-0.015114149 	-1.0234971e-10 	-3.107091e-05 	-0.023749636
0.0055675676 	-0.015114152 	-9.3775357e-11 	-2.9413234e-05 	-0.023272772
0.0055795796 	-0.015114156 	-8.5201003e-11 	-2.7755559e-05 	-0.022795907
0.0055915916 	-0.015114161 	-7.7100579e-11 	-2.6446292e-05 	-0.02225663
0.0056036036 	-0.015114168 	-6.9309961e-11 	-2.5364778e-05 	-0.021676554
0.0056156156 	-0.015114175 	-6.1519342e-11 	-2.4283264e-05 	-0.021096478
0.0056276276 	-0.015114183 	-5.5832556e-11 	-2.3061964e-05 	-0.020522409
0.0056396396 	-0.015114191 	-5.046935e-11 	-2.1819163e-05 	-0.019949264
0.0056516517 	-0.015114199 	-4.5106145e-11 	-2.0576362e-05 	-0.019376119
0.0056636637 	-0.015114207 	-3.974294e-11 	-1.9333561e-05 	-0.018802973
0.0056756757 	-0.015114215 	-3.4379735e-11 	-1.809076e-05 	-0.018229828
0.0056876877 	-0.015114223 	-2.9016529e-11 	-1.6847959e-05 	-0.017656683
0.0056996997 	-0.015114231 	-2.3653324e-11 	-1.5605158e-05 	-0.017083537
0.0057117117 	-0.015114239 	-1.8290119e-11 	-1.4362357e-05 	-0.016510392
0.0057237237 	-0.015114247 	-1.2926914e-11 	-1.3119557e-05 	-0.015937247
0.0057357357 	-0.015114255 	-7.5637085e-12 	-1.1876756e-05 	-0.015364102
0.0057477477 	-0.015114264 	-3.015569e-12 	-1.0976425e-05 	-0.014737746
0.0057597598 	-0.015114273 	9.6504239e-13 	-1.0314555e-05 	-0.01407434
0.0057717718 	-0.015114282 	4.5249588e-12 	-9.6356022e-06 	-0.013412287
0.0057837838 	-0.015114292 	6.1113708e-12 	-8.8765114e-06 	-0.012756584
0.0057957958 	-0.015114303 	7.6977828e-12 	-8.1174206e-06 	-0.012100881
0.0058078078 	-0.015114313 	9.2841948e-12 	-7.3583298e-06 	-0.011445178
0.0058198198 	-0.015114324 	1.0870607e-11 	-6.599239e-06 	-0.010789475
0.0058318318 	-0.015114334 	1.2457019e-11 	-5.8401482e-06 	-0.010133772
0.0058438438 	-0.015114344 	1.4043431e-11 	-5.0810574e-06 	-0.0094780693
0.0058558559 	-0.015114355 	1.5629843e-11 	-4.3219666e-06 	-0.0088223663
0.0058678679 	-0.015114365 	1.7216255e-11 	-3.5628758e-06 	-0.0081666633
0.0058798799 	-0.015114377 	1.8602557e-11 	-2.8619925e-06 	-0.0074992829
0.0058918919 	-0.015114394 	1.8455577e-11 	-2.6071061e-06 	-0.0067424283
0.0059039039 	-0.015114412 	1.8308597e-11 	-2.3522197e-06 	-0.0059855737
0.0059159159 	-0.01511443 	1.6043568e-11 	-2.0586226e-06 	-0.0052372818
0.0059279279 	-0.015114448 	1.375163e-11 	-1.7645336e-06 	-0.0044890987
0.0059399399 	-0.015114466 	1.1459691e-11 	-1.4704447e-06 	-0.0037409156
0.005951952 	-0.015114483 	9.1677531e-12 	-1.1763557e-06 	-0.0029927325
0.005963964 	-0.015114501 	6.8758148e-12 	-8.8226681e-07 	-0.0022445494
0.005975976 	-0.015114519 	4.5838766e-12 	-5.8817787e-07 	-0.0014963662
0.005987988 	-0.015114537 	2.2919383e-12 	-2.9408894e-07 	-0.00074818312
0.006 	-0.015114554 	1.6715093e-23 	-2.144789e-18 	-5.4564952e-15
