0 	0.30032554 	0 	0 	0.091159261
0.00024292793 	0.3003182 	3.0365991e-14 	6.0731982e-14 	0.09116882
0.00048585586 	0.30031085 	6.0731982e-14 	1.2146396e-13 	0.091178379
0.00072878378 	0.30030351 	9.1097973e-14 	1.8219595e-13 	0.091187938
0.00097171171 	0.30029616 	1.2146396e-13 	2.4292793e-13 	0.091197498
0.0012146396 	0.30028882 	1.5182995e-13 	3.0365991e-13 	0.091207057
0.0014575676 	0.30028147 	1.8219595e-13 	3.6439189e-13 	0.091216616
0.0017004955 	0.30027413 	2.1256194e-13 	4.2512387e-13 	0.091226175
0.0019434234 	0.30026679 	2.4292793e-13 	4.8585586e-13 	0.091235734
0.0021863514 	0.30025442 	2.3835304e-13 	5e-13 	0.091270852
0.0024292793 	0.30024053 	2.2317004e-13 	5e-13 	0.091313729
0.0026722072 	0.30022663 	2.0798705e-13 	5e-13 	0.091356606
0.0029151351 	0.30021274 	1.9280405e-13 	5e-13 	0.091399483
0.0031580631 	0.30019885 	1.7762106e-13 	5e-13 	0.091442361
0.003400991 	0.30018496 	1.6243806e-13 	5e-13 	0.091485238
0.0036439189 	0.30017106 	1.4725507e-13 	5e-13 	0.091528115
0.0038868468 	0.30015717 	1.3207207e-13 	5e-13 	0.091570992
0.0041297748 	0.30014472 	1.0066723e-13 	4.9188908e-13 	0.091606839
0.0043727027 	0.30013353 	5.5118245e-14 	4.7670608e-13 	0.091636556
0.0046156306 	0.30012233 	9.5692595e-15 	4.6152308e-13 	0.091666273
0.0048585586 	0.30011114 	-3.5979726e-14 	4.4634009e-13 	0.09169599
0.0051014865 	0.30009995 	-8.1528711e-14 	4.3115709e-13 	0.091725707
0.0053444144 	0.30008875 	-1.270777e-13 	4.159741e-13 	0.091755424
0.0055873423 	0.30007756 	-1.7262668e-13 	4.007911e-13 	0.091785141
0.0058302703 	0.30006637 	-2.1817567e-13 	3.8560811e-13 	0.091814858
0.0060731982 	0.30005568 	-2.4999999e-13 	3.7042511e-13 	0.091841513
0.0063161261 	0.30004618 	-2.4999999e-13 	3.5524212e-13 	0.091861069
0.0065590541 	0.30003668 	-2.5e-13 	3.4005912e-13 	0.091880625
0.006801982 	0.30002718 	-2.5e-13 	3.2487613e-13 	0.091900181
0.0070449099 	0.30001768 	-2.5e-13 	3.0969313e-13 	0.091919737
0.0072878378 	0.30000818 	-2.5e-13 	2.9451014e-13 	0.091939293
0.0075307658 	0.29999868 	-2.5000001e-13 	2.7932714e-13 	0.091958849
0.0077736937 	0.29998918 	-2.5000001e-13 	2.6414415e-13 	0.091978405
0.0080166216 	0.29997965 	-2.4688346e-13 	2.4896115e-13 	0.091997948
0.0082595495 	0.29996974 	-2.0133447e-13 	2.3377816e-13 	0.092017321
0.0085024775 	0.29995984 	-1.5578548e-13 	2.1859516e-13 	0.092036693
0.0087454054 	0.29994993 	-1.1023649e-13 	2.0341216e-13 	0.092056066
0.0089883333 	0.29994003 	-6.4687505e-14 	1.8822917e-13 	0.092075438
0.0092312613 	0.29993012 	-1.9138518e-14 	1.7304617e-13 	0.09209481
0.0094741892 	0.29992022 	2.641047e-14 	1.5786318e-13 	0.092114183
0.0097171171 	0.29991031 	7.1959458e-14 	1.4268018e-13 	0.092133555
0.009960045 	0.29990041 	1.1750845e-13 	1.2749718e-13 	0.092152927
0.010202973 	0.29989052 	1.25e-13 	1.1231419e-13 	0.09217112
0.010445901 	0.29988063 	1.25e-13 	9.7131194e-14 	0.092189081
0.010688829 	0.29987074 	1.25e-13 	8.1948199e-14 	0.092207041
0.010931757 	0.29986085 	1.25e-13 	6.6765204e-14 	0.092225002
0.011174685 	0.29985096 	1.25e-13 	5.1582209e-14 	0.092242963
0.011417613 	0.29984107 	1.25e-13 	3.6399214e-14 	0.092260923
0.011660541 	0.29983118 	1.25e-13 	2.1216219e-14 	0.092278884
0.011903468 	0.29982129 	1.25e-13 	6.0332239e-15 	0.092296845
0.012146396 	0.29981158 	9.7550676e-14 	-1.8299547e-14 	0.092313287
0.012389324 	0.29980201 	5.2001689e-14 	-4.8665539e-14 	0.092328728
0.012632252 	0.29979243 	6.4527031e-15 	-7.9031531e-14 	0.092344169
0.01287518 	0.29978286 	-3.9096283e-14 	-1.0939752e-13 	0.09235961
0.013118108 	0.29977328 	-8.464527e-14 	-1.3976352e-13 	0.092375051
0.013361036 	0.29976371 	-1.3019426e-13 	-1.7012951e-13 	0.092390492
0.013603964 	0.29975413 	-1.7574324e-13 	-2.004955e-13 	0.092405933
0.013846892 	0.29974456 	-2.2129223e-13 	-2.3086149e-13 	0.092421374
0.01408982 	0.29973502 	-2.7245495e-13 	-2.6684122e-13 	0.092436273
0.014332748 	0.29972557 	-3.3318694e-13 	-3.1239021e-13 	0.092450247
0.014575676 	0.29971612 	-3.9391892e-13 	-3.579392e-13 	0.092464222
0.014818604 	0.29970666 	-4.546509e-13 	-4.0348818e-13 	0.092478197
0.015061532 	0.29969721 	-5.1538288e-13 	-4.4903717e-13 	0.092492171
0.015304459 	0.29968775 	-5.7611487e-13 	-4.9458615e-13 	0.092506146
0.015547387 	0.2996783 	-6.3684685e-13 	-5.4013514e-13 	0.09252012
0.015790315 	0.29966885 	-6.9757883e-13 	-5.8568413e-13 	0.092534095
0.016033243 	0.2996594 	-7.5831081e-13 	-6.3331082e-13 	0.092547946
0.016276171 	0.29964999 	-8.1904279e-13 	-6.940428e-13 	0.092561016
0.016519099 	0.29964058 	-8.7977478e-13 	-7.5477478e-13 	0.092574086
0.016762027 	0.29963117 	-9.4050676e-13 	-8.1550676e-13 	0.092587157
0.017004955 	0.29962176 	-1.0012387e-12 	-8.7623874e-13 	0.092600227
0.017247883 	0.29961235 	-1.0619707e-12 	-9.3697072e-13 	0.092613297
0.017490811 	0.29960294 	-1.1227027e-12 	-9.9770271e-13 	0.092626367
0.017733739 	0.29959353 	-1.1834347e-12 	-1.0584347e-12 	0.092639438
0.017976667 	0.29958412 	-1.2441667e-12 	-1.1191667e-12 	0.092652508
0.018219595 	0.29957476 	-1.2774493e-12 	-1.166174e-12 	0.092664809
0.018462523 	0.29956542 	-1.3078153e-12 	-1.211723e-12 	0.092677028
0.01870545 	0.29955607 	-1.3381813e-12 	-1.257272e-12 	0.092689247
0.018948378 	0.29954672 	-1.3685473e-12 	-1.3028209e-12 	0.092701466
0.019191306 	0.29953737 	-1.3989133e-12 	-1.3483699e-12 	0.092713686
0.019434234 	0.29952802 	-1.4292793e-12 	-1.3939189e-12 	0.092725905
0.019677162 	0.29951867 	-1.4596453e-12 	-1.4394679e-12 	0.092738124
0.01992009 	0.29950933 	-1.4900113e-12 	-1.4850169e-12 	0.092750343
0.020163018 	0.29950001 	-1.4959245e-12 	-1.4938868e-12 	0.092762053
0.020405946 	0.29949072 	-1.4898513e-12 	-1.484777e-12 	0.092773513
0.020648874 	0.29948143 	-1.4837782e-12 	-1.4756672e-12 	0.092784974
0.020891802 	0.29947213 	-1.477705e-12 	-1.4665574e-12 	0.092796434
0.02113473 	0.29946284 	-1.4716318e-12 	-1.4574476e-12 	0.092807895
0.021377658 	0.29945354 	-1.4655586e-12 	-1.4483378e-12 	0.092819355
0.021620586 	0.29944425 	-1.4594854e-12 	-1.439228e-12 	0.092830815
0.021863514 	0.29943496 	-1.4534122e-12 	-1.4301182e-12 	0.092842276
0.022106441 	0.29942568 	-1.4513305e-12 	-1.4269958e-12 	0.092853453
0.022349369 	0.29941643 	-1.4543671e-12 	-1.4315507e-12 	0.092864267
0.022592297 	0.29940717 	-1.4574037e-12 	-1.4361056e-12 	0.092875082
0.022835225 	0.29939792 	-1.4604403e-12 	-1.4406605e-12 	0.092885896
0.023078153 	0.29938866 	-1.4634769e-12 	-1.4452154e-12 	0.09289671
0.023321081 	0.29937941 	-1.4665135e-12 	-1.4497703e-12 	0.092907525
0.023564009 	0.29937015 	-1.4695501e-12 	-1.4543252e-12 	0.092918339
0.023806937 	0.2993609 	-1.4725867e-12 	-1.4588801e-12 	0.092929153
0.024049865 	0.29935165 	-1.4806098e-12 	-1.4690448e-12 	0.092939848
0.024292793 	0.29934243 	-1.5079392e-12 	-1.5009291e-12 	0.092950079
0.024535721 	0.29933321 	-1.5352686e-12 	-1.5328133e-12 	0.09296031
0.024778649 	0.29932399 	-1.562598e-12 	-1.5646976e-12 	0.092970541
0.025021577 	0.29931477 	-1.5899274e-12 	-1.5965819e-12 	0.092980772
0.025264505 	0.29930554 	-1.6172568e-12 	-1.6284662e-12 	0.092991004
0.025507432 	0.29929632 	-1.6445861e-12 	-1.6603505e-12 	0.093001235
0.02575036 	0.2992871 	-1.6719155e-12 	-1.6922348e-12 	0.093011466
0.025993288 	0.29927788 	-1.6992449e-12 	-1.7241191e-12 	0.093021697
0.026236216 	0.29926869 	-1.729527e-12 	-1.7648615e-12 	0.093031398
0.026479144 	0.2992595 	-1.759893e-12 	-1.8058556e-12 	0.093041084
0.026722072 	0.2992503 	-1.790259e-12 	-1.8468497e-12 	0.09305077
0.026965 	0.29924111 	-1.820625e-12 	-1.8878437e-12 	0.093060455
0.027207928 	0.29923192 	-1.850991e-12 	-1.9288378e-12 	0.093070141
0.027450856 	0.29922273 	-1.881357e-12 	-1.9698319e-12 	0.093079827
0.027693784 	0.29921354 	-1.911723e-12 	-2.010826e-12 	0.093089513
0.027936712 	0.29920434 	-1.942089e-12 	-2.0518201e-12 	0.093099199
0.02817964 	0.29919517 	-1.9814369e-12 	-2.0928142e-12 	0.093108506
0.028422568 	0.29918601 	-2.0239493e-12 	-2.1338083e-12 	0.09311768
0.028665495 	0.29917684 	-2.0664617e-12 	-2.1748024e-12 	0.093126853
0.028908423 	0.29916767 	-2.1089741e-12 	-2.2157965e-12 	0.093136027
0.029151351 	0.29915851 	-2.1514865e-12 	-2.2567905e-12 	0.093145201
0.029394279 	0.29914934 	-2.1939989e-12 	-2.2977846e-12 	0.093154374
0.029637207 	0.29914017 	-2.2365113e-12 	-2.3387787e-12 	0.093163548
0.029880135 	0.29913101 	-2.2790236e-12 	-2.3797728e-12 	0.093172722
0.030123063 	0.29912185 	-2.3315349e-12 	-2.4153829e-12 	0.09318165
0.030365991 	0.29911271 	-2.3937852e-12 	-2.4457489e-12 	0.093190339
0.030608919 	0.29910356 	-2.4560355e-12 	-2.4761149e-12 	0.093199028
0.030851847 	0.29909442 	-2.5182858e-12 	-2.5064809e-12 	0.093207718
0.031094775 	0.29908527 	-2.580536e-12 	-2.5368469e-12 	0.093216407
0.031337703 	0.29907613 	-2.6427863e-12 	-2.5672128e-12 	0.093225096
0.031580631 	0.29906699 	-2.7050366e-12 	-2.5975788e-12 	0.093233786
0.031823559 	0.29905784 	-2.7672869e-12 	-2.6279448e-12 	0.093242475
0.032066486 	0.2990487 	-2.8233041e-12 	-2.6578953e-12 	0.093251038
0.032309414 	0.29903958 	-2.8627798e-12 	-2.686743e-12 	0.093259265
0.032552342 	0.29903045 	-2.9022556e-12 	-2.7155907e-12 	0.093267493
0.03279527 	0.29902133 	-2.9417314e-12 	-2.7444383e-12 	0.09327572
0.033038198 	0.2990122 	-2.9812072e-12 	-2.773286e-12 	0.093283948
0.033281126 	0.29900308 	-3.020683e-12 	-2.8021337e-12 	0.093292175
0.033524054 	0.29899395 	-3.0601588e-12 	-2.8309814e-12 	0.093300403
0.033766982 	0.29898483 	-3.0996346e-12 	-2.8598291e-12 	0.093308631
0.03400991 	0.2989757 	-3.1381813e-12 	-2.8889245e-12 	0.09331684
0.034252838 	0.2989666 	-3.1548826e-12 	-2.9238454e-12 	0.093324627
0.034495766 	0.29895749 	-3.1715839e-12 	-2.9587663e-12 	0.093332414
0.034738694 	0.29894838 	-3.1882852e-12 	-2.9936872e-12 	0.093340202
0.034981622 	0.29893927 	-3.2049865e-12 	-3.0286081e-12 	0.093347989
0.03522455 	0.29893017 	-3.2216878e-12 	-3.063529e-12 	0.093355776
0.035467477 	0.29892106 	-3.2383891e-12 	-3.0984499e-12 	0.093363563
0.035710405 	0.29891195 	-3.2550904e-12 	-3.1333708e-12 	0.09337135
0.035953333 	0.29890284 	-3.2717917e-12 	-3.1682917e-12 	0.093379137
0.036196261 	0.29889375 	-3.298306e-12 	-3.1995327e-12 	0.093386582
0.036439189 	0.29888466 	-3.3271537e-12 	-3.2298986e-12 	0.093393947
0.036682117 	0.29887557 	-3.3560014e-12 	-3.2602646e-12 	0.093401311
0.036925045 	0.29886648 	-3.3848491e-12 	-3.2906306e-12 	0.093408675
0.037167973 	0.29885738 	-3.4136968e-12 	-3.3209966e-12 	0.093416039
0.037410901 	0.29884829 	-3.4425445e-12 	-3.3513626e-12 	0.093423403
0.037653829 	0.2988392 	-3.4713922e-12 	-3.3817286e-12 	0.093430767
0.037896757 	0.29883011 	-3.5002399e-12 	-3.4120946e-12 	0.093438131
0.038139685 	0.29882103 	-3.5299606e-12 	-3.4415876e-12 	0.093445266
0.038382613 	0.29881195 	-3.5603266e-12 	-3.4704353e-12 	0.093452232
0.038625541 	0.29880287 	-3.5906926e-12 	-3.4992829e-12 	0.093459198
0.038868468 	0.29879379 	-3.6210586e-12 	-3.5281306e-12 	0.093466163
0.039111396 	0.29878471 	-3.6514245e-12 	-3.5569783e-12 	0.093473129
0.039354324 	0.29877564 	-3.6817905e-12 	-3.585826e-12 	0.093480095
0.039597252 	0.29876656 	-3.7121565e-12 	-3.6146737e-12 	0.093487061
0.03984018 	0.29875748 	-3.7425225e-12 	-3.6435214e-12 	0.093494026
0.040083108 	0.29874841 	-3.769772e-12 	-3.6760051e-12 	0.093500858
0.040326036 	0.29873934 	-3.7910281e-12 	-3.7154809e-12 	0.093507432
0.040568964 	0.29873028 	-3.8122843e-12 	-3.7549566e-12 	0.093514006
0.040811892 	0.29872121 	-3.8335405e-12 	-3.7944324e-12 	0.093520581
0.04105482 	0.29871214 	-3.8547967e-12 	-3.8339082e-12 	0.093527155
0.041297748 	0.29870308 	-3.8760529e-12 	-3.873384e-12 	0.093533729
0.041540676 	0.29869401 	-3.8973091e-12 	-3.9128598e-12 	0.093540303
0.041783604 	0.29868495 	-3.9185653e-12 	-3.9523356e-12 	0.093546877
0.042026532 	0.29867588 	-3.9401531e-12 	-3.9919772e-12 	0.093553415
0.042269459 	0.29866683 	-3.9644459e-12 	-4.0329713e-12 	0.09355966
0.042512387 	0.29865777 	-3.9887387e-12 	-4.0739654e-12 	0.093565904
0.042755315 	0.29864872 	-4.0130315e-12 	-4.1149595e-12 	0.093572148
0.042998243 	0.29863967 	-4.0373243e-12 	-4.1559535e-12 	0.093578392
0.043241171 	0.29863061 	-4.0616171e-12 	-4.1969476e-12 	0.093584637
0.043484099 	0.29862156 	-4.0859099e-12 	-4.2379417e-12 	0.093590881
0.043727027 	0.29861251 	-4.1102027e-12 	-4.2789358e-12 	0.093597125
0.043969955 	0.29860345 	-4.1344955e-12 	-4.3199299e-12 	0.093603369
0.044212883 	0.2985944 	-4.1361695e-12 	-4.3329831e-12 	0.093609293
0.044455811 	0.29858535 	-4.1346512e-12 	-4.3420929e-12 	0.093615171
0.044698739 	0.2985763 	-4.1331329e-12 	-4.3512027e-12 	0.093621049
0.044941667 	0.29856725 	-4.1316146e-12 	-4.3603125e-12 	0.093626927
0.045184595 	0.2985582 	-4.1300963e-12 	-4.3694223e-12 	0.093632805
0.045427523 	0.29854915 	-4.128578e-12 	-4.3785321e-12 	0.093638683
0.04567045 	0.2985401 	-4.1270597e-12 	-4.3876419e-12 	0.093644561
0.045913378 	0.29853105 	-4.1255414e-12 	-4.3967517e-12 	0.093650439
0.046156306 	0.29852201 	-4.0712697e-12 	-4.3462697e-12 	0.09365629
0.046399234 	0.29851296 	-3.9877632e-12 	-4.2627632e-12 	0.093662126
0.046642162 	0.29850392 	-3.9042568e-12 	-4.1792568e-12 	0.093667962
0.04688509 	0.29849488 	-3.8207503e-12 	-4.0957503e-12 	0.093673798
0.047128018 	0.29848584 	-3.7372438e-12 	-4.0122438e-12 	0.093679634
0.047370946 	0.29847679 	-3.6537373e-12 	-3.9287373e-12 	0.09368547
0.047613874 	0.29846775 	-3.5702309e-12 	-3.8452309e-12 	0.093691306
0.047856802 	0.29845871 	-3.4867244e-12 	-3.7617244e-12 	0.093697142
0.04809973 	0.29844965 	-3.3776622e-12 	-3.6470524e-12 	0.09370292
0.048342658 	0.29844055 	-3.2319054e-12 	-3.4876309e-12 	0.093708613
0.048585586 	0.29843145 	-3.0861487e-12 	-3.3282095e-12 	0.093714307
0.048828514 	0.29842235 	-2.9403919e-12 	-3.168788e-12 	0.093720001
0.049071441 	0.29841325 	-2.7946351e-12 	-3.0093666e-12 	0.093725694
0.049314369 	0.29840416 	-2.6488784e-12 	-2.8499451e-12 	0.093731388
0.049557297 	0.29839506 	-2.5031216e-12 	-2.6905236e-12 	0.093737081
0.049800225 	0.29838596 	-2.3573649e-12 	-2.5311022e-12 	0.093742775
0.050043153 	0.29837686 	-2.2145749e-12 	-2.3746475e-12 	0.093748806
0.050286081 	0.29836771 	-2.0855194e-12 	-2.2319274e-12 	0.093756398
0.050529009 	0.29835856 	-1.956464e-12 	-2.0892072e-12 	0.093763989
0.050771937 	0.29834941 	-1.8274085e-12 	-1.9464871e-12 	0.093771581
0.051014865 	0.29834027 	-1.698353e-12 	-1.8037669e-12 	0.093779173
0.051257793 	0.29833112 	-1.5692976e-12 	-1.6610467e-12 	0.093786765
0.051500721 	0.29832197 	-1.4402421e-12 	-1.5183266e-12 	0.093794357
0.051743649 	0.29831282 	-1.3111867e-12 	-1.3756064e-12 	0.093801949
0.051986577 	0.29830368 	-1.1821312e-12 	-1.2328863e-12 	0.093809541
0.052229505 	0.29829403 	-1.1118863e-12 	-1.1274606e-12 	0.093820444
0.052472432 	0.29828436 	-1.0450811e-12 	-1.0242162e-12 	0.09383154
0.05271536 	0.29827468 	-9.782759e-13 	-9.2097185e-13 	0.093842637
0.052958288 	0.29826501 	-9.1147072e-13 	-8.1772747e-13 	0.093853733
0.053201216 	0.29825533 	-8.4466554e-13 	-7.1448309e-13 	0.09386483
0.053444144 	0.29824566 	-7.7786036e-13 	-6.1123871e-13 	0.093875926
0.053687072 	0.29823599 	-7.1105518e-13 	-5.0799433e-13 	0.093887023
0.05393 	0.29822631 	-6.4425e-13 	-4.0474995e-13 	0.09389812
0.054172928 	0.29821607 	-5.9257602e-13 	-3.3176798e-13 	0.09391961
0.054415856 	0.2982056 	-5.4702704e-13 	-2.7103602e-13 	0.093945307
0.054658784 	0.29819513 	-5.0147807e-13 	-2.1030405e-13 	0.093971004
0.054901712 	0.29818467 	-4.5592909e-13 	-1.4957209e-13 	0.093996702
0.05514464 	0.2981742 	-4.1038011e-13 	-8.8840127e-14 	0.094022399
0.055387568 	0.29816373 	-3.6483114e-13 	-2.8108164e-14 	0.094048097
0.055630495 	0.29815326 	-3.1928216e-13 	3.26238e-14 	0.094073794
0.055873423 	0.29814279 	-2.7373318e-13 	9.3355763e-14 	0.094099491
0.056116351 	0.29813056 	-9.0016964e-14 	2.7043907e-13 	0.094143505
0.056359279 	0.29811642 	2.4400896e-13 	5.7409893e-13 	0.094207445
0.056602207 	0.29810227 	5.7803488e-13 	8.7775879e-13 	0.094271385
0.056845135 	0.29808813 	9.120608e-13 	1.1814187e-12 	0.094335324
0.057088063 	0.29807398 	1.2460867e-12 	1.4850785e-12 	0.094399264
0.057330991 	0.29805984 	1.5801126e-12 	1.7887384e-12 	0.094463204
0.057573919 	0.29804569 	1.9141386e-12 	2.0923983e-12 	0.094527144
0.057816847 	0.29803155 	2.2481645e-12 	2.3960581e-12 	0.094591083
0.058059775 	0.29801613 	2.5290886e-12 	2.6959821e-12 	0.094669227
0.058302703 	0.29799682 	2.6473059e-12 	2.9844592e-12 	0.094790894
0.058545631 	0.29797751 	2.7655232e-12 	3.2729362e-12 	0.094912561
0.058788559 	0.2979582 	2.8837405e-12 	3.5614133e-12 	0.095034228
0.059031486 	0.29793889 	3.0019578e-12 	3.8498904e-12 	0.095155895
0.059274414 	0.29791958 	3.1201751e-12 	4.1383675e-12 	0.095277562
0.059517342 	0.29790027 	3.2383924e-12 	4.4268445e-12 	0.095399229
0.05976027 	0.29788096 	3.3566097e-12 	4.7153216e-12 	0.095520896
0.060003198 	0.29786144 	3.4653818e-12 	4.9910838e-12 	0.095644564
0.060246126 	0.29782631 	2.8661634e-12 	4.3137718e-12 	0.095918235
0.060489054 	0.29779118 	2.2669449e-12 	3.6364598e-12 	0.096191905
0.060731982 	0.29775606 	1.6677265e-12 	2.9591477e-12 	0.096465576
0.06097491 	0.29771778 	1.1431459e-12 	2.2862905e-12 	0.09677059
0.061217838 	0.29767134 	8.1250493e-13 	1.6250088e-12 	0.097157048
0.061460766 	0.29762489 	4.8186392e-13 	9.63727e-13 	0.097543506
0.061703694 	0.29757845 	1.5122291e-13 	3.0244525e-13 	0.097929963
0.061946622 	0.2975258 	-5.4688612e-20 	-4.7206558e-19 	0.098378333
0.06218955 	0.29746793 	1.0676917e-19 	-5.8335741e-21 	0.098878886
0.062432477 	0.29741007 	2.6822694e-19 	4.6039843e-19 	0.099379439
0.062675405 	0.2973522 	4.2968472e-19 	9.2663044e-19 	0.099879991
0.062918333 	0.29728423 	2.7365629e-13 	2.7365673e-13 	0.10047791
0.063161261 	0.29721384 	6.1260247e-13 	6.1260276e-13 	0.10109907
0.063404189 	0.29714346 	9.5154864e-13 	9.5154879e-13 	0.10172022
0.063647117 	0.2970719 	1.2654264e-12 	1.289875e-12 	0.10235149
0.063890045 	0.2969852 	1.2567235e-12 	1.6202254e-12 	0.10311291
0.064132973 	0.2968985 	1.2480206e-12 	1.9505758e-12 	0.10387432
0.064375901 	0.2968118 	1.2393176e-12 	2.2809262e-12 	0.10463574
0.064618829 	0.29671867 	1.1223058e-12 	2.3857539e-12 	0.10544864
0.064861757 	0.29661291 	7.9206277e-13 	2.0465877e-12 	0.1063629
0.065104685 	0.29650715 	4.6181971e-13 	1.7074215e-12 	0.10727715
0.065347613 	0.29640139 	1.3157665e-13 	1.3682552e-12 	0.1081914
0.065590541 	0.2962828 	7.8309006e-19 	1.0345249e-12 	0.10920317
0.065833468 	0.29615571 	1.6991334e-19 	7.0439476e-13 	0.11027952
0.066076396 	0.29602862 	-4.4326339e-19 	3.7426459e-13 	0.11135587
0.066319324 	0.29590153 	-1.0564401e-18 	4.4134421e-14 	0.11243223
0.066562252 	0.29575287 	-5.0348139e-19 	1.2723869e-18 	0.1136616
0.06680518 	0.29560087 	2.2942807e-19 	1.3957479e-18 	0.11491458
0.067048108 	0.29544887 	9.6233753e-19 	1.5191089e-18 	0.11616757
0.067291036 	0.29529295 	1.3600272e-18 	1.5159898e-18 	0.11744633
0.067533964 	0.29511098 	-4.6498989e-19 	6.7423241e-19 	0.11889596
0.067776892 	0.294929 	-2.290007e-18 	-1.6752499e-19 	0.12034559
0.06801982 	0.29474703 	-4.1150241e-18 	-1.0092824e-18 	0.12179523
0.068262748 	0.2945507 	-4.2800016e-18 	-8.975222e-19 	0.12333208
0.068505676 	0.29433244 	-1.9107448e-18 	6.6988812e-19 	0.12500209
0.068748604 	0.29411418 	4.5851203e-19 	2.2372985e-18 	0.12667209
0.068991532 	0.29389593 	2.8277688e-18 	3.8047088e-18 	0.1283421
0.069234459 	0.29364848 	3.4451462e-18 	2.3620499e-18 	0.13017603
0.069477387 	0.29338603 	3.1621416e-18 	-6.2764013e-19 	0.13209422
0.069720315 	0.29312358 	2.8791369e-18 	-3.6173302e-18 	0.1340124
0.069963243 	0.29286114 	2.5961323e-18 	-6.6070203e-18 	0.13593059
0.070206171 	0.29254853 	1.3060027e-18 	-4.5140862e-18 	0.13810815
0.070449099 	0.29223187 	-6.548137e-20 	-2.0105836e-18 	0.14030666
0.070692027 	0.29191521 	-1.4369654e-18 	4.9291901e-19 	0.14250517
0.070934955 	0.29158589 	-2.4155199e-18 	2.0230593e-18 	0.14476388
0.071177883 	0.29120254 	-1.7188931e-18 	-5.965478e-19 	0.14727926
0.071420811 	0.2908192 	-1.0222663e-18 	-3.2161549e-18 	0.14979464
0.071663739 	0.29043586 	-3.2563945e-19 	-5.8357619e-18 	0.15231001
0.071906667 	0.29001495 	5.7887243e-19 	-5.030215e-18 	0.15498945
0.072149595 	0.289549 	1.7326606e-18 	-1.1754463e-19 	0.15786561
0.072392523 	0.28908305 	2.8864488e-18 	4.7951257e-18 	0.16074177
0.07263545 	0.2886171 	4.0402369e-18 	9.707796e-18 	0.16361794
0.072878378 	0.28807629 	1.8422548e-18 	9.0863909e-18 	0.16679407
0.073121306 	0.28750629 	-1.6626488e-18 	6.3071402e-18 	0.17008718
0.073364234 	0.28693628 	-5.1675525e-18 	3.5278894e-18 	0.17338028
0.073607162 	0.28636628 	-8.6724561e-18 	7.4863873e-19 	0.17667338
0.07385009 	0.28566504 	-2.1858574e-18 	-7.0936257e-19 	0.1804485
0.074093018 	0.28496168 	4.4611235e-18 	-2.1461554e-18 	0.18423136
0.074335946 	0.28425833 	1.1108104e-17 	-3.5829482e-18 	0.18801421
0.074578874 	0.2835118 	1.3394382e-17 	-4.3549775e-18 	0.19194176
0.074821802 	0.28263501 	2.5241007e-18 	-3.1213676e-18 	0.19630586
0.07506473 	0.28175822 	-8.3461802e-18 	-1.8877576e-18 	0.20066995
0.075307658 	0.28088143 	-1.9216461e-17 	-6.541476e-19 	0.20503404
0.075550586 	0.2798873 	-1.931431e-17 	-7.657502e-20 	0.20975884
0.075793514 	0.27878208 	-9.2132209e-18 	-1.201142e-19 	0.21482513
0.076036441 	0.27767687 	8.8786786e-19 	-1.6365337e-19 	0.21989142
0.076279369 	0.27657165 	1.0988957e-17 	-2.0719255e-19 	0.22495772
0.076522297 	0.27522698 	1.2639818e-17 	1.952202e-18 	0.23068758
0.076765225 	0.27381414 	1.1885138e-17 	4.7387093e-18 	0.23660634
0.077008153 	0.27240129 	1.1130459e-17 	7.5252165e-18 	0.2425251
0.077251081 	0.27097036 	1.0329444e-17 	9.8057839e-18 	0.24849052
0.077494009 	0.26913825 	8.5007989e-18 	8.6573976e-19 	0.2554907
0.077736937 	0.26730614 	6.6721535e-18 	-8.0743043e-18 	0.26249088
0.077979865 	0.26547402 	4.8435081e-18 	-1.7014348e-17 	0.26949106
0.078222793 	0.26345734 	-1.8198259e-18 	-1.8912369e-17 	0.27690059
0.078465721 	0.26102576 	-1.9351601e-17 	-4.9798328e-18 	0.28523032
0.078708649 	0.25859418 	-3.6883375e-17 	8.9527034e-18 	0.29356006
0.078951577 	0.25616261 	-5.441515e-17 	2.288524e-17 	0.30188979
0.079194505 	0.25324986 	-5.180248e-17 	2.2058479e-17 	0.3112841
0.079437432 	0.24997799 	-3.4154601e-17 	1.0215824e-17 	0.32147297
0.07968036 	0.24670611 	-1.6506721e-17 	-1.6268322e-18 	0.33166185
0.079923288 	0.24343424 	1.1411579e-18 	-1.3469488e-17 	0.34185072
0.080166216 	0.23905369 	1.1862089e-17 	-2.8733174e-12 	0.35375179
0.080409144 	0.23445778 	2.1237525e-17 	-6.3047316e-12 	0.36598543
0.080652072 	0.22986188 	3.0612961e-17 	-9.7361458e-12 	0.37821907
0.080895 	0.22510149 	-3.5081398e-13 	-1.3501073e-11 	0.39078019
0.081137928 	0.21889438 	-3.7875879e-12 	-2.0199406e-11 	0.40622167
0.081380856 	0.21268728 	-7.2243619e-12 	-2.689774e-11 	0.42166314
0.081623784 	0.20648018 	-1.0661136e-11 	-3.3596073e-11 	0.43710461
0.081866712 	0.19929692 	-1.5667629e-11 	-4.0667686e-11 	0.45248315
0.08210964 	0.19042873 	-2.3383623e-11 	-4.8383618e-11 	0.46775306
0.082352568 	0.18156054 	-3.1099617e-11 	-5.6099551e-11 	0.48302296
0.082595495 	0.17269235 	-3.8815611e-11 	-6.3815483e-11 	0.49829287
0.082838423 	0.16634578 	-4.3237376e-11 	-6.7259916e-11 	0.50863603
0.083081351 	0.16147027 	-4.5737347e-11 	-6.8212431e-11 	0.51610501
0.083324279 	0.15659476 	-4.8237317e-11 	-6.9164946e-11 	0.523574
0.083567207 	0.15171925 	-5.0737288e-11 	-7.0117461e-11 	0.53104298
0.083810135 	0.14684374 	-5.3237258e-11 	-7.1069977e-11 	0.53851197
0.084053063 	0.14196824 	-5.5737229e-11 	-7.2022492e-11 	0.54598095
0.084295991 	0.13709273 	-5.8237199e-11 	-7.2975007e-11 	0.55344993
0.084538919 	0.13221722 	-6.073717e-11 	-7.3927522e-11 	0.56091892
0.084781847 	0.12922605 	-6.037156e-11 	-7.2013444e-11 	0.56638831
0.085024775 	0.12913449 	-5.5596408e-11 	-6.5688263e-11 	0.56878072
0.085267703 	0.12904293 	-5.0821255e-11 	-5.9363082e-11 	0.57117314
0.085510631 	0.12895137 	-4.6046103e-11 	-5.3037901e-11 	0.57356556
0.085753559 	0.12885981 	-4.1270951e-11 	-4.671272e-11 	0.57595798
0.085996486 	0.12876826 	-3.6495798e-11 	-4.0387539e-11 	0.5783504
0.086239414 	0.1286767 	-3.1720646e-11 	-3.4062358e-11 	0.58074282
0.086482342 	0.12858514 	-2.6945493e-11 	-2.7737177e-11 	0.58313523
0.08672527 	0.12796759 	-2.3008076e-11 	-2.3172499e-11 	0.58548936
0.086968198 	0.12680093 	-1.9945221e-11 	-2.044572e-11 	0.58780352
0.087211126 	0.12563426 	-1.6882366e-11 	-1.7718941e-11 	0.59011768
0.087454054 	0.1244676 	-1.3819511e-11 	-1.4992161e-11 	0.59243183
0.087696982 	0.12330094 	-1.0756656e-11 	-1.2265382e-11 	0.59474599
0.08793991 	0.12213427 	-7.6938012e-12 	-9.5386025e-12 	0.59706014
0.088182838 	0.12096761 	-4.6309463e-12 	-6.8118232e-12 	0.5993743
0.088425766 	0.11980095 	-1.5680915e-12 	-4.0850439e-12 	0.60168846
0.088668694 	0.11819931 	-1.7434581e-12 	-4.5970752e-12 	0.60406453
0.088911622 	0.11655158 	-2.2620291e-12 	-5.4523733e-12 	0.60644716
0.08915455 	0.11490385 	-2.7806001e-12 	-6.3076714e-12 	0.6088298
0.089397477 	0.11325611 	-3.2991712e-12 	-7.1629696e-12 	0.61121243
0.089640405 	0.11160838 	-3.8177422e-12 	-8.0182677e-12 	0.61359506
0.089883333 	0.10996065 	-4.3363132e-12 	-8.8735658e-12 	0.6159777
0.090126261 	0.10831292 	-4.8548842e-12 	-9.7288639e-12 	0.61836033
0.090369189 	0.10692852 	-5.4969159e-12 	-1.0382741e-11 	0.62049386
0.090612117 	0.10570163 	-6.2127892e-12 	-1.0916147e-11 	0.62247839
0.090855045 	0.10447475 	-6.9286626e-12 	-1.1449554e-11 	0.62446293
0.091097973 	0.10324786 	-7.644536e-12 	-1.1982961e-11 	0.62644746
0.091340901 	0.10202097 	-8.3604094e-12 	-1.2516368e-11 	0.628432
0.091583829 	0.10079408 	-9.0762827e-12 	-1.3049775e-11 	0.63041653
0.091826757 	0.099567194 	-9.7921561e-12 	-1.3583182e-11 	0.63240107
0.092069685 	0.098397779 	-1.0161423e-11 	-1.3891702e-11 	0.63426574
0.092312613 	0.097260475 	-1.0337045e-11 	-1.4074582e-11 	0.63606346
0.092555541 	0.09612317 	-1.0512668e-11 	-1.4257461e-11 	0.63786118
0.092798468 	0.094985865 	-1.068829e-11 	-1.4440341e-11 	0.6396589
0.093041396 	0.09384856 	-1.0863913e-11 	-1.462322e-11 	0.64145662
0.093284324 	0.092711255 	-1.1039535e-11 	-1.48061e-11 	0.64325433
0.093527252 	0.09157395 	-1.1215158e-11 	-1.498898e-11 	0.64505205
0.09377018 	0.09042606 	-1.1046623e-11 	-1.4813811e-11 	0.64676641
0.094013108 	0.089277491 	-1.0856021e-11 	-1.4615683e-11 	0.64847543
0.094256036 	0.088128923 	-1.0665418e-11 	-1.4417556e-11 	0.65018445
0.094498964 	0.086980354 	-1.0474816e-11 	-1.4219429e-11 	0.65189346
0.094741892 	0.085831786 	-1.0284214e-11 	-1.4021302e-11 	0.65360248
0.09498482 	0.084683217 	-1.0093612e-11 	-1.3823174e-11 	0.6553115
0.095227748 	0.08355668 	-9.7898873e-12 	-1.3309611e-11 	0.65696874
0.095470676 	0.082451408 	-9.3769798e-12 	-1.2491597e-11 	0.65857601
0.095713604 	0.081346136 	-8.9640722e-12 	-1.1673582e-11 	0.66018327
0.095956532 	0.080240864 	-8.5511646e-12 	-1.0855567e-11 	0.66179054
0.096199459 	0.079135592 	-8.138257e-12 	-1.0037552e-11 	0.66339781
0.096442387 	0.07803032 	-7.7253495e-12 	-9.2195373e-12 	0.66500507
0.096685315 	0.07693853 	-7.3120429e-12 	-8.4680617e-12 	0.66658115
0.096928243 	0.075873148 	-6.897955e-12 	-7.8469306e-12 	0.66809614
0.097171171 	0.074807766 	-6.483867e-12 	-7.2257994e-12 	0.66961112
0.097414099 	0.073742384 	-6.069779e-12 	-6.6046683e-12 	0.67112611
0.097657027 	0.072677002 	-5.655691e-12 	-5.9835371e-12 	0.6726411
0.097899955 	0.07161162 	-5.2416031e-12 	-5.362406e-12 	0.67415608
0.098142883 	0.070556431 	-4.9999993e-12 	-5.0000008e-12 	0.67563939
0.098385811 	0.069515519 	-4.9999996e-12 	-5.0000011e-12 	0.67707834
0.098628739 	0.068474608 	-4.9999998e-12 	-5.0000014e-12 	0.67851729
0.098871667 	0.067433697 	-5.0000001e-12 	-5.0000017e-12 	0.67995623
0.099114595 	0.066392785 	-5.0000004e-12 	-5.000002e-12 	0.68139518
0.099357523 	0.065351874 	-5.0000007e-12 	-5.0000023e-12 	0.68283413
0.09960045 	0.064326669 	-5.0000007e-12 	-5.1715672e-12 	0.68422315
0.099843378 	0.063307141 	-5.0000008e-12 	-5.4051455e-12 	0.68559414
0.10008631 	0.062287613 	-5.0000008e-12 	-5.6387237e-12 	0.68696513
0.10032923 	0.061268085 	-5.0000008e-12 	-5.8723019e-12 	0.68833611
0.10057216 	0.060248557 	-5.0000008e-12 	-6.1058801e-12 	0.6897071
0.10081509 	0.059234599 	-5.0000008e-12 	-6.2710153e-12 	0.69106052
0.10105802 	0.058234812 	-5.0000008e-12 	-6.2620479e-12 	0.69236926
0.10130095 	0.057235026 	-5.0000009e-12 	-6.2530804e-12 	0.693678
0.10154387 	0.056235239 	-5.0000009e-12 	-6.244113e-12 	0.69498673
0.1017868 	0.055235452 	-5.0000009e-12 	-6.2351455e-12 	0.69629547
0.10202973 	0.054236514 	-5.0000008e-12 	-6.2270954e-12 	0.69760137
0.10227266 	0.053253614 	-5.0000002e-12 	-6.236369e-12 	0.69885352
0.10251559 	0.052270714 	-4.9999995e-12 	-6.2456425e-12 	0.70010568
0.10275851 	0.051287813 	-4.9999989e-12 	-6.2549161e-12 	0.70135783
0.10300144 	0.050304913 	-4.9999982e-12 	-6.2641896e-12 	0.70260998
0.10324437 	0.04932245 	-5.0158038e-12 	-6.2887053e-12 	0.70386059
0.1034873 	0.04835416 	-5.5442981e-12 	-6.8076139e-12 	0.70506106
0.10373023 	0.047385871 	-6.0727924e-12 	-7.3265224e-12 	0.70626153
0.10397315 	0.046417581 	-6.6012867e-12 	-7.845431e-12 	0.707462
0.10421608 	0.045449292 	-7.129781e-12 	-8.3643396e-12 	0.70866247
0.10445901 	0.044483758 	-7.6002747e-12 	-8.8293879e-12 	0.70985284
0.10470194 	0.043528439 	-7.8558095e-12 	-9.0948223e-12 	0.71100577
0.10494486 	0.042573119 	-8.1113443e-12 	-9.3602568e-12 	0.7121587
0.10518779 	0.041617799 	-8.3668791e-12 	-9.6256912e-12 	0.71331164
0.10543072 	0.040662479 	-8.6224139e-12 	-9.8911256e-12 	0.71446457
0.10567365 	0.039713976 	-8.3948321e-12 	-9.6615787e-12 	0.71559165
0.10591658 	0.038770212 	-7.8312834e-12 	-9.0878138e-12 	0.71670074
0.1061595 	0.037826449 	-7.2677347e-12 	-8.514049e-12 	0.71780984
0.10640243 	0.036882686 	-6.704186e-12 	-7.9402841e-12 	0.71891894
0.10664536 	0.035940512 	-6.183027e-12 	-7.3660594e-12 	0.72002179
0.10688829 	0.03500707 	-5.8946527e-12 	-6.7893092e-12 	0.72109039
0.10713122 	0.034073627 	-5.6062783e-12 	-6.212559e-12 	0.72215899
0.10737414 	0.033140184 	-5.317904e-12 	-5.6358088e-12 	0.72322759
0.10761707 	0.032206741 	-5.0295297e-12 	-5.0590586e-12 	0.72429619
0.10786 	0.031281623 	-5.2795504e-12 	-5.2795483e-12 	0.72533115
0.10810293 	0.030357453 	-5.5909945e-12 	-5.5909919e-12 	0.72636226
0.10834586 	0.029433284 	-5.9024385e-12 	-5.9024356e-12 	0.72739338
0.10858878 	0.028509115 	-6.2138826e-12 	-6.2138792e-12 	0.7284245
0.10883171 	0.027591758 	-6.5268453e-12 	-6.790732e-12 	0.72942735
0.10907464 	0.026675965 	-6.8401567e-12 	-7.4285418e-12 	0.73042372
0.10931757 	0.025760172 	-7.1534682e-12 	-8.0663517e-12 	0.73142008
0.1095605 	0.024844379 	-7.4667796e-12 	-8.7041615e-12 	0.73241645
0.10980342 	0.023935377 	-7.802243e-12 	-9.0637416e-12 	0.73338397
0.11004635 	0.023027179 	-8.1403337e-12 	-9.3903238e-12 	0.73434807
0.11028928 	0.022118982 	-8.4784244e-12 	-9.716906e-12 	0.73531218
0.11053221 	0.021211705 	-8.7230063e-12 	-9.9061773e-12 	0.73627228
0.11077514 	0.020310419 	-8.3589297e-12 	-9.2016778e-12 	0.73720639
0.11101806 	0.019409133 	-7.994853e-12 	-8.4971782e-12 	0.7381405
0.11126099 	0.018507847 	-7.6307764e-12 	-7.7926786e-12 	0.7390746
0.11150392 	0.017609871 	-7.0854478e-12 	-7.0854478e-12 	0.73999407
0.11174685 	0.016714896 	-6.3757401e-12 	-6.3757401e-12 	0.74090026
0.11198977 	0.015819921 	-5.6660323e-12 	-5.6660323e-12 	0.74180646
0.1122327 	0.014925302 	-5.0470608e-12 	-5.0470608e-12 	0.74271105
0.11247563 	0.014036108 	-5.8117779e-12 	-5.8117779e-12 	0.74359123
0.11271856 	0.013146913 	-6.5764951e-12 	-6.5764951e-12 	0.74447141
0.11296149 	0.012257719 	-7.3412122e-12 	-7.3412122e-12 	0.74535159
0.11320441 	0.011372446 	-8.6992117e-12 	-8.4049584e-12 	0.74621384
0.11344734 	0.010488561 	-1.0267108e-11 	-9.574498e-12 	0.74706976
0.11369027 	0.0096046754 	-1.1835005e-11 	-1.0744038e-11 	0.74792567
0.1139332 	0.0087234796 	-1.3439234e-11 	-1.2176247e-11 	0.74876912
0.11417613 	0.0078444832 	-1.5073175e-11 	-1.3823255e-11 	0.74960238
0.11441905 	0.0069654868 	-1.6707116e-11 	-1.5470263e-11 	0.75043563
0.11466198 	0.0060887042 	-1.922313e-11 	-1.7774304e-11 	0.7512585
0.11490491 	0.0052142212 	-2.2655388e-11 	-2.0760831e-11 	0.75207058
0.11514784 	0.0043397382 	-2.6087646e-11 	-2.3747358e-11 	0.75288266
0.11539077 	0.0034675722 	-3.0069111e-11 	-2.7545407e-11 	0.75368375
0.11563369 	0.0025972673 	-3.4491712e-11 	-3.1995289e-11 	0.754476
0.11587662 	0.0017269624 	-3.8914314e-11 	-3.6445172e-11 	0.75526826
0.11611955 	0.00085952028 	-4.4879011e-11 	-4.3088521e-11 	0.75604682
0.11636248 	-6.901951e-06 	-5.1393108e-11 	-5.051333e-11 	0.75682049
0.11660541 	-0.00087320066 	-5.8112876e-11 	-5.8063058e-11 	0.75759358
0.11684833 	-0.0017359863 	-7.0681818e-11 	-6.9165392e-11 	0.75834979
0.11709126 	-0.0025987719 	-8.3250759e-11 	-8.0267725e-11 	0.75910601
0.11733419 	-0.0034600319 	-9.892663e-11 	-9.402098e-11 	0.75985496
0.11757712 	-0.0043193494 	-1.1855824e-10 	-1.1114938e-10 	0.76059465
0.11782005 	-0.0051786669 	-1.3818984e-10 	-1.2827778e-10 	0.76133435
0.11806297 	-0.0060346835 	-1.6708387e-10 	-1.5455427e-10 	0.76205898
0.1183059 	-0.006890529 	-1.96458e-10 	-1.8130492e-10 	0.76278282
0.11854883 	-0.0077442159 	-2.335894e-10 	-2.1513777e-10 	0.76349776
0.11879176 	-0.0085962217 	-2.7676241e-10 	-2.5448645e-10 	0.76420577
0.11903468 	-0.0094468398 	-3.2472878e-10 	-2.9843353e-10 	0.76490918
0.11927761 	-0.010293709 	-3.8564346e-10 	-3.5480226e-10 	0.76560017
0.11952054 	-0.011139993 	-4.4833819e-10 	-4.128525e-10 	0.76628965
0.11976347 	-0.011978596 	-5.3437912e-10 	-4.9295642e-10 	0.76695935
0.1200064 	-0.012817199 	-6.2042004e-10 	-5.7306034e-10 	0.76762904
0.12024932 	-0.013640662 	-7.3960143e-10 	-6.8429424e-10 	0.7682695
0.12049225 	-0.0144635 	-8.6014833e-10 	-7.9681082e-10 	0.76890875
0.12073518 	-0.015258368 	-1.0203564e-09 	-9.4564305e-10 	0.76949972
0.12097811 	-0.016051302 	-1.1833068e-09 	-1.0969862e-09 	0.77008735
0.12122104 	-0.016786623 	-1.3976477e-09 	-1.2952619e-09 	0.77059322
0.12146396 	-0.017509503 	-1.6204799e-09 	-1.5013349e-09 	0.7710802
0.12170689 	-0.018150335 	-1.8986518e-09 	-1.7582394e-09 	0.77144223
0.12194982 	-0.018740068 	-2.1976771e-09 	-2.0343025e-09 	0.77174774
0.12219275 	-0.019229785 	-2.537518e-09 	-2.347864e-09 	0.77194264
0.12243568 	-0.019649757 	-2.9706165e-09 	-2.7477847e-09 	0.77193982
0.1226786 	-0.020027201 	-3.4605814e-09 	-3.2003652e-09 	0.77181642
0.12292153 	-0.020129476 	-3.8708803e-09 	-3.5797546e-09 	0.77142609
0.12316446 	-0.020224309 	-4.2790248e-09 	-3.9571647e-09 	0.77102855
0.12340739 	-0.020319143 	-4.6871693e-09 	-4.3345748e-09 	0.770631
0.12365032 	-0.020413977 	-5.0953139e-09 	-4.7119849e-09 	0.77023346
0.12389324 	-0.02050881 	-5.5034584e-09 	-5.089395e-09 	0.76983592
0.12413617 	-0.020565875 	-5.8926282e-09 	-5.4491687e-09 	0.76940181
0.1243791 	-0.020521288 	-6.2307301e-09 	-5.7614759e-09 	0.76886933
0.12462203 	-0.020476702 	-6.5688319e-09 	-6.0737831e-09 	0.76833684
0.12486495 	-0.020432115 	-6.9069338e-09 	-6.3860903e-09 	0.76780436
0.12510788 	-0.020387529 	-7.2450356e-09 	-6.6983975e-09 	0.76727187
0.12535081 	-0.020342943 	-7.5831374e-09 	-7.0107047e-09 	0.76673939
0.12559374 	-0.020321833 	-7.8965834e-09 	-7.3002139e-09 	0.76619852
0.12583667 	-0.02032413 	-8.1854466e-09 	-7.5669928e-09 	0.7656493
0.12607959 	-0.020326427 	-8.4743097e-09 	-7.8337716e-09 	0.76510008
0.12632252 	-0.020328724 	-8.7631729e-09 	-8.1005504e-09 	0.76455086
0.12656545 	-0.020331021 	-9.0520361e-09 	-8.3673292e-09 	0.76400164
0.12680838 	-0.020333318 	-9.3408992e-09 	-8.634108e-09 	0.76345242
0.12705131 	-0.020337086 	-9.594287e-09 	-8.8690812e-09 	0.76288419
0.12729423 	-0.020341602 	-9.8295937e-09 	-9.0878436e-09 	0.76230627
0.12753716 	-0.020346119 	-1.00649e-08 	-9.306606e-09 	0.76172835
0.12778009 	-0.020350635 	-1.0300207e-08 	-9.5253685e-09 	0.76115044
0.12802302 	-0.020355151 	-1.0535514e-08 	-9.7441309e-09 	0.76057252
0.12826595 	-0.020359668 	-1.077082e-08 	-9.9628933e-09 	0.7599946
0.12850887 	-0.020353958 	-1.0958383e-08 	-1.0137389e-08 	0.75939056
0.1287518 	-0.02034493 	-1.1130457e-08 	-1.0297523e-08 	0.75877804
0.12899473 	-0.020335903 	-1.1302531e-08 	-1.0457657e-08 	0.75816552
0.12923766 	-0.020326875 	-1.1474605e-08 	-1.0617791e-08 	0.757553
0.12948059 	-0.020317847 	-1.1646679e-08 	-1.0777925e-08 	0.75694048
0.12972351 	-0.02030882 	-1.1818753e-08 	-1.0938059e-08 	0.75632795
0.12996644 	-0.020299056 	-1.1948539e-08 	-1.1058582e-08 	0.75569395
0.13020937 	-0.020289082 	-1.2066251e-08 	-1.1167796e-08 	0.75505381
0.1304523 	-0.020279109 	-1.2183963e-08 	-1.1277009e-08 	0.75441367
0.13069523 	-0.020269135 	-1.2301675e-08 	-1.1386223e-08 	0.75377352
0.13093815 	-0.020259161 	-1.2419387e-08 	-1.1495436e-08 	0.75313338
0.13118108 	-0.020249187 	-1.2537099e-08 	-1.160465e-08 	0.75249324
0.13142401 	-0.02023829 	-1.262259e-08 	-1.1683811e-08 	0.7518337
0.13166694 	-0.020227051 	-1.269617e-08 	-1.1751862e-08 	0.75116699
0.13190986 	-0.020215812 	-1.2769751e-08 	-1.1819914e-08 	0.75050028
0.13215279 	-0.020204572 	-1.2843331e-08 	-1.1887965e-08 	0.74983357
0.13239572 	-0.020193333 	-1.2916911e-08 	-1.1956017e-08 	0.74916687
0.13263865 	-0.020182094 	-1.2990491e-08 	-1.2024069e-08 	0.74850016
0.13288158 	-0.020169268 	-1.3043651e-08 	-1.2072851e-08 	0.74781723
0.1331245 	-0.020155431 	-1.3083801e-08 	-1.2109356e-08 	0.74712397
0.13336743 	-0.020141595 	-1.3123951e-08 	-1.2145862e-08 	0.74643072
0.13361036 	-0.020127758 	-1.3164101e-08 	-1.2182368e-08 	0.74573746
0.13385329 	-0.020113921 	-1.3204251e-08 	-1.2218873e-08 	0.7450442
0.13409622 	-0.020100084 	-1.3244401e-08 	-1.2255379e-08 	0.74435095
0.13433914 	-0.020085341 	-1.3275042e-08 	-1.2283062e-08 	0.74364694
0.13458207 	-0.020069341 	-1.329251e-08 	-1.2298525e-08 	0.74292804
0.134825 	-0.020053342 	-1.3309978e-08 	-1.2313988e-08 	0.74220913
0.13506793 	-0.020037343 	-1.3327447e-08 	-1.2329451e-08 	0.74149023
0.13531086 	-0.020021344 	-1.3344915e-08 	-1.2344914e-08 	0.74077133
0.13555378 	-0.020005344 	-1.3362384e-08 	-1.2360376e-08 	0.74005243
0.13579671 	-0.019989037 	-1.3377801e-08 	-1.2374006e-08 	0.73932972
0.13603964 	-0.01997104 	-1.3382e-08 	-1.2377606e-08 	0.73858616
0.13628257 	-0.019953043 	-1.3386198e-08 	-1.2381205e-08 	0.73784261
0.1365255 	-0.019935046 	-1.3390397e-08 	-1.2384804e-08 	0.73709906
0.13676842 	-0.019917049 	-1.3394595e-08 	-1.2388404e-08 	0.73635551
0.13701135 	-0.019899052 	-1.3398794e-08 	-1.2392003e-08 	0.73561196
0.13725428 	-0.019881055 	-1.3402992e-08 	-1.2395602e-08 	0.73486841
0.13749721 	-0.019861437 	-1.340125e-08 	-1.2394221e-08 	0.73410566
0.13774014 	-0.019841454 	-1.3398165e-08 	-1.2391714e-08 	0.73333858
0.13798306 	-0.01982147 	-1.3395081e-08 	-1.2389207e-08 	0.73257149
0.13822599 	-0.019801487 	-1.3391997e-08 	-1.23867e-08 	0.73180441
0.13846892 	-0.019781504 	-1.3388913e-08 	-1.2384193e-08 	0.73103733
0.13871185 	-0.01976152 	-1.3385828e-08 	-1.2381686e-08 	0.73027024
0.13895477 	-0.019740765 	-1.3381584e-08 	-1.2378252e-08 	0.72949424
0.1391977 	-0.019718863 	-1.3375615e-08 	-1.2373439e-08 	0.72870497
0.13944063 	-0.01969696 	-1.3369646e-08 	-1.2368626e-08 	0.7279157
0.13968356 	-0.019675058 	-1.3363677e-08 	-1.2363812e-08 	0.72712643
0.13992649 	-0.019653155 	-1.3357708e-08 	-1.2358999e-08 	0.72633716
0.14016941 	-0.019631253 	-1.3351739e-08 	-1.2354186e-08 	0.72554789
0.14041234 	-0.01960935 	-1.334577e-08 	-1.2349373e-08 	0.72475861
0.14065527 	-0.019585761 	-1.3340375e-08 	-1.2345121e-08 	0.7239505
0.1408982 	-0.019562011 	-1.3335035e-08 	-1.2340924e-08 	0.72314058
0.14114113 	-0.019538261 	-1.3329695e-08 	-1.2336726e-08 	0.72233067
0.14138405 	-0.019514511 	-1.3324356e-08 	-1.2332528e-08 	0.72152075
0.14162698 	-0.019490761 	-1.3319016e-08 	-1.232833e-08 	0.72071083
0.14186991 	-0.01946701 	-1.3313676e-08 	-1.2324133e-08 	0.71990092
0.14211284 	-0.019442642 	-1.3309072e-08 	-1.2320602e-08 	0.71908443
0.14235577 	-0.019417106 	-1.3305857e-08 	-1.231833e-08 	0.71825556
0.14259869 	-0.01939157 	-1.3302642e-08 	-1.2316059e-08 	0.71742669
0.14284162 	-0.019366034 	-1.3299427e-08 	-1.2313787e-08 	0.71659782
0.14308455 	-0.019340498 	-1.3296212e-08 	-1.2311515e-08 	0.71576895
0.14332748 	-0.019314962 	-1.3292998e-08 	-1.2309243e-08 	0.71494008
0.14357041 	-0.019289426 	-1.3289783e-08 	-1.2306972e-08 	0.71411121
0.14381333 	-0.019262678 	-1.3289069e-08 	-1.2306803e-08 	0.71327029
0.14405626 	-0.019235418 	-1.3289413e-08 	-1.2307524e-08 	0.71242427
0.14429919 	-0.019208157 	-1.3289758e-08 	-1.2308245e-08 	0.71157825
0.14454212 	-0.019180897 	-1.3290103e-08 	-1.2308966e-08 	0.71073223
0.14478505 	-0.019153637 	-1.3290447e-08 	-1.2309687e-08 	0.70988621
0.14502797 	-0.019126376 	-1.3290792e-08 	-1.2310408e-08 	0.70904019
0.1452709 	-0.019099116 	-1.3291136e-08 	-1.2311129e-08 	0.70819417
0.14551383 	-0.019070224 	-1.3297225e-08 	-1.2315979e-08 	0.70733318
0.14575676 	-0.019041299 	-1.3303429e-08 	-1.2320912e-08 	0.70647189
0.14599968 	-0.019012375 	-1.3309632e-08 	-1.2325845e-08 	0.7056106
0.14624261 	-0.018983451 	-1.3315836e-08 	-1.2330778e-08 	0.7047493
0.14648554 	-0.018954526 	-1.332204e-08 	-1.2335711e-08 	0.70388801
0.14672847 	-0.018925602 	-1.3328243e-08 	-1.2340644e-08 	0.70302672
0.1469714 	-0.018896391 	-1.33357e-08 	-1.2346667e-08 	0.70216304
0.14721432 	-0.018865861 	-1.3348918e-08 	-1.23577e-08 	0.70128838
0.14745725 	-0.018835332 	-1.3362135e-08 	-1.2368733e-08 	0.70041372
0.14770018 	-0.018804803 	-1.3375353e-08 	-1.2379767e-08 	0.69953906
0.14794311 	-0.018774274 	-1.338857e-08 	-1.23908e-08 	0.6986644
0.14818604 	-0.018743745 	-1.3401788e-08 	-1.2401834e-08 	0.69778974
0.14842896 	-0.018713216 	-1.3415005e-08 	-1.2412867e-08 	0.69691508
0.14867189 	-0.018682228 	-1.3430515e-08 	-1.2426151e-08 	0.69603702
0.14891482 	-0.018650152 	-1.3451464e-08 	-1.2444773e-08 	0.69515089
0.14915775 	-0.018618076 	-1.3472413e-08 	-1.2463394e-08 	0.69426475
0.14940068 	-0.018586 	-1.3493362e-08 	-1.2482016e-08 	0.69337862
0.1496436 	-0.018553925 	-1.3514311e-08 	-1.2500638e-08 	0.69249249
0.14988653 	-0.018521849 	-1.353526e-08 	-1.251926e-08 	0.69160635
0.15012946 	-0.018489773 	-1.3556209e-08 	-1.2537881e-08 	0.69072022
0.15037239 	-0.018457201 	-1.3580265e-08 	-1.2559498e-08 	0.68983088
0.15061532 	-0.018423636 	-1.3610541e-08 	-1.2587111e-08 	0.68893513
0.15085824 	-0.018390071 	-1.3640818e-08 	-1.2614724e-08 	0.68803938
0.15110117 	-0.018356505 	-1.3671094e-08 	-1.2642337e-08 	0.68714363
0.1513441 	-0.01832294 	-1.3701371e-08 	-1.266995e-08 	0.68624788
0.15158703 	-0.018289375 	-1.3731647e-08 	-1.2697564e-08 	0.68535213
0.15182995 	-0.01825581 	-1.3761924e-08 	-1.2725177e-08 	0.68445638
0.15207288 	-0.018221833 	-1.3795171e-08 	-1.2755571e-08 	0.68355838
0.15231581 	-0.018186834 	-1.3835784e-08 	-1.2792863e-08 	0.6826548
0.15255874 	-0.018151836 	-1.3876396e-08 	-1.2830155e-08 	0.68175122
0.15280167 	-0.018116838 	-1.3917009e-08 	-1.2867447e-08 	0.68084764
0.15304459 	-0.018081839 	-1.3957622e-08 	-1.2904739e-08 	0.67994406
0.15328752 	-0.018046841 	-1.3998235e-08 	-1.294203e-08 	0.67904048
0.15353045 	-0.018011843 	-1.4038848e-08 	-1.2979322e-08 	0.6781369
0.15377338 	-0.017976626 	-1.4081088e-08 	-1.3018136e-08 	0.67723235
0.15401631 	-0.017940251 	-1.4131976e-08 	-1.3065036e-08 	0.67632266
0.15425923 	-0.017903875 	-1.4182863e-08 	-1.3111935e-08 	0.67541296
0.15450216 	-0.017867499 	-1.4233751e-08 	-1.3158835e-08 	0.67450326
0.15474509 	-0.017831124 	-1.4284638e-08 	-1.3205734e-08 	0.67359356
0.15498802 	-0.017794748 	-1.4335525e-08 	-1.3252633e-08 	0.67268386
0.15523095 	-0.017758372 	-1.4386413e-08 	-1.3299533e-08 	0.67177416
0.15547387 	-0.017721997 	-1.44373e-08 	-1.3346432e-08 	0.67086446
0.1557168 	-0.017684371 	-1.4496699e-08 	-1.3402051e-08 	0.6699505
0.15595973 	-0.017646673 	-1.4556592e-08 	-1.3458176e-08 	0.6690363
0.15620266 	-0.017608974 	-1.4616485e-08 	-1.3514301e-08 	0.66812209
0.15644559 	-0.017571276 	-1.4676377e-08 	-1.3570425e-08 	0.66720788
0.15668851 	-0.017533578 	-1.473627e-08 	-1.362655e-08 	0.66629368
0.15693144 	-0.017495879 	-1.4796163e-08 	-1.3682675e-08 	0.66537947
0.15717437 	-0.017458181 	-1.4856055e-08 	-1.37388e-08 	0.66446526
0.1574173 	-0.017419663 	-1.4920756e-08 	-1.3799436e-08 	0.66354911
0.15766023 	-0.017380696 	-1.4988082e-08 	-1.3862536e-08 	0.6626319
0.15790315 	-0.01734173 	-1.5055409e-08 	-1.3925637e-08 	0.66171469
0.15814608 	-0.017302763 	-1.5122735e-08 	-1.3988738e-08 	0.66079748
0.15838901 	-0.017263797 	-1.5190062e-08 	-1.4051838e-08 	0.65988028
0.15863194 	-0.01722483 	-1.5257388e-08 	-1.4114939e-08 	0.65896307
0.15887486 	-0.017185864 	-1.5324714e-08 	-1.417804e-08 	0.65804586
0.15911779 	-0.017146579 	-1.5393417e-08 	-1.4242353e-08 	0.65712823
0.15936072 	-0.017106399 	-1.5465996e-08 	-1.4310082e-08 	0.65620941
0.15960365 	-0.017066218 	-1.5538574e-08 	-1.4377811e-08 	0.6552906
0.15984658 	-0.017026037 	-1.5611153e-08 	-1.444554e-08 	0.65437178
0.1600895 	-0.016985856 	-1.5683732e-08 	-1.4513269e-08 	0.65345297
0.16033243 	-0.016945676 	-1.575631e-08 	-1.4580998e-08 	0.65253415
0.16057536 	-0.016905495 	-1.5828889e-08 	-1.4648727e-08 	0.65161534
0.16081829 	-0.016865314 	-1.5901468e-08 	-1.4716456e-08 	0.65069652
0.16106122 	-0.016824216 	-1.5976776e-08 	-1.478657e-08 	0.64977746
0.16130414 	-0.016782875 	-1.605281e-08 	-1.4857316e-08 	0.64885832
0.16154707 	-0.016741534 	-1.6128844e-08 	-1.4928063e-08 	0.64793919
0.16179 	-0.016700192 	-1.6204877e-08 	-1.499881e-08 	0.64702005
0.16203293 	-0.016658851 	-1.6280911e-08 	-1.5069557e-08 	0.64610092
0.16227586 	-0.016617509 	-1.6356945e-08 	-1.5140303e-08 	0.64518178
0.16251878 	-0.016576168 	-1.6432979e-08 	-1.521105e-08 	0.64426265
0.16276171 	-0.016534572 	-1.650971e-08 	-1.5282469e-08 	0.64334371
0.16300464 	-0.016492124 	-1.6588777e-08 	-1.5356142e-08 	0.64242543
0.16324757 	-0.016449675 	-1.6667845e-08 	-1.5429816e-08 	0.64150715
0.1634905 	-0.016407227 	-1.6746913e-08 	-1.5503489e-08 	0.64058887
0.16373342 	-0.016364779 	-1.682598e-08 	-1.5577162e-08 	0.63967059
0.16397635 	-0.01632233 	-1.6905048e-08 	-1.5650835e-08 	0.63875231
0.16421928 	-0.016279882 	-1.6984116e-08 	-1.5724509e-08 	0.63783403
0.16446221 	-0.016237434 	-1.7063183e-08 	-1.5798182e-08 	0.63691575
0.16470514 	-0.016194374 	-1.7144704e-08 	-1.5873977e-08 	0.63599859
0.16494806 	-0.016150872 	-1.7228002e-08 	-1.5951308e-08 	0.63508223
0.16519099 	-0.01610737 	-1.7311299e-08 	-1.6028639e-08 	0.63416588
0.16543392 	-0.016063868 	-1.7394596e-08 	-1.610597e-08 	0.63324952
0.16567685 	-0.016020366 	-1.7477894e-08 	-1.6183301e-08 	0.63233316
0.16591977 	-0.015976864 	-1.7561191e-08 	-1.6260632e-08 	0.63141681
0.1661627 	-0.015933362 	-1.7644488e-08 	-1.6337964e-08 	0.63050045
0.16640563 	-0.01588986 	-1.7727785e-08 	-1.6415295e-08 	0.62958409
0.16664856 	-0.015845517 	-1.7816689e-08 	-1.6497215e-08 	0.62867016
0.16689149 	-0.015801014 	-1.790666e-08 	-1.6580009e-08 	0.62775669
0.16713441 	-0.015756512 	-1.7996632e-08 	-1.6662803e-08 	0.62684321
0.16737734 	-0.015712009 	-1.8086603e-08 	-1.6745597e-08 	0.62592974
0.16762027 	-0.015667506 	-1.8176574e-08 	-1.6828391e-08 	0.62501627
0.1678632 	-0.015623003 	-1.8266545e-08 	-1.6911185e-08 	0.6241028
0.16810613 	-0.0155785 	-1.8356517e-08 	-1.699398e-08 	0.62318933
0.16834905 	-0.015533989 	-1.8446554e-08 	-1.7076838e-08 	0.62227589
0.16859198 	-0.015488539 	-1.8544309e-08 	-1.7167177e-08 	0.62136616
0.16883491 	-0.015443088 	-1.8642064e-08 	-1.7257515e-08 	0.62045644
0.16907784 	-0.015397638 	-1.8739818e-08 	-1.7347854e-08 	0.61954672
0.16932077 	-0.015352187 	-1.8837573e-08 	-1.7438192e-08 	0.618637
0.16956369 	-0.015306737 	-1.8935327e-08 	-1.7528531e-08 	0.61772727
0.16980662 	-0.015261286 	-1.9033082e-08 	-1.7618869e-08 	0.61681755
0.17004955 	-0.015215835 	-1.9130837e-08 	-1.7709208e-08 	0.61590783
0.17029248 	-0.015170309 	-1.9229285e-08 	-1.7800195e-08 	0.61499849
0.17053541 	-0.015123965 	-1.9335245e-08 	-1.7898213e-08 	0.61409329
0.17077833 	-0.015077621 	-1.9441205e-08 	-1.7996231e-08 	0.61318809
0.17102126 	-0.015031277 	-1.9547166e-08 	-1.8094249e-08 	0.61228289
0.17126419 	-0.014984933 	-1.9653126e-08 	-1.8192267e-08 	0.61137768
0.17150712 	-0.014938589 	-1.9759087e-08 	-1.8290285e-08 	0.61047248
0.17175005 	-0.014892245 	-1.9865047e-08 	-1.8388303e-08 	0.60956728
0.17199297 	-0.0148459 	-1.9971007e-08 	-1.8486321e-08 	0.60866208
0.1722359 	-0.0147995 	-2.0077523e-08 	-1.8584839e-08 	0.60775723
0.17247883 	-0.014752315 	-2.0191803e-08 	-1.8690337e-08 	0.60685723
0.17272176 	-0.014705129 	-2.0306083e-08 	-1.8795836e-08 	0.60595723
0.17296468 	-0.014657944 	-2.0420363e-08 	-1.8901335e-08 	0.60505723
0.17320761 	-0.014610758 	-2.0534643e-08 	-1.9006834e-08 	0.60415723
0.17345054 	-0.014563573 	-2.0648923e-08 	-1.9112332e-08 	0.60325723
0.17369347 	-0.014516387 	-2.0763203e-08 	-1.9217831e-08 	0.60235723
0.1739364 	-0.014469202 	-2.0877483e-08 	-1.932333e-08 	0.60145724
0.17417932 	-0.014422017 	-2.0991763e-08 	-1.9428829e-08 	0.60055724
0.17442225 	-0.014374076 	-2.1113633e-08 	-1.9541293e-08 	0.59966277
0.17466518 	-0.0143261 	-2.1235866e-08 	-1.9654092e-08 	0.59876857
0.17490811 	-0.014278124 	-2.1358099e-08 	-1.976689e-08 	0.59787438
0.17515104 	-0.014230147 	-2.1480332e-08 	-1.9879688e-08 	0.59698018
0.17539396 	-0.014182171 	-2.1602566e-08 	-1.9992487e-08 	0.59608598
0.17563689 	-0.014134194 	-2.1724799e-08 	-2.0105285e-08 	0.59519178
0.17587982 	-0.014086218 	-2.1847032e-08 	-2.0218083e-08 	0.59429758
0.17612275 	-0.014038242 	-2.1969265e-08 	-2.0330881e-08 	0.59340338
0.17636568 	-0.013989714 	-2.2095952e-08 	-2.0447983e-08 	0.5925139
0.1766086 	-0.013940998 	-2.2224155e-08 	-2.056655e-08 	0.59162603
0.17685153 	-0.013892283 	-2.2352358e-08 	-2.0685117e-08 	0.59073816
0.17709446 	-0.013843567 	-2.248056e-08 	-2.0803684e-08 	0.58985028
0.17733739 	-0.013794851 	-2.2608763e-08 	-2.0922251e-08 	0.58896241
0.17758032 	-0.013746136 	-2.2736966e-08 	-2.1040818e-08 	0.58807453
0.17782324 	-0.01369742 	-2.2865169e-08 	-2.1159384e-08 	0.58718666
0.17806617 	-0.013648705 	-2.2993372e-08 	-2.1277951e-08 	0.58629879
0.1783091 	-0.013599687 	-2.3123599e-08 	-2.1398336e-08 	0.5854139
0.17855203 	-0.013550288 	-2.3256395e-08 	-2.1521027e-08 	0.58453281
0.17879495 	-0.013500888 	-2.3389191e-08 	-2.1643718e-08 	0.58365172
0.17903788 	-0.013451488 	-2.3521987e-08 	-2.1766409e-08 	0.58277063
0.17928081 	-0.013402088 	-2.3654783e-08 	-2.18891e-08 	0.58188954
0.17952374 	-0.013352689 	-2.3787579e-08 	-2.2011791e-08 	0.58100845
0.17976667 	-0.013303289 	-2.3920375e-08 	-2.2134482e-08 	0.58012736
0.18000959 	-0.013253889 	-2.4053171e-08 	-2.2257173e-08 	0.57924627
0.18025252 	-0.013204466 	-2.4186177e-08 	-2.2380045e-08 	0.57836545
0.18049545 	-0.013154438 	-2.4324621e-08 	-2.250761e-08 	0.57749154
0.18073838 	-0.013104409 	-2.4463064e-08 	-2.2635175e-08 	0.57661763
0.18098131 	-0.013054381 	-2.4601508e-08 	-2.2762739e-08 	0.57574372
0.18122423 	-0.013004353 	-2.4739952e-08 	-2.2890304e-08 	0.57486981
0.18146716 	-0.012954325 	-2.4878396e-08 	-2.3017869e-08 	0.5739959
0.18171009 	-0.012904296 	-2.5016839e-08 	-2.3145433e-08 	0.57312199
0.18195302 	-0.012854268 	-2.5155283e-08 	-2.3272998e-08 	0.57224808
0.18219595 	-0.01280424 	-2.5293727e-08 	-2.3400563e-08 	0.57137417
0.18243887 	-0.012753904 	-2.5436036e-08 	-2.3531984e-08 	0.57050428
0.1826818 	-0.012703301 	-2.5581711e-08 	-2.3666763e-08 	0.56963788
0.18292473 	-0.012652698 	-2.5727386e-08 	-2.3801543e-08 	0.56877149
0.18316766 	-0.012602095 	-2.5873061e-08 	-2.3936323e-08 	0.56790509
0.18341059 	-0.012551492 	-2.6018736e-08 	-2.4071102e-08 	0.5670387
0.18365351 	-0.012500888 	-2.6164412e-08 	-2.4205882e-08 	0.5661723
0.18389644 	-0.012450285 	-2.6310087e-08 	-2.4340661e-08 	0.56530591
0.18413937 	-0.012399682 	-2.6455762e-08 	-2.4475441e-08 	0.56443951
0.1843823 	-0.012349079 	-2.6601437e-08 	-2.4610221e-08 	0.56357312
0.18462523 	-0.012297989 	-2.6755814e-08 	-2.4753024e-08 	0.56271398
0.18486815 	-0.012246864 	-2.6910834e-08 	-2.4896421e-08 	0.56185539
0.18511108 	-0.012195738 	-2.7065854e-08 	-2.5039817e-08 	0.56099679
0.18535401 	-0.012144612 	-2.7220874e-08 	-2.5183213e-08 	0.56013819
0.18559694 	-0.012093486 	-2.7375894e-08 	-2.532661e-08 	0.55927959
0.18583986 	-0.012042361 	-2.7530914e-08 	-2.5470006e-08 	0.558421
0.18608279 	-0.011991235 	-2.7685933e-08 	-2.5613402e-08 	0.5575624
0.18632572 	-0.011940109 	-2.7840953e-08 	-2.5756799e-08 	0.5567038
0.18656865 	-0.011888877 	-2.7998579e-08 	-2.5902605e-08 	0.55584702
0.18681158 	-0.011837282 	-2.8165113e-08 	-2.6056654e-08 	0.55499645
0.1870545 	-0.011785687 	-2.8331647e-08 	-2.6210702e-08 	0.55414589
0.18729743 	-0.011734091 	-2.8498181e-08 	-2.636475e-08 	0.55329532
0.18754036 	-0.011682496 	-2.8664716e-08 	-2.6518798e-08 	0.55244475
0.18778329 	-0.011630901 	-2.883125e-08 	-2.6672847e-08 	0.55159419
0.18802622 	-0.011579305 	-2.8997784e-08 	-2.6826895e-08 	0.55074362
0.18826914 	-0.01152771 	-2.9164319e-08 	-2.6980943e-08 	0.54989305
0.18851207 	-0.011476115 	-2.9330853e-08 	-2.7134992e-08 	0.54904249
0.188755 	-0.011424346 	-2.9503026e-08 	-2.7294215e-08 	0.54819536
0.18899793 	-0.011372334 	-2.9683035e-08 	-2.7460629e-08 	0.54735302
0.18924086 	-0.011320323 	-2.9863044e-08 	-2.7627044e-08 	0.54651068
0.18948378 	-0.011268312 	-3.0043054e-08 	-2.7793458e-08 	0.54566833
0.18972671 	-0.011216301 	-3.0223063e-08 	-2.7959873e-08 	0.54482599
0.18996964 	-0.01116429 	-3.0403072e-08 	-2.8126287e-08 	0.54398365
0.19021257 	-0.011112279 	-3.0583081e-08 	-2.8292702e-08 	0.54314131
0.1904555 	-0.011060268 	-3.076309e-08 	-2.8459116e-08 	0.54229897
0.19069842 	-0.011008257 	-3.0943099e-08 	-2.862553e-08 	0.54145662
0.19094135 	-0.010956064 	-3.1129704e-08 	-2.8797985e-08 	0.54061853
0.19118428 	-0.010903694 	-3.1322732e-08 	-2.8976322e-08 	0.53978457
0.19142721 	-0.010851324 	-3.151576e-08 	-2.9154658e-08 	0.53895062
0.19167014 	-0.010798953 	-3.1708788e-08 	-2.9332995e-08 	0.53811666
0.19191306 	-0.010746583 	-3.1901816e-08 	-2.9511332e-08 	0.5372827
0.19215599 	-0.010694213 	-3.2094844e-08 	-2.9689668e-08 	0.53644874
0.19239892 	-0.010641843 	-3.2287872e-08 	-2.9868005e-08 	0.53561479
0.19264185 	-0.010589473 	-3.24809e-08 	-3.0046342e-08 	0.53478083
0.19288477 	-0.010537102 	-3.2673928e-08 	-3.0224679e-08 	0.53394687
0.1931277 	-0.010484585 	-3.2872361e-08 	-3.0408236e-08 	0.53311708
0.19337063 	-0.010431913 	-3.3076432e-08 	-3.0597239e-08 	0.53229163
0.19361356 	-0.010379241 	-3.3280503e-08 	-3.0786242e-08 	0.53146619
0.19385649 	-0.01032657 	-3.3484574e-08 	-3.0975245e-08 	0.53064074
0.19409941 	-0.010273898 	-3.3688645e-08 	-3.1164249e-08 	0.52981529
0.19434234 	-0.010221226 	-3.3892716e-08 	-3.1353252e-08 	0.52898985
0.19458527 	-0.010168555 	-3.4096787e-08 	-3.1542255e-08 	0.5281644
0.1948282 	-0.010115883 	-3.4300858e-08 	-3.1731258e-08 	0.52733895
0.19507113 	-0.010063211 	-3.4504929e-08 	-3.1920262e-08 	0.52651351
0.19531405 	-0.010010449 	-3.4713271e-08 	-3.2113207e-08 	0.52569121
0.19555698 	-0.0099575293 	-3.4929024e-08 	-3.231299e-08 	0.52487436
0.19579991 	-0.0099046096 	-3.5144776e-08 	-3.2512773e-08 	0.52405752
0.19604284 	-0.0098516899 	-3.5360528e-08 	-3.2712556e-08 	0.52324067
0.19628577 	-0.0097987702 	-3.557628e-08 	-3.2912339e-08 	0.52242382
0.19652869 	-0.0097458504 	-3.5792032e-08 	-3.3112122e-08 	0.52160698
0.19677162 	-0.0096929307 	-3.6007784e-08 	-3.3311905e-08 	0.52079013
0.19701455 	-0.009640011 	-3.6223536e-08 	-3.3511688e-08 	0.51997329
0.19725748 	-0.0095870913 	-3.6439288e-08 	-3.3711471e-08 	0.51915644
0.19750041 	-0.0095341452 	-3.6656819e-08 	-3.3912931e-08 	0.51834076
0.19774333 	-0.0094810287 	-3.688584e-08 	-3.4125226e-08 	0.51753257
0.19798626 	-0.0094279123 	-3.7114861e-08 	-3.433752e-08 	0.51672439
0.19822919 	-0.0093747958 	-3.7343882e-08 	-3.4549814e-08 	0.51591621
0.19847212 	-0.0093216793 	-3.7572903e-08 	-3.4762108e-08 	0.51510803
0.19871505 	-0.0092685629 	-3.7801924e-08 	-3.4974402e-08 	0.51429985
0.19895797 	-0.0092154464 	-3.8030945e-08 	-3.5186696e-08 	0.51349166
0.1992009 	-0.0091623299 	-3.8259966e-08 	-3.5398991e-08 	0.51268348
0.19944383 	-0.0091092135 	-3.8488986e-08 	-3.5611285e-08 	0.5118753
0.19968676 	-0.009056097 	-3.8718007e-08 	-3.5823579e-08 	0.51106712
0.19992968 	-0.0090028688 	-3.8957395e-08 	-3.6045458e-08 	0.51026584
0.20017261 	-0.0089496114 	-3.9199482e-08 	-3.6269834e-08 	0.50946637
0.20041554 	-0.0088963541 	-3.9441569e-08 	-3.6494209e-08 	0.5086669
0.20065847 	-0.0088430968 	-3.9683655e-08 	-3.6718584e-08 	0.50786742
0.2009014 	-0.0087898394 	-3.9925742e-08 	-3.694296e-08 	0.50706795
0.20114432 	-0.0087365821 	-4.0167829e-08 	-3.7167335e-08 	0.50626848
0.20138725 	-0.0086833248 	-4.0409916e-08 	-3.739171e-08 	0.50546901
0.20163018 	-0.0086300674 	-4.0652003e-08 	-3.7616086e-08 	0.50466953
0.20187311 	-0.0085768101 	-4.089409e-08 	-3.7840461e-08 	0.50387006
0.20211604 	-0.0085235254 	-4.1140047e-08 	-3.8068371e-08 	0.50307358
0.20235896 	-0.008470188 	-4.1393438e-08 	-3.8303071e-08 	0.50228285
0.20260189 	-0.0084168506 	-4.164683e-08 	-3.8537771e-08 	0.50149212
0.20284482 	-0.0083635132 	-4.1900221e-08 	-3.8772472e-08 	0.50070139
0.20308775 	-0.0083101758 	-4.2153613e-08 	-3.9007172e-08 	0.49991067
0.20333068 	-0.0082568385 	-4.2407004e-08 	-3.9241872e-08 	0.49911994
0.2035736 	-0.0082035011 	-4.2660395e-08 	-3.9476572e-08 	0.49832921
0.20381653 	-0.0081501637 	-4.2913787e-08 	-3.9711273e-08 	0.49753848
0.20405946 	-0.0080968263 	-4.3167178e-08 	-3.9945973e-08 	0.49674775
0.20430239 	-0.0080434889 	-4.342057e-08 	-4.0180673e-08 	0.49595702
0.20454532 	-0.0079901377 	-4.3681724e-08 	-4.0422507e-08 	0.49517313
0.20478824 	-0.0079367824 	-4.3945072e-08 	-4.0666357e-08 	0.49439116
0.20503117 	-0.0078834272 	-4.420842e-08 	-4.0910208e-08 	0.4936092
0.2052741 	-0.007830072 	-4.4471769e-08 	-4.1154058e-08 	0.49282724
0.20551703 	-0.0077767168 	-4.4735117e-08 	-4.1397908e-08 	0.49204528
0.20575995 	-0.0077233616 	-4.4998465e-08 	-4.1641759e-08 	0.49126331
0.20600288 	-0.0076700064 	-4.5261814e-08 	-4.1885609e-08 	0.49048135
0.20624581 	-0.0076166511 	-4.5525162e-08 	-4.212946e-08 	0.48969939
0.20648874 	-0.0075632959 	-4.578851e-08 	-4.237331e-08 	0.48891743
0.20673167 	-0.0075099455 	-4.6052813e-08 	-4.2617992e-08 	0.48813638
0.20697459 	-0.0074566363 	-4.6325351e-08 	-4.2869852e-08 	0.48736319
0.20721752 	-0.0074033272 	-4.659789e-08 	-4.3121711e-08 	0.48659
0.20746045 	-0.007350018 	-4.6870428e-08 	-4.3373571e-08 	0.48581681
0.20770338 	-0.0072967088 	-4.7142967e-08 	-4.362543e-08 	0.48504362
0.20794631 	-0.0072433996 	-4.7415505e-08 	-4.387729e-08 	0.48427043
0.20818923 	-0.0071900905 	-4.7688044e-08 	-4.4129149e-08 	0.48349724
0.20843216 	-0.0071367813 	-4.7960582e-08 	-4.4381009e-08 	0.48272406
0.20867509 	-0.0070834721 	-4.8233121e-08 	-4.4632869e-08 	0.48195087
0.20891802 	-0.007030163 	-4.8505659e-08 	-4.4884728e-08 	0.48117768
0.20916095 	-0.0069768876 	-4.8780684e-08 	-4.5138833e-08 	0.48040724
0.20940387 	-0.0069236862 	-4.9061147e-08 	-4.5397849e-08 	0.47964284
0.2096468 	-0.0068704848 	-4.934161e-08 	-4.5656865e-08 	0.47887843
0.20988973 	-0.0068172834 	-4.9622073e-08 	-4.5915881e-08 	0.47811402
0.21013266 	-0.006764082 	-4.9902536e-08 	-4.6174897e-08 	0.47734961
0.21037559 	-0.0067108806 	-5.0182999e-08 	-4.6433913e-08 	0.4765852
0.21061851 	-0.0066576792 	-5.0463462e-08 	-4.6692929e-08 	0.4758208
0.21086144 	-0.0066044778 	-5.0743925e-08 	-4.6951945e-08 	0.47505639
0.21110437 	-0.0065512764 	-5.1024388e-08 	-4.7210961e-08 	0.47429198
0.2113473 	-0.006498075 	-5.1304851e-08 	-4.7469977e-08 	0.47352757
0.21159023 	-0.0064449457 	-5.1588102e-08 	-4.7731627e-08 	0.47276674
0.21183315 	-0.0063919209 	-5.1875398e-08 	-4.7997099e-08 	0.47201109
0.21207608 	-0.0063388961 	-5.2162694e-08 	-4.8262571e-08 	0.47125544
0.21231901 	-0.0062858713 	-5.244999e-08 	-4.8528044e-08 	0.47049979
0.21256194 	-0.0062328465 	-5.2737286e-08 	-4.8793516e-08 	0.46974414
0.21280486 	-0.0061798217 	-5.3024583e-08 	-4.9058988e-08 	0.4689885
0.21304779 	-0.0061267969 	-5.3311879e-08 	-4.932446e-08 	0.46823285
0.21329072 	-0.0060737721 	-5.3599175e-08 	-4.9589932e-08 	0.4674772
0.21353365 	-0.0060207474 	-5.3886471e-08 	-4.9855404e-08 	0.46672155
0.21377658 	-0.0059677226 	-5.4173767e-08 	-5.0120876e-08 	0.4659659
0.2140195 	-0.0059147857 	-5.446244e-08 	-5.038754e-08 	0.46521364
0.21426243 	-0.0058619894 	-5.475331e-08 	-5.0656107e-08 	0.46446677
0.21450536 	-0.0058091931 	-5.504418e-08 	-5.0924673e-08 	0.4637199
0.21474829 	-0.0057563967 	-5.533505e-08 	-5.119324e-08 	0.46297303
0.21499122 	-0.0057036004 	-5.562592e-08 	-5.1461806e-08 	0.46222616
0.21523414 	-0.0056508041 	-5.591679e-08 	-5.1730373e-08 	0.46147929
0.21547707 	-0.0055980077 	-5.620766e-08 	-5.1998939e-08 	0.46073242
0.21572 	-0.0055452114 	-5.649853e-08 	-5.2267506e-08 	0.45998555
0.21596293 	-0.0054924151 	-5.67894e-08 	-5.2536072e-08 	0.45923868
0.21620586 	-0.0054396187 	-5.708027e-08 	-5.2804639e-08 	0.45849181
0.21644878 	-0.0053869009 	-5.7373408e-08 	-5.3075211e-08 	0.45774706
0.21669171 	-0.0053344268 	-5.7673581e-08 	-5.3352002e-08 	0.45700888
0.21693464 	-0.0052819527 	-5.7973755e-08 	-5.3628794e-08 	0.4562707
0.21717757 	-0.0052294786 	-5.8273928e-08 	-5.3905586e-08 	0.45553252
0.2174205 	-0.0051770045 	-5.8574101e-08 	-5.4182378e-08 	0.45479435
0.21766342 	-0.0051245304 	-5.8874275e-08 	-5.4459169e-08 	0.45405617
0.21790635 	-0.0050720563 	-5.9174448e-08 	-5.4735961e-08 	0.45331799
0.21814928 	-0.0050195822 	-5.9474622e-08 	-5.5012753e-08 	0.45257981
0.21839221 	-0.0049671081 	-5.9774795e-08 	-5.5289545e-08 	0.45184163
0.21863514 	-0.004914634 	-6.0074968e-08 	-5.5566336e-08 	0.45110345
0.21887806 	-0.0048621599 	-6.0375142e-08 	-5.5843128e-08 	0.45036527
0.21912099 	-0.0048099961 	-6.0674081e-08 	-5.6118822e-08 	0.44963578
0.21936392 	-0.0047578378 	-6.0972998e-08 	-5.6394496e-08 	0.44890645
0.21960685 	-0.0047056795 	-6.1271916e-08 	-5.667017e-08 	0.44817711
0.21984977 	-0.0046535212 	-6.1570833e-08 	-5.6945844e-08 	0.44744777
0.2200927 	-0.004601363 	-6.1869751e-08 	-5.7221519e-08 	0.44671844
0.22033563 	-0.0045492047 	-6.2168668e-08 	-5.7497193e-08 	0.4459891
0.22057856 	-0.0044970464 	-6.2467586e-08 	-5.7772867e-08 	0.44525976
0.22082149 	-0.0044448881 	-6.2766503e-08 	-5.8048541e-08 	0.44453043
0.22106441 	-0.0043927298 	-6.3065421e-08 	-5.8324216e-08 	0.44380109
0.22130734 	-0.0043405715 	-6.3364338e-08 	-5.859989e-08 	0.44307176
0.22155027 	-0.0042887421 	-6.3666564e-08 	-5.8878337e-08 	0.44234749
0.2217932 	-0.0042371318 	-6.3970994e-08 	-5.915863e-08 	0.44162659
0.22203613 	-0.0041855215 	-6.4275423e-08 	-5.9438923e-08 	0.44090569
0.22227905 	-0.0041339112 	-6.4579853e-08 	-5.9719217e-08 	0.44018479
0.22252198 	-0.0040823009 	-6.4884282e-08 	-5.999951e-08 	0.43946389
0.22276491 	-0.0040306906 	-6.5188711e-08 	-6.0279803e-08 	0.438743
0.22300784 	-0.0039790802 	-6.5493141e-08 	-6.0560097e-08 	0.4380221
0.22325077 	-0.0039274699 	-6.579757e-08 	-6.084039e-08 	0.4373012
0.22349369 	-0.0038758596 	-6.6102e-08 	-6.1120683e-08 	0.4365803
0.22373662 	-0.0038242493 	-6.6406429e-08 	-6.1400977e-08 	0.4358594
0.22397955 	-0.0037726605 	-6.6711032e-08 	-6.16814e-08 	0.43513939
0.22422248 	-0.0037212767 	-6.7017281e-08 	-6.1963059e-08 	0.4344278
0.22446541 	-0.0036698929 	-6.732353e-08 	-6.2244718e-08 	0.43371621
0.22470833 	-0.0036185091 	-6.7629779e-08 	-6.2526377e-08 	0.43300462
0.22495126 	-0.0035671253 	-6.7936028e-08 	-6.2808036e-08 	0.43229304
0.22519419 	-0.0035157415 	-6.8242277e-08 	-6.3089694e-08 	0.43158145
0.22543712 	-0.0034643577 	-6.8548526e-08 	-6.3371353e-08 	0.43086986
0.22568005 	-0.0034129739 	-6.8854775e-08 	-6.3653012e-08 	0.43015827
0.22592297 	-0.0033615901 	-6.9161024e-08 	-6.3934671e-08 	0.42944668
0.2261659 	-0.0033102063 	-6.9467273e-08 	-6.421633e-08 	0.42873509
0.22640883 	-0.0032588225 	-6.9773522e-08 	-6.4497989e-08 	0.4280235
0.22665176 	-0.0032079616 	-7.0056715e-08 	-6.475845e-08 	0.42731524
0.22689468 	-0.0031577001 	-7.0313475e-08 	-6.499461e-08 	0.42661079
0.22713761 	-0.0031074386 	-7.0570236e-08 	-6.523077e-08 	0.42590634
0.22738054 	-0.0030571771 	-7.0826997e-08 	-6.546693e-08 	0.42520189
0.22762347 	-0.0030069156 	-7.1083758e-08 	-6.570309e-08 	0.42449745
0.2278664 	-0.0029566541 	-7.1340519e-08 	-6.593925e-08 	0.423793
0.22810932 	-0.0029063926 	-7.1597279e-08 	-6.617541e-08 	0.42308855
0.22835225 	-0.0028561311 	-7.185404e-08 	-6.641157e-08 	0.4223841
0.22859518 	-0.0028058696 	-7.2110801e-08 	-6.664773e-08 	0.42167965
0.22883811 	-0.0027556081 	-7.2367562e-08 	-6.688389e-08 	0.4209752
0.22908104 	-0.0027053466 	-7.2624323e-08 	-6.712005e-08 	0.42027075
0.22932396 	-0.0026547075 	-7.297e-08 	-6.7438065e-08 	0.41957543
0.22956689 	-0.002603915 	-7.3351813e-08 	-6.7789345e-08 	0.41888382
0.22980982 	-0.0025531225 	-7.3733625e-08 	-6.8140625e-08 	0.41819221
0.23005275 	-0.00250233 	-7.4115438e-08 	-6.8491906e-08 	0.41750059
0.23029568 	-0.0024515375 	-7.4497251e-08 	-6.8843186e-08 	0.41680898
0.2305386 	-0.002400745 	-7.4879064e-08 	-6.9194466e-08 	0.41611737
0.23078153 	-0.0023499525 	-7.5260876e-08 	-6.9545746e-08 	0.41542576
0.23102446 	-0.00229916 	-7.5642689e-08 	-6.9897027e-08 	0.41473414
0.23126739 	-0.0022483675 	-7.6024502e-08 	-7.0248307e-08 	0.41404253
0.23151032 	-0.002197575 	-7.6406315e-08 	-7.0599587e-08 	0.41335092
0.23175324 	-0.0021467825 	-7.6788127e-08 	-7.0950868e-08 	0.41265931
0.23199617 	-0.0020980762 	-7.697753e-08 	-7.1124521e-08 	0.41196303
0.2322391 	-0.0020497999 	-7.7127266e-08 	-7.1261557e-08 	0.4112658
0.23248203 	-0.0020015237 	-7.7277002e-08 	-7.1398592e-08 	0.41056857
0.23272495 	-0.0019532474 	-7.7426738e-08 	-7.1535627e-08 	0.40987133
0.23296788 	-0.0019049712 	-7.7576474e-08 	-7.1672662e-08 	0.4091741
0.23321081 	-0.0018566949 	-7.7726211e-08 	-7.1809698e-08 	0.40847686
0.23345374 	-0.0018084186 	-7.7875947e-08 	-7.1946733e-08 	0.40777963
0.23369667 	-0.0017601424 	-7.8025683e-08 	-7.2083768e-08 	0.4070824
0.23393959 	-0.0017118661 	-7.8175419e-08 	-7.2220803e-08 	0.40638516
0.23418252 	-0.0016635899 	-7.8325155e-08 	-7.2357838e-08 	0.40568793
0.23442545 	-0.0016153136 	-7.8474891e-08 	-7.2494874e-08 	0.4049907
0.23466838 	-0.0015642676 	-7.8633141e-08 	-7.26388e-08 	0.40433838
0.23491131 	-0.0015126076 	-7.8793279e-08 	-7.2784254e-08 	0.40369602
0.23515423 	-0.0014609475 	-7.8953417e-08 	-7.2929708e-08 	0.40305365
0.23539716 	-0.0014092875 	-7.9113555e-08 	-7.3075162e-08 	0.40241129
0.23564009 	-0.0013576275 	-7.9273693e-08 	-7.3220616e-08 	0.40176893
0.23588302 	-0.0013059674 	-7.9433831e-08 	-7.336607e-08 	0.40112657
0.23612595 	-0.0012543074 	-7.9593968e-08 	-7.3511524e-08 	0.40048421
0.23636887 	-0.0012026474 	-7.9754106e-08 	-7.3656978e-08 	0.39984185
0.2366118 	-0.0011509873 	-7.9914244e-08 	-7.3802432e-08 	0.39919949
0.23685473 	-0.0010993273 	-8.0074382e-08 	-7.3947886e-08 	0.39855712
0.23709766 	-0.0010476672 	-8.023452e-08 	-7.409334e-08 	0.39791476
0.23734059 	-0.0010005076 	-8.0659753e-08 	-7.4484049e-08 	0.39716243
0.23758351 	-0.00095548666 	-8.1210969e-08 	-7.4991311e-08 	0.39635784
0.23782644 	-0.00091046573 	-8.1762184e-08 	-7.5498573e-08 	0.39555326
0.23806937 	-0.0008654448 	-8.2313399e-08 	-7.6005835e-08 	0.39474867
0.2383123 	-0.00082042387 	-8.2864614e-08 	-7.6513097e-08 	0.39394408
0.23855523 	-0.00077540294 	-8.341583e-08 	-7.7020359e-08 	0.39313949
0.23879815 	-0.00073038201 	-8.3967045e-08 	-7.7527621e-08 	0.3923349
0.23904108 	-0.00068536108 	-8.451826e-08 	-7.8034883e-08 	0.39153031
0.23928401 	-0.00064034015 	-8.5069475e-08 	-7.8542146e-08 	0.39072572
0.23952694 	-0.00059531922 	-8.5620691e-08 	-7.9049408e-08 	0.38992113
0.23976986 	-0.00055029829 	-8.6171906e-08 	-7.955667e-08 	0.38911654
0.24001279 	-0.00050492012 	-8.6607511e-08 	-7.9958017e-08 	0.38842605
0.24025572 	-0.00045901829 	-8.6873646e-08 	-8.0204106e-08 	0.38790281
0.24049865 	-0.00041311646 	-8.7139782e-08 	-8.0450196e-08 	0.38737958
0.24074158 	-0.00036721463 	-8.7405917e-08 	-8.0696285e-08 	0.38685634
0.2409845 	-0.0003213128 	-8.7672052e-08 	-8.0942374e-08 	0.3863331
0.24122743 	-0.00027541097 	-8.7938188e-08 	-8.1188464e-08 	0.38580987
0.24147036 	-0.00022950915 	-8.8204323e-08 	-8.1434553e-08 	0.38528663
0.24171329 	-0.00018360732 	-8.8470459e-08 	-8.1680642e-08 	0.38476339
0.24195622 	-0.00013770549 	-8.8736594e-08 	-8.1926732e-08 	0.38424016
0.24219914 	-9.1803658e-05 	-8.9002729e-08 	-8.2172821e-08 	0.38371692
0.24244207 	-4.5901829e-05 	-8.9268865e-08 	-8.2418911e-08 	0.38319368
0.242685 	0 	-8.9535e-08 	-8.2665e-08 	0.38267045
