-0.006 	-0.018943617 	0 	0 	0
-0.005987988 	-0.018943593 	-5.632011e-11 	1.099484e-06 	-0.00052925919
-0.005975976 	-0.01894357 	-1.183013e-10 	2.1737275e-06 	-0.0010655426
-0.005963964 	-0.018943547 	-1.9256433e-10 	3.1932111e-06 	-0.0016170653
-0.005951952 	-0.018943525 	-2.6682735e-10 	4.2126946e-06 	-0.0021685879
-0.0059399399 	-0.018943502 	-3.4109037e-10 	5.2321782e-06 	-0.0027201106
-0.0059279279 	-0.018943479 	-4.153534e-10 	6.2516618e-06 	-0.0032716332
-0.0059159159 	-0.018943457 	-4.8961642e-10 	7.2711453e-06 	-0.0038231559
-0.0059039039 	-0.018943434 	-5.6387944e-10 	8.2906289e-06 	-0.0043746785
-0.0058918919 	-0.018943411 	-6.3814247e-10 	9.3101125e-06 	-0.0049262012
-0.0058798799 	-0.018943389 	-7.1240549e-10 	1.0329596e-05 	-0.0054777238
-0.0058678679 	-0.018943366 	-7.8666851e-10 	1.134908e-05 	-0.0060292465
-0.0058558559 	-0.018943334 	-8.560552e-10 	1.3456524e-05 	-0.006528096
-0.0058438438 	-0.018943297 	-9.2245476e-10 	1.623043e-05 	-0.0069946792
-0.0058318318 	-0.018943261 	-1.0010333e-09 	1.8861536e-05 	-0.0074747845
-0.0058198198 	-0.018943226 	-1.0846013e-09 	2.1434141e-05 	-0.0079604295
-0.0058078078 	-0.018943191 	-1.1681692e-09 	2.4006745e-05 	-0.0084460746
-0.0057957958 	-0.018943156 	-1.2517372e-09 	2.657935e-05 	-0.0089317196
-0.0057837838 	-0.018943121 	-1.3353052e-09 	2.9151954e-05 	-0.0094173647
-0.0057717718 	-0.018943086 	-1.4188732e-09 	3.1724559e-05 	-0.0099030097
-0.0057597598 	-0.018943051 	-1.5024411e-09 	3.4297163e-05 	-0.010388655
-0.0057477477 	-0.018943016 	-1.5860091e-09 	3.6869767e-05 	-0.0108743
-0.0057357357 	-0.018942981 	-1.6695771e-09 	3.9442372e-05 	-0.011359945
-0.0057237237 	-0.018942946 	-1.7531451e-09 	4.2014976e-05 	-0.01184559
-0.0057117117 	-0.018942912 	-1.836713e-09 	4.4587581e-05 	-0.012331235
-0.0056996997 	-0.018942879 	-1.916359e-09 	4.8611395e-05 	-0.01276333
-0.0056876877 	-0.018942848 	-1.9944169e-09 	5.3222815e-05 	-0.013173742
-0.0056756757 	-0.018942817 	-2.081461e-09 	5.7649541e-05 	-0.013592942
-0.0056636637 	-0.018942788 	-2.1760252e-09 	6.1921706e-05 	-0.014019496
-0.0056516517 	-0.018942759 	-2.2705894e-09 	6.6193871e-05 	-0.014446051
-0.0056396396 	-0.01894273 	-2.3651535e-09 	7.0466036e-05 	-0.014872605
-0.0056276276 	-0.018942701 	-2.4597177e-09 	7.4738201e-05 	-0.01529916
-0.0056156156 	-0.018942672 	-2.5542819e-09 	7.9010366e-05 	-0.015725714
-0.0056036036 	-0.018942642 	-2.648846e-09 	8.328253e-05 	-0.016152269
-0.0055915916 	-0.018942613 	-2.7434102e-09 	8.7554695e-05 	-0.016578823
-0.0055795796 	-0.018942584 	-2.8379744e-09 	9.182686e-05 	-0.017005378
-0.0055675676 	-0.018942555 	-2.9325385e-09 	9.6099025e-05 	-0.017431932
-0.0055555556 	-0.018942526 	-3.0271027e-09 	0.00010037119 	-0.017858487
-0.0055435435 	-0.018942497 	-3.1216669e-09 	0.00010464335 	-0.018285042
-0.0055315315 	-0.018942468 	-3.2158545e-09 	0.00010906042 	-0.018705801
-0.0055195195 	-0.018942448 	-3.3050162e-09 	0.00011541128 	-0.019049224
-0.0055075075 	-0.018942427 	-3.394178e-09 	0.00012176214 	-0.019392646
-0.0054954955 	-0.018942408 	-3.4927317e-09 	0.00012782144 	-0.019743914
-0.0054834835 	-0.018942389 	-3.5972594e-09 	0.00013369528 	-0.020100172
-0.0054714715 	-0.01894237 	-3.7017872e-09 	0.00013956912 	-0.020456431
-0.0054594595 	-0.018942352 	-3.8063149e-09 	0.00014544296 	-0.020812689
-0.0054474474 	-0.018942333 	-3.9108426e-09 	0.0001513168 	-0.021168947
-0.0054354354 	-0.018942314 	-4.0153703e-09 	0.00015719064 	-0.021525206
-0.0054234234 	-0.018942295 	-4.1198981e-09 	0.00016306449 	-0.021881464
-0.0054114114 	-0.018942277 	-4.2244258e-09 	0.00016893833 	-0.022237722
-0.0053993994 	-0.018942258 	-4.3289535e-09 	0.00017481217 	-0.022593981
-0.0053873874 	-0.018942239 	-4.4334812e-09 	0.00018068601 	-0.022950239
-0.0053753754 	-0.01894222 	-4.538009e-09 	0.00018655985 	-0.023306497
-0.0053633634 	-0.018942202 	-4.6425367e-09 	0.00019243369 	-0.023662756
-0.0053513514 	-0.018942183 	-4.7470644e-09 	0.00019830753 	-0.024019014
-0.0053393393 	-0.018942164 	-4.8515921e-09 	0.00020418137 	-0.024375272
-0.0053273273 	-0.018942151 	-4.9533018e-09 	0.00021095783 	-0.024688296
-0.0053153153 	-0.018942144 	-5.0517167e-09 	0.00021878961 	-0.02495077
-0.0053033033 	-0.018942136 	-5.1501316e-09 	0.00022662139 	-0.025213244
-0.0052912913 	-0.01894213 	-5.2576621e-09 	0.00023404641 	-0.025481849
-0.0052792793 	-0.018942123 	-5.3696357e-09 	0.00024127319 	-0.025753443
-0.0052672673 	-0.018942117 	-5.4816092e-09 	0.00024849997 	-0.026025036
-0.0052552553 	-0.018942111 	-5.5935828e-09 	0.00025572675 	-0.02629663
-0.0052432432 	-0.018942104 	-5.7055564e-09 	0.00026295353 	-0.026568223
-0.0052312312 	-0.018942098 	-5.8175299e-09 	0.00027018031 	-0.026839817
-0.0052192192 	-0.018942091 	-5.9295035e-09 	0.00027740708 	-0.02711141
-0.0052072072 	-0.018942085 	-6.0414771e-09 	0.00028463386 	-0.027383004
-0.0051951952 	-0.018942078 	-6.1534506e-09 	0.00029186064 	-0.027654597
-0.0051831832 	-0.018942072 	-6.2654242e-09 	0.00029908742 	-0.027926191
-0.0051711712 	-0.018942066 	-6.3773978e-09 	0.0003063142 	-0.028197784
-0.0051591592 	-0.018942059 	-6.4893713e-09 	0.00031354098 	-0.028469378
-0.0051471471 	-0.018942053 	-6.6013449e-09 	0.00032076775 	-0.028740972
-0.0051351351 	-0.018942046 	-6.7133185e-09 	0.00032799453 	-0.029012565
-0.0051231231 	-0.01894204 	-6.825292e-09 	0.00033522131 	-0.029284159
-0.0051111111 	-0.018942033 	-6.9372656e-09 	0.00034244809 	-0.029555752
-0.0050990991 	-0.018942037 	-7.0447381e-09 	0.00035071066 	-0.029760129
-0.0050870871 	-0.018942046 	-7.14947e-09 	0.00035960391 	-0.029923579
-0.0050750751 	-0.018942055 	-7.2542019e-09 	0.00036849716 	-0.030087029
-0.0050630631 	-0.018942064 	-7.3638498e-09 	0.00037706353 	-0.03025276
-0.0050510511 	-0.018942073 	-7.4793082e-09 	0.00038524352 	-0.030421188
-0.005039039 	-0.018942082 	-7.5947667e-09 	0.00039342352 	-0.030589616
-0.005027027 	-0.018942091 	-7.7102252e-09 	0.00040160352 	-0.030758044
-0.005015015 	-0.0189421 	-7.8256837e-09 	0.00040978351 	-0.030926472
-0.005003003 	-0.018942108 	-7.9411422e-09 	0.00041796351 	-0.0310949
-0.004990991 	-0.018942117 	-8.0566006e-09 	0.0004261435 	-0.031263328
-0.004978979 	-0.018942126 	-8.1720591e-09 	0.0004343235 	-0.031431756
-0.004966967 	-0.018942135 	-8.2875176e-09 	0.00044250349 	-0.031600184
-0.004954955 	-0.018942144 	-8.4029761e-09 	0.00045068349 	-0.031768612
-0.0049429429 	-0.018942153 	-8.5184346e-09 	0.00045886348 	-0.03193704
-0.0049309309 	-0.018942161 	-8.633893e-09 	0.00046704348 	-0.032105468
-0.0049189189 	-0.01894217 	-8.7493515e-09 	0.00047522347 	-0.032273896
-0.0049069069 	-0.018942179 	-8.86481e-09 	0.00048340347 	-0.032442324
-0.0048948949 	-0.018942188 	-8.9802685e-09 	0.00049158347 	-0.032610752
-0.0048828829 	-0.018942197 	-9.0957269e-09 	0.00049976346 	-0.03277918
-0.0048708709 	-0.018942205 	-9.2111854e-09 	0.00050794346 	-0.032947608
-0.0048588589 	-0.018942214 	-9.3266439e-09 	0.00051612345 	-0.033116036
-0.0048468468 	-0.018942228 	-9.4403124e-09 	0.00052457731 	-0.033252322
-0.0048348348 	-0.018942257 	-9.5486596e-09 	0.0005338453 	-0.033293056
-0.0048228228 	-0.018942286 	-9.6570067e-09 	0.00054311328 	-0.033333789
-0.0048108108 	-0.018942315 	-9.7653539e-09 	0.00055238127 	-0.033374523
-0.0047987988 	-0.018942343 	-9.8779686e-09 	0.00056112929 	-0.033415537
-0.0047867868 	-0.01894237 	-9.9927466e-09 	0.00056961373 	-0.033456693
-0.0047747748 	-0.018942398 	-1.0107525e-08 	0.00057809817 	-0.033497848
-0.0047627628 	-0.018942425 	-1.0222303e-08 	0.00058658261 	-0.033539004
-0.0047507508 	-0.018942452 	-1.033708e-08 	0.00059506705 	-0.03358016
-0.0047387387 	-0.018942479 	-1.0451858e-08 	0.00060355149 	-0.033621315
-0.0047267267 	-0.018942506 	-1.0566636e-08 	0.00061203593 	-0.033662471
-0.0047147147 	-0.018942533 	-1.0681414e-08 	0.00062052037 	-0.033703627
-0.0047027027 	-0.01894256 	-1.0796192e-08 	0.00062900481 	-0.033744782
-0.0046906907 	-0.018942588 	-1.091097e-08 	0.00063748925 	-0.033785938
-0.0046786787 	-0.018942615 	-1.1025748e-08 	0.00064597368 	-0.033827094
-0.0046666667 	-0.018942642 	-1.1140526e-08 	0.00065445812 	-0.033868249
-0.0046546547 	-0.018942669 	-1.1255304e-08 	0.00066294256 	-0.033909405
-0.0046426426 	-0.018942696 	-1.1370082e-08 	0.000671427 	-0.033950561
-0.0046306306 	-0.018942723 	-1.148486e-08 	0.00067991144 	-0.033991717
-0.0046186186 	-0.01894275 	-1.1599638e-08 	0.00068839588 	-0.034032872
-0.0046066066 	-0.018942778 	-1.1714416e-08 	0.00069688032 	-0.034074028
-0.0045945946 	-0.018942805 	-1.1829194e-08 	0.00070536476 	-0.034115184
-0.0045825826 	-0.018942832 	-1.1943972e-08 	0.0007138492 	-0.034156339
-0.0045705706 	-0.018942859 	-1.205875e-08 	0.00072233364 	-0.034197495
-0.0045585586 	-0.018942886 	-1.217351e-08 	0.00073081891 	-0.034236842
-0.0045465465 	-0.018942937 	-1.2286759e-08 	0.00073937511 	-0.034122683
-0.0045345345 	-0.018942987 	-1.2400009e-08 	0.00074793131 	-0.034008524
-0.0045225225 	-0.018943037 	-1.2513258e-08 	0.0007564875 	-0.033894365
-0.0045105105 	-0.018943088 	-1.2626507e-08 	0.0007650437 	-0.033780206
-0.0044984985 	-0.018943135 	-1.2739761e-08 	0.00077285958 	-0.033661855
-0.0044864865 	-0.018943182 	-1.2853014e-08 	0.00078062955 	-0.033543244
-0.0044744745 	-0.018943228 	-1.2966268e-08 	0.00078839952 	-0.033424633
-0.0044624625 	-0.018943275 	-1.3079522e-08 	0.00079616948 	-0.033306022
-0.0044504505 	-0.018943322 	-1.3192776e-08 	0.00080393945 	-0.03318741
-0.0044384384 	-0.018943369 	-1.330603e-08 	0.00081170942 	-0.033068799
-0.0044264264 	-0.018943415 	-1.3419284e-08 	0.00081947938 	-0.032950188
-0.0044144144 	-0.018943462 	-1.3532537e-08 	0.00082724935 	-0.032831577
-0.0044024024 	-0.018943509 	-1.3645791e-08 	0.00083501932 	-0.032712966
-0.0043903904 	-0.018943556 	-1.3759045e-08 	0.00084278928 	-0.032594354
-0.0043783784 	-0.018943603 	-1.3872299e-08 	0.00085055925 	-0.032475743
-0.0043663664 	-0.018943649 	-1.3985553e-08 	0.00085832922 	-0.032357132
-0.0043543544 	-0.018943696 	-1.4098807e-08 	0.00086609919 	-0.032238521
-0.0043423423 	-0.018943743 	-1.421206e-08 	0.00087386915 	-0.03211991
-0.0043303303 	-0.01894379 	-1.4325314e-08 	0.00088163912 	-0.032001298
-0.0043183183 	-0.018943836 	-1.4438568e-08 	0.00088940909 	-0.031882687
-0.0043063063 	-0.018943883 	-1.4551822e-08 	0.00089717905 	-0.031764076
-0.0042942943 	-0.01894393 	-1.4665076e-08 	0.00090494902 	-0.031645465
-0.0042822823 	-0.018943977 	-1.477833e-08 	0.00091271899 	-0.031526854
-0.0042702703 	-0.018944023 	-1.4891583e-08 	0.00092048895 	-0.031408242
-0.0042582583 	-0.01894407 	-1.5004837e-08 	0.00092825892 	-0.031289631
-0.0042462462 	-0.018944117 	-1.5118091e-08 	0.00093602889 	-0.03117102
-0.0042342342 	-0.018944164 	-1.5231345e-08 	0.00094379886 	-0.031052409
-0.0042222222 	-0.018944221 	-1.5354246e-08 	0.00095076688 	-0.030831745
-0.0042102102 	-0.018944288 	-1.5486201e-08 	0.0009569822 	-0.030515293
-0.0041981982 	-0.018944355 	-1.5618157e-08 	0.00096319751 	-0.030198841
-0.0041861862 	-0.018944423 	-1.5750113e-08 	0.00096941283 	-0.029882389
-0.0041741742 	-0.01894449 	-1.5882068e-08 	0.00097562814 	-0.029565937
-0.0041621622 	-0.018944553 	-1.6005234e-08 	0.00098123234 	-0.029241199
-0.0041501502 	-0.018944615 	-1.6127415e-08 	0.00098676799 	-0.028915532
-0.0041381381 	-0.018944677 	-1.6249595e-08 	0.00099230363 	-0.028589865
-0.0041261261 	-0.01894474 	-1.6371775e-08 	0.00099783927 	-0.028264198
-0.0041141141 	-0.018944802 	-1.6493956e-08 	0.0010033749 	-0.027938531
-0.0041021021 	-0.018944864 	-1.6616136e-08 	0.0010089106 	-0.027612864
-0.0040900901 	-0.018944927 	-1.6738316e-08 	0.0010144462 	-0.027287197
-0.0040780781 	-0.018944989 	-1.6860496e-08 	0.0010199818 	-0.02696153
-0.0040660661 	-0.018945051 	-1.6982677e-08 	0.0010255175 	-0.026635862
-0.0040540541 	-0.018945114 	-1.7104857e-08 	0.0010310531 	-0.026310195
-0.004042042 	-0.018945176 	-1.7227037e-08 	0.0010365888 	-0.025984528
-0.00403003 	-0.018945238 	-1.7349218e-08 	0.0010421244 	-0.025658861
-0.004018018 	-0.018945301 	-1.7471398e-08 	0.0010476601 	-0.025333194
-0.004006006 	-0.018945363 	-1.7593578e-08 	0.0010531957 	-0.025007527
-0.003993994 	-0.018945425 	-1.7715759e-08 	0.0010587314 	-0.02468186
-0.003981982 	-0.018945488 	-1.7837939e-08 	0.001064267 	-0.024356193
-0.00396997 	-0.01894555 	-1.7960119e-08 	0.0010698026 	-0.024030526
-0.003957958 	-0.018945612 	-1.8082299e-08 	0.0010753383 	-0.023704859
-0.0039459459 	-0.018945675 	-1.820448e-08 	0.0010808739 	-0.023379192
-0.0039339339 	-0.018945737 	-1.832666e-08 	0.0010864096 	-0.023053525
-0.0039219219 	-0.0189458 	-1.844884e-08 	0.0010919452 	-0.022727858
-0.0039099099 	-0.018945862 	-1.8571021e-08 	0.0010974809 	-0.022402191
-0.0038978979 	-0.018945924 	-1.8693201e-08 	0.0011030165 	-0.022076523
-0.0038858859 	-0.018945987 	-1.8815381e-08 	0.0011085521 	-0.021750856
-0.0038738739 	-0.018946049 	-1.8937561e-08 	0.0011140878 	-0.021425189
-0.0038618619 	-0.018946111 	-1.9059742e-08 	0.0011196234 	-0.021099522
-0.0038498498 	-0.018946177 	-1.9204589e-08 	0.0011238448 	-0.020684414
-0.0038378378 	-0.018946249 	-1.9396092e-08 	0.0011253611 	-0.020085218
-0.0038258258 	-0.018946321 	-1.9587594e-08 	0.0011268774 	-0.019486022
-0.0038138138 	-0.018946393 	-1.9779096e-08 	0.0011283937 	-0.018886825
-0.0038018018 	-0.018946465 	-1.9970598e-08 	0.00112991 	-0.018287629
-0.0037897898 	-0.018946537 	-2.0159908e-08 	0.0011313893 	-0.01768733
-0.0037777778 	-0.018946604 	-2.0327107e-08 	0.0011324946 	-0.017075912
-0.0037657658 	-0.018946671 	-2.0494306e-08 	0.0011335999 	-0.016464494
-0.0037537538 	-0.018946739 	-2.0661505e-08 	0.0011347053 	-0.015853076
-0.0037417417 	-0.018946806 	-2.0828704e-08 	0.0011358106 	-0.015241658
-0.0037297297 	-0.018946873 	-2.0995903e-08 	0.0011369159 	-0.01463024
-0.0037177177 	-0.01894694 	-2.1163102e-08 	0.0011380212 	-0.014018822
-0.0037057057 	-0.018947007 	-2.1330301e-08 	0.0011391266 	-0.013407404
-0.0036936937 	-0.018947075 	-2.14975e-08 	0.0011402319 	-0.012795986
-0.0036816817 	-0.018947142 	-2.1664699e-08 	0.0011413372 	-0.012184568
-0.0036696697 	-0.018947209 	-2.1831898e-08 	0.0011424425 	-0.01157315
-0.0036576577 	-0.018947276 	-2.1999097e-08 	0.0011435479 	-0.010961732
-0.0036456456 	-0.018947344 	-2.2166296e-08 	0.0011446532 	-0.010350314
-0.0036336336 	-0.018947411 	-2.2333495e-08 	0.0011457585 	-0.009738896
-0.0036216216 	-0.018947478 	-2.2500694e-08 	0.0011468639 	-0.009127478
-0.0036096096 	-0.018947545 	-2.2667893e-08 	0.0011479692 	-0.00851606
-0.0035975976 	-0.018947613 	-2.2835092e-08 	0.0011490745 	-0.0079046419
-0.0035855856 	-0.01894768 	-2.3002291e-08 	0.0011501798 	-0.0072932239
-0.0035735736 	-0.018947747 	-2.316949e-08 	0.0011512852 	-0.0066818059
-0.0035615616 	-0.018947814 	-2.3336689e-08 	0.0011523905 	-0.0060703879
-0.0035495495 	-0.018947881 	-2.3503889e-08 	0.0011534958 	-0.0054589698
-0.0035375375 	-0.018947949 	-2.3671088e-08 	0.0011546011 	-0.0048475518
-0.0035255255 	-0.018948016 	-2.3838287e-08 	0.0011557065 	-0.0042361338
-0.0035135135 	-0.018948083 	-2.4005486e-08 	0.0011568118 	-0.0036247158
-0.0035015015 	-0.01894815 	-2.4172685e-08 	0.0011579171 	-0.0030132977
-0.0034894895 	-0.018948218 	-2.4339884e-08 	0.0011590224 	-0.0024018797
-0.0034774775 	-0.018948285 	-2.4507083e-08 	0.0011601278 	-0.0017904617
-0.0034654655 	-0.018948352 	-2.4674282e-08 	0.0011612331 	-0.0011790437
-0.0034534535 	-0.018948419 	-2.4841481e-08 	0.0011623384 	-0.00056762564
-0.0034414414 	-0.018948487 	-2.500868e-08 	0.0011634437 	4.3792381e-05
-0.0034294294 	-0.018948554 	-2.5175879e-08 	0.0011645491 	0.0006552104
-0.0034174174 	-0.018948626 	-2.5490737e-08 	0.0011564642 	0.0016775926
-0.0034054054 	-0.018948699 	-2.5813516e-08 	0.0011478864 	0.0027220188
-0.0033933934 	-0.018948772 	-2.6136295e-08 	0.0011393086 	0.003766445
-0.0033813814 	-0.018948845 	-2.6459073e-08 	0.0011307307 	0.0048108711
-0.0033693694 	-0.018948918 	-2.6781852e-08 	0.0011221529 	0.0058552973
-0.0033573574 	-0.01894899 	-2.7104262e-08 	0.0011135784 	0.0068997907
-0.0033453453 	-0.018949058 	-2.7385783e-08 	0.0011053724 	0.0079517261
-0.0033333333 	-0.018949126 	-2.7667303e-08 	0.0010971663 	0.0090036616
-0.0033213213 	-0.018949194 	-2.7948824e-08 	0.0010889603 	0.010055597
-0.0033093093 	-0.018949261 	-2.8230345e-08 	0.0010807542 	0.011107532
-0.0032972973 	-0.018949329 	-2.8511866e-08 	0.0010725482 	0.012159468
-0.0032852853 	-0.018949397 	-2.8793387e-08 	0.0010643421 	0.013211403
-0.0032732733 	-0.018949465 	-2.9074907e-08 	0.0010561361 	0.014263339
-0.0032612613 	-0.018949532 	-2.9356428e-08 	0.00104793 	0.015315274
-0.0032492492 	-0.0189496 	-2.9637949e-08 	0.001039724 	0.01636721
-0.0032372372 	-0.018949668 	-2.991947e-08 	0.001031518 	0.017419145
-0.0032252252 	-0.018949735 	-3.0200991e-08 	0.0010233119 	0.018471081
-0.0032132132 	-0.018949803 	-3.0482511e-08 	0.0010151059 	0.019523016
-0.0032012012 	-0.018949871 	-3.0764032e-08 	0.0010068998 	0.020574951
-0.0031891892 	-0.018949939 	-3.1045553e-08 	0.00099869377 	0.021626887
-0.0031771772 	-0.018950006 	-3.1327074e-08 	0.00099048772 	0.022678822
-0.0031651652 	-0.018950074 	-3.1608595e-08 	0.00098228168 	0.023730758
-0.0031531532 	-0.018950142 	-3.1890115e-08 	0.00097407563 	0.024782693
-0.0031411411 	-0.018950209 	-3.2171636e-08 	0.00096586958 	0.025834629
-0.0031291291 	-0.018950277 	-3.2453157e-08 	0.00095766354 	0.026886564
-0.0031171171 	-0.018950345 	-3.2734678e-08 	0.00094945749 	0.0279385
-0.0031051051 	-0.018950413 	-3.3016199e-08 	0.00094125144 	0.028990435
-0.0030930931 	-0.01895048 	-3.3297719e-08 	0.0009330454 	0.03004237
-0.0030810811 	-0.018950548 	-3.357924e-08 	0.00092483935 	0.031094306
-0.0030690691 	-0.018950616 	-3.3860761e-08 	0.00091663331 	0.032146241
-0.0030570571 	-0.018950683 	-3.4142282e-08 	0.00090842726 	0.033198177
-0.003045045 	-0.018950751 	-3.4423803e-08 	0.00090022121 	0.034250112
-0.003033033 	-0.018950819 	-3.4705324e-08 	0.00089201517 	0.035302048
-0.003021021 	-0.018950887 	-3.4986844e-08 	0.00088380912 	0.036353983
-0.003009009 	-0.018950954 	-3.5268365e-08 	0.00087560308 	0.037405918
-0.002996997 	-0.018951022 	-3.5549886e-08 	0.00086739703 	0.038457854
-0.002984985 	-0.01895109 	-3.5831407e-08 	0.00085919098 	0.039509789
-0.002972973 	-0.018951157 	-3.6112928e-08 	0.00085098494 	0.040561725
-0.002960961 	-0.018951225 	-3.6394448e-08 	0.00084277889 	0.04161366
-0.0029489489 	-0.018951293 	-3.6675969e-08 	0.00083457285 	0.042665596
-0.0029369369 	-0.018951295 	-3.7005886e-08 	0.00082110921 	0.043921772
-0.0029249249 	-0.018951282 	-3.7346462e-08 	0.00080648754 	0.045222934
-0.0029129129 	-0.01895127 	-3.7687038e-08 	0.00079186587 	0.046524095
-0.0029009009 	-0.018951257 	-3.8027615e-08 	0.00077724421 	0.047825257
-0.0028888889 	-0.018951245 	-3.8368191e-08 	0.00076262254 	0.049126419
-0.0028768769 	-0.018951232 	-3.8708767e-08 	0.00074800088 	0.050427581
-0.0028648649 	-0.01895122 	-3.9046812e-08 	0.00073345703 	0.051727674
-0.0028528529 	-0.018951211 	-3.9356329e-08 	0.0007197899 	0.053015728
-0.0028408408 	-0.018951202 	-3.9665847e-08 	0.00070612277 	0.054303782
-0.0028288288 	-0.018951193 	-3.9975364e-08 	0.00069245564 	0.055591837
-0.0028168168 	-0.018951184 	-4.0284882e-08 	0.00067878851 	0.056879891
-0.0028048048 	-0.018951175 	-4.05944e-08 	0.00066512138 	0.058167945
-0.0027927928 	-0.018951166 	-4.0903917e-08 	0.00065145425 	0.059455999
-0.0027807808 	-0.018951158 	-4.1213435e-08 	0.00063778712 	0.060744053
-0.0027687688 	-0.018951149 	-4.1522952e-08 	0.00062411999 	0.062032107
-0.0027567568 	-0.01895114 	-4.183247e-08 	0.00061045286 	0.063320162
-0.0027447447 	-0.018951131 	-4.2141987e-08 	0.00059678573 	0.064608216
-0.0027327327 	-0.018951122 	-4.2451505e-08 	0.0005831186 	0.06589627
-0.0027207207 	-0.018951113 	-4.2761023e-08 	0.00056945147 	0.067184324
-0.0027087087 	-0.018951104 	-4.307054e-08 	0.00055578434 	0.068472378
-0.0026966967 	-0.018951095 	-4.3380058e-08 	0.00054211721 	0.069760432
-0.0026846847 	-0.018951086 	-4.3689575e-08 	0.00052845008 	0.071048486
-0.0026726727 	-0.018951078 	-4.3999093e-08 	0.00051478295 	0.072336541
-0.0026606607 	-0.018951069 	-4.430861e-08 	0.00050111582 	0.073624595
-0.0026486486 	-0.01895106 	-4.4618128e-08 	0.00048744869 	0.074912649
-0.0026366366 	-0.018951051 	-4.4927646e-08 	0.00047378156 	0.076200703
-0.0026246246 	-0.018951042 	-4.5237163e-08 	0.00046011443 	0.077488757
-0.0026126126 	-0.018951033 	-4.5546681e-08 	0.0004464473 	0.078776811
-0.0026006006 	-0.018951024 	-4.5856198e-08 	0.00043278017 	0.080064866
-0.0025885886 	-0.018951015 	-4.6165716e-08 	0.00041911304 	0.08135292
-0.0025765766 	-0.018951006 	-4.6475233e-08 	0.00040544591 	0.082640974
-0.0025645646 	-0.018950998 	-4.6784751e-08 	0.00039177878 	0.083929028
-0.0025525526 	-0.018950989 	-4.7094268e-08 	0.00037811165 	0.085217082
-0.0025405405 	-0.01895098 	-4.7403786e-08 	0.00036444452 	0.086505136
-0.0025285285 	-0.018950971 	-4.7713304e-08 	0.00035077739 	0.087793191
-0.0025165165 	-0.018950962 	-4.8022821e-08 	0.00033711026 	0.089081245
-0.0025045045 	-0.018950953 	-4.8332339e-08 	0.00032344313 	0.090369299
-0.0024924925 	-0.018950944 	-4.8641856e-08 	0.000309776 	0.091657353
-0.0024804805 	-0.018950935 	-4.8951374e-08 	0.00029610887 	0.092945407
-0.0024684685 	-0.018950926 	-4.9260891e-08 	0.00028244174 	0.094233461
-0.0024564565 	-0.018950917 	-4.9570409e-08 	0.00026877461 	0.095521516
-0.0024444444 	-0.018950909 	-4.9879927e-08 	0.00025510748 	0.09680957
-0.0024324324 	-0.0189509 	-5.0189444e-08 	0.00024144035 	0.098097624
-0.0024204204 	-0.018950891 	-5.0498962e-08 	0.00022777322 	0.099385678
-0.0024084084 	-0.018950882 	-5.0808479e-08 	0.00021410609 	0.10067373
-0.0023963964 	-0.018950704 	-5.1491852e-08 	0.00018069087 	0.10378113
-0.0023843844 	-0.01895017 	-5.299525e-08 	0.00010471948 	0.11100103
-0.0023723724 	-0.018949666 	-5.4457099e-08 	3.1546322e-05 	0.11811556
-0.0023603604 	-0.018949162 	-5.5918948e-08 	-4.1626838e-05 	0.1252301
-0.0023483483 	-0.018948658 	-5.7380797e-08 	-0.0001148 	0.13234463
-0.0023363363 	-0.018948233 	-5.8610999e-08 	-0.0001776633 	0.13848504
-0.0023243243 	-0.018948101 	-5.9005383e-08 	-0.00020280864 	0.14109744
-0.0023123123 	-0.018947978 	-5.9394741e-08 	-0.00022686708 	0.14366664
-0.0023003003 	-0.018947855 	-5.9784099e-08 	-0.00025092553 	0.14623584
-0.0022882883 	-0.018947732 	-6.0173457e-08 	-0.00027498397 	0.14880505
-0.0022762763 	-0.018947609 	-6.0562815e-08 	-0.00029904242 	0.15137425
-0.0022642643 	-0.018947494 	-6.0902785e-08 	-0.00032398152 	0.15405543
-0.0022522523 	-0.018947394 	-6.1186856e-08 	-0.00034913905 	0.15683321
-0.0022402402 	-0.018947298 	-6.1474803e-08 	-0.00037343983 	0.15957172
-0.0022282282 	-0.018947202 	-6.176275e-08 	-0.0003977406 	0.16231022
-0.0022162162 	-0.018947106 	-6.2050697e-08 	-0.00042204137 	0.16504873
-0.0022042042 	-0.018947011 	-6.2338644e-08 	-0.00044634215 	0.16778724
-0.0021921922 	-0.018946915 	-6.2626591e-08 	-0.00047064292 	0.17052574
-0.0021801802 	-0.018946801 	-6.2786358e-08 	-0.00049668153 	0.17352414
-0.0021681682 	-0.018946693 	-6.2954888e-08 	-0.00052150473 	0.17647391
-0.0021561562 	-0.018946587 	-6.3127725e-08 	-0.0005460439 	0.17940859
-0.0021441441 	-0.018946481 	-6.3300563e-08 	-0.00057058307 	0.18234327
-0.0021321321 	-0.018946375 	-6.34734e-08 	-0.00059512225 	0.18527795
-0.0021201201 	-0.01894627 	-6.3646237e-08 	-0.00061966142 	0.18821264
-0.0021081081 	-0.018946164 	-6.3819074e-08 	-0.00064420059 	0.19114732
-0.0020960961 	-0.018946045 	-6.3904324e-08 	-0.00066937661 	0.19424278
-0.0020840841 	-0.018945916 	-6.3912325e-08 	-0.0006947865 	0.19747527
-0.0020720721 	-0.018945796 	-6.3953059e-08 	-0.00071905445 	0.20063449
-0.0020600601 	-0.018945675 	-6.3993792e-08 	-0.0007433224 	0.20379372
-0.002048048 	-0.018945554 	-6.4034526e-08 	-0.00076759035 	0.20695294
-0.002036036 	-0.018945434 	-6.407526e-08 	-0.0007918583 	0.21011217
-0.002024024 	-0.018945313 	-6.4115994e-08 	-0.00081612625 	0.21327139
-0.002012012 	-0.018945192 	-6.4156728e-08 	-0.0008403942 	0.21643062
-0.002 	-0.01894507 	-6.4179909e-08 	-0.00086468251 	0.21961941
-0.001987988 	-0.018944926 	-6.4005949e-08 	-0.00088919948 	0.22314027
-0.001975976 	-0.018944789 	-6.3875978e-08 	-0.00091279288 	0.22658445
-0.001963964 	-0.018944656 	-6.376604e-08 	-0.00093596567 	0.22999372
-0.001951952 	-0.018944523 	-6.3656103e-08 	-0.00095913846 	0.23340299
-0.0019399399 	-0.01894439 	-6.3546166e-08 	-0.00098231125 	0.23681225
-0.0019279279 	-0.018944257 	-6.3436229e-08 	-0.001005484 	0.24022152
-0.0019159159 	-0.018944124 	-6.3326291e-08 	-0.0010286568 	0.24363079
-0.0019039039 	-0.018943991 	-6.3216354e-08 	-0.0010518296 	0.24704005
-0.0018918919 	-0.018943857 	-6.3106417e-08 	-0.0010750024 	0.25044932
-0.0018798799 	-0.018943713 	-6.2865192e-08 	-0.001097468 	0.25406618
-0.0018678679 	-0.018943559 	-6.2511113e-08 	-0.0011193258 	0.25786149
-0.0018558559 	-0.018943415 	-6.2232702e-08 	-0.0011402315 	0.26154036
-0.0018438438 	-0.018943272 	-6.1957794e-08 	-0.0011610931 	0.26521384
-0.0018318318 	-0.018943128 	-6.1682885e-08 	-0.0011819547 	0.26888732
-0.0018198198 	-0.018942984 	-6.1407977e-08 	-0.0012028163 	0.2725608
-0.0018078078 	-0.018942841 	-6.1133069e-08 	-0.001223678 	0.27623428
-0.0017957958 	-0.018942697 	-6.0858161e-08 	-0.0012445396 	0.27990776
-0.0017837838 	-0.018942554 	-6.0583253e-08 	-0.0012654012 	0.28358125
-0.0017717718 	-0.01894241 	-6.0308344e-08 	-0.0012862628 	0.28725473
-0.0017597598 	-0.018942267 	-6.0033436e-08 	-0.0013071244 	0.29092821
-0.0017477477 	-0.018942112 	-5.958254e-08 	-0.0013254623 	0.29487089
-0.0017357357 	-0.018941951 	-5.9060411e-08 	-0.0013427788 	0.29892253
-0.0017237237 	-0.0189418 	-5.8616529e-08 	-0.0013596475 	0.30285767
-0.0017117117 	-0.018941649 	-5.8179694e-08 	-0.0013764759 	0.30678231
-0.0016996997 	-0.018941498 	-5.7742859e-08 	-0.0013933043 	0.31070696
-0.0016876877 	-0.018941347 	-5.7306024e-08 	-0.0014101327 	0.31463161
-0.0016756757 	-0.018941196 	-5.6869188e-08 	-0.0014269611 	0.31855626
-0.0016636637 	-0.018941046 	-5.6432353e-08 	-0.0014437895 	0.3224809
-0.0016516517 	-0.018940895 	-5.5995518e-08 	-0.0014606179 	0.32640555
-0.0016396396 	-0.018940744 	-5.5558683e-08 	-0.0014774463 	0.3303302
-0.0016276276 	-0.018940593 	-5.5121847e-08 	-0.0014942747 	0.33425485
-0.0016156156 	-0.018940442 	-5.4685012e-08 	-0.0015111031 	0.33817949
-0.0016036036 	-0.018940287 	-5.416164e-08 	-0.0015251675 	0.34223637
-0.0015915916 	-0.018940127 	-5.3524457e-08 	-0.0015355967 	0.34646714
-0.0015795796 	-0.01893997 	-5.2917347e-08 	-0.0015460886 	0.35064975
-0.0015675676 	-0.018939817 	-5.2356024e-08 	-0.0015566759 	0.35475904
-0.0015555556 	-0.018939665 	-5.17947e-08 	-0.0015672632 	0.35886833
-0.0015435435 	-0.018939512 	-5.1233377e-08 	-0.0015778504 	0.36297761
-0.0015315315 	-0.018939359 	-5.0672053e-08 	-0.0015884377 	0.3670869
-0.0015195195 	-0.018939206 	-5.0110729e-08 	-0.001599025 	0.37119619
-0.0015075075 	-0.018939054 	-4.9549406e-08 	-0.0016096122 	0.37530548
-0.0014954955 	-0.018938901 	-4.8988082e-08 	-0.0016201995 	0.37941476
-0.0014834835 	-0.018938748 	-4.8426758e-08 	-0.0016307868 	0.38352405
-0.0014714715 	-0.018938596 	-4.7865435e-08 	-0.001641374 	0.38763334
-0.0014594595 	-0.018938443 	-4.7304111e-08 	-0.0016519613 	0.39174263
-0.0014474474 	-0.01893829 	-4.6742787e-08 	-0.0016625486 	0.39585191
-0.0014354354 	-0.018938139 	-4.6138116e-08 	-0.0016684638 	0.40002589
-0.0014234234 	-0.01893799 	-4.5490554e-08 	-0.0016697563 	0.40426387
-0.0014114114 	-0.018937841 	-4.4852297e-08 	-0.001671205 	0.40848272
-0.0013993994 	-0.018937697 	-4.4252758e-08 	-0.001673304 	0.41262199
-0.0013873874 	-0.018937553 	-4.3653219e-08 	-0.001675403 	0.41676126
-0.0013753754 	-0.018937408 	-4.305368e-08 	-0.001677502 	0.42090053
-0.0013633634 	-0.018937264 	-4.2454141e-08 	-0.0016796009 	0.42503981
-0.0013513514 	-0.018937119 	-4.1854603e-08 	-0.0016816999 	0.42917908
-0.0013393393 	-0.018936975 	-4.1255064e-08 	-0.0016837989 	0.43331835
-0.0013273273 	-0.01893683 	-4.0655525e-08 	-0.0016858979 	0.43745762
-0.0013153153 	-0.018936686 	-4.0055986e-08 	-0.0016879969 	0.44159689
-0.0013033033 	-0.018936541 	-3.9456447e-08 	-0.0016900959 	0.44573616
-0.0012912913 	-0.018936397 	-3.8856908e-08 	-0.0016921948 	0.44987544
-0.0012792793 	-0.018936252 	-3.8257369e-08 	-0.0016942938 	0.45401471
-0.0012672673 	-0.018936108 	-3.765783e-08 	-0.0016963928 	0.45815398
-0.0012552553 	-0.018935963 	-3.7058291e-08 	-0.0016984918 	0.46229325
-0.0012432432 	-0.018935819 	-3.65108e-08 	-0.001692307 	0.46630602
-0.0012312312 	-0.018935674 	-3.5985353e-08 	-0.0016826139 	0.47026522
-0.0012192192 	-0.01893553 	-3.5460847e-08 	-0.0016730248 	0.47421977
-0.0012072072 	-0.018935389 	-3.4946688e-08 	-0.0016645775 	0.4781233
-0.0011951952 	-0.018935248 	-3.4432528e-08 	-0.0016561302 	0.48202683
-0.0011831832 	-0.018935107 	-3.3918368e-08 	-0.001647683 	0.48593036
-0.0011711712 	-0.018934966 	-3.3404209e-08 	-0.0016392357 	0.4898339
-0.0011591592 	-0.018934825 	-3.2890049e-08 	-0.0016307884 	0.49373743
-0.0011471471 	-0.018934683 	-3.237589e-08 	-0.0016223411 	0.49764096
-0.0011351351 	-0.018934542 	-3.186173e-08 	-0.0016138939 	0.50154449
-0.0011231231 	-0.018934401 	-3.1347571e-08 	-0.0016054466 	0.50544802
-0.0011111111 	-0.01893426 	-3.0833411e-08 	-0.0015969993 	0.50935156
-0.0010990991 	-0.018934119 	-3.0319251e-08 	-0.001588552 	0.51325509
-0.0010870871 	-0.018933978 	-2.9805092e-08 	-0.0015801048 	0.51715862
-0.0010750751 	-0.018933837 	-2.9290932e-08 	-0.0015716575 	0.52106215
-0.0010630631 	-0.018933696 	-2.8776773e-08 	-0.0015632102 	0.52496569
-0.0010510511 	-0.018933555 	-2.8262613e-08 	-0.0015547629 	0.52886922
-0.001039039 	-0.018933414 	-2.7748454e-08 	-0.0015463157 	0.53277275
-0.001027027 	-0.018933352 	-2.7365302e-08 	-0.0015281013 	0.53654154
-0.001015015 	-0.018933312 	-2.7019066e-08 	-0.0015071348 	0.54027236
-0.001003003 	-0.018933273 	-2.667283e-08 	-0.0014861682 	0.54400318
-0.00099099099 	-0.018933227 	-2.6309602e-08 	-0.0014660739 	0.54774822
-0.00097897898 	-0.01893318 	-2.5942373e-08 	-0.001446185 	0.55149661
-0.00096696697 	-0.018933133 	-2.5575143e-08 	-0.0014262962 	0.555245
-0.00095495495 	-0.018933085 	-2.5207914e-08 	-0.0014064073 	0.55899339
-0.00094294294 	-0.018933038 	-2.4840685e-08 	-0.0013865184 	0.56274178
-0.00093093093 	-0.018932991 	-2.4473455e-08 	-0.0013666295 	0.56649017
-0.00091891892 	-0.018932944 	-2.4106226e-08 	-0.0013467406 	0.57023856
-0.00090690691 	-0.018932896 	-2.3738996e-08 	-0.0013268518 	0.57398695
-0.00089489489 	-0.018932849 	-2.3371767e-08 	-0.0013069629 	0.57773534
-0.00088288288 	-0.018932802 	-2.3004538e-08 	-0.001287074 	0.58148372
-0.00087087087 	-0.018932755 	-2.2637308e-08 	-0.0012671851 	0.58523211
-0.00085885886 	-0.018932707 	-2.2270079e-08 	-0.0012472962 	0.5889805
-0.00084684685 	-0.01893266 	-2.1902849e-08 	-0.0012274074 	0.59272889
-0.00083483483 	-0.018932613 	-2.153562e-08 	-0.0012075185 	0.59647728
-0.00082282282 	-0.018932566 	-2.1168391e-08 	-0.0011876296 	0.60022567
-0.00081081081 	-0.018932518 	-2.0801161e-08 	-0.0011677407 	0.60397406
-0.0007987988 	-0.018932471 	-2.0433932e-08 	-0.0011478518 	0.60772245
-0.00078678679 	-0.018932437 	-2.016182e-08 	-0.0011293111 	0.61070349
-0.00077477477 	-0.018932419 	-2.0005659e-08 	-0.0011124138 	0.61274912
-0.00076276276 	-0.0189324 	-1.9849498e-08 	-0.0010955165 	0.61479474
-0.00075075075 	-0.018932382 	-1.9693336e-08 	-0.0010786191 	0.61684037
-0.00073873874 	-0.018932364 	-1.9537175e-08 	-0.0010617218 	0.618886
-0.00072672673 	-0.018932346 	-1.9381014e-08 	-0.0010448245 	0.62093162
-0.00071471471 	-0.018932327 	-1.9224853e-08 	-0.0010279272 	0.62297725
-0.0007027027 	-0.018932309 	-1.9068691e-08 	-0.0010110299 	0.62502288
-0.00069069069 	-0.018932291 	-1.891253e-08 	-0.00099413254 	0.62706851
-0.00067867868 	-0.018932273 	-1.8756369e-08 	-0.00097723522 	0.62911413
-0.00066666667 	-0.018932255 	-1.8600208e-08 	-0.0009603379 	0.63115976
-0.00065465465 	-0.018932236 	-1.8444046e-08 	-0.00094344058 	0.63320539
-0.00064264264 	-0.018932218 	-1.8287885e-08 	-0.00092654326 	0.63525102
-0.00063063063 	-0.0189322 	-1.8131724e-08 	-0.00090964594 	0.63729664
-0.00061861862 	-0.018932182 	-1.7975562e-08 	-0.00089274862 	0.63934227
-0.00060660661 	-0.018932163 	-1.7819401e-08 	-0.0008758513 	0.6413879
-0.00059459459 	-0.018932145 	-1.766324e-08 	-0.00085895398 	0.64343352
-0.00058258258 	-0.018932127 	-1.7507079e-08 	-0.00084205666 	0.64547915
-0.00057057057 	-0.018932109 	-1.7350917e-08 	-0.00082515934 	0.64752478
-0.00055855856 	-0.01893209 	-1.7194756e-08 	-0.00080826202 	0.64957041
-0.00054654655 	-0.018932072 	-1.7038595e-08 	-0.0007913647 	0.65161603
-0.00053453453 	-0.018932054 	-1.6882434e-08 	-0.00077446738 	0.65366166
-0.00052252252 	-0.018932036 	-1.6726272e-08 	-0.00075757006 	0.65570729
-0.00051051051 	-0.018932017 	-1.6570111e-08 	-0.00074067274 	0.65775292
-0.0004984985 	-0.018931999 	-1.641395e-08 	-0.00072377542 	0.65979854
-0.00048648649 	-0.018931981 	-1.6257788e-08 	-0.0007068781 	0.66184417
-0.00047447447 	-0.018931963 	-1.6101627e-08 	-0.00068998078 	0.6638898
-0.00046246246 	-0.018931944 	-1.5945466e-08 	-0.00067308346 	0.66593542
-0.00045045045 	-0.018931927 	-1.5793142e-08 	-0.00065612915 	0.66797522
-0.00043843844 	-0.018931913 	-1.5652738e-08 	-0.00063899779 	0.66999688
-0.00042642643 	-0.018931899 	-1.5512335e-08 	-0.00062186643 	0.67201855
-0.00041441441 	-0.018931885 	-1.5371931e-08 	-0.00060473507 	0.67404021
-0.0004024024 	-0.01893187 	-1.5231528e-08 	-0.00058760371 	0.67606188
-0.00039039039 	-0.018931847 	-1.5131094e-08 	-0.00057025544 	0.67749949
-0.00037837838 	-0.018931815 	-1.507478e-08 	-0.00055266772 	0.67829242
-0.00036636637 	-0.018931782 	-1.5018466e-08 	-0.00053508001 	0.67908535
-0.00035435435 	-0.018931749 	-1.4962152e-08 	-0.0005174923 	0.67987827
-0.00034234234 	-0.018931717 	-1.4905838e-08 	-0.00049990459 	0.6806712
-0.00033033033 	-0.018931684 	-1.4849524e-08 	-0.00048231687 	0.68146413
-0.00031831832 	-0.018931651 	-1.4793209e-08 	-0.00046472916 	0.68225705
-0.00030630631 	-0.018931619 	-1.4736895e-08 	-0.00044714145 	0.68304998
-0.00029429429 	-0.018931586 	-1.4680581e-08 	-0.00042955373 	0.68384291
-0.00028228228 	-0.018931553 	-1.4624267e-08 	-0.00041196602 	0.68463583
-0.00027027027 	-0.018931521 	-1.4567953e-08 	-0.00039437831 	0.68542876
-0.00025825826 	-0.018931488 	-1.4511639e-08 	-0.0003767906 	0.68622168
-0.00024624625 	-0.018931456 	-1.4455325e-08 	-0.00035920288 	0.68701461
-0.00023423423 	-0.018931423 	-1.4399011e-08 	-0.00034161517 	0.68780754
-0.00022222222 	-0.01893139 	-1.4342697e-08 	-0.00032402746 	0.68860046
-0.00021021021 	-0.018931358 	-1.4286383e-08 	-0.00030643975 	0.68939339
-0.0001981982 	-0.018931325 	-1.4230069e-08 	-0.00028885203 	0.69018632
-0.00018618619 	-0.018931292 	-1.4173755e-08 	-0.00027126432 	0.69097924
-0.00017417417 	-0.01893126 	-1.411744e-08 	-0.00025367661 	0.69177217
-0.00016216216 	-0.018931227 	-1.4061126e-08 	-0.0002360889 	0.6925651
-0.00015015015 	-0.018931194 	-1.4004812e-08 	-0.00021850118 	0.69335802
-0.00013813814 	-0.018931162 	-1.3948498e-08 	-0.00020091347 	0.69415095
-0.00012612613 	-0.018931129 	-1.3892184e-08 	-0.00018332576 	0.69494387
-0.00011411411 	-0.018931096 	-1.383587e-08 	-0.00016573805 	0.6957368
-0.0001021021 	-0.018931064 	-1.3779556e-08 	-0.00014815033 	0.69652973
-9.009009e-05 	-0.018931031 	-1.3723242e-08 	-0.00013056262 	0.69732265
-7.8078078e-05 	-0.018930998 	-1.3666928e-08 	-0.00011297491 	0.69811558
-6.6066066e-05 	-0.018930966 	-1.3610614e-08 	-9.5387196e-05 	0.69890851
-5.4054054e-05 	-0.018930933 	-1.3555776e-08 	-7.7875839e-05 	0.69969644
-4.2042042e-05 	-0.018930898 	-1.3504966e-08 	-6.0572839e-05 	0.70047075
-3.003003e-05 	-0.018930864 	-1.3454157e-08 	-4.3269839e-05 	0.70124506
-1.8018018e-05 	-0.018930829 	-1.3403348e-08 	-2.596684e-05 	0.70201937
-6.006006e-06 	-0.018930795 	-1.3352538e-08 	-8.6638397e-06 	0.70279368
6.006006e-06 	-0.018930794 	-1.3356216e-08 	8.7815235e-06 	0.70278437
1.8018018e-05 	-0.018930826 	-1.3414382e-08 	2.636925e-05 	0.70199144
3.003003e-05 	-0.018930859 	-1.3472547e-08 	4.3956976e-05 	0.70119851
4.2042042e-05 	-0.018930892 	-1.3530713e-08 	6.1544703e-05 	0.70040558
5.4054054e-05 	-0.018930924 	-1.3588879e-08 	7.9132429e-05 	0.69961265
6.6066066e-05 	-0.018930957 	-1.3647044e-08 	9.6720156e-05 	0.69881972
7.8078078e-05 	-0.01893099 	-1.370521e-08 	0.00011430788 	0.69802679
9.009009e-05 	-0.018931022 	-1.3763376e-08 	0.00013189561 	0.69723386
0.0001021021 	-0.018931055 	-1.3821541e-08 	0.00014948334 	0.69644093
0.00011411411 	-0.018931088 	-1.3879707e-08 	0.00016707106 	0.695648
0.00012612613 	-0.01893112 	-1.3937872e-08 	0.00018465879 	0.69485507
0.00013813814 	-0.018931153 	-1.3996038e-08 	0.00020224651 	0.69406214
0.00015015015 	-0.018931185 	-1.4054204e-08 	0.00021983424 	0.69326921
0.00016216216 	-0.018931218 	-1.4112369e-08 	0.00023742197 	0.69247628
0.00017417417 	-0.018931251 	-1.4170535e-08 	0.00025500969 	0.69168335
0.00018618619 	-0.018931283 	-1.42287e-08 	0.00027259742 	0.69089042
0.0001981982 	-0.018931316 	-1.4286866e-08 	0.00029018515 	0.69009749
0.00021021021 	-0.018931349 	-1.4345032e-08 	0.00030777287 	0.68930456
0.00022222222 	-0.018931381 	-1.4403197e-08 	0.0003253606 	0.68851163
0.00023423423 	-0.018931414 	-1.4461363e-08 	0.00034294833 	0.6877187
0.00024624625 	-0.018931447 	-1.4519529e-08 	0.00036053605 	0.68692577
0.00025825826 	-0.018931479 	-1.4577694e-08 	0.00037812378 	0.68613284
0.00027027027 	-0.018931512 	-1.463586e-08 	0.00039571151 	0.68533991
0.00028228228 	-0.018931545 	-1.4694025e-08 	0.00041329923 	0.68454698
0.00029429429 	-0.018931577 	-1.4752191e-08 	0.00043088696 	0.68375405
0.00030630631 	-0.01893161 	-1.4810357e-08 	0.00044847468 	0.68296112
0.00031831832 	-0.018931643 	-1.4868522e-08 	0.00046606241 	0.68216819
0.00033033033 	-0.018931675 	-1.4926688e-08 	0.00048365014 	0.68137526
0.00034234234 	-0.018931708 	-1.4983218e-08 	0.00050115448 	0.68058778
0.00035435435 	-0.018931743 	-1.50358e-08 	0.0005184575 	0.67981347
0.00036636637 	-0.018931777 	-1.5088382e-08 	0.00053576051 	0.67903915
0.00037837838 	-0.018931812 	-1.5140964e-08 	0.00055306353 	0.67826484
0.00039039039 	-0.018931846 	-1.5193546e-08 	0.00057036654 	0.67749053
0.0004024024 	-0.018931872 	-1.5301488e-08 	0.00058745669 	0.67604918
0.00041441441 	-0.018931891 	-1.5459582e-08 	0.000604354 	0.67400355
0.00042642643 	-0.018931909 	-1.5617676e-08 	0.0006212513 	0.67195792
0.00043843844 	-0.018931927 	-1.5775771e-08 	0.0006381486 	0.66991229
0.00045045045 	-0.018931945 	-1.5933865e-08 	0.0006550459 	0.66786666
0.00046246246 	-0.018931964 	-1.6091959e-08 	0.00067194321 	0.66582103
0.00047447447 	-0.018931982 	-1.6250053e-08 	0.00068884051 	0.66377539
0.00048648649 	-0.018932 	-1.6408148e-08 	0.00070573781 	0.66172976
0.0004984985 	-0.018932018 	-1.6566242e-08 	0.00072263511 	0.65968413
0.00051051051 	-0.018932037 	-1.6724336e-08 	0.00073953241 	0.6576385
0.00052252252 	-0.018932055 	-1.688243e-08 	0.00075642972 	0.65559287
0.00053453453 	-0.018932073 	-1.7040525e-08 	0.00077332702 	0.65354724
0.00054654655 	-0.018932091 	-1.7198619e-08 	0.00079022432 	0.65150161
0.00055855856 	-0.01893211 	-1.7356713e-08 	0.00080712162 	0.64945597
0.00057057057 	-0.018932128 	-1.7514807e-08 	0.00082401893 	0.64741034
0.00058258258 	-0.018932146 	-1.7672902e-08 	0.00084091623 	0.64536471
0.00059459459 	-0.018932164 	-1.7830996e-08 	0.00085781353 	0.64331908
0.00060660661 	-0.018932182 	-1.798909e-08 	0.00087471083 	0.64127345
0.00061861862 	-0.018932201 	-1.8147184e-08 	0.00089160814 	0.63922782
0.00063063063 	-0.018932219 	-1.8305279e-08 	0.00090850544 	0.63718218
0.00064264264 	-0.018932237 	-1.8463373e-08 	0.00092540274 	0.63513655
0.00065465465 	-0.018932255 	-1.8621467e-08 	0.00094230004 	0.63309092
0.00066666667 	-0.018932274 	-1.8779561e-08 	0.00095919735 	0.63104529
0.00067867868 	-0.018932292 	-1.8937656e-08 	0.00097609465 	0.62899966
0.00069069069 	-0.01893231 	-1.909575e-08 	0.00099299195 	0.62695403
0.0007027027 	-0.018932328 	-1.9253844e-08 	0.0010098893 	0.62490839
0.00071471471 	-0.018932347 	-1.9411938e-08 	0.0010267866 	0.62286276
0.00072672673 	-0.018932365 	-1.9570033e-08 	0.0010436839 	0.62081713
0.00073873874 	-0.018932382 	-1.9723123e-08 	0.0010606555 	0.61877911
0.00075075075 	-0.018932396 	-1.9865461e-08 	0.0010777868 	0.61675744
0.00076276276 	-0.01893241 	-2.0007798e-08 	0.0010949182 	0.61473577
0.00077477477 	-0.018932425 	-2.0150135e-08 	0.0011120495 	0.6127141
0.00078678679 	-0.018932439 	-2.0292472e-08 	0.0011291809 	0.61069243
0.0007987988 	-0.018932471 	-2.0559899e-08 	0.001147827 	0.60772218
0.00081081081 	-0.018932518 	-2.0929942e-08 	0.0011677158 	0.60397379
0.00082282282 	-0.018932566 	-2.1299985e-08 	0.0011876046 	0.60022539
0.00083483483 	-0.018932613 	-2.1670027e-08 	0.0012074934 	0.596477
0.00084684685 	-0.01893266 	-2.204007e-08 	0.0012273822 	0.5927286
0.00085885886 	-0.018932707 	-2.2410113e-08 	0.001247271 	0.5889802
0.00087087087 	-0.018932755 	-2.2780155e-08 	0.0012671597 	0.58523181
0.00088288288 	-0.018932802 	-2.3150198e-08 	0.0012870485 	0.58148341
0.00089489489 	-0.018932849 	-2.3520241e-08 	0.0013069373 	0.57773502
0.00090690691 	-0.018932896 	-2.3890283e-08 	0.0013268261 	0.57398662
0.00091891892 	-0.018932944 	-2.4260326e-08 	0.0013467149 	0.57023822
0.00093093093 	-0.018932991 	-2.4630368e-08 	0.0013666037 	0.56648983
0.00094294294 	-0.018933038 	-2.5000411e-08 	0.0013864925 	0.56274143
0.00095495495 	-0.018933085 	-2.5370454e-08 	0.0014063813 	0.55899304
0.00096696697 	-0.018933133 	-2.5740496e-08 	0.00142627 	0.55524464
0.00097897898 	-0.01893318 	-2.6110539e-08 	0.0014461588 	0.55149624
0.00099099099 	-0.018933227 	-2.6480582e-08 	0.0014660476 	0.54774785
0.001003003 	-0.018933273 	-2.6846638e-08 	0.0014861418 	0.5440028
0.001015015 	-0.018933312 	-2.7195769e-08 	0.0015071083 	0.54027197
0.001027027 	-0.018933352 	-2.7544899e-08 	0.0015280747 	0.53654115
0.001039039 	-0.018933414 	-2.7930861e-08 	0.001546289 	0.53277235
0.0010510511 	-0.018933555 	-2.8447533e-08 	0.0015547362 	0.52886881
0.0010630631 	-0.018933696 	-2.8964205e-08 	0.0015631833 	0.52496527
0.0010750751 	-0.018933837 	-2.9480877e-08 	0.0015716305 	0.52106173
0.0010870871 	-0.018933978 	-2.9997549e-08 	0.0015800777 	0.51715819
0.0010990991 	-0.018934119 	-3.0514221e-08 	0.0015885248 	0.51325465
0.0011111111 	-0.01893426 	-3.1030893e-08 	0.001596972 	0.50935111
0.0011231231 	-0.018934401 	-3.1547565e-08 	0.0016054192 	0.50544757
0.0011351351 	-0.018934542 	-3.2064237e-08 	0.0016138663 	0.50154403
0.0011471471 	-0.018934684 	-3.2580909e-08 	0.0016223135 	0.49764049
0.0011591592 	-0.018934825 	-3.3097581e-08 	0.0016307607 	0.49373695
0.0011711712 	-0.018934966 	-3.3614253e-08 	0.0016392078 	0.48983341
0.0011831832 	-0.018935107 	-3.4130925e-08 	0.001647655 	0.48592987
0.0011951952 	-0.018935248 	-3.4647597e-08 	0.0016561022 	0.48202633
0.0012072072 	-0.018935389 	-3.5164269e-08 	0.0016645493 	0.47812279
0.0012192192 	-0.01893553 	-3.5680942e-08 	0.0016729965 	0.47421925
0.0012312312 	-0.018935674 	-3.6208169e-08 	0.0016825855 	0.47026469
0.0012432432 	-0.018935819 	-3.6736357e-08 	0.0016922785 	0.46630549
0.0012552553 	-0.018935963 	-3.7286268e-08 	0.0016984632 	0.46229271
0.0012672673 	-0.018936108 	-3.7887468e-08 	0.0016963641 	0.45815343
0.0012792793 	-0.018936252 	-3.8488668e-08 	0.0016942649 	0.45401415
0.0012912913 	-0.018936397 	-3.9089869e-08 	0.0016921658 	0.44987487
0.0013033033 	-0.018936541 	-3.9691069e-08 	0.0016900667 	0.44573559
0.0013153153 	-0.018936686 	-4.029227e-08 	0.0016879675 	0.44159631
0.0013273273 	-0.01893683 	-4.089347e-08 	0.0016858684 	0.43745703
0.0013393393 	-0.018936975 	-4.149467e-08 	0.0016837693 	0.43331775
0.0013513514 	-0.018937119 	-4.2095871e-08 	0.0016816702 	0.42917847
0.0013633634 	-0.018937264 	-4.2697071e-08 	0.001679571 	0.42503919
0.0013753754 	-0.018937408 	-4.3298272e-08 	0.0016774719 	0.42089991
0.0013873874 	-0.018937553 	-4.3899472e-08 	0.0016753728 	0.41676063
0.0013993994 	-0.018937697 	-4.4500672e-08 	0.0016732737 	0.41262134
0.0014114114 	-0.018937842 	-4.5101873e-08 	0.0016711745 	0.40848206
0.0014234234 	-0.01893799 	-4.5742125e-08 	0.0016697257 	0.4042632
0.0014354354 	-0.01893814 	-4.6391762e-08 	0.0016684331 	0.40002522
0.0014474474 	-0.018938291 	-4.6997923e-08 	0.0016625177 	0.39585123
0.0014594595 	-0.018938443 	-4.7560143e-08 	0.0016519302 	0.39174194
0.0014714715 	-0.018938596 	-4.8122364e-08 	0.0016413428 	0.38763264
0.0014834835 	-0.018938749 	-4.8684585e-08 	0.0016307554 	0.38352334
0.0014954955 	-0.018938902 	-4.9246805e-08 	0.0016201679 	0.37941405
0.0015075075 	-0.018939054 	-4.9809026e-08 	0.0016095805 	0.37530475
0.0015195195 	-0.018939207 	-5.0371247e-08 	0.0015989931 	0.37119545
0.0015315315 	-0.01893936 	-5.0933467e-08 	0.0015884056 	0.36708615
0.0015435435 	-0.018939513 	-5.1495688e-08 	0.0015778182 	0.36297686
0.0015555556 	-0.018939665 	-5.2057909e-08 	0.0015672308 	0.35886756
0.0015675676 	-0.018939818 	-5.262013e-08 	0.0015566434 	0.35475826
0.0015795796 	-0.018939971 	-5.318235e-08 	0.0015460559 	0.35064897
0.0015915916 	-0.018940128 	-5.3790526e-08 	0.0015355639 	0.34646635
0.0016036036 	-0.018940288 	-5.4428885e-08 	0.0015251344 	0.34223556
0.0016156156 	-0.018940443 	-5.4952999e-08 	0.0015110699 	0.33817868
0.0016276276 	-0.018940594 	-5.5390244e-08 	0.0014942413 	0.33425402
0.0016396396 	-0.018940745 	-5.582749e-08 	0.0014774128 	0.33032937
0.0016516517 	-0.018940895 	-5.6264735e-08 	0.0014605842 	0.32640471
0.0016636637 	-0.018941046 	-5.6701981e-08 	0.0014437557 	0.32248005
0.0016756757 	-0.018941197 	-5.7139226e-08 	0.0014269271 	0.3185554
0.0016876877 	-0.018941348 	-5.7576472e-08 	0.0014100985 	0.31463074
0.0016996997 	-0.018941499 	-5.8013717e-08 	0.00139327 	0.31070608
0.0017117117 	-0.018941649 	-5.8450963e-08 	0.0013764414 	0.30678143
0.0017237237 	-0.0189418 	-5.8888208e-08 	0.0013596129 	0.30285677
0.0017357357 	-0.018941952 	-5.9332542e-08 	0.001342744 	0.29892162
0.0017477477 	-0.018942112 	-5.9855594e-08 	0.0013254273 	0.29486997
0.0017597598 	-0.018942267 	-6.0307048e-08 	0.0013070892 	0.29092728
0.0017717718 	-0.018942411 	-6.058161e-08 	0.0012862275 	0.28725379
0.0017837838 	-0.018942554 	-6.0856172e-08 	0.0012653657 	0.2835803
0.0017957958 	-0.018942698 	-6.1130735e-08 	0.001244504 	0.27990681
0.0018078078 	-0.018942841 	-6.1405297e-08 	0.0012236422 	0.27623332
0.0018198198 	-0.018942985 	-6.167986e-08 	0.0012027805 	0.27255983
0.0018318318 	-0.018943128 	-6.1954422e-08 	0.0011819187 	0.26888634
0.0018438438 	-0.018943272 	-6.2228984e-08 	0.001161057 	0.26521285
0.0018558559 	-0.018943415 	-6.2503547e-08 	0.0011401952 	0.26153936
0.0018678679 	-0.018943559 	-6.2781633e-08 	0.0011192894 	0.25786048
0.0018798799 	-0.018943713 	-6.3135831e-08 	0.0010974314 	0.25406517
0.0018918919 	-0.018943857 	-6.3376696e-08 	0.0010749657 	0.2504483
0.0019039039 	-0.018943991 	-6.3485716e-08 	0.0010517928 	0.24703903
0.0019159159 	-0.018944124 	-6.3594737e-08 	0.0010286199 	0.24362975
0.0019279279 	-0.018944257 	-6.3703757e-08 	0.001005447 	0.24022048
0.0019399399 	-0.01894439 	-6.3812778e-08 	0.00098227406 	0.2368112
0.001951952 	-0.018944523 	-6.3921798e-08 	0.00095910116 	0.23340193
0.001963964 	-0.018944656 	-6.4030819e-08 	0.00093592826 	0.22999266
0.001975976 	-0.018944789 	-6.4139839e-08 	0.00091275536 	0.22658338
0.001987988 	-0.018944926 	-6.4268892e-08 	0.00088916184 	0.22313919
0.002 	-0.01894507 	-6.4441929e-08 	0.00086464473 	0.21961832
0.002012012 	-0.018945193 	-6.4417312e-08 	0.00084035634 	0.21642952
0.002024024 	-0.018945313 	-6.4375096e-08 	0.00081608831 	0.21327029
0.002036036 	-0.018945434 	-6.433288e-08 	0.00079182029 	0.21011106
0.002048048 	-0.018945554 	-6.4290663e-08 	0.00076755226 	0.20695183
0.0020600601 	-0.018945675 	-6.4248447e-08 	0.00074328423 	0.2037926
0.0020720721 	-0.018945796 	-6.4206231e-08 	0.00071901621 	0.20063337
0.0020840841 	-0.018945916 	-6.4164015e-08 	0.00069474818 	0.19747414
0.0020960961 	-0.018946045 	-6.4154521e-08 	0.0006693382 	0.19424164
0.0021081081 	-0.018946164 	-6.4067586e-08 	0.00064416211 	0.19114618
0.0021201201 	-0.01894627 	-6.389288e-08 	0.0006196229 	0.18821149
0.0021321321 	-0.018946376 	-6.3718174e-08 	0.00059508369 	0.1852768
0.0021441441 	-0.018946481 	-6.3543468e-08 	0.00057054448 	0.18234212
0.0021561562 	-0.018946587 	-6.3368761e-08 	0.00054600528 	0.17940743
0.0021681682 	-0.018946693 	-6.3194055e-08 	0.00052146607 	0.17647274
0.0021801802 	-0.018946801 	-6.3023662e-08 	0.00049664283 	0.17352297
0.0021921922 	-0.018946915 	-6.286207e-08 	0.00047060416 	0.17052457
0.0022042042 	-0.018947011 	-6.2572365e-08 	0.0004463034 	0.16778606
0.0022162162 	-0.018947107 	-6.228266e-08 	0.00042200263 	0.16504755
0.0022282282 	-0.018947202 	-6.1992955e-08 	0.00039770186 	0.16230904
0.0022402402 	-0.018947298 	-6.170325e-08 	0.0003734011 	0.15957053
0.0022522523 	-0.018947394 	-6.1413545e-08 	0.00034910033 	0.15683202
0.0022642643 	-0.018947495 	-6.1127642e-08 	0.00032394279 	0.15405423
0.0022762763 	-0.01894761 	-6.0785683e-08 	0.00029900371 	0.15137305
0.0022882883 	-0.018947733 	-6.0394268e-08 	0.00027494531 	0.14880385
0.0023003003 	-0.018947855 	-6.0002852e-08 	0.00025088691 	0.14623465
0.0023123123 	-0.018947978 	-5.9611436e-08 	0.00022682852 	0.14366544
0.0023243243 	-0.018948101 	-5.922002e-08 	0.00020277012 	0.14109624
0.0023363363 	-0.018948233 	-5.8823556e-08 	0.00017762481 	0.13848385
0.0023483483 	-0.018948658 	-5.7587911e-08 	0.00011476178 	0.13234343
0.0023603604 	-0.018949162 	-5.6119689e-08 	4.1588966e-05 	0.12522891
0.0023723724 	-0.018949666 	-5.4651467e-08 	-3.1583851e-05 	0.11811438
0.0023843844 	-0.01895017 	-5.3183244e-08 	-0.00010475667 	0.11099985
0.0023963964 	-0.018950705 	-5.1673444e-08 	-0.00018072774 	0.10377996
0.0024084084 	-0.018950882 	-5.09871e-08 	-0.00021414279 	0.10067256
0.0024204204 	-0.018950891 	-5.06761e-08 	-0.00022780979 	0.099384511
0.0024324324 	-0.0189509 	-5.0365099e-08 	-0.00024147679 	0.098096459
0.0024444444 	-0.018950909 	-5.0054098e-08 	-0.00025514379 	0.096808406
0.0024564565 	-0.018950918 	-4.9743098e-08 	-0.00026881079 	0.095520354
0.0024684685 	-0.018950927 	-4.9432097e-08 	-0.00028247779 	0.094232301
0.0024804805 	-0.018950936 	-4.9121096e-08 	-0.00029614479 	0.092944249
0.0024924925 	-0.018950944 	-4.8810096e-08 	-0.0003098118 	0.091656196
0.0025045045 	-0.018950953 	-4.8499095e-08 	-0.0003234788 	0.090368144
0.0025165165 	-0.018950962 	-4.8188095e-08 	-0.0003371458 	0.089080092
0.0025285285 	-0.018950971 	-4.7877094e-08 	-0.0003508128 	0.087792039
0.0025405405 	-0.01895098 	-4.7566093e-08 	-0.0003644798 	0.086503987
0.0025525526 	-0.018950989 	-4.7255093e-08 	-0.0003781468 	0.085215934
0.0025645646 	-0.018950998 	-4.6944092e-08 	-0.0003918138 	0.083927882
0.0025765766 	-0.018951007 	-4.6633092e-08 	-0.00040548081 	0.082639829
0.0025885886 	-0.018951015 	-4.6322091e-08 	-0.00041914781 	0.081351777
0.0026006006 	-0.018951024 	-4.601109e-08 	-0.00043281481 	0.080063725
0.0026126126 	-0.018951033 	-4.570009e-08 	-0.00044648181 	0.078775672
0.0026246246 	-0.018951042 	-4.5389089e-08 	-0.00046014881 	0.07748762
0.0026366366 	-0.018951051 	-4.5078088e-08 	-0.00047381581 	0.076199567
0.0026486486 	-0.01895106 	-4.4767088e-08 	-0.00048748281 	0.074911515
0.0026606607 	-0.018951069 	-4.4456087e-08 	-0.00050114982 	0.073623463
0.0026726727 	-0.018951078 	-4.4145087e-08 	-0.00051481682 	0.07233541
0.0026846847 	-0.018951087 	-4.3834086e-08 	-0.00052848382 	0.071047358
0.0026966967 	-0.018951095 	-4.3523085e-08 	-0.00054215082 	0.069759305
0.0027087087 	-0.018951104 	-4.3212085e-08 	-0.00055581782 	0.068471253
0.0027207207 	-0.018951113 	-4.2901084e-08 	-0.00056948482 	0.0671832
0.0027327327 	-0.018951122 	-4.2590084e-08 	-0.00058315182 	0.065895148
0.0027447447 	-0.018951131 	-4.2279083e-08 	-0.00059681883 	0.064607096
0.0027567568 	-0.01895114 	-4.1968082e-08 	-0.00061048583 	0.063319043
0.0027687688 	-0.018951149 	-4.1657082e-08 	-0.00062415283 	0.062030991
0.0027807808 	-0.018951158 	-4.1346081e-08 	-0.00063781983 	0.060742938
0.0027927928 	-0.018951167 	-4.103508e-08 	-0.00065148683 	0.059454886
0.0028048048 	-0.018951175 	-4.072408e-08 	-0.00066515383 	0.058166833
0.0028168168 	-0.018951184 	-4.0413079e-08 	-0.00067882083 	0.056878781
0.0028288288 	-0.018951193 	-4.0102079e-08 	-0.00069248784 	0.055590729
0.0028408408 	-0.018951202 	-3.9791078e-08 	-0.00070615484 	0.054302676
0.0028528529 	-0.018951211 	-3.9480077e-08 	-0.00071982184 	0.053014624
0.0028648649 	-0.01895122 	-3.9169077e-08 	-0.00073348884 	0.051726571
0.0028768769 	-0.018951232 	-3.8829504e-08 	-0.00074803257 	0.05042648
0.0028888889 	-0.018951245 	-3.8487394e-08 	-0.00076265411 	0.049125319
0.0029009009 	-0.018951257 	-3.8145285e-08 	-0.00077727565 	0.047824159
0.0029129129 	-0.01895127 	-3.7803176e-08 	-0.0007918972 	0.046522999
0.0029249249 	-0.018951282 	-3.7461067e-08 	-0.00080651874 	0.045221838
0.0029369369 	-0.018951295 	-3.7118958e-08 	-0.00082114028 	0.043920678
0.0029489489 	-0.018951293 	-3.6787518e-08 	-0.00083460379 	0.042664504
0.002960961 	-0.018951225 	-3.650452e-08 	-0.00084280965 	0.041612571
0.002972973 	-0.018951157 	-3.6221521e-08 	-0.00085101551 	0.040560638
0.002984985 	-0.01895109 	-3.5938523e-08 	-0.00085922137 	0.039508705
0.002996997 	-0.018951022 	-3.5655525e-08 	-0.00086742723 	0.038456772
0.003009009 	-0.018950954 	-3.5372527e-08 	-0.00087563309 	0.037404839
0.003021021 	-0.018950887 	-3.5089528e-08 	-0.00088383895 	0.036352907
0.003033033 	-0.018950819 	-3.480653e-08 	-0.00089204481 	0.035300974
0.003045045 	-0.018950751 	-3.4523532e-08 	-0.00090025067 	0.034249041
0.0030570571 	-0.018950683 	-3.4240533e-08 	-0.00090845653 	0.033197108
0.0030690691 	-0.018950616 	-3.3957535e-08 	-0.00091666239 	0.032145175
0.0030810811 	-0.018950548 	-3.3674537e-08 	-0.00092486825 	0.031093242
0.0030930931 	-0.01895048 	-3.3391539e-08 	-0.00093307411 	0.030041309
0.0031051051 	-0.018950413 	-3.310854e-08 	-0.00094127997 	0.028989377
0.0031171171 	-0.018950345 	-3.2825542e-08 	-0.00094948583 	0.027937444
0.0031291291 	-0.018950277 	-3.2542544e-08 	-0.00095769169 	0.026885511
0.0031411411 	-0.018950209 	-3.2259545e-08 	-0.00096589755 	0.025833578
0.0031531532 	-0.018950142 	-3.1976547e-08 	-0.00097410341 	0.024781645
0.0031651652 	-0.018950074 	-3.1693549e-08 	-0.00098230927 	0.023729712
0.0031771772 	-0.018950006 	-3.1410551e-08 	-0.00099051513 	0.022677779
0.0031891892 	-0.018949939 	-3.1127552e-08 	-0.00099872099 	0.021625847
0.0032012012 	-0.018949871 	-3.0844554e-08 	-0.0010069268 	0.020573914
0.0032132132 	-0.018949803 	-3.0561556e-08 	-0.0010151327 	0.019521981
0.0032252252 	-0.018949735 	-3.0278558e-08 	-0.0010233386 	0.018470048
0.0032372372 	-0.018949668 	-2.9995559e-08 	-0.0010315444 	0.017418115
0.0032492492 	-0.0189496 	-2.9712561e-08 	-0.0010397503 	0.016366182
0.0032612613 	-0.018949532 	-2.9429563e-08 	-0.0010479561 	0.015314249
0.0032732733 	-0.018949465 	-2.9146564e-08 	-0.001056162 	0.014262317
0.0032852853 	-0.018949397 	-2.8863566e-08 	-0.0010643679 	0.013210384
0.0032972973 	-0.018949329 	-2.8580568e-08 	-0.0010725737 	0.012158451
0.0033093093 	-0.018949261 	-2.829757e-08 	-0.0010807796 	0.011106518
0.0033213213 	-0.018949194 	-2.8014571e-08 	-0.0010889854 	0.010054585
0.0033333333 	-0.018949126 	-2.7731573e-08 	-0.0010971913 	0.0090026523
0.0033453453 	-0.018949058 	-2.7448575e-08 	-0.0011053972 	0.0079507194
0.0033573574 	-0.018948991 	-2.7165577e-08 	-0.001113603 	0.0068987866
0.0033693694 	-0.018948918 	-2.6841603e-08 	-0.0011221773 	0.0058542956
0.0033813814 	-0.018948845 	-2.6517259e-08 	-0.001130755 	0.0048098718
0.0033933934 	-0.018948772 	-2.6192916e-08 	-0.0011393326 	0.0037654479
0.0034054054 	-0.018948699 	-2.5868572e-08 	-0.0011479102 	0.0027210241
0.0034174174 	-0.018948626 	-2.5544229e-08 	-0.0011564879 	0.0016766003
0.0034294294 	-0.018948554 	-2.5227844e-08 	-0.0011645725 	0.0006542205
0.0034414414 	-0.018948487 	-2.5059832e-08 	-0.0011634671 	4.2805635e-05
0.0034534535 	-0.018948419 	-2.4891819e-08 	-0.0011623616 	-0.00056860923
0.0034654655 	-0.018948352 	-2.4723806e-08 	-0.0011612561 	-0.0011800241
0.0034774775 	-0.018948285 	-2.4555794e-08 	-0.0011601506 	-0.001791439
0.0034894895 	-0.018948218 	-2.4387781e-08 	-0.0011590451 	-0.0024028538
0.0035015015 	-0.01894815 	-2.4219769e-08 	-0.0011579396 	-0.0030142687
0.0035135135 	-0.018948083 	-2.4051756e-08 	-0.0011568341 	-0.0036256836
0.0035255255 	-0.018948016 	-2.3883744e-08 	-0.0011557286 	-0.0042370984
0.0035375375 	-0.018947949 	-2.3715731e-08 	-0.0011546231 	-0.0048485133
0.0035495495 	-0.018947882 	-2.3547719e-08 	-0.0011535176 	-0.0054599282
0.0035615616 	-0.018947814 	-2.3379706e-08 	-0.0011524121 	-0.0060713431
0.0035735736 	-0.018947747 	-2.3211694e-08 	-0.0011513066 	-0.0066827579
0.0035855856 	-0.01894768 	-2.3043681e-08 	-0.0011502011 	-0.0072941728
0.0035975976 	-0.018947613 	-2.2875669e-08 	-0.0011490956 	-0.0079055877
0.0036096096 	-0.018947545 	-2.2707656e-08 	-0.0011479901 	-0.0085170025
0.0036216216 	-0.018947478 	-2.2539644e-08 	-0.0011468846 	-0.0091284174
0.0036336336 	-0.018947411 	-2.2371631e-08 	-0.0011457791 	-0.0097398323
0.0036456456 	-0.018947344 	-2.2203619e-08 	-0.0011446736 	-0.010351247
0.0036576577 	-0.018947276 	-2.2035606e-08 	-0.0011435681 	-0.010962662
0.0036696697 	-0.018947209 	-2.1867593e-08 	-0.0011424627 	-0.011574077
0.0036816817 	-0.018947142 	-2.1699581e-08 	-0.0011413572 	-0.012185492
0.0036936937 	-0.018947075 	-2.1531568e-08 	-0.0011402517 	-0.012796907
0.0037057057 	-0.018947007 	-2.1363556e-08 	-0.0011391462 	-0.013408321
0.0037177177 	-0.01894694 	-2.1195543e-08 	-0.0011380407 	-0.014019736
0.0037297297 	-0.018946873 	-2.1027531e-08 	-0.0011369352 	-0.014631151
0.0037417417 	-0.018946806 	-2.0859518e-08 	-0.0011358297 	-0.015242566
0.0037537538 	-0.018946739 	-2.0691506e-08 	-0.0011347242 	-0.015853981
0.0037657658 	-0.018946671 	-2.0523493e-08 	-0.0011336187 	-0.016465396
0.0037777778 	-0.018946604 	-2.0355481e-08 	-0.0011325132 	-0.017076811
0.0037897898 	-0.018946537 	-2.0187468e-08 	-0.0011314077 	-0.017688226
0.0038018018 	-0.018946465 	-1.9997223e-08 	-0.0011299283 	-0.018288521
0.0038138138 	-0.018946393 	-1.9804774e-08 	-0.0011284118 	-0.018887715
0.0038258258 	-0.018946321 	-1.9612324e-08 	-0.0011268953 	-0.019486908
0.0038378378 	-0.018946249 	-1.9419875e-08 	-0.0011253788 	-0.020086101
0.0038498498 	-0.018946177 	-1.9227425e-08 	-0.0011238623 	-0.020685294
0.0038618619 	-0.018946111 	-1.9081998e-08 	-0.0011196408 	-0.021100399
0.0038738739 	-0.018946049 	-1.8959417e-08 	-0.001114105 	-0.021426062
0.0038858859 	-0.018945987 	-1.8836835e-08 	-0.0011085692 	-0.021751725
0.0038978979 	-0.018945924 	-1.8714254e-08 	-0.0011030334 	-0.022077389
0.0039099099 	-0.018945862 	-1.8591673e-08 	-0.0010974976 	-0.022403052
0.0039219219 	-0.0189458 	-1.8469092e-08 	-0.0010919618 	-0.022728715
0.0039339339 	-0.018945737 	-1.834651e-08 	-0.001086426 	-0.023054378
0.0039459459 	-0.018945675 	-1.8223929e-08 	-0.0010808902 	-0.023380042
0.003957958 	-0.018945613 	-1.8101348e-08 	-0.0010753544 	-0.023705705
0.00396997 	-0.01894555 	-1.7978766e-08 	-0.0010698186 	-0.024031368
0.003981982 	-0.018945488 	-1.7856185e-08 	-0.0010642828 	-0.024357031
0.003993994 	-0.018945425 	-1.7733604e-08 	-0.001058747 	-0.024682695
0.004006006 	-0.018945363 	-1.7611022e-08 	-0.0010532112 	-0.025008358
0.004018018 	-0.018945301 	-1.7488441e-08 	-0.0010476754 	-0.025334021
0.00403003 	-0.018945238 	-1.736586e-08 	-0.0010421396 	-0.025659684
0.004042042 	-0.018945176 	-1.7243279e-08 	-0.0010366038 	-0.025985348
0.0040540541 	-0.018945114 	-1.7120697e-08 	-0.001031068 	-0.026311011
0.0040660661 	-0.018945051 	-1.6998116e-08 	-0.0010255322 	-0.026636674
0.0040780781 	-0.018944989 	-1.6875535e-08 	-0.0010199964 	-0.026962337
0.0040900901 	-0.018944927 	-1.6752953e-08 	-0.0010144606 	-0.027288001
0.0041021021 	-0.018944864 	-1.6630372e-08 	-0.0010089248 	-0.027613664
0.0041141141 	-0.018944802 	-1.6507791e-08 	-0.001003389 	-0.027939327
0.0041261261 	-0.01894474 	-1.6385209e-08 	-0.00099785321 	-0.02826499
0.0041381381 	-0.018944677 	-1.6262628e-08 	-0.00099231741 	-0.028590654
0.0041501502 	-0.018944615 	-1.6140047e-08 	-0.00098678161 	-0.028916317
0.0041621622 	-0.018944553 	-1.6017465e-08 	-0.00098124581 	-0.02924198
0.0041741742 	-0.01894449 	-1.5893882e-08 	-0.00097564145 	-0.029566714
0.0041861862 	-0.018944423 	-1.5761369e-08 	-0.00096942597 	-0.029883162
0.0041981982 	-0.018944355 	-1.5628856e-08 	-0.00096321049 	-0.030199611
0.0042102102 	-0.018944288 	-1.5496343e-08 	-0.00095699501 	-0.030516059
0.0042222222 	-0.018944221 	-1.536383e-08 	-0.00095077953 	-0.030832507
0.0042342342 	-0.018944164 	-1.5240554e-08 	-0.00094381135 	-0.031053167
0.0042462462 	-0.018944117 	-1.5127118e-08 	-0.00093604124 	-0.031171774
0.0042582583 	-0.01894407 	-1.5013683e-08 	-0.00092827114 	-0.031290381
0.0042702703 	-0.018944023 	-1.4900247e-08 	-0.00092050103 	-0.031408987
0.0042822823 	-0.018943977 	-1.4786812e-08 	-0.00091273092 	-0.031527594
0.0042942943 	-0.01894393 	-1.4673376e-08 	-0.00090496082 	-0.031646201
0.0043063063 	-0.018943883 	-1.4559941e-08 	-0.00089719071 	-0.031764808
0.0043183183 	-0.018943836 	-1.4446505e-08 	-0.0008894206 	-0.031883414
0.0043303303 	-0.01894379 	-1.4333069e-08 	-0.0008816505 	-0.032002021
0.0043423423 	-0.018943743 	-1.4219634e-08 	-0.00087388039 	-0.032120628
0.0043543544 	-0.018943696 	-1.4106198e-08 	-0.00086611028 	-0.032239235
0.0043663664 	-0.018943649 	-1.3992763e-08 	-0.00085834018 	-0.032357841
0.0043783784 	-0.018943603 	-1.3879327e-08 	-0.00085057007 	-0.032476448
0.0043903904 	-0.018943556 	-1.3765891e-08 	-0.00084279996 	-0.032595055
0.0044024024 	-0.018943509 	-1.3652456e-08 	-0.00083502985 	-0.032713661
0.0044144144 	-0.018943462 	-1.353902e-08 	-0.00082725975 	-0.032832268
0.0044264264 	-0.018943415 	-1.3425585e-08 	-0.00081948964 	-0.032950875
0.0044384384 	-0.018943369 	-1.3312149e-08 	-0.00081171953 	-0.033069482
0.0044504505 	-0.018943322 	-1.3198714e-08 	-0.00080394943 	-0.033188088
0.0044624625 	-0.018943275 	-1.3085278e-08 	-0.00079617932 	-0.033306695
0.0044744745 	-0.018943228 	-1.2971842e-08 	-0.00078840921 	-0.033425302
0.0044864865 	-0.018943182 	-1.2858407e-08 	-0.00078063911 	-0.033543908
0.0044984985 	-0.018943135 	-1.2744971e-08 	-0.000772869 	-0.033662515
0.0045105105 	-0.018943088 	-1.2631533e-08 	-0.00076505298 	-0.033780862
0.0045225225 	-0.018943037 	-1.2518058e-08 	-0.00075649664 	-0.033895016
0.0045345345 	-0.018942987 	-1.2404583e-08 	-0.00074794029 	-0.034009171
0.0045465465 	-0.018942937 	-1.2291108e-08 	-0.00073938395 	-0.034123326
0.0045585586 	-0.018942886 	-1.2177633e-08 	-0.0007308276 	-0.03423748
0.0045705706 	-0.018942859 	-1.2062742e-08 	-0.0007223422 	-0.034198128
0.0045825826 	-0.018942832 	-1.1947835e-08 	-0.00071385765 	-0.034156968
0.0045945946 	-0.018942805 	-1.1832928e-08 	-0.00070537309 	-0.034115807
0.0046066066 	-0.018942778 	-1.1718021e-08 	-0.00069688853 	-0.034074647
0.0046186186 	-0.01894275 	-1.1603114e-08 	-0.00068840397 	-0.034033486
0.0046306306 	-0.018942723 	-1.1488207e-08 	-0.00067991941 	-0.033992325
0.0046426426 	-0.018942696 	-1.13733e-08 	-0.00067143485 	-0.033951165
0.0046546547 	-0.018942669 	-1.1258393e-08 	-0.00066295029 	-0.033910004
0.0046666667 	-0.018942642 	-1.1143486e-08 	-0.00065446573 	-0.033868843
0.0046786787 	-0.018942615 	-1.1028579e-08 	-0.00064598117 	-0.033827683
0.0046906907 	-0.018942588 	-1.0913672e-08 	-0.00063749661 	-0.033786522
0.0047027027 	-0.01894256 	-1.0798764e-08 	-0.00062901205 	-0.033745362
0.0047147147 	-0.018942533 	-1.0683857e-08 	-0.00062052749 	-0.033704201
0.0047267267 	-0.018942506 	-1.056895e-08 	-0.00061204293 	-0.03366304
0.0047387387 	-0.018942479 	-1.0454043e-08 	-0.00060355837 	-0.03362188
0.0047507508 	-0.018942452 	-1.0339136e-08 	-0.00059507381 	-0.033580719
0.0047627628 	-0.018942425 	-1.0224229e-08 	-0.00058658925 	-0.033539558
0.0047747748 	-0.018942398 	-1.0109322e-08 	-0.0005781047 	-0.033498398
0.0047867868 	-0.01894237 	-9.9944149e-09 	-0.00056962014 	-0.033457237
0.0047987988 	-0.018942343 	-9.8795078e-09 	-0.00056113558 	-0.033416076
0.0048108108 	-0.018942315 	-9.766754e-09 	-0.00055238743 	-0.033375058
0.0048228228 	-0.018942286 	-9.6582479e-09 	-0.00054311932 	-0.033334319
0.0048348348 	-0.018942257 	-9.5497418e-09 	-0.00053385121 	-0.033293581
0.0048468468 	-0.018942228 	-9.4412357e-09 	-0.00052458309 	-0.033252842
0.0048588589 	-0.018942214 	-9.327444e-09 	-0.00051612913 	-0.033116551
0.0048708709 	-0.018942205 	-9.2118742e-09 	-0.00050794903 	-0.032948118
0.0048828829 	-0.018942197 	-9.0963044e-09 	-0.00049976894 	-0.032779685
0.0048948949 	-0.018942188 	-8.9807346e-09 	-0.00049158884 	-0.032611252
0.0049069069 	-0.018942179 	-8.8651648e-09 	-0.00048340874 	-0.032442818
0.0049189189 	-0.01894217 	-8.749595e-09 	-0.00047522865 	-0.032274385
0.0049309309 	-0.018942161 	-8.6340252e-09 	-0.00046704855 	-0.032105952
0.0049429429 	-0.018942153 	-8.5184554e-09 	-0.00045886846 	-0.031937518
0.004954955 	-0.018942144 	-8.4028856e-09 	-0.00045068836 	-0.031769085
0.004966967 	-0.018942135 	-8.2873159e-09 	-0.00044250827 	-0.031600652
0.004978979 	-0.018942126 	-8.1717461e-09 	-0.00043432817 	-0.031432219
0.004990991 	-0.018942117 	-8.0561763e-09 	-0.00042614807 	-0.031263785
0.005003003 	-0.018942108 	-7.9406065e-09 	-0.00041796798 	-0.031095352
0.005015015 	-0.0189421 	-7.8250367e-09 	-0.00040978788 	-0.030926919
0.005027027 	-0.018942091 	-7.7094669e-09 	-0.00040160779 	-0.030758485
0.005039039 	-0.018942082 	-7.5938971e-09 	-0.00039342769 	-0.030590052
0.0050510511 	-0.018942073 	-7.4783273e-09 	-0.0003852476 	-0.030421619
0.0050630631 	-0.018942064 	-7.3627575e-09 	-0.0003770675 	-0.030253186
0.0050750751 	-0.018942055 	-7.2529737e-09 	-0.00036850103 	-0.030087449
0.0050870871 	-0.018942046 	-7.1480849e-09 	-0.00035960768 	-0.029923994
0.0050990991 	-0.018942037 	-7.0431962e-09 	-0.00035071432 	-0.02976054
0.0051111111 	-0.018942033 	-6.9356111e-09 	-0.00034245165 	-0.029556157
0.0051231231 	-0.01894204 	-6.8235977e-09 	-0.00033522479 	-0.029284558
0.0051351351 	-0.018942046 	-6.7115843e-09 	-0.00032799794 	-0.029012959
0.0051471471 	-0.018942053 	-6.5995709e-09 	-0.00032077108 	-0.02874136
0.0051591592 	-0.018942059 	-6.4875575e-09 	-0.00031354422 	-0.028469761
0.0051711712 	-0.018942066 	-6.375544e-09 	-0.00030631736 	-0.028198163
0.0051831832 	-0.018942072 	-6.2635306e-09 	-0.0002990905 	-0.027926564
0.0051951952 	-0.018942078 	-6.1515172e-09 	-0.00029186364 	-0.027654965
0.0052072072 	-0.018942085 	-6.0395038e-09 	-0.00028463678 	-0.027383366
0.0052192192 	-0.018942091 	-5.9274904e-09 	-0.00027740992 	-0.027111767
0.0052312312 	-0.018942098 	-5.815477e-09 	-0.00027018307 	-0.026840168
0.0052432432 	-0.018942104 	-5.7034635e-09 	-0.00026295621 	-0.026568569
0.0052552553 	-0.018942111 	-5.5914501e-09 	-0.00025572935 	-0.02629697
0.0052672673 	-0.018942117 	-5.4794367e-09 	-0.00024850249 	-0.026025371
0.0052792793 	-0.018942123 	-5.3674233e-09 	-0.00024127563 	-0.025753772
0.0052912913 	-0.01894213 	-5.2554099e-09 	-0.00023404877 	-0.025482173
0.0053033033 	-0.018942136 	-5.1478353e-09 	-0.00022662366 	-0.025213562
0.0053153153 	-0.018942144 	-5.0493676e-09 	-0.0002187918 	-0.024951083
0.0053273273 	-0.018942151 	-4.9509e-09 	-0.00021095994 	-0.024688603
0.0053393393 	-0.018942164 	-4.8491579e-09 	-0.00020418341 	-0.024375575
0.0053513514 	-0.018942183 	-4.7446151e-09 	-0.00019830951 	-0.024019311
0.0053633634 	-0.018942202 	-4.6400723e-09 	-0.00019243561 	-0.023663047
0.0053753754 	-0.01894222 	-4.5355295e-09 	-0.00018656171 	-0.023306783
0.0053873874 	-0.018942239 	-4.4309868e-09 	-0.0001806878 	-0.022950519
0.0053993994 	-0.018942258 	-4.326444e-09 	-0.0001748139 	-0.022594255
0.0054114114 	-0.018942277 	-4.2219012e-09 	-0.00016894 	-0.022237991
0.0054234234 	-0.018942296 	-4.1173584e-09 	-0.0001630661 	-0.021881727
0.0054354354 	-0.018942314 	-4.0128156e-09 	-0.0001571922 	-0.021525464
0.0054474474 	-0.018942333 	-3.9082728e-09 	-0.00015131829 	-0.0211692
0.0054594595 	-0.018942352 	-3.80373e-09 	-0.00014544439 	-0.020812936
0.0054714715 	-0.018942371 	-3.6991872e-09 	-0.00013957049 	-0.020456672
0.0054834835 	-0.018942389 	-3.5946444e-09 	-0.00013369659 	-0.020100408
0.0054954955 	-0.018942408 	-3.4901016e-09 	-0.00012782268 	-0.019744144
0.0055075075 	-0.018942428 	-3.3915387e-09 	-0.00012176332 	-0.019392871
0.0055195195 	-0.018942448 	-3.302377e-09 	-0.0001154124 	-0.019049443
0.0055315315 	-0.018942468 	-3.2132153e-09 	-0.00010906148 	-0.018706015
0.0055435435 	-0.018942497 	-3.1190595e-09 	-0.00010464437 	-0.01828525
0.0055555556 	-0.018942526 	-3.0245295e-09 	-0.00010037216 	-0.01785869
0.0055675676 	-0.018942555 	-2.9299995e-09 	-9.6099957e-05 	-0.01743213
0.0055795796 	-0.018942584 	-2.8354695e-09 	-9.182775e-05 	-0.01700557
0.0055915916 	-0.018942614 	-2.7409396e-09 	-8.7555543e-05 	-0.01657901
0.0056036036 	-0.018942643 	-2.6464096e-09 	-8.3283336e-05 	-0.01615245
0.0056156156 	-0.018942672 	-2.5518796e-09 	-7.9011129e-05 	-0.01572589
0.0056276276 	-0.018942701 	-2.4573496e-09 	-7.4738921e-05 	-0.01529933
0.0056396396 	-0.01894273 	-2.3628197e-09 	-7.0466714e-05 	-0.01487277
0.0056516517 	-0.018942759 	-2.2682897e-09 	-6.6194507e-05 	-0.01444621
0.0056636637 	-0.018942789 	-2.1737597e-09 	-6.19223e-05 	-0.01401965
0.0056756757 	-0.018942818 	-2.0792297e-09 	-5.7650093e-05 	-0.013593089
0.0056876877 	-0.018942848 	-1.9922197e-09 	-5.3223325e-05 	-0.013173884
0.0056996997 	-0.018942879 	-1.9141957e-09 	-4.8611862e-05 	-0.012763467
0.0057117117 	-0.018942912 	-1.8345967e-09 	-4.458801e-05 	-0.012331367
0.0057237237 	-0.018942947 	-1.751108e-09 	-4.2015381e-05 	-0.011845716
0.0057357357 	-0.018942982 	-1.6676192e-09 	-3.9442751e-05 	-0.011360065
0.0057477477 	-0.018943017 	-1.5841305e-09 	-3.6870122e-05 	-0.010874415
0.0057597598 	-0.018943051 	-1.5006418e-09 	-3.4297492e-05 	-0.010388764
0.0057717718 	-0.018943086 	-1.417153e-09 	-3.1724863e-05 	-0.0099031139
0.0057837838 	-0.018943121 	-1.3336643e-09 	-2.9152234e-05 	-0.0094174634
0.0057957958 	-0.018943156 	-1.2501756e-09 	-2.6579604e-05 	-0.0089318129
0.0058078078 	-0.018943191 	-1.1666868e-09 	-2.4006975e-05 	-0.0084461624
0.0058198198 	-0.018943226 	-1.0831981e-09 	-2.1434345e-05 	-0.0079605118
0.0058318318 	-0.018943261 	-9.9970935e-10 	-1.8861716e-05 	-0.0074748613
0.0058438438 	-0.018943297 	-9.2120127e-10 	-1.6230585e-05 	-0.0069947506
0.0058558559 	-0.018943334 	-8.5485067e-10 	-1.3456655e-05 	-0.0065281621
0.0058678679 	-0.018943366 	-7.8553537e-10 	-1.134919e-05 	-0.0060293072
0.0058798799 	-0.018943389 	-7.1138036e-10 	-1.0329697e-05 	-0.005477779
0.0058918919 	-0.018943411 	-6.3722535e-10 	-9.3102028e-06 	-0.0049262508
0.0059039039 	-0.018943434 	-5.6307034e-10 	-8.290709e-06 	-0.0043747226
0.0059159159 	-0.018943457 	-4.8891533e-10 	-7.2712152e-06 	-0.0038231944
0.0059279279 	-0.018943479 	-4.1476033e-10 	-6.2517215e-06 	-0.0032716662
0.0059399399 	-0.018943502 	-3.4060532e-10 	-5.2322277e-06 	-0.002720138
0.005951952 	-0.018943525 	-2.6645031e-10 	-4.2127339e-06 	-0.0021686098
0.005963964 	-0.018943547 	-1.922953e-10 	-3.1932401e-06 	-0.0016170816
0.005975976 	-0.01894357 	-1.1814029e-10 	-2.1737463e-06 	-0.0010655534
0.005987988 	-0.018943593 	-5.6244757e-11 	-1.0994933e-06 	-0.00052926453
0.006 	-0.018943617 	-4.0207007e-22 	-7.8598143e-18 	-3.7834891e-15
