-0.002 	0.005998009 	0 	0 	0
-0.001995996 	0.0059980018 	-8.1549135e-13 	3.7800172e-07 	0.0037839483
-0.001991992 	0.0059979945 	-1.6309827e-12 	7.5600344e-07 	0.0075678965
-0.001987988 	0.0059979873 	-2.446474e-12 	1.1340052e-06 	0.011351845
-0.001983984 	0.00599798 	-3.2619654e-12 	1.5120069e-06 	0.015135793
-0.00197998 	0.0059979728 	-4.0774567e-12 	1.8900086e-06 	0.018919741
-0.001975976 	0.0059979655 	-4.8929481e-12 	2.2680103e-06 	0.02270369
-0.001971972 	0.0059979583 	-5.7084394e-12 	2.646012e-06 	0.026487638
-0.001967968 	0.005997951 	-6.5239308e-12 	3.0240138e-06 	0.030271586
-0.001963964 	0.0059979438 	-7.3394221e-12 	3.4020155e-06 	0.034055534
-0.00195996 	0.0059979365 	-8.1549135e-12 	3.7800172e-06 	0.037839483
-0.001955956 	0.0059979293 	-9.0111878e-12 	4.1565956e-06 	0.041622358
-0.001951952 	0.0059979228 	-1.0191223e-11 	4.5218748e-06 	0.04539672
-0.0019479479 	0.0059979162 	-1.1371259e-11 	4.887154e-06 	0.049171081
-0.0019439439 	0.0059979187 	-1.2304345e-11 	5.5315365e-06 	0.052855646
-0.0019399399 	0.0059979349 	-1.2868623e-11 	6.5927476e-06 	0.056406104
-0.0019359359 	0.005997951 	-1.3432902e-11 	7.6539586e-06 	0.059956562
-0.0019319319 	0.0059979672 	-1.399718e-11 	8.7151696e-06 	0.063507021
-0.0019279279 	0.0059979834 	-1.4561458e-11 	9.7763807e-06 	0.067057479
-0.0019239239 	0.0059979995 	-1.5125737e-11 	1.0837592e-05 	0.070607937
-0.0019199199 	0.0059980157 	-1.5690015e-11 	1.1898803e-05 	0.074158395
-0.0019159159 	0.0059980318 	-1.6254293e-11 	1.2960014e-05 	0.077708853
-0.0019119119 	0.005998048 	-1.6818572e-11 	1.4021225e-05 	0.081259312
-0.0019079079 	0.0059980641 	-1.738285e-11 	1.5082436e-05 	0.08480977
-0.0019039039 	0.0059980803 	-1.7947128e-11 	1.6143647e-05 	0.088360228
-0.0018998999 	0.0059980965 	-1.8511407e-11 	1.7204858e-05 	0.091910686
-0.0018958959 	0.0059981126 	-1.9088528e-11 	1.8264136e-05 	0.095460723
-0.0018918919 	0.0059981285 	-1.9907057e-11 	1.9287074e-05 	0.099002839
-0.0018878879 	0.0059981443 	-2.0725586e-11 	2.0310012e-05 	0.10254496
-0.0018838839 	0.0059981602 	-2.1544115e-11 	2.133295e-05 	0.10608707
-0.0018798799 	0.005998173 	-2.1905607e-11 	2.3163313e-05 	0.10949018
-0.0018758759 	0.0059981858 	-2.2255664e-11 	2.5013878e-05 	0.11288981
-0.0018718719 	0.0059981985 	-2.2605721e-11 	2.6864443e-05 	0.11628944
-0.0018678679 	0.0059982113 	-2.2955778e-11 	2.8715009e-05 	0.11968907
-0.0018638639 	0.005998224 	-2.3305835e-11 	3.0565574e-05 	0.1230887
-0.0018598599 	0.0059982368 	-2.3655892e-11 	3.2416139e-05 	0.12648833
-0.0018558559 	0.0059982495 	-2.4005949e-11 	3.4266704e-05 	0.12988796
-0.0018518519 	0.0059982623 	-2.4356006e-11 	3.6117269e-05 	0.1332876
-0.0018478478 	0.0059982751 	-2.4706063e-11 	3.7967834e-05 	0.13668723
-0.0018438438 	0.0059982878 	-2.5056119e-11 	3.98184e-05 	0.14008686
-0.0018398398 	0.0059983006 	-2.5406176e-11 	4.1668965e-05 	0.14348649
-0.0018358358 	0.0059983133 	-2.5756233e-11 	4.351953e-05 	0.14688612
-0.0018318318 	0.0059983261 	-2.610629e-11 	4.5370095e-05 	0.15028575
-0.0018278278 	0.0059983388 	-2.6456347e-11 	4.722066e-05 	0.15368538
-0.0018238238 	0.0059983514 	-2.6938566e-11 	4.9005816e-05 	0.15707803
-0.0018198198 	0.0059983639 	-2.7425406e-11 	5.0788684e-05 	0.16047043
-0.0018158158 	0.0059983764 	-2.7912245e-11 	5.2571553e-05 	0.16386284
-0.0018118118 	0.0059983862 	-2.823278e-11 	5.4774052e-05 	0.16717519
-0.0018078078 	0.0059983929 	-2.8371919e-11 	5.7434261e-05 	0.17040022
-0.0018038038 	0.0059983996 	-2.8511059e-11 	6.009447e-05 	0.17362525
-0.0017997998 	0.0059984063 	-2.8650198e-11 	6.2754679e-05 	0.17685028
-0.0017957958 	0.005998413 	-2.8789337e-11 	6.5414888e-05 	0.18007531
-0.0017917918 	0.0059984198 	-2.8928477e-11 	6.8075098e-05 	0.18330034
-0.0017877878 	0.0059984265 	-2.9067616e-11 	7.0735307e-05 	0.18652537
-0.0017837838 	0.0059984332 	-2.9206755e-11 	7.3395516e-05 	0.1897504
-0.0017797798 	0.0059984399 	-2.9345895e-11 	7.6055725e-05 	0.19297544
-0.0017757758 	0.0059984466 	-2.9485034e-11 	7.8715934e-05 	0.19620047
-0.0017717718 	0.0059984533 	-2.9624173e-11 	8.1376143e-05 	0.1994255
-0.0017677678 	0.00599846 	-2.9763312e-11 	8.4036352e-05 	0.20265053
-0.0017637638 	0.0059984668 	-2.9902452e-11 	8.6696561e-05 	0.20587556
-0.0017597598 	0.0059984735 	-3.0041591e-11 	8.935677e-05 	0.20910059
-0.0017557558 	0.0059984802 	-3.018073e-11 	9.2016979e-05 	0.21232562
-0.0017517518 	0.0059984869 	-3.031987e-11 	9.4677188e-05 	0.21555065
-0.0017477477 	0.0059984936 	-3.0495949e-11 	9.7279953e-05 	0.21877225
-0.0017437437 	0.0059985002 	-3.0697988e-11 	9.9842349e-05 	0.22199144
-0.0017397397 	0.0059985068 	-3.0900026e-11 	0.00010240475 	0.22521063
-0.0017357357 	0.0059985135 	-3.1102065e-11 	0.00010496714 	0.22842982
-0.0017317317 	0.0059985172 	-3.1162789e-11 	0.00010808416 	0.23152435
-0.0017277277 	0.0059985193 	-3.114084e-11 	0.00011152565 	0.23454595
-0.0017237237 	0.0059985214 	-3.1118891e-11 	0.00011496714 	0.23756755
-0.0017197197 	0.0059985235 	-3.1096942e-11 	0.00011840862 	0.24058915
-0.0017157157 	0.0059985256 	-3.1074993e-11 	0.00012185011 	0.24361075
-0.0017117117 	0.0059985277 	-3.1053044e-11 	0.0001252916 	0.24663236
-0.0017077077 	0.0059985298 	-3.1031095e-11 	0.00012873309 	0.24965396
-0.0017037037 	0.0059985318 	-3.1009146e-11 	0.00013217458 	0.25267556
-0.0016996997 	0.0059985339 	-3.0987196e-11 	0.00013561606 	0.25569716
-0.0016956957 	0.005998536 	-3.0965247e-11 	0.00013905755 	0.25871876
-0.0016916917 	0.0059985381 	-3.0943298e-11 	0.00014249904 	0.26174036
-0.0016876877 	0.0059985402 	-3.0921349e-11 	0.00014594053 	0.26476196
-0.0016836837 	0.0059985423 	-3.08994e-11 	0.00014938202 	0.26778356
-0.0016796797 	0.0059985444 	-3.0877451e-11 	0.00015282351 	0.27080516
-0.0016756757 	0.0059985465 	-3.0855502e-11 	0.00015626499 	0.27382676
-0.0016716717 	0.0059985485 	-3.0833553e-11 	0.00015970648 	0.27684836
-0.0016676677 	0.0059985506 	-3.0811604e-11 	0.00016314797 	0.27986996
-0.0016636637 	0.0059985527 	-3.0789655e-11 	0.00016658946 	0.28289156
-0.0016596597 	0.0059985548 	-3.0781189e-11 	0.00016995431 	0.28591068
-0.0016556557 	0.0059985568 	-3.0781508e-11 	0.00017326924 	0.28892819
-0.0016516517 	0.0059985589 	-3.0781827e-11 	0.00017658418 	0.2919457
-0.0016476476 	0.0059985609 	-3.0782145e-11 	0.00017989911 	0.29496321
-0.0016436436 	0.0059985626 	-3.0766925e-11 	0.00018331108 	0.29795316
-0.0016396396 	0.0059985617 	-3.0635275e-11 	0.00018745017 	0.30073663
-0.0016356356 	0.0059985608 	-3.0503624e-11 	0.00019158925 	0.3035201
-0.0016316316 	0.0059985598 	-3.0371974e-11 	0.00019572833 	0.30630356
-0.0016276276 	0.0059985589 	-3.0240324e-11 	0.00019986741 	0.30908703
-0.0016236236 	0.0059985579 	-3.0108673e-11 	0.0002040065 	0.31187049
-0.0016196196 	0.005998557 	-2.9977023e-11 	0.00020814558 	0.31465396
-0.0016156156 	0.0059985561 	-2.9845373e-11 	0.00021228466 	0.31743743
-0.0016116116 	0.0059985551 	-2.9713723e-11 	0.00021642374 	0.32022089
-0.0016076076 	0.0059985542 	-2.9582072e-11 	0.00022056283 	0.32300436
-0.0016036036 	0.0059985532 	-2.9450422e-11 	0.00022470191 	0.32578782
-0.0015995996 	0.0059985523 	-2.9318772e-11 	0.00022884099 	0.32857129
-0.0015955956 	0.0059985514 	-2.9187122e-11 	0.00023298007 	0.33135476
-0.0015915916 	0.0059985504 	-2.9055471e-11 	0.00023711916 	0.33413822
-0.0015875876 	0.0059985495 	-2.8923821e-11 	0.00024125824 	0.33692169
-0.0015835836 	0.0059985486 	-2.8792171e-11 	0.00024539732 	0.33970515
-0.0015795796 	0.0059985476 	-2.8660521e-11 	0.0002495364 	0.34248862
-0.0015755756 	0.0059985467 	-2.852887e-11 	0.00025367549 	0.34527209
-0.0015715716 	0.0059985457 	-2.839722e-11 	0.00025781457 	0.34805555
-0.0015675676 	0.0059985448 	-2.826557e-11 	0.00026195365 	0.35083902
-0.0015635636 	0.0059985439 	-2.813392e-11 	0.00026609273 	0.35362248
-0.0015595596 	0.0059985428 	-2.8021706e-11 	0.00027013021 	0.35640469
-0.0015555556 	0.0059985418 	-2.7919006e-11 	0.00027411796 	0.35918629
-0.0015515516 	0.0059985408 	-2.7816306e-11 	0.00027810571 	0.36196789
-0.0015475475 	0.0059985397 	-2.7713607e-11 	0.00028209345 	0.36474948
-0.0015435435 	0.0059985387 	-2.7610907e-11 	0.0002860812 	0.36753108
-0.0015395395 	0.0059985373 	-2.7495201e-11 	0.00029045201 	0.3701518
-0.0015355355 	0.0059985355 	-2.7370108e-11 	0.00029509932 	0.3726564
-0.0015315315 	0.0059985337 	-2.7245014e-11 	0.00029974662 	0.375161
-0.0015275275 	0.005998532 	-2.711992e-11 	0.00030439392 	0.37766561
-0.0015235235 	0.0059985302 	-2.6994826e-11 	0.00030904122 	0.38017021
-0.0015195195 	0.0059985285 	-2.6869732e-11 	0.00031368853 	0.38267481
-0.0015155155 	0.0059985267 	-2.6744639e-11 	0.00031833583 	0.38517942
-0.0015115115 	0.005998525 	-2.6619545e-11 	0.00032298313 	0.38768402
-0.0015075075 	0.0059985232 	-2.6494451e-11 	0.00032763043 	0.39018862
-0.0015035035 	0.0059985215 	-2.6369357e-11 	0.00033227774 	0.39269323
-0.0014994995 	0.0059985197 	-2.6244264e-11 	0.00033692504 	0.39519783
-0.0014954955 	0.005998518 	-2.611917e-11 	0.00034157234 	0.39770243
-0.0014914915 	0.0059985162 	-2.5994076e-11 	0.00034621964 	0.40020704
-0.0014874875 	0.0059985145 	-2.5868982e-11 	0.00035086695 	0.40271164
-0.0014834835 	0.0059985127 	-2.5743889e-11 	0.00035551425 	0.40521624
-0.0014794795 	0.005998511 	-2.5618795e-11 	0.00036016155 	0.40772085
-0.0014754755 	0.0059985092 	-2.5493701e-11 	0.00036480885 	0.41022545
-0.0014714715 	0.0059985074 	-2.5368607e-11 	0.00036945616 	0.41273005
-0.0014674675 	0.0059985057 	-2.5243514e-11 	0.00037410346 	0.41523466
-0.0014634635 	0.0059985039 	-2.511842e-11 	0.00037875076 	0.41773926
-0.0014594595 	0.0059985022 	-2.4993326e-11 	0.00038339806 	0.42024386
-0.0014554555 	0.0059985004 	-2.4868232e-11 	0.00038804536 	0.42274847
-0.0014514515 	0.0059984987 	-2.4743139e-11 	0.00039269267 	0.42525307
-0.0014474474 	0.0059984968 	-2.4614699e-11 	0.00039727499 	0.42775802
-0.0014434434 	0.0059984948 	-2.4480987e-11 	0.00040175491 	0.43026353
-0.0014394394 	0.0059984927 	-2.4347274e-11 	0.00040623483 	0.43276903
-0.0014354354 	0.0059984907 	-2.4213562e-11 	0.00041071475 	0.43527454
-0.0014314314 	0.0059984886 	-2.407985e-11 	0.00041519467 	0.43778004
-0.0014274274 	0.0059984866 	-2.3946137e-11 	0.00041967459 	0.44028555
-0.0014234234 	0.0059984861 	-2.3849606e-11 	0.00042435305 	0.44259156
-0.0014194194 	0.0059984866 	-2.3776458e-11 	0.00042915636 	0.44477211
-0.0014154154 	0.0059984871 	-2.370331e-11 	0.00043395966 	0.44695267
-0.0014114114 	0.0059984876 	-2.3630162e-11 	0.00043876297 	0.44913323
-0.0014074074 	0.0059984881 	-2.3557013e-11 	0.00044356628 	0.45131378
-0.0014034034 	0.0059984887 	-2.3483865e-11 	0.00044836959 	0.45349434
-0.0013993994 	0.0059984892 	-2.3410717e-11 	0.0004531729 	0.45567489
-0.0013953954 	0.0059984897 	-2.3337568e-11 	0.00045797621 	0.45785545
-0.0013913914 	0.0059984902 	-2.326442e-11 	0.00046277952 	0.46003601
-0.0013873874 	0.0059984907 	-2.3191272e-11 	0.00046758283 	0.46221656
-0.0013833834 	0.0059984912 	-2.3118124e-11 	0.00047238614 	0.46439712
-0.0013793794 	0.0059984918 	-2.3044975e-11 	0.00047718945 	0.46657767
-0.0013753754 	0.0059984923 	-2.2971827e-11 	0.00048199276 	0.46875823
-0.0013713714 	0.0059984928 	-2.2898679e-11 	0.00048679607 	0.47093879
-0.0013673674 	0.0059984933 	-2.282553e-11 	0.00049159938 	0.47311934
-0.0013633634 	0.0059984938 	-2.2752382e-11 	0.00049640269 	0.4752999
-0.0013593594 	0.0059984943 	-2.2679234e-11 	0.000501206 	0.47748045
-0.0013553554 	0.0059984949 	-2.2606086e-11 	0.00050600931 	0.47966101
-0.0013513514 	0.0059984954 	-2.2532937e-11 	0.00051081262 	0.48184157
-0.0013473473 	0.0059984959 	-2.2459789e-11 	0.00051561593 	0.48402212
-0.0013433433 	0.0059984964 	-2.2386641e-11 	0.00052041924 	0.48620268
-0.0013393393 	0.0059984969 	-2.2313492e-11 	0.00052522255 	0.48838323
-0.0013353353 	0.0059984974 	-2.2240344e-11 	0.00053002586 	0.49056379
-0.0013313313 	0.005998498 	-2.2167196e-11 	0.00053482917 	0.49274434
-0.0013273273 	0.0059984985 	-2.2094047e-11 	0.00053963248 	0.4949249
-0.0013233233 	0.005998499 	-2.2020899e-11 	0.00054443579 	0.49710546
-0.0013193193 	0.0059984993 	-2.1927082e-11 	0.00054918776 	0.4992873
-0.0013153153 	0.0059984991 	-2.1786445e-11 	0.00055382344 	0.50147205
-0.0013113113 	0.005998499 	-2.1645807e-11 	0.00055845912 	0.5036568
-0.0013073073 	0.0059984988 	-2.150517e-11 	0.0005630948 	0.50584155
-0.0013033033 	0.0059984987 	-2.1364533e-11 	0.00056773048 	0.5080263
-0.0012992993 	0.0059984985 	-2.1223895e-11 	0.00057236616 	0.51021105
-0.0012952953 	0.0059984984 	-2.1083258e-11 	0.00057700184 	0.5123958
-0.0012912913 	0.0059985031 	-2.1049187e-11 	0.00058145641 	0.51429845
-0.0012872873 	0.0059985095 	-2.1049432e-11 	0.00058585268 	0.51611025
-0.0012832833 	0.0059985159 	-2.1049677e-11 	0.00059024894 	0.51792205
-0.0012792793 	0.0059985223 	-2.1049922e-11 	0.0005946452 	0.51973385
-0.0012752753 	0.0059985286 	-2.1050167e-11 	0.00059904146 	0.52154565
-0.0012712713 	0.005998535 	-2.1050412e-11 	0.00060343773 	0.52335745
-0.0012672673 	0.0059985414 	-2.1050657e-11 	0.00060783399 	0.52516925
-0.0012632633 	0.0059985478 	-2.1050902e-11 	0.00061223025 	0.52698105
-0.0012592593 	0.0059985542 	-2.1051147e-11 	0.00061662651 	0.52879285
-0.0012552553 	0.0059985605 	-2.1051392e-11 	0.00062102277 	0.53060465
-0.0012512513 	0.0059985669 	-2.1051637e-11 	0.00062541904 	0.53241645
-0.0012472472 	0.0059985733 	-2.1051882e-11 	0.0006298153 	0.53422825
-0.0012432432 	0.0059985797 	-2.1052127e-11 	0.00063421156 	0.53604005
-0.0012392392 	0.005998586 	-2.1052372e-11 	0.00063860782 	0.53785185
-0.0012352352 	0.0059985924 	-2.1052617e-11 	0.00064300408 	0.53966365
-0.0012312312 	0.0059985988 	-2.1052862e-11 	0.00064740035 	0.54147545
-0.0012272272 	0.0059986052 	-2.1053107e-11 	0.00065179661 	0.54328725
-0.0012232232 	0.0059986115 	-2.1053353e-11 	0.00065619287 	0.54509905
-0.0012192192 	0.0059986179 	-2.1053598e-11 	0.00066058913 	0.54691085
-0.0012152152 	0.0059986243 	-2.1053843e-11 	0.0006649854 	0.54872265
-0.0012112112 	0.0059986307 	-2.1054088e-11 	0.00066938166 	0.55053445
-0.0012072072 	0.005998637 	-2.1054333e-11 	0.00067377792 	0.55234625
-0.0012032032 	0.0059986434 	-2.1054578e-11 	0.00067817418 	0.55415805
-0.0011991992 	0.0059986498 	-2.1054823e-11 	0.00068257044 	0.55596985
-0.0011951952 	0.0059986562 	-2.1055068e-11 	0.00068696671 	0.55778165
-0.0011911912 	0.0059986625 	-2.1055313e-11 	0.00069136297 	0.55959345
-0.0011871872 	0.0059986689 	-2.1055558e-11 	0.00069575923 	0.56140525
-0.0011831832 	0.0059986753 	-2.1055803e-11 	0.00070015549 	0.56321706
-0.0011791792 	0.0059986817 	-2.1056048e-11 	0.00070455175 	0.56502886
-0.0011751752 	0.005998688 	-2.1056293e-11 	0.00070894802 	0.56684066
-0.0011711712 	0.0059986933 	-2.1025547e-11 	0.00071321308 	0.56865955
-0.0011671672 	0.0059986985 	-2.0991933e-11 	0.00071746601 	0.57047909
-0.0011631632 	0.0059987037 	-2.0958319e-11 	0.00072171894 	0.57229863
-0.0011591592 	0.0059987089 	-2.0924706e-11 	0.00072597186 	0.57411818
-0.0011551552 	0.005998714 	-2.0891092e-11 	0.00073022479 	0.57593772
-0.0011511512 	0.0059987192 	-2.0857479e-11 	0.00073447772 	0.57775727
-0.0011471471 	0.0059987244 	-2.0823865e-11 	0.00073873065 	0.57957681
-0.0011431431 	0.0059987339 	-2.0806486e-11 	0.00074246865 	0.58119686
-0.0011391391 	0.0059987481 	-2.0806293e-11 	0.00074566151 	0.58260572
-0.0011351351 	0.0059987622 	-2.08061e-11 	0.00074885438 	0.58401457
-0.0011311311 	0.0059987763 	-2.0805907e-11 	0.00075204724 	0.58542342
-0.0011271271 	0.0059987904 	-2.0805714e-11 	0.0007552401 	0.58683227
-0.0011231231 	0.0059988046 	-2.0805522e-11 	0.00075843297 	0.58824112
-0.0011191191 	0.0059988187 	-2.0805329e-11 	0.00076162583 	0.58964998
-0.0011151151 	0.0059988328 	-2.0805136e-11 	0.0007648187 	0.59105883
-0.0011111111 	0.0059988469 	-2.0804943e-11 	0.00076801156 	0.59246768
-0.0011071071 	0.0059988611 	-2.080475e-11 	0.00077120443 	0.59387653
-0.0011031031 	0.0059988752 	-2.0804558e-11 	0.00077439729 	0.59528538
-0.0010990991 	0.0059988893 	-2.0804365e-11 	0.00077759016 	0.59669424
-0.0010950951 	0.0059989034 	-2.0804172e-11 	0.00078078302 	0.59810309
-0.0010910911 	0.0059989176 	-2.0803979e-11 	0.00078397589 	0.59951194
-0.0010870871 	0.0059989317 	-2.0803786e-11 	0.00078716875 	0.60092079
-0.0010830831 	0.0059989458 	-2.0803594e-11 	0.00079036162 	0.60232964
-0.0010790791 	0.0059989599 	-2.0803401e-11 	0.00079355448 	0.6037385
-0.0010750751 	0.0059989741 	-2.0803208e-11 	0.00079674735 	0.60514735
-0.0010710711 	0.0059989882 	-2.0803015e-11 	0.00079994021 	0.6065562
-0.0010670671 	0.0059990023 	-2.0802822e-11 	0.00080313308 	0.60796505
-0.0010630631 	0.0059990164 	-2.080263e-11 	0.00080632594 	0.6093739
-0.0010590591 	0.0059990305 	-2.0802437e-11 	0.00080951881 	0.61078275
-0.0010550551 	0.0059990447 	-2.0802244e-11 	0.00081271167 	0.61219161
-0.0010510511 	0.0059990588 	-2.0802051e-11 	0.00081590454 	0.61360046
-0.001047047 	0.0059990729 	-2.0801858e-11 	0.0008190974 	0.61500931
-0.001043043 	0.005999087 	-2.0801666e-11 	0.00082229027 	0.61641816
-0.001039039 	0.0059991012 	-2.0801473e-11 	0.00082548313 	0.61782701
-0.001035035 	0.0059991153 	-2.080128e-11 	0.000828676 	0.61923587
-0.001031031 	0.0059991294 	-2.0801087e-11 	0.00083186886 	0.62064472
-0.001027027 	0.0059991435 	-2.0800895e-11 	0.00083506173 	0.62205357
-0.001023023 	0.0059991577 	-2.0800702e-11 	0.00083825459 	0.62346242
-0.001019019 	0.0059991718 	-2.0800509e-11 	0.00084144746 	0.62487127
-0.001015015 	0.0059991859 	-2.0800316e-11 	0.00084464032 	0.62628013
-0.001011011 	0.0059992 	-2.0800123e-11 	0.00084783319 	0.62768898
-0.001007007 	0.005999213 	-2.0780758e-11 	0.00085097031 	0.62910477
-0.001003003 	0.0059992254 	-2.0750447e-11 	0.00085407561 	0.63052452
-0.000998999 	0.0059992377 	-2.0720137e-11 	0.00085718092 	0.63194427
-0.00099499499 	0.00599925 	-2.0689827e-11 	0.00086028622 	0.63336403
-0.00099099099 	0.0059992624 	-2.0659517e-11 	0.00086339153 	0.63478378
-0.00098698699 	0.0059992747 	-2.0629206e-11 	0.00086649683 	0.63620353
-0.00098298298 	0.0059992871 	-2.0598896e-11 	0.00086960214 	0.63762328
-0.00097897898 	0.0059992994 	-2.0568586e-11 	0.00087270744 	0.63904303
-0.00097497497 	0.0059993144 	-2.0539124e-11 	0.00087540577 	0.64037449
-0.00097097097 	0.0059993396 	-2.0512871e-11 	0.00087656532 	0.64137212
-0.00096696697 	0.0059993648 	-2.0486617e-11 	0.00087772487 	0.64236974
-0.00096296296 	0.00599939 	-2.0460364e-11 	0.00087888443 	0.64336737
-0.00095895896 	0.0059994152 	-2.043411e-11 	0.00088004398 	0.64436499
-0.00095495495 	0.0059994404 	-2.0407857e-11 	0.00088120353 	0.64536262
-0.00095095095 	0.0059994656 	-2.0381604e-11 	0.00088236308 	0.64636024
-0.00094694695 	0.0059994908 	-2.035535e-11 	0.00088352263 	0.64735787
-0.00094294294 	0.005999516 	-2.0329097e-11 	0.00088468219 	0.64835549
-0.00093893894 	0.0059995412 	-2.0302843e-11 	0.00088584174 	0.64935312
-0.00093493493 	0.0059995664 	-2.027659e-11 	0.00088700129 	0.65035074
-0.00093093093 	0.0059995916 	-2.0250337e-11 	0.00088816084 	0.65134837
-0.00092692693 	0.0059996168 	-2.0224083e-11 	0.00088932039 	0.65234599
-0.00092292292 	0.005999642 	-2.019783e-11 	0.00089047995 	0.65334361
-0.00091891892 	0.0059996672 	-2.0171576e-11 	0.0008916395 	0.65434124
-0.00091491491 	0.0059996924 	-2.0145323e-11 	0.00089279905 	0.65533886
-0.00091091091 	0.0059997176 	-2.011907e-11 	0.0008939586 	0.65633649
-0.00090690691 	0.0059997428 	-2.0092816e-11 	0.00089511816 	0.65733411
-0.0009029029 	0.005999768 	-2.0066563e-11 	0.00089627771 	0.65833174
-0.0008988989 	0.0059997932 	-2.0040309e-11 	0.00089743726 	0.65932936
-0.00089489489 	0.0059998184 	-2.0014056e-11 	0.00089859681 	0.66032699
-0.00089089089 	0.0059998436 	-1.9987802e-11 	0.00089975636 	0.66132461
-0.00088688689 	0.0059998688 	-1.9961549e-11 	0.00090091592 	0.66232224
-0.00088288288 	0.005999894 	-1.9935296e-11 	0.00090207547 	0.66331986
-0.00087887888 	0.0059999192 	-1.9909042e-11 	0.00090323502 	0.66431749
-0.00087487487 	0.0059999444 	-1.9882789e-11 	0.00090439457 	0.66531511
-0.00087087087 	0.0059999696 	-1.9856535e-11 	0.00090555413 	0.66631274
-0.00086686687 	0.0059999948 	-1.9830282e-11 	0.00090671368 	0.66731036
-0.00086286286 	0.00600002 	-1.9804029e-11 	0.00090787323 	0.66830799
-0.00085885886 	0.0060000452 	-1.9777775e-11 	0.00090903278 	0.66930561
-0.00085485485 	0.0060000704 	-1.9751522e-11 	0.00091019233 	0.67030324
-0.00085085085 	0.0060000956 	-1.9725268e-11 	0.00091135189 	0.67130086
-0.00084684685 	0.0060001209 	-1.9699015e-11 	0.00091251144 	0.67229849
-0.00084284284 	0.0060001461 	-1.9672762e-11 	0.00091367099 	0.67329611
-0.00083883884 	0.0060001713 	-1.9646508e-11 	0.00091483054 	0.67429374
-0.00083483483 	0.0060001965 	-1.9620255e-11 	0.00091599009 	0.67529136
-0.00083083083 	0.0060002217 	-1.9594001e-11 	0.00091714965 	0.67628899
-0.00082682683 	0.0060002469 	-1.9567748e-11 	0.0009183092 	0.67728661
-0.00082282282 	0.0060002721 	-1.9541494e-11 	0.00091946875 	0.67828423
-0.00081881882 	0.0060002954 	-1.9494519e-11 	0.00092062412 	0.67929216
-0.00081481481 	0.0060003184 	-1.9442797e-11 	0.00092177853 	0.68030245
-0.00081081081 	0.0060003413 	-1.9391076e-11 	0.00092293294 	0.68131274
-0.00080680681 	0.0060003643 	-1.9339354e-11 	0.00092408734 	0.68232303
-0.0008028028 	0.0060003872 	-1.9287632e-11 	0.00092524175 	0.68333332
-0.0007987988 	0.0060004101 	-1.9235911e-11 	0.00092639616 	0.6843436
-0.00079479479 	0.0060004331 	-1.9184189e-11 	0.00092755057 	0.68535389
-0.00079079079 	0.006000456 	-1.9132468e-11 	0.00092870498 	0.68636418
-0.00078678679 	0.006000479 	-1.9080746e-11 	0.00092985939 	0.68737447
-0.00078278278 	0.0060005041 	-1.9030553e-11 	0.00093023797 	0.68829203
-0.00077877878 	0.0060005356 	-1.8984844e-11 	0.00092834156 	0.68893766
-0.00077477477 	0.0060005672 	-1.8939135e-11 	0.00092644515 	0.6895833
-0.00077077077 	0.0060005987 	-1.8893426e-11 	0.00092454874 	0.69022894
-0.00076676677 	0.0060006303 	-1.8847716e-11 	0.00092265233 	0.69087458
-0.00076276276 	0.0060006618 	-1.8802007e-11 	0.00092075592 	0.69152021
-0.00075875876 	0.0060006933 	-1.8756298e-11 	0.00091885951 	0.69216585
-0.00075475475 	0.0060007249 	-1.8710588e-11 	0.0009169631 	0.69281149
-0.00075075075 	0.0060007564 	-1.8664879e-11 	0.00091506669 	0.69345713
-0.00074674675 	0.0060007879 	-1.861917e-11 	0.00091317028 	0.69410276
-0.00074274274 	0.0060008195 	-1.8573461e-11 	0.00091127387 	0.6947484
-0.00073873874 	0.006000851 	-1.8527751e-11 	0.00090937746 	0.69539404
-0.00073473473 	0.0060008826 	-1.8482042e-11 	0.00090748105 	0.69603968
-0.00073073073 	0.0060009141 	-1.8436333e-11 	0.00090558464 	0.69668531
-0.00072672673 	0.0060009456 	-1.8390623e-11 	0.00090368823 	0.69733095
-0.00072272272 	0.0060009772 	-1.8344914e-11 	0.00090179182 	0.69797659
-0.00071871872 	0.0060010087 	-1.8299205e-11 	0.00089989541 	0.69862223
-0.00071471471 	0.0060010403 	-1.8253496e-11 	0.000897999 	0.69926786
-0.00071071071 	0.0060010718 	-1.8207786e-11 	0.00089610258 	0.6999135
-0.00070670671 	0.0060011033 	-1.8162077e-11 	0.00089420617 	0.70055914
-0.0007027027 	0.0060011349 	-1.8116368e-11 	0.00089230976 	0.70120478
-0.0006986987 	0.0060011664 	-1.8070658e-11 	0.00089041335 	0.70185041
-0.00069469469 	0.006001198 	-1.8024949e-11 	0.00088851694 	0.70249605
-0.00069069069 	0.0060012295 	-1.797924e-11 	0.00088662053 	0.70314169
-0.00068668669 	0.006001261 	-1.7933531e-11 	0.00088472412 	0.70378733
-0.00068268268 	0.0060012926 	-1.7887821e-11 	0.00088282771 	0.70443297
-0.00067867868 	0.0060013241 	-1.7842112e-11 	0.0008809313 	0.7050786
-0.00067467467 	0.0060013557 	-1.7796403e-11 	0.00087903489 	0.70572424
-0.00067067067 	0.0060013872 	-1.7750693e-11 	0.00087713848 	0.70636988
-0.00066666667 	0.0060014187 	-1.7704984e-11 	0.00087524207 	0.70701552
-0.00066266266 	0.0060014503 	-1.7659275e-11 	0.00087334566 	0.70766115
-0.00065865866 	0.0060014818 	-1.7613566e-11 	0.00087144925 	0.70830679
-0.00065465465 	0.0060015133 	-1.7567856e-11 	0.00086955284 	0.70895243
-0.00065065065 	0.0060015449 	-1.7522147e-11 	0.00086765643 	0.70959807
-0.00064664665 	0.0060015764 	-1.7476438e-11 	0.00086576002 	0.7102437
-0.00064264264 	0.006001608 	-1.7430728e-11 	0.00086386361 	0.71088934
-0.00063863864 	0.0060016395 	-1.7385019e-11 	0.0008619672 	0.71153498
-0.00063463463 	0.006001671 	-1.733931e-11 	0.00086007079 	0.71218062
-0.00063063063 	0.0060017026 	-1.7293601e-11 	0.00085817438 	0.71282625
-0.00062662663 	0.0060017341 	-1.7247891e-11 	0.00085627797 	0.71347189
-0.00062262262 	0.0060017657 	-1.7202182e-11 	0.00085438156 	0.71411753
-0.00061861862 	0.0060017972 	-1.7156473e-11 	0.00085248515 	0.71476317
-0.00061461461 	0.0060018287 	-1.7110763e-11 	0.00085058874 	0.7154088
-0.00061061061 	0.0060018603 	-1.7065054e-11 	0.00084869233 	0.71605444
-0.00060660661 	0.0060018906 	-1.7035649e-11 	0.0008468728 	0.71670883
-0.0006026026 	0.0060019204 	-1.7013171e-11 	0.00084508593 	0.71736694
-0.0005985986 	0.0060019501 	-1.6990693e-11 	0.00084329907 	0.71802504
-0.00059459459 	0.0060019799 	-1.6968216e-11 	0.0008415122 	0.71868315
-0.00059059059 	0.0060020097 	-1.6945738e-11 	0.00083972534 	0.71934126
-0.00058658659 	0.0060020395 	-1.692326e-11 	0.00083793847 	0.71999937
-0.00058258258 	0.0060020693 	-1.6900782e-11 	0.00083615161 	0.72065747
-0.00057857858 	0.0060020991 	-1.6878305e-11 	0.00083436474 	0.72131558
-0.00057457457 	0.0060021288 	-1.6855827e-11 	0.00083257788 	0.72197369
-0.00057057057 	0.0060021586 	-1.6833349e-11 	0.00083079101 	0.7226318
-0.00056656657 	0.0060021884 	-1.6810871e-11 	0.00082900415 	0.7232899
-0.00056256256 	0.0060022188 	-1.6823015e-11 	0.00082462133 	0.72364975
-0.00055855856 	0.0060022492 	-1.6840866e-11 	0.00081981064 	0.72396044
-0.00055455455 	0.0060022797 	-1.6858716e-11 	0.00081499995 	0.72427113
-0.00055055055 	0.0060023101 	-1.6876567e-11 	0.00081018926 	0.72458182
-0.00054654655 	0.0060023406 	-1.6894417e-11 	0.00080537856 	0.72489251
-0.00054254254 	0.006002371 	-1.6912267e-11 	0.00080056787 	0.7252032
-0.00053853854 	0.0060024015 	-1.6930118e-11 	0.00079575718 	0.72551389
-0.00053453453 	0.0060024319 	-1.6947968e-11 	0.00079094649 	0.72582458
-0.00053053053 	0.0060024624 	-1.6965818e-11 	0.0007861358 	0.72613527
-0.00052652653 	0.0060024928 	-1.6983669e-11 	0.00078132511 	0.72644597
-0.00052252252 	0.0060025233 	-1.7001519e-11 	0.00077651442 	0.72675666
-0.00051851852 	0.0060025537 	-1.701937e-11 	0.00077170373 	0.72706735
-0.00051451451 	0.0060025842 	-1.703722e-11 	0.00076689304 	0.72737804
-0.00051051051 	0.0060026146 	-1.705507e-11 	0.00076208234 	0.72768873
-0.00050650651 	0.006002646 	-1.7059042e-11 	0.00075713885 	0.72799286
-0.0005025025 	0.0060026777 	-1.705885e-11 	0.00075215552 	0.72829503
-0.0004984985 	0.0060027094 	-1.7058659e-11 	0.00074717218 	0.7285972
-0.00049449449 	0.006002741 	-1.7058467e-11 	0.00074218885 	0.72889937
-0.00049049049 	0.0060027727 	-1.7058275e-11 	0.00073720552 	0.72920154
-0.00048648649 	0.0060028044 	-1.7058084e-11 	0.00073222218 	0.72950371
-0.00048248248 	0.0060028361 	-1.7057892e-11 	0.00072723885 	0.72980588
-0.00047847848 	0.0060028677 	-1.70577e-11 	0.00072225552 	0.73010806
-0.00047447447 	0.0060028994 	-1.7057509e-11 	0.00071727218 	0.73041023
-0.00047047047 	0.0060029311 	-1.7057317e-11 	0.00071228885 	0.7307124
-0.00046646647 	0.0060029628 	-1.7057126e-11 	0.00070730552 	0.73101457
-0.00046246246 	0.0060029945 	-1.7056934e-11 	0.00070232218 	0.73131674
-0.00045845846 	0.0060030261 	-1.7056742e-11 	0.00069733885 	0.73161891
-0.00045445445 	0.0060030578 	-1.7056551e-11 	0.00069235552 	0.73192108
-0.00045045045 	0.0060030895 	-1.7056359e-11 	0.00068737218 	0.73222325
-0.00044644645 	0.0060031212 	-1.7056167e-11 	0.00068238885 	0.73252542
-0.00044244244 	0.0060031529 	-1.7055976e-11 	0.00067740552 	0.73282759
-0.00043843844 	0.0060031845 	-1.7055784e-11 	0.00067242218 	0.73312976
-0.00043443443 	0.0060032162 	-1.7055593e-11 	0.00066743885 	0.73343193
-0.00043043043 	0.0060032479 	-1.7055401e-11 	0.00066245552 	0.7337341
-0.00042642643 	0.0060032796 	-1.7055209e-11 	0.00065747218 	0.73403627
-0.00042242242 	0.0060033112 	-1.7055018e-11 	0.00065248885 	0.73433844
-0.00041841842 	0.0060033429 	-1.7054826e-11 	0.00064750552 	0.73464061
-0.00041441441 	0.0060033746 	-1.7054634e-11 	0.00064252218 	0.73494278
-0.00041041041 	0.0060034063 	-1.7054443e-11 	0.00063753885 	0.73524495
-0.00040640641 	0.006003438 	-1.7054251e-11 	0.00063255552 	0.73554712
-0.0004024024 	0.0060034696 	-1.7054059e-11 	0.00062757218 	0.73584929
-0.0003983984 	0.0060035013 	-1.7053868e-11 	0.00062258885 	0.73615146
-0.00039439439 	0.006003533 	-1.7053676e-11 	0.00061760552 	0.73645363
-0.00039039039 	0.0060035647 	-1.7053485e-11 	0.00061262219 	0.7367558
-0.00038638639 	0.0060035964 	-1.7053293e-11 	0.00060763885 	0.73705797
-0.00038238238 	0.006003628 	-1.7053101e-11 	0.00060265552 	0.73736014
-0.00037837838 	0.0060036597 	-1.705291e-11 	0.00059767219 	0.73766231
-0.00037437437 	0.0060036914 	-1.7052718e-11 	0.00059268885 	0.73796449
-0.00037037037 	0.0060037231 	-1.7052526e-11 	0.00058770552 	0.73826666
-0.00036636637 	0.0060037547 	-1.7052335e-11 	0.00058272219 	0.73856883
-0.00036236236 	0.0060037864 	-1.7052143e-11 	0.00057773885 	0.738871
-0.00035835836 	0.0060038181 	-1.7051952e-11 	0.00057275552 	0.73917317
-0.00035435435 	0.0060038498 	-1.705176e-11 	0.00056777219 	0.73947534
-0.00035035035 	0.0060038815 	-1.7051568e-11 	0.00056278885 	0.73977751
-0.00034634635 	0.0060039131 	-1.7051377e-11 	0.00055780552 	0.74007968
-0.00034234234 	0.0060039448 	-1.7051185e-11 	0.00055282219 	0.74038185
-0.00033833834 	0.0060039765 	-1.7050993e-11 	0.00054783885 	0.74068402
-0.00033433433 	0.0060040082 	-1.7050802e-11 	0.00054285552 	0.74098619
-0.00033033033 	0.0060040398 	-1.705061e-11 	0.00053787219 	0.74128836
-0.00032632633 	0.0060040715 	-1.7050419e-11 	0.00053288885 	0.74159053
-0.00032232232 	0.0060041032 	-1.7050227e-11 	0.00052790552 	0.7418927
-0.00031831832 	0.0060041349 	-1.7050035e-11 	0.00052292219 	0.74219487
-0.00031431431 	0.0060041666 	-1.7049844e-11 	0.00051793885 	0.74249704
-0.00031031031 	0.0060041982 	-1.7049652e-11 	0.00051295552 	0.74279921
-0.00030630631 	0.0060042299 	-1.704946e-11 	0.00050797219 	0.74310138
-0.0003023023 	0.0060042616 	-1.7049269e-11 	0.00050298885 	0.74340355
-0.0002982983 	0.0060042933 	-1.7049077e-11 	0.00049800552 	0.74370572
-0.00029429429 	0.006004325 	-1.7048886e-11 	0.00049302219 	0.74400789
-0.00029029029 	0.0060043566 	-1.7048694e-11 	0.00048803886 	0.74431006
-0.00028628629 	0.0060043883 	-1.7048502e-11 	0.00048305552 	0.74461223
-0.00028228228 	0.0060044178 	-1.7054685e-11 	0.00047777529 	0.74487712
-0.00027827828 	0.0060044375 	-1.7090056e-11 	0.00047113563 	0.74497127
-0.00027427427 	0.0060044571 	-1.7125427e-11 	0.00046449597 	0.74506543
-0.00027027027 	0.0060044767 	-1.7160798e-11 	0.00045785631 	0.74515958
-0.00026626627 	0.0060044963 	-1.7196169e-11 	0.00045121665 	0.74525374
-0.00026226226 	0.006004516 	-1.7231541e-11 	0.00044457699 	0.74534789
-0.00025825826 	0.0060045356 	-1.7266912e-11 	0.00043793733 	0.74544205
-0.00025425425 	0.0060045552 	-1.7302283e-11 	0.00043129767 	0.7455362
-0.00025025025 	0.0060045749 	-1.7337654e-11 	0.00042465801 	0.74563036
-0.00024624625 	0.0060045945 	-1.7373025e-11 	0.00041801835 	0.74572451
-0.00024224224 	0.0060046141 	-1.7408396e-11 	0.00041137869 	0.74581867
-0.00023823824 	0.0060046338 	-1.7443767e-11 	0.00040473903 	0.74591282
-0.00023423423 	0.0060046534 	-1.7479138e-11 	0.00039809937 	0.74600698
-0.00023023023 	0.006004673 	-1.7514509e-11 	0.00039145971 	0.74610113
-0.00022622623 	0.0060046927 	-1.754988e-11 	0.00038480465 	0.746195
-0.00022222222 	0.0060047131 	-1.7585251e-11 	0.00037799395 	0.74628598
-0.00021821822 	0.0060047335 	-1.7620622e-11 	0.00037118325 	0.74637696
-0.00021421421 	0.0060047539 	-1.7655993e-11 	0.00036437255 	0.74646795
-0.00021021021 	0.0060047743 	-1.7691364e-11 	0.00035756185 	0.74655893
-0.00020620621 	0.0060047947 	-1.7726735e-11 	0.00035075114 	0.74664991
-0.0002022022 	0.0060048151 	-1.7762106e-11 	0.00034394044 	0.74674089
-0.0001981982 	0.0060048355 	-1.7797477e-11 	0.00033712974 	0.74683187
-0.00019419419 	0.0060048558 	-1.7832849e-11 	0.00033031904 	0.74692285
-0.00019019019 	0.0060048762 	-1.786822e-11 	0.00032350834 	0.74701383
-0.00018618619 	0.0060048966 	-1.7903591e-11 	0.00031669763 	0.74710482
-0.00018218218 	0.006004917 	-1.7938962e-11 	0.00030988693 	0.7471958
-0.00017817818 	0.0060049374 	-1.7974333e-11 	0.00030307623 	0.74728678
-0.00017417417 	0.0060049578 	-1.8009704e-11 	0.00029626553 	0.74737776
-0.00017017017 	0.0060049782 	-1.8045075e-11 	0.00028945482 	0.74746874
-0.00016616617 	0.0060049986 	-1.8080446e-11 	0.00028264412 	0.74755972
-0.00016216216 	0.006005019 	-1.8115817e-11 	0.00027583342 	0.7476507
-0.00015815816 	0.0060050394 	-1.8151188e-11 	0.00026902272 	0.74774168
-0.00015415415 	0.0060050597 	-1.8186559e-11 	0.00026221202 	0.74783267
-0.00015015015 	0.0060050801 	-1.822193e-11 	0.00025540131 	0.74792365
-0.00014614615 	0.0060051005 	-1.8257301e-11 	0.00024859061 	0.74801463
-0.00014214214 	0.0060051209 	-1.8292672e-11 	0.00024177991 	0.74810561
-0.00013813814 	0.0060051413 	-1.8328043e-11 	0.00023496921 	0.74819659
-0.00013413413 	0.0060051617 	-1.8363414e-11 	0.0002281585 	0.74828757
-0.00013013013 	0.0060051821 	-1.8398786e-11 	0.0002213478 	0.74837855
-0.00012612613 	0.0060052025 	-1.8434157e-11 	0.0002145371 	0.74846954
-0.00012212212 	0.0060052229 	-1.8469528e-11 	0.0002077264 	0.74856052
-0.00011811812 	0.0060052433 	-1.8504899e-11 	0.0002009157 	0.7486515
-0.00011411411 	0.0060052637 	-1.854027e-11 	0.00019410499 	0.74874248
-0.00011011011 	0.006005284 	-1.8575641e-11 	0.00018729429 	0.74883346
-0.00010610611 	0.0060053044 	-1.8611012e-11 	0.00018048359 	0.74892444
-0.0001021021 	0.0060053248 	-1.8646383e-11 	0.00017367289 	0.74901542
-9.8098098e-05 	0.0060053452 	-1.8681754e-11 	0.00016686219 	0.74910641
-9.4094094e-05 	0.0060053656 	-1.8717125e-11 	0.00016005148 	0.74919739
-9.009009e-05 	0.006005386 	-1.8752496e-11 	0.00015324078 	0.74928837
-8.6086086e-05 	0.0060054064 	-1.8787867e-11 	0.00014643008 	0.74937935
-8.2082082e-05 	0.0060054268 	-1.8823238e-11 	0.00013961938 	0.74947033
-7.8078078e-05 	0.0060054472 	-1.8858609e-11 	0.00013280867 	0.74956131
-7.4074074e-05 	0.0060054676 	-1.889398e-11 	0.00012599797 	0.74965229
-7.007007e-05 	0.0060054879 	-1.8929351e-11 	0.00011918727 	0.74974327
-6.6066066e-05 	0.0060055083 	-1.8964722e-11 	0.00011237657 	0.74983426
-6.2062062e-05 	0.0060055287 	-1.9000094e-11 	0.00010556587 	0.74992524
-5.8058058e-05 	0.0060055491 	-1.9035465e-11 	9.8755163e-05 	0.75001622
-5.4054054e-05 	0.0060055695 	-1.9070836e-11 	9.1944461e-05 	0.7501072
-5.005005e-05 	0.0060055899 	-1.9106207e-11 	8.5133759e-05 	0.75019818
-4.6046046e-05 	0.0060056103 	-1.9141578e-11 	7.8323057e-05 	0.75028916
-4.2042042e-05 	0.0060056307 	-1.9176949e-11 	7.1512355e-05 	0.75038014
-3.8038038e-05 	0.0060056511 	-1.921232e-11 	6.4701653e-05 	0.75047113
-3.4034034e-05 	0.0060056715 	-1.9247691e-11 	5.789095e-05 	0.75056211
-3.003003e-05 	0.0060056919 	-1.9283062e-11 	5.1080248e-05 	0.75065309
-2.6026026e-05 	0.0060057122 	-1.9318433e-11 	4.4269546e-05 	0.75074407
-2.2022022e-05 	0.0060057326 	-1.9353804e-11 	3.7458844e-05 	0.75083505
-1.8018018e-05 	0.006005753 	-1.9389175e-11 	3.0648142e-05 	0.75092603
-1.4014014e-05 	0.0060057734 	-1.9424546e-11 	2.383744e-05 	0.75101701
-1.001001e-05 	0.0060057938 	-1.9459917e-11 	1.7026737e-05 	0.751108
-6.006006e-06 	0.0060058142 	-1.9495288e-11 	1.0216035e-05 	0.75119898
-2.002002e-06 	0.0060058346 	-1.9530659e-11 	3.405333e-06 	0.75128996
2.002002e-06 	0.006005835 	-1.955705e-11 	-3.3198482e-06 	0.75128837
6.006006e-06 	0.0060058153 	-1.9574461e-11 	-9.9595085e-06 	0.75119422
1.001001e-05 	0.0060057957 	-1.9591872e-11 	-1.6599169e-05 	0.75110006
1.4014014e-05 	0.0060057761 	-1.9609283e-11 	-2.3238829e-05 	0.75100591
1.8018018e-05 	0.0060057564 	-1.9626694e-11 	-2.9878489e-05 	0.75091175
2.2022022e-05 	0.0060057368 	-1.9644104e-11 	-3.651815e-05 	0.7508176
2.6026026e-05 	0.0060057172 	-1.9661515e-11 	-4.315781e-05 	0.75072344
3.003003e-05 	0.0060056976 	-1.9678926e-11 	-4.979747e-05 	0.75062929
3.4034034e-05 	0.0060056779 	-1.9696337e-11 	-5.643713e-05 	0.75053513
3.8038038e-05 	0.0060056583 	-1.9713748e-11 	-6.3076791e-05 	0.75044098
4.2042042e-05 	0.0060056387 	-1.9731158e-11 	-6.9716451e-05 	0.75034682
4.6046046e-05 	0.006005619 	-1.9748569e-11 	-7.6356111e-05 	0.75025267
5.005005e-05 	0.0060055994 	-1.976598e-11 	-8.2995771e-05 	0.75015851
5.4054054e-05 	0.0060055798 	-1.9783391e-11 	-8.9635432e-05 	0.75006436
5.8058058e-05 	0.0060055598 	-1.980103e-11 	-9.6345347e-05 	0.7499715
6.2062062e-05 	0.0060055394 	-1.9818995e-11 	-0.00010315605 	0.74988052
6.6066066e-05 	0.006005519 	-1.9836961e-11 	-0.00010996675 	0.74978954
7.007007e-05 	0.0060054987 	-1.9854927e-11 	-0.00011677745 	0.74969856
7.4074074e-05 	0.0060054783 	-1.9872893e-11 	-0.00012358816 	0.74960758
7.8078078e-05 	0.0060054579 	-1.9890858e-11 	-0.00013039886 	0.7495166
8.2082082e-05 	0.0060054375 	-1.9908824e-11 	-0.00013720956 	0.74942562
8.6086086e-05 	0.0060054171 	-1.992679e-11 	-0.00014402026 	0.74933464
9.009009e-05 	0.0060053967 	-1.9944755e-11 	-0.00015083096 	0.74924365
9.4094094e-05 	0.0060053763 	-1.9962721e-11 	-0.00015764167 	0.74915267
9.8098098e-05 	0.0060053559 	-1.9980687e-11 	-0.00016445237 	0.74906169
0.0001021021 	0.0060053355 	-1.9998653e-11 	-0.00017126307 	0.74897071
0.00010610611 	0.0060053151 	-2.0016618e-11 	-0.00017807377 	0.74887973
0.00011011011 	0.0060052948 	-2.0034584e-11 	-0.00018488448 	0.74878875
0.00011411411 	0.0060052744 	-2.005255e-11 	-0.00019169518 	0.74869777
0.00011811812 	0.006005254 	-2.0070516e-11 	-0.00019850588 	0.74860678
0.00012212212 	0.0060052336 	-2.0088481e-11 	-0.00020531658 	0.7485158
0.00012612613 	0.0060052132 	-2.0106447e-11 	-0.00021212728 	0.74842482
0.00013013013 	0.0060051928 	-2.0124413e-11 	-0.00021893799 	0.74833384
0.00013413413 	0.0060051724 	-2.0142379e-11 	-0.00022574869 	0.74824286
0.00013813814 	0.006005152 	-2.0160344e-11 	-0.00023255939 	0.74815188
0.00014214214 	0.0060051316 	-2.017831e-11 	-0.00023937009 	0.7480609
0.00014614615 	0.0060051112 	-2.0196276e-11 	-0.0002461808 	0.74796991
0.00015015015 	0.0060050908 	-2.0214242e-11 	-0.0002529915 	0.74787893
0.00015415415 	0.0060050705 	-2.0232207e-11 	-0.0002598022 	0.74778795
0.00015815816 	0.0060050501 	-2.0250173e-11 	-0.0002666129 	0.74769697
0.00016216216 	0.0060050297 	-2.0268139e-11 	-0.0002734236 	0.74760599
0.00016616617 	0.0060050093 	-2.0286105e-11 	-0.00028023431 	0.74751501
0.00017017017 	0.0060049889 	-2.030407e-11 	-0.00028704501 	0.74742403
0.00017417417 	0.0060049685 	-2.0322036e-11 	-0.00029385571 	0.74733305
0.00017817818 	0.0060049481 	-2.0340002e-11 	-0.00030066641 	0.74724206
0.00018218218 	0.0060049277 	-2.0357968e-11 	-0.00030747711 	0.74715108
0.00018618619 	0.0060049073 	-2.0375933e-11 	-0.00031428782 	0.7470601
0.00019019019 	0.0060048869 	-2.0393899e-11 	-0.00032109852 	0.74696912
0.00019419419 	0.0060048666 	-2.0411865e-11 	-0.00032790922 	0.74687814
0.0001981982 	0.0060048462 	-2.042983e-11 	-0.00033471992 	0.74678716
0.0002022022 	0.0060048258 	-2.0447796e-11 	-0.00034153063 	0.74669618
0.00020620621 	0.0060048054 	-2.0465762e-11 	-0.00034834133 	0.74660519
0.00021021021 	0.006004785 	-2.0483728e-11 	-0.00035515203 	0.74651421
0.00021421421 	0.0060047646 	-2.0501693e-11 	-0.00036196273 	0.74642323
0.00021821822 	0.0060047442 	-2.0519659e-11 	-0.00036877343 	0.74633225
0.00022222222 	0.0060047238 	-2.0537625e-11 	-0.00037558414 	0.74624127
0.00022622623 	0.0060047034 	-2.0555591e-11 	-0.00038239484 	0.74615029
0.00023023023 	0.006004683 	-2.0573556e-11 	-0.00038920554 	0.74605931
0.00023423423 	0.0060046627 	-2.0591522e-11 	-0.00039601624 	0.74596832
0.00023823824 	0.0060046423 	-2.0609488e-11 	-0.00040282695 	0.74587734
0.00024224224 	0.0060046219 	-2.0627454e-11 	-0.00040963765 	0.74578636
0.00024624625 	0.0060046015 	-2.0645419e-11 	-0.00041644835 	0.74569538
0.00025025025 	0.0060045811 	-2.0663385e-11 	-0.00042325905 	0.7456044
0.00025425425 	0.0060045607 	-2.0681351e-11 	-0.00043006975 	0.74551342
0.00025825826 	0.0060045403 	-2.0699317e-11 	-0.00043688046 	0.74542244
0.00026226226 	0.0060045199 	-2.0717282e-11 	-0.00044369116 	0.74533146
0.00026626627 	0.0060044995 	-2.0735248e-11 	-0.00045050186 	0.74524047
0.00027027027 	0.0060044791 	-2.0753214e-11 	-0.00045731256 	0.74514949
0.00027427427 	0.0060044587 	-2.077118e-11 	-0.00046412326 	0.74505851
0.00027827828 	0.0060044384 	-2.0789145e-11 	-0.00047093397 	0.74496753
0.00028228228 	0.006004418 	-2.0807111e-11 	-0.00047774467 	0.74487655
0.00028628629 	0.0060043893 	-2.0810267e-11 	-0.00048291386 	0.74460524
0.00029029029 	0.0060043589 	-2.0810188e-11 	-0.00048772455 	0.74429455
0.00029429429 	0.0060043284 	-2.081011e-11 	-0.00049253524 	0.74398386
0.0002982983 	0.006004298 	-2.0810031e-11 	-0.00049734594 	0.74367317
0.0003023023 	0.0060042675 	-2.0809952e-11 	-0.00050215663 	0.74336248
0.00030630631 	0.0060042371 	-2.0809874e-11 	-0.00050696732 	0.74305179
0.00031031031 	0.0060042066 	-2.0809795e-11 	-0.00051177801 	0.7427411
0.00031431431 	0.0060041762 	-2.0809716e-11 	-0.0005165887 	0.74243041
0.00031831832 	0.0060041457 	-2.0809638e-11 	-0.00052139939 	0.74211972
0.00032232232 	0.0060041153 	-2.0809559e-11 	-0.00052621008 	0.74180903
0.00032632633 	0.0060040848 	-2.080948e-11 	-0.00053102077 	0.74149834
0.00033033033 	0.0060040544 	-2.0809402e-11 	-0.00053583146 	0.74118765
0.00033433433 	0.0060040239 	-2.0809323e-11 	-0.00054064216 	0.74087696
0.00033833834 	0.0060039935 	-2.0809244e-11 	-0.00054545285 	0.74056627
0.00034234234 	0.0060039621 	-2.0809159e-11 	-0.00055038983 	0.74026181
0.00034634635 	0.0060039305 	-2.080907e-11 	-0.00055537316 	0.73995964
0.00035035035 	0.0060038988 	-2.0808982e-11 	-0.00056035649 	0.73965747
0.00035435435 	0.0060038671 	-2.0808894e-11 	-0.00056533982 	0.7393553
0.00035835836 	0.0060038354 	-2.0808805e-11 	-0.00057032316 	0.73905313
0.00036236236 	0.0060038037 	-2.0808717e-11 	-0.00057530649 	0.73875096
0.00036636637 	0.0060037721 	-2.0808629e-11 	-0.00058028982 	0.73844879
0.00037037037 	0.0060037404 	-2.080854e-11 	-0.00058527316 	0.73814662
0.00037437437 	0.0060037087 	-2.0808452e-11 	-0.00059025649 	0.73784445
0.00037837838 	0.006003677 	-2.0808364e-11 	-0.00059523982 	0.73754228
0.00038238238 	0.0060036454 	-2.0808275e-11 	-0.00060022316 	0.7372401
0.00038638639 	0.0060036137 	-2.0808187e-11 	-0.00060520649 	0.73693793
0.00039039039 	0.006003582 	-2.0808099e-11 	-0.00061018982 	0.73663576
0.00039439439 	0.0060035503 	-2.0808011e-11 	-0.00061517316 	0.73633359
0.0003983984 	0.0060035186 	-2.0807922e-11 	-0.00062015649 	0.73603142
0.0004024024 	0.006003487 	-2.0807834e-11 	-0.00062513982 	0.73572925
0.00040640641 	0.0060034553 	-2.0807746e-11 	-0.00063012316 	0.73542708
0.00041041041 	0.0060034236 	-2.0807657e-11 	-0.00063510649 	0.73512491
0.00041441441 	0.0060033919 	-2.0807569e-11 	-0.00064008982 	0.73482274
0.00041841842 	0.0060033602 	-2.0807481e-11 	-0.00064507316 	0.73452057
0.00042242242 	0.0060033286 	-2.0807392e-11 	-0.00065005649 	0.7342184
0.00042642643 	0.0060032969 	-2.0807304e-11 	-0.00065503982 	0.73391623
0.00043043043 	0.0060032652 	-2.0807216e-11 	-0.00066002315 	0.73361406
0.00043443443 	0.0060032335 	-2.0807127e-11 	-0.00066500649 	0.73331189
0.00043843844 	0.0060032019 	-2.0807039e-11 	-0.00066998982 	0.73300972
0.00044244244 	0.0060031702 	-2.0806951e-11 	-0.00067497315 	0.73270755
0.00044644645 	0.0060031385 	-2.0806862e-11 	-0.00067995649 	0.73240538
0.00045045045 	0.0060031068 	-2.0806774e-11 	-0.00068493982 	0.73210321
0.00045445445 	0.0060030751 	-2.0806686e-11 	-0.00068992315 	0.73180104
0.00045845846 	0.0060030435 	-2.0806597e-11 	-0.00069490649 	0.73149887
0.00046246246 	0.0060030118 	-2.0806509e-11 	-0.00069988982 	0.7311967
0.00046646647 	0.0060029801 	-2.0806421e-11 	-0.00070487315 	0.73089453
0.00047047047 	0.0060029484 	-2.0806332e-11 	-0.00070985649 	0.73059236
0.00047447447 	0.0060029167 	-2.0806244e-11 	-0.00071483982 	0.73029019
0.00047847848 	0.0060028851 	-2.0806156e-11 	-0.00071982315 	0.72998802
0.00048248248 	0.0060028534 	-2.0806068e-11 	-0.00072480649 	0.72968585
0.00048648649 	0.0060028217 	-2.0805979e-11 	-0.00072978982 	0.72938367
0.00049049049 	0.00600279 	-2.0805891e-11 	-0.00073477315 	0.7290815
0.00049449449 	0.0060027584 	-2.0805803e-11 	-0.00073975649 	0.72877933
0.0004984985 	0.0060027267 	-2.0805714e-11 	-0.00074473982 	0.72847716
0.0005025025 	0.006002695 	-2.0805626e-11 	-0.00074972315 	0.72817499
0.00050650651 	0.0060026633 	-2.0805538e-11 	-0.00075470649 	0.72787282
0.00051051051 	0.0060026316 	-2.0805449e-11 	-0.00075968982 	0.72757065
0.00051451451 	0.0060026 	-2.0805361e-11 	-0.00076467315 	0.72726848
0.00051851852 	0.0060025683 	-2.0805273e-11 	-0.00076965648 	0.72696631
0.00052252252 	0.0060025366 	-2.0805184e-11 	-0.00077463982 	0.72666414
0.00052652653 	0.0060025049 	-2.0805096e-11 	-0.00077962315 	0.72636197
0.00053053053 	0.0060024733 	-2.0805008e-11 	-0.00078460648 	0.7260598
0.00053453453 	0.0060024416 	-2.0804919e-11 	-0.00078958982 	0.72575763
0.00053853854 	0.0060024099 	-2.0804831e-11 	-0.00079457315 	0.72545546
0.00054254254 	0.0060023782 	-2.0804743e-11 	-0.00079955648 	0.72515329
0.00054654655 	0.0060023465 	-2.0804654e-11 	-0.00080453982 	0.72485112
0.00055055055 	0.0060023149 	-2.0804566e-11 	-0.00080952315 	0.72454895
0.00055455455 	0.0060022832 	-2.0804478e-11 	-0.00081450648 	0.72424678
0.00055855856 	0.0060022515 	-2.0804389e-11 	-0.00081948982 	0.72394461
0.00056256256 	0.0060022198 	-2.0804301e-11 	-0.00082447315 	0.72364244
0.00056656657 	0.0060021884 	-2.0804208e-11 	-0.00082900418 	0.7232899
0.00057057057 	0.0060021586 	-2.0804087e-11 	-0.00083079105 	0.7226318
0.00057457457 	0.0060021288 	-2.0803966e-11 	-0.00083257791 	0.72197369
0.00057857858 	0.0060020991 	-2.0803845e-11 	-0.00083436478 	0.72131558
0.00058258258 	0.0060020693 	-2.0803724e-11 	-0.00083615164 	0.72065747
0.00058658659 	0.0060020395 	-2.0803603e-11 	-0.00083793851 	0.71999937
0.00059059059 	0.0060020097 	-2.0803481e-11 	-0.00083972537 	0.71934126
0.00059459459 	0.0060019799 	-2.080336e-11 	-0.00084151224 	0.71868315
0.0005985986 	0.0060019501 	-2.0803239e-11 	-0.0008432991 	0.71802504
0.0006026026 	0.0060019204 	-2.0803118e-11 	-0.00084508597 	0.71736694
0.00060660661 	0.0060018906 	-2.0802997e-11 	-0.00084687283 	0.71670883
0.00061061061 	0.0060018603 	-2.0802878e-11 	-0.00084869236 	0.71605444
0.00061461461 	0.0060018287 	-2.0802763e-11 	-0.00085058877 	0.7154088
0.00061861862 	0.0060017972 	-2.0802649e-11 	-0.00085248518 	0.71476317
0.00062262262 	0.0060017657 	-2.0802535e-11 	-0.00085438159 	0.71411753
0.00062662663 	0.0060017341 	-2.080242e-11 	-0.000856278 	0.71347189
0.00063063063 	0.0060017026 	-2.0802306e-11 	-0.00085817441 	0.71282625
0.00063463463 	0.006001671 	-2.0802192e-11 	-0.00086007082 	0.71218062
0.00063863864 	0.0060016395 	-2.0802077e-11 	-0.00086196723 	0.71153498
0.00064264264 	0.006001608 	-2.0801963e-11 	-0.00086386364 	0.71088934
0.00064664665 	0.0060015764 	-2.0801849e-11 	-0.00086576005 	0.7102437
0.00065065065 	0.0060015449 	-2.0801734e-11 	-0.00086765646 	0.70959807
0.00065465465 	0.0060015133 	-2.080162e-11 	-0.00086955287 	0.70895243
0.00065865866 	0.0060014818 	-2.0801506e-11 	-0.00087144928 	0.70830679
0.00066266266 	0.0060014503 	-2.0801391e-11 	-0.00087334569 	0.70766115
0.00066666667 	0.0060014187 	-2.0801277e-11 	-0.0008752421 	0.70701552
0.00067067067 	0.0060013872 	-2.0801163e-11 	-0.00087713851 	0.70636988
0.00067467467 	0.0060013557 	-2.0801048e-11 	-0.00087903492 	0.70572424
0.00067867868 	0.0060013241 	-2.0800934e-11 	-0.00088093133 	0.7050786
0.00068268268 	0.0060012926 	-2.080082e-11 	-0.00088282774 	0.70443297
0.00068668669 	0.006001261 	-2.0800705e-11 	-0.00088472415 	0.70378733
0.00069069069 	0.0060012295 	-2.0800591e-11 	-0.00088662056 	0.70314169
0.00069469469 	0.006001198 	-2.0800477e-11 	-0.00088851697 	0.70249605
0.0006986987 	0.0060011664 	-2.0800362e-11 	-0.00089041338 	0.70185041
0.0007027027 	0.0060011349 	-2.0800248e-11 	-0.00089230979 	0.70120478
0.00070670671 	0.0060011033 	-2.0800134e-11 	-0.0008942062 	0.70055914
0.00071071071 	0.0060010718 	-2.0800019e-11 	-0.00089610261 	0.6999135
0.00071471471 	0.0060010403 	-2.0799905e-11 	-0.00089799902 	0.69926786
0.00071871872 	0.0060010087 	-2.0799791e-11 	-0.00089989543 	0.69862223
0.00072272272 	0.0060009772 	-2.0799676e-11 	-0.00090179184 	0.69797659
0.00072672673 	0.0060009456 	-2.0799562e-11 	-0.00090368825 	0.69733095
0.00073073073 	0.0060009141 	-2.0799448e-11 	-0.00090558466 	0.69668531
0.00073473473 	0.0060008826 	-2.0799333e-11 	-0.00090748107 	0.69603968
0.00073873874 	0.006000851 	-2.0799219e-11 	-0.00090937748 	0.69539404
0.00074274274 	0.0060008195 	-2.0799105e-11 	-0.00091127389 	0.6947484
0.00074674675 	0.0060007879 	-2.079899e-11 	-0.0009131703 	0.69410276
0.00075075075 	0.0060007564 	-2.0798876e-11 	-0.00091506671 	0.69345713
0.00075475475 	0.0060007249 	-2.0798762e-11 	-0.00091696312 	0.69281149
0.00075875876 	0.0060006933 	-2.0798647e-11 	-0.00091885953 	0.69216585
0.00076276276 	0.0060006618 	-2.0798533e-11 	-0.00092075594 	0.69152021
0.00076676677 	0.0060006303 	-2.0798419e-11 	-0.00092265235 	0.69087458
0.00077077077 	0.0060005987 	-2.0798304e-11 	-0.00092454876 	0.69022894
0.00077477477 	0.0060005672 	-2.079819e-11 	-0.00092644517 	0.6895833
0.00077877878 	0.0060005356 	-2.0798076e-11 	-0.00092834158 	0.68893766
0.00078278278 	0.0060005041 	-2.0797961e-11 	-0.00093023799 	0.68829203
0.00078678679 	0.006000479 	-2.081718e-11 	-0.00092985941 	0.68737447
0.00079079079 	0.006000456 	-2.0842992e-11 	-0.000928705 	0.68636418
0.00079479479 	0.0060004331 	-2.0868804e-11 	-0.00092755059 	0.68535389
0.0007987988 	0.0060004101 	-2.0894616e-11 	-0.00092639619 	0.6843436
0.0008028028 	0.0060003872 	-2.0920428e-11 	-0.00092524178 	0.68333332
0.00080680681 	0.0060003643 	-2.094624e-11 	-0.00092408737 	0.68232303
0.00081081081 	0.0060003413 	-2.0972052e-11 	-0.00092293296 	0.68131274
0.00081481481 	0.0060003184 	-2.0997864e-11 	-0.00092177855 	0.68030245
0.00081881882 	0.0060002954 	-2.1023676e-11 	-0.00092062414 	0.67929216
0.00082282282 	0.0060002721 	-2.1049642e-11 	-0.00091946878 	0.67828423
0.00082682683 	0.0060002469 	-2.1076283e-11 	-0.00091830922 	0.67728661
0.00083083083 	0.0060002217 	-2.1102923e-11 	-0.00091714967 	0.67628899
0.00083483483 	0.0060001965 	-2.1129564e-11 	-0.00091599012 	0.67529136
0.00083883884 	0.0060001713 	-2.1156204e-11 	-0.00091483057 	0.67429374
0.00084284284 	0.0060001461 	-2.1182845e-11 	-0.00091367101 	0.67329611
0.00084684685 	0.0060001209 	-2.1209485e-11 	-0.00091251146 	0.67229849
0.00085085085 	0.0060000956 	-2.1236126e-11 	-0.00091135191 	0.67130086
0.00085485485 	0.0060000704 	-2.1262766e-11 	-0.00091019236 	0.67030324
0.00085885886 	0.0060000452 	-2.1289406e-11 	-0.00090903281 	0.66930561
0.00086286286 	0.00600002 	-2.1316047e-11 	-0.00090787325 	0.66830799
0.00086686687 	0.0059999948 	-2.1342687e-11 	-0.0009067137 	0.66731036
0.00087087087 	0.0059999696 	-2.1369328e-11 	-0.00090555415 	0.66631274
0.00087487487 	0.0059999444 	-2.1395968e-11 	-0.0009043946 	0.66531511
0.00087887888 	0.0059999192 	-2.1422609e-11 	-0.00090323504 	0.66431749
0.00088288288 	0.005999894 	-2.1449249e-11 	-0.00090207549 	0.66331986
0.00088688689 	0.0059998688 	-2.1475889e-11 	-0.00090091594 	0.66232224
0.00089089089 	0.0059998436 	-2.150253e-11 	-0.00089975639 	0.66132461
0.00089489489 	0.0059998184 	-2.152917e-11 	-0.00089859684 	0.66032699
0.0008988989 	0.0059997932 	-2.1555811e-11 	-0.00089743728 	0.65932936
0.0009029029 	0.005999768 	-2.1582451e-11 	-0.00089627773 	0.65833174
0.00090690691 	0.0059997428 	-2.1609092e-11 	-0.00089511818 	0.65733411
0.00091091091 	0.0059997176 	-2.1635732e-11 	-0.00089395863 	0.65633649
0.00091491491 	0.0059996924 	-2.1662372e-11 	-0.00089279907 	0.65533886
0.00091891892 	0.0059996672 	-2.1689013e-11 	-0.00089163952 	0.65434124
0.00092292292 	0.005999642 	-2.1715653e-11 	-0.00089047997 	0.65334361
0.00092692693 	0.0059996168 	-2.1742294e-11 	-0.00088932042 	0.65234599
0.00093093093 	0.0059995916 	-2.1768934e-11 	-0.00088816087 	0.65134837
0.00093493493 	0.0059995664 	-2.1795575e-11 	-0.00088700131 	0.65035074
0.00093893894 	0.0059995412 	-2.1822215e-11 	-0.00088584176 	0.64935312
0.00094294294 	0.005999516 	-2.1848855e-11 	-0.00088468221 	0.64835549
0.00094694695 	0.0059994908 	-2.1875496e-11 	-0.00088352266 	0.64735787
0.00095095095 	0.0059994656 	-2.1902136e-11 	-0.0008823631 	0.64636024
0.00095495495 	0.0059994404 	-2.1928777e-11 	-0.00088120355 	0.64536262
0.00095895896 	0.0059994152 	-2.1955417e-11 	-0.000880044 	0.64436499
0.00096296296 	0.00599939 	-2.1982058e-11 	-0.00087888445 	0.64336737
0.00096696697 	0.0059993648 	-2.2008698e-11 	-0.0008777249 	0.64236974
0.00097097097 	0.0059993396 	-2.2035339e-11 	-0.00087656534 	0.64137212
0.00097497497 	0.0059993144 	-2.2061979e-11 	-0.00087540579 	0.64037449
0.00097897898 	0.0059992994 	-2.2067466e-11 	-0.00087270747 	0.63904303
0.00098298298 	0.0059992871 	-2.2067359e-11 	-0.00086960216 	0.63762328
0.00098698699 	0.0059992747 	-2.2067252e-11 	-0.00086649686 	0.63620353
0.00099099099 	0.0059992624 	-2.2067145e-11 	-0.00086339155 	0.63478378
0.00099499499 	0.00599925 	-2.2067037e-11 	-0.00086028625 	0.63336403
0.000998999 	0.0059992377 	-2.206693e-11 	-0.00085718094 	0.63194427
0.001003003 	0.0059992254 	-2.2066823e-11 	-0.00085407564 	0.63052452
0.001007007 	0.005999213 	-2.2066716e-11 	-0.00085097033 	0.62910477
0.001011011 	0.0059992 	-2.206661e-11 	-0.00084783321 	0.62768898
0.001015015 	0.0059991859 	-2.2066506e-11 	-0.00084464034 	0.62628013
0.001019019 	0.0059991718 	-2.2066402e-11 	-0.00084144748 	0.62487127
0.001023023 	0.0059991577 	-2.2066298e-11 	-0.00083825461 	0.62346242
0.001027027 	0.0059991435 	-2.2066194e-11 	-0.00083506175 	0.62205357
0.001031031 	0.0059991294 	-2.206609e-11 	-0.00083186888 	0.62064472
0.001035035 	0.0059991153 	-2.2065986e-11 	-0.00082867602 	0.61923587
0.001039039 	0.0059991012 	-2.2065882e-11 	-0.00082548315 	0.61782701
0.001043043 	0.0059990871 	-2.2065778e-11 	-0.00082229029 	0.61641816
0.001047047 	0.0059990729 	-2.2065674e-11 	-0.00081909742 	0.61500931
0.0010510511 	0.0059990588 	-2.206557e-11 	-0.00081590456 	0.61360046
0.0010550551 	0.0059990447 	-2.2065466e-11 	-0.00081271169 	0.61219161
0.0010590591 	0.0059990306 	-2.2065362e-11 	-0.00080951883 	0.61078275
0.0010630631 	0.0059990164 	-2.2065258e-11 	-0.00080632596 	0.6093739
0.0010670671 	0.0059990023 	-2.2065154e-11 	-0.0008031331 	0.60796505
0.0010710711 	0.0059989882 	-2.206505e-11 	-0.00079994023 	0.6065562
0.0010750751 	0.0059989741 	-2.2064947e-11 	-0.00079674737 	0.60514735
0.0010790791 	0.0059989599 	-2.2064843e-11 	-0.0007935545 	0.6037385
0.0010830831 	0.0059989458 	-2.2064739e-11 	-0.00079036164 	0.60232964
0.0010870871 	0.0059989317 	-2.2064635e-11 	-0.00078716877 	0.60092079
0.0010910911 	0.0059989176 	-2.2064531e-11 	-0.00078397591 	0.59951194
0.0010950951 	0.0059989034 	-2.2064427e-11 	-0.00078078304 	0.59810309
0.0010990991 	0.0059988893 	-2.2064323e-11 	-0.00077759018 	0.59669424
0.0011031031 	0.0059988752 	-2.2064219e-11 	-0.00077439732 	0.59528538
0.0011071071 	0.0059988611 	-2.2064115e-11 	-0.00077120445 	0.59387653
0.0011111111 	0.0059988469 	-2.2064011e-11 	-0.00076801159 	0.59246768
0.0011151151 	0.0059988328 	-2.2063907e-11 	-0.00076481872 	0.59105883
0.0011191191 	0.0059988187 	-2.2063803e-11 	-0.00076162586 	0.58964998
0.0011231231 	0.0059988046 	-2.2063699e-11 	-0.00075843299 	0.58824112
0.0011271271 	0.0059987904 	-2.2063595e-11 	-0.00075524013 	0.58683227
0.0011311311 	0.0059987763 	-2.2063491e-11 	-0.00075204726 	0.58542342
0.0011351351 	0.0059987622 	-2.2063387e-11 	-0.0007488544 	0.58401457
0.0011391391 	0.0059987481 	-2.2063284e-11 	-0.00074566153 	0.58260572
0.0011431431 	0.0059987339 	-2.206318e-11 	-0.00074246867 	0.58119686
0.0011471471 	0.0059987244 	-2.2063073e-11 	-0.00073873067 	0.57957681
0.0011511512 	0.0059987192 	-2.2062963e-11 	-0.00073447774 	0.57775727
0.0011551552 	0.0059987141 	-2.2062853e-11 	-0.00073022481 	0.57593772
0.0011591592 	0.0059987089 	-2.2062743e-11 	-0.00072597188 	0.57411818
0.0011631632 	0.0059987037 	-2.2062634e-11 	-0.00072171896 	0.57229863
0.0011671672 	0.0059986985 	-2.2062524e-11 	-0.00071746603 	0.57047909
0.0011711712 	0.0059986933 	-2.2062414e-11 	-0.0007132131 	0.56865955
0.0011751752 	0.0059986881 	-2.2062304e-11 	-0.00070894804 	0.56684066
0.0011791792 	0.0059986817 	-2.2062197e-11 	-0.00070455177 	0.56502886
0.0011831832 	0.0059986753 	-2.206209e-11 	-0.00070015551 	0.56321706
0.0011871872 	0.0059986689 	-2.2061983e-11 	-0.00069575925 	0.56140525
0.0011911912 	0.0059986626 	-2.2061876e-11 	-0.00069136299 	0.55959345
0.0011951952 	0.0059986562 	-2.2061769e-11 	-0.00068696672 	0.55778165
0.0011991992 	0.0059986498 	-2.2061662e-11 	-0.00068257046 	0.55596985
0.0012032032 	0.0059986434 	-2.2061555e-11 	-0.0006781742 	0.55415805
0.0012072072 	0.005998637 	-2.2061447e-11 	-0.00067377794 	0.55234625
0.0012112112 	0.0059986307 	-2.206134e-11 	-0.00066938168 	0.55053445
0.0012152152 	0.0059986243 	-2.2061233e-11 	-0.00066498541 	0.54872265
0.0012192192 	0.0059986179 	-2.2061126e-11 	-0.00066058915 	0.54691085
0.0012232232 	0.0059986115 	-2.2061019e-11 	-0.00065619289 	0.54509905
0.0012272272 	0.0059986052 	-2.2060912e-11 	-0.00065179663 	0.54328725
0.0012312312 	0.0059985988 	-2.2060805e-11 	-0.00064740036 	0.54147545
0.0012352352 	0.0059985924 	-2.2060698e-11 	-0.0006430041 	0.53966365
0.0012392392 	0.005998586 	-2.2060591e-11 	-0.00063860784 	0.53785185
0.0012432432 	0.0059985797 	-2.2060483e-11 	-0.00063421158 	0.53604005
0.0012472472 	0.0059985733 	-2.2060376e-11 	-0.00062981532 	0.53422825
0.0012512513 	0.0059985669 	-2.2060269e-11 	-0.00062541905 	0.53241645
0.0012552553 	0.0059985605 	-2.2060162e-11 	-0.00062102279 	0.53060465
0.0012592593 	0.0059985542 	-2.2060055e-11 	-0.00061662653 	0.52879285
0.0012632633 	0.0059985478 	-2.2059948e-11 	-0.00061223027 	0.52698105
0.0012672673 	0.0059985414 	-2.2059841e-11 	-0.000607834 	0.52516925
0.0012712713 	0.005998535 	-2.2059734e-11 	-0.00060343774 	0.52335745
0.0012752753 	0.0059985287 	-2.2059627e-11 	-0.00059904148 	0.52154565
0.0012792793 	0.0059985223 	-2.2059519e-11 	-0.00059464522 	0.51973385
0.0012832833 	0.0059985159 	-2.2059412e-11 	-0.00059024895 	0.51792205
0.0012872873 	0.0059985095 	-2.2059305e-11 	-0.00058585269 	0.51611025
0.0012912913 	0.0059985032 	-2.2059198e-11 	-0.00058145643 	0.51429845
0.0012952953 	0.0059984984 	-2.2082366e-11 	-0.00057700185 	0.5123958
0.0012992993 	0.0059984985 	-2.2177815e-11 	-0.00057236617 	0.51021105
0.0013033033 	0.0059984987 	-2.2273264e-11 	-0.00056773049 	0.5080263
0.0013073073 	0.0059984988 	-2.2368713e-11 	-0.00056309481 	0.50584155
0.0013113113 	0.005998499 	-2.2464162e-11 	-0.00055845913 	0.5036568
0.0013153153 	0.0059984992 	-2.2559611e-11 	-0.00055382345 	0.50147205
0.0013193193 	0.0059984993 	-2.265506e-11 	-0.00054918777 	0.4992873
0.0013233233 	0.005998499 	-2.272896e-11 	-0.0005444358 	0.49710546
0.0013273273 	0.0059984985 	-2.2793348e-11 	-0.00053963249 	0.4949249
0.0013313313 	0.005998498 	-2.2857735e-11 	-0.00053482918 	0.49274434
0.0013353353 	0.0059984974 	-2.2922123e-11 	-0.00053002587 	0.49056379
0.0013393393 	0.0059984969 	-2.298651e-11 	-0.00052522256 	0.48838323
0.0013433433 	0.0059984964 	-2.3050898e-11 	-0.00052041925 	0.48620268
0.0013473473 	0.0059984959 	-2.3115286e-11 	-0.00051561594 	0.48402212
0.0013513514 	0.0059984954 	-2.3179673e-11 	-0.00051081263 	0.48184157
0.0013553554 	0.0059984949 	-2.3244061e-11 	-0.00050600932 	0.47966101
0.0013593594 	0.0059984943 	-2.3308448e-11 	-0.00050120601 	0.47748045
0.0013633634 	0.0059984938 	-2.3372836e-11 	-0.0004964027 	0.4752999
0.0013673674 	0.0059984933 	-2.3437224e-11 	-0.00049159939 	0.47311934
0.0013713714 	0.0059984928 	-2.3501611e-11 	-0.00048679608 	0.47093879
0.0013753754 	0.0059984923 	-2.3565999e-11 	-0.00048199278 	0.46875823
0.0013793794 	0.0059984918 	-2.3630386e-11 	-0.00047718947 	0.46657767
0.0013833834 	0.0059984912 	-2.3694774e-11 	-0.00047238616 	0.46439712
0.0013873874 	0.0059984907 	-2.3759162e-11 	-0.00046758285 	0.46221656
0.0013913914 	0.0059984902 	-2.3823549e-11 	-0.00046277954 	0.46003601
0.0013953954 	0.0059984897 	-2.3887937e-11 	-0.00045797623 	0.45785545
0.0013993994 	0.0059984892 	-2.3952324e-11 	-0.00045317292 	0.45567489
0.0014034034 	0.0059984887 	-2.4016712e-11 	-0.00044836961 	0.45349434
0.0014074074 	0.0059984881 	-2.40811e-11 	-0.0004435663 	0.45131378
0.0014114114 	0.0059984876 	-2.4145487e-11 	-0.00043876299 	0.44913323
0.0014154154 	0.0059984871 	-2.4209875e-11 	-0.00043395968 	0.44695267
0.0014194194 	0.0059984866 	-2.4274262e-11 	-0.00042915637 	0.44477211
0.0014234234 	0.0059984861 	-2.433865e-11 	-0.00042435306 	0.44259156
0.0014274274 	0.0059984866 	-2.4445024e-11 	-0.0004196746 	0.44028555
0.0014314314 	0.0059984886 	-2.4618162e-11 	-0.00041519468 	0.43778004
0.0014354354 	0.0059984907 	-2.47913e-11 	-0.00041071476 	0.43527454
0.0014394394 	0.0059984927 	-2.4964437e-11 	-0.00040623484 	0.43276903
0.0014434434 	0.0059984948 	-2.5137575e-11 	-0.00040175492 	0.43026353
0.0014474474 	0.0059984968 	-2.5310713e-11 	-0.000397275 	0.42775802
0.0014514515 	0.0059984987 	-2.5446597e-11 	-0.00039269268 	0.42525307
0.0014554555 	0.0059985004 	-2.5558842e-11 	-0.00038804538 	0.42274847
0.0014594595 	0.0059985022 	-2.5671087e-11 	-0.00038339807 	0.42024386
0.0014634635 	0.0059985039 	-2.5783333e-11 	-0.00037875077 	0.41773926
0.0014674675 	0.0059985057 	-2.5895578e-11 	-0.00037410347 	0.41523466
0.0014714715 	0.0059985075 	-2.6007823e-11 	-0.00036945617 	0.41273005
0.0014754755 	0.0059985092 	-2.6120069e-11 	-0.00036480886 	0.41022545
0.0014794795 	0.005998511 	-2.6232314e-11 	-0.00036016156 	0.40772085
0.0014834835 	0.0059985127 	-2.6344559e-11 	-0.00035551426 	0.40521624
0.0014874875 	0.0059985145 	-2.6456805e-11 	-0.00035086696 	0.40271164
0.0014914915 	0.0059985162 	-2.656905e-11 	-0.00034621965 	0.40020704
0.0014954955 	0.005998518 	-2.6681295e-11 	-0.00034157235 	0.39770243
0.0014994995 	0.0059985197 	-2.679354e-11 	-0.00033692505 	0.39519783
0.0015035035 	0.0059985215 	-2.6905786e-11 	-0.00033227774 	0.39269323
0.0015075075 	0.0059985232 	-2.7018031e-11 	-0.00032763044 	0.39018862
0.0015115115 	0.005998525 	-2.7130276e-11 	-0.00032298314 	0.38768402
0.0015155155 	0.0059985267 	-2.7242522e-11 	-0.00031833584 	0.38517942
0.0015195195 	0.0059985285 	-2.7354767e-11 	-0.00031368853 	0.38267481
0.0015235235 	0.0059985303 	-2.7467012e-11 	-0.00030904123 	0.38017021
0.0015275275 	0.005998532 	-2.7579258e-11 	-0.00030439393 	0.37766561
0.0015315315 	0.0059985338 	-2.7691503e-11 	-0.00029974663 	0.375161
0.0015355355 	0.0059985355 	-2.7803748e-11 	-0.00029509932 	0.3726564
0.0015395395 	0.0059985373 	-2.7915994e-11 	-0.00029045202 	0.3701518
0.0015435435 	0.0059985387 	-2.8026308e-11 	-0.00028608121 	0.36753108
0.0015475475 	0.0059985398 	-2.8133948e-11 	-0.00028209346 	0.36474948
0.0015515516 	0.0059985408 	-2.8241588e-11 	-0.00027810571 	0.36196789
0.0015555556 	0.0059985418 	-2.8349228e-11 	-0.00027411797 	0.35918629
0.0015595596 	0.0059985429 	-2.8456868e-11 	-0.00027013022 	0.35640469
0.0015635636 	0.0059985439 	-2.8554915e-11 	-0.00026609274 	0.35362248
0.0015675676 	0.0059985448 	-2.8633367e-11 	-0.00026195366 	0.35083902
0.0015715716 	0.0059985457 	-2.8711819e-11 	-0.00025781457 	0.34805555
0.0015755756 	0.0059985467 	-2.879027e-11 	-0.00025367549 	0.34527209
0.0015795796 	0.0059985476 	-2.8868722e-11 	-0.00024953641 	0.34248862
0.0015835836 	0.0059985486 	-2.8947174e-11 	-0.00024539733 	0.33970515
0.0015875876 	0.0059985495 	-2.9025625e-11 	-0.00024125824 	0.33692169
0.0015915916 	0.0059985504 	-2.9104077e-11 	-0.00023711916 	0.33413822
0.0015955956 	0.0059985514 	-2.9182529e-11 	-0.00023298008 	0.33135476
0.0015995996 	0.0059985523 	-2.926098e-11 	-0.000228841 	0.32857129
0.0016036036 	0.0059985533 	-2.9339432e-11 	-0.00022470191 	0.32578782
0.0016076076 	0.0059985542 	-2.9417884e-11 	-0.00022056283 	0.32300436
0.0016116116 	0.0059985551 	-2.9496335e-11 	-0.00021642375 	0.32022089
0.0016156156 	0.0059985561 	-2.9574787e-11 	-0.00021228466 	0.31743743
0.0016196196 	0.005998557 	-2.9653239e-11 	-0.00020814558 	0.31465396
0.0016236236 	0.005998558 	-2.973169e-11 	-0.0002040065 	0.31187049
0.0016276276 	0.0059985589 	-2.9810142e-11 	-0.00019986742 	0.30908703
0.0016316316 	0.0059985598 	-2.9888594e-11 	-0.00019572833 	0.30630356
0.0016356356 	0.0059985608 	-2.9967045e-11 	-0.00019158925 	0.3035201
0.0016396396 	0.0059985617 	-3.0045497e-11 	-0.00018745017 	0.30073663
0.0016436436 	0.0059985627 	-3.0123948e-11 	-0.00018331109 	0.29795316
0.0016476476 	0.005998561 	-3.0132999e-11 	-0.00017989911 	0.29496321
0.0016516517 	0.0059985589 	-3.0132786e-11 	-0.00017658418 	0.2919457
0.0016556557 	0.0059985569 	-3.0132574e-11 	-0.00017326925 	0.28892819
0.0016596597 	0.0059985548 	-3.0132361e-11 	-0.00016995432 	0.28591068
0.0016636637 	0.0059985527 	-3.0140843e-11 	-0.00016658946 	0.28289156
0.0016676677 	0.0059985506 	-3.0162671e-11 	-0.00016314797 	0.27986996
0.0016716717 	0.0059985486 	-3.0184499e-11 	-0.00015970649 	0.27684836
0.0016756757 	0.0059985465 	-3.0206327e-11 	-0.000156265 	0.27382676
0.0016796797 	0.0059985444 	-3.0228155e-11 	-0.00015282351 	0.27080516
0.0016836837 	0.0059985423 	-3.0249983e-11 	-0.00014938202 	0.26778356
0.0016876877 	0.0059985402 	-3.0271811e-11 	-0.00014594053 	0.26476196
0.0016916917 	0.0059985381 	-3.0293639e-11 	-0.00014249905 	0.26174036
0.0016956957 	0.005998536 	-3.0315467e-11 	-0.00013905756 	0.25871876
0.0016996997 	0.0059985339 	-3.0337295e-11 	-0.00013561607 	0.25569716
0.0017037037 	0.0059985319 	-3.0359123e-11 	-0.00013217458 	0.25267556
0.0017077077 	0.0059985298 	-3.0380951e-11 	-0.00012873309 	0.24965396
0.0017117117 	0.0059985277 	-3.0402779e-11 	-0.0001252916 	0.24663236
0.0017157157 	0.0059985256 	-3.0424607e-11 	-0.00012185012 	0.24361075
0.0017197197 	0.0059985235 	-3.0446435e-11 	-0.00011840863 	0.24058915
0.0017237237 	0.0059985214 	-3.0468263e-11 	-0.00011496714 	0.23756755
0.0017277277 	0.0059985193 	-3.0490091e-11 	-0.00011152565 	0.23454595
0.0017317317 	0.0059985172 	-3.0511919e-11 	-0.00010808416 	0.23152435
0.0017357357 	0.0059985135 	-3.0453416e-11 	-0.00010496715 	0.22842982
0.0017397397 	0.0059985069 	-3.0257602e-11 	-0.00010240475 	0.22521063
0.0017437437 	0.0059985002 	-3.0061788e-11 	-9.9842353e-05 	0.22199144
0.0017477477 	0.0059984936 	-2.9865974e-11 	-9.7279957e-05 	0.21877225
0.0017517518 	0.0059984869 	-2.9698755e-11 	-9.4677192e-05 	0.21555065
0.0017557558 	0.0059984802 	-2.9572227e-11 	-9.2016983e-05 	0.21232562
0.0017597598 	0.0059984735 	-2.9445699e-11 	-8.9356774e-05 	0.20910059
0.0017637638 	0.0059984668 	-2.9319171e-11 	-8.6696565e-05 	0.20587556
0.0017677678 	0.0059984601 	-2.9192643e-11 	-8.4036356e-05 	0.20265053
0.0017717718 	0.0059984534 	-2.9066115e-11 	-8.1376147e-05 	0.1994255
0.0017757758 	0.0059984466 	-2.8939587e-11 	-7.8715938e-05 	0.19620047
0.0017797798 	0.0059984399 	-2.8813058e-11 	-7.6055728e-05 	0.19297544
0.0017837838 	0.0059984332 	-2.868653e-11 	-7.3395519e-05 	0.1897504
0.0017877878 	0.0059984265 	-2.8560002e-11 	-7.073531e-05 	0.18652537
0.0017917918 	0.0059984198 	-2.8433474e-11 	-6.8075101e-05 	0.18330034
0.0017957958 	0.0059984131 	-2.8306946e-11 	-6.5414892e-05 	0.18007531
0.0017997998 	0.0059984063 	-2.8180418e-11 	-6.2754683e-05 	0.17685028
0.0018038038 	0.0059983996 	-2.805389e-11 	-6.0094474e-05 	0.17362525
0.0018078078 	0.0059983929 	-2.7927362e-11 	-5.7434265e-05 	0.17040022
0.0018118118 	0.0059983862 	-2.7800834e-11 	-5.4774056e-05 	0.16717519
0.0018158158 	0.0059983764 	-2.749188e-11 	-5.2571557e-05 	0.16386284
0.0018198198 	0.0059983639 	-2.701568e-11 	-5.0788688e-05 	0.16047043
0.0018238238 	0.0059983514 	-2.6539479e-11 	-4.9005819e-05 	0.15707803
0.0018278278 	0.0059983389 	-2.6068142e-11 	-4.7220663e-05 	0.15368538
0.0018318318 	0.0059983261 	-2.5735934e-11 	-4.5370098e-05 	0.15028575
0.0018358358 	0.0059983133 	-2.5403726e-11 	-4.3519533e-05 	0.14688612
0.0018398398 	0.0059983006 	-2.5071518e-11 	-4.1668967e-05 	0.14348649
0.0018438438 	0.0059982878 	-2.473931e-11 	-3.9818402e-05 	0.14008686
0.0018478478 	0.0059982751 	-2.4407102e-11 	-3.7967837e-05 	0.13668723
0.0018518519 	0.0059982623 	-2.4074894e-11 	-3.6117272e-05 	0.13328759
0.0018558559 	0.0059982496 	-2.3742686e-11 	-3.4266707e-05 	0.12988796
0.0018598599 	0.0059982368 	-2.3410478e-11 	-3.2416141e-05 	0.12648833
0.0018638639 	0.005998224 	-2.307827e-11 	-3.0565576e-05 	0.1230887
0.0018678679 	0.0059982113 	-2.2746062e-11 	-2.8715011e-05 	0.11968907
0.0018718719 	0.0059981985 	-2.2413854e-11 	-2.6864446e-05 	0.11628944
0.0018758759 	0.0059981858 	-2.2081646e-11 	-2.501388e-05 	0.11288981
0.0018798799 	0.005998173 	-2.1749438e-11 	-2.3163315e-05 	0.10949018
0.0018838839 	0.0059981602 	-2.1405416e-11 	-2.1332952e-05 	0.10608707
0.0018878879 	0.0059981443 	-2.0589203e-11 	-2.0310014e-05 	0.10254495
0.0018918919 	0.0059981285 	-1.977299e-11 	-1.9287076e-05 	0.099002839
0.0018958959 	0.0059981126 	-1.8956778e-11 	-1.8264137e-05 	0.095460723
0.0018998999 	0.0059980965 	-1.8388281e-11 	-1.7204859e-05 	0.091910686
0.0019039039 	0.0059980803 	-1.7832962e-11 	-1.6143648e-05 	0.088360228
0.0019079079 	0.0059980641 	-1.7277644e-11 	-1.5082437e-05 	0.08480977
0.0019119119 	0.005998048 	-1.6722325e-11 	-1.4021226e-05 	0.081259311
0.0019159159 	0.0059980318 	-1.6167006e-11 	-1.2960015e-05 	0.077708853
0.0019199199 	0.0059980157 	-1.5611688e-11 	-1.1898804e-05 	0.074158395
0.0019239239 	0.0059979995 	-1.5056369e-11 	-1.0837593e-05 	0.070607937
0.0019279279 	0.0059979834 	-1.4501051e-11 	-9.7763818e-06 	0.067057479
0.0019319319 	0.0059979672 	-1.3945732e-11 	-8.7151707e-06 	0.06350702
0.0019359359 	0.005997951 	-1.3390413e-11 	-7.6539596e-06 	0.059956562
0.0019399399 	0.0059979349 	-1.2835095e-11 	-6.5927485e-06 	0.056406104
0.0019439439 	0.0059979187 	-1.2279776e-11 	-5.5315374e-06 	0.052855646
0.0019479479 	0.0059979162 	-1.1345734e-11 	-4.8871548e-06 	0.049171081
0.001951952 	0.0059979228 	-1.0158103e-11 	-4.5218754e-06 	0.045396719
0.001955956 	0.0059979293 	-8.9704718e-12 	-4.1565961e-06 	0.041622358
0.00195996 	0.0059979365 	-8.1167383e-12 	-3.7800177e-06 	0.037839482
0.001963964 	0.0059979438 	-7.3050644e-12 	-3.4020159e-06 	0.034055534
0.001967968 	0.005997951 	-6.4933906e-12 	-3.0240141e-06 	0.030271586
0.001971972 	0.0059979583 	-5.6817168e-12 	-2.6460124e-06 	0.026487638
0.001975976 	0.0059979655 	-4.870043e-12 	-2.2680106e-06 	0.022703689
0.00197998 	0.0059979728 	-4.0583691e-12 	-1.8900088e-06 	0.018919741
0.001983984 	0.00599798 	-3.2466953e-12 	-1.5120071e-06 	0.015135793
0.001987988 	0.0059979873 	-2.4350215e-12 	-1.1340053e-06 	0.011351845
0.001991992 	0.0059979945 	-1.6233477e-12 	-7.5600353e-07 	0.0075678965
0.001995996 	0.0059980018 	-8.1167383e-13 	-3.7800177e-07 	0.0037839482
0.002 	0.005998009 	0 	0 	0
