-0.006 	-0.020292182 	0 	0 	0
-0.005987988 	-0.020292139 	-3.8532846e-10 	2.331385e-06 	-0.00022526978
-0.005975976 	-0.020292097 	-7.7065691e-10 	4.66277e-06 	-0.00045053956
-0.005963964 	-0.020292054 	-1.1559854e-09 	6.994155e-06 	-0.00067580934
-0.005951952 	-0.020292011 	-1.5413138e-09 	9.32554e-06 	-0.00090107912
-0.0059399399 	-0.02029197 	-1.8856108e-09 	1.1602002e-05 	-0.0011384255
-0.0059279279 	-0.02029193 	-2.1381937e-09 	1.3755699e-05 	-0.0014027657
-0.0059159159 	-0.020291891 	-2.3907766e-09 	1.5909396e-05 	-0.0016671059
-0.0059039039 	-0.020291852 	-2.6433595e-09 	1.8063094e-05 	-0.0019314461
-0.0058918919 	-0.020291812 	-2.8959424e-09 	2.0216791e-05 	-0.0021957863
-0.0058798799 	-0.020291773 	-3.1485253e-09 	2.2370488e-05 	-0.0024601265
-0.0058678679 	-0.020291733 	-3.4011082e-09 	2.4524185e-05 	-0.0027244667
-0.0058558559 	-0.020291694 	-3.6536911e-09 	2.6677882e-05 	-0.0029888068
-0.0058438438 	-0.020291624 	-3.9701785e-09 	3.1819726e-05 	-0.0032069319
-0.0058318318 	-0.020291545 	-4.3049883e-09 	3.7818322e-05 	-0.0034118062
-0.0058198198 	-0.020291466 	-4.6397982e-09 	4.3816918e-05 	-0.0036166806
-0.0058078078 	-0.020291388 	-4.974608e-09 	4.9815514e-05 	-0.0038215549
-0.0057957958 	-0.020291309 	-5.3094178e-09 	5.581411e-05 	-0.0040264293
-0.0057837838 	-0.020291233 	-5.5917511e-09 	6.1594419e-05 	-0.0042468152
-0.0057717718 	-0.02029116 	-5.8115368e-09 	6.7114549e-05 	-0.0044856897
-0.0057597598 	-0.020291088 	-6.0313226e-09 	7.263468e-05 	-0.0047245641
-0.0057477477 	-0.020291016 	-6.2511084e-09 	7.8154811e-05 	-0.0049634386
-0.0057357357 	-0.020290943 	-6.4708942e-09 	8.3674941e-05 	-0.0052023131
-0.0057237237 	-0.020290871 	-6.69068e-09 	8.9195072e-05 	-0.0054411875
-0.0057117117 	-0.020290798 	-6.9104658e-09 	9.4715203e-05 	-0.005680062
-0.0056996997 	-0.020290726 	-7.1302516e-09 	0.00010023533 	-0.0059189364
-0.0056876877 	-0.020290653 	-7.3500374e-09 	0.00010575546 	-0.0061578109
-0.0056756757 	-0.020290584 	-7.6350407e-09 	0.00011554692 	-0.0063499377
-0.0056636637 	-0.020290515 	-7.9262848e-09 	0.00012574711 	-0.0065375911
-0.0056516517 	-0.020290446 	-8.217529e-09 	0.0001359473 	-0.0067252445
-0.0056396396 	-0.020290377 	-8.5087731e-09 	0.0001461475 	-0.0069128979
-0.0056276276 	-0.020290308 	-8.8000173e-09 	0.00015634769 	-0.0071005513
-0.0056156156 	-0.020290239 	-9.0912614e-09 	0.00016654788 	-0.0072882047
-0.0056036036 	-0.020290175 	-9.2957905e-09 	0.00017599826 	-0.0075015901
-0.0055915916 	-0.020290112 	-9.4881629e-09 	0.00018534352 	-0.007718583
-0.0055795796 	-0.020290049 	-9.6805352e-09 	0.00019468878 	-0.0079355758
-0.0055675676 	-0.020289986 	-9.8729076e-09 	0.00020403404 	-0.0081525687
-0.0055555556 	-0.020289923 	-1.006528e-08 	0.0002133793 	-0.0083695616
-0.0055435435 	-0.02028986 	-1.0257652e-08 	0.00022272456 	-0.0085865544
-0.0055315315 	-0.020289797 	-1.0450025e-08 	0.00023206983 	-0.0088035473
-0.0055195195 	-0.020289734 	-1.0642397e-08 	0.00024141509 	-0.0090205401
-0.0055075075 	-0.020289671 	-1.0834769e-08 	0.00025076035 	-0.009237533
-0.0054954955 	-0.020289611 	-1.1038116e-08 	0.00026105447 	-0.0094450281
-0.0054834835 	-0.020289563 	-1.1289499e-08 	0.00027550168 	-0.0096109522
-0.0054714715 	-0.020289514 	-1.1540881e-08 	0.00028994889 	-0.0097768763
-0.0054594595 	-0.020289466 	-1.1792264e-08 	0.0003043961 	-0.0099428004
-0.0054474474 	-0.020289418 	-1.2043646e-08 	0.00031884331 	-0.010108724
-0.0054354354 	-0.020289369 	-1.2295029e-08 	0.00033329053 	-0.010274649
-0.0054234234 	-0.020289321 	-1.2546411e-08 	0.00034773774 	-0.010440573
-0.0054114114 	-0.020289274 	-1.2769786e-08 	0.00036174953 	-0.01061458
-0.0053993994 	-0.020289231 	-1.2938723e-08 	0.00037491498 	-0.0108043
-0.0053873874 	-0.020289187 	-1.3107659e-08 	0.00038808043 	-0.01099402
-0.0053753754 	-0.020289144 	-1.3276595e-08 	0.00040124588 	-0.01118374
-0.0053633634 	-0.020289101 	-1.3445532e-08 	0.00041441133 	-0.011373459
-0.0053513514 	-0.020289057 	-1.3614468e-08 	0.00042757678 	-0.011563179
-0.0053393393 	-0.020289014 	-1.3783404e-08 	0.00044074223 	-0.011752899
-0.0053273273 	-0.020288971 	-1.3952341e-08 	0.00045390768 	-0.011942619
-0.0053153153 	-0.020288927 	-1.4121277e-08 	0.00046707313 	-0.012132339
-0.0053033033 	-0.020288884 	-1.4290213e-08 	0.00048023858 	-0.012322059
-0.0052912913 	-0.020288841 	-1.445915e-08 	0.00049340403 	-0.012511778
-0.0052792793 	-0.020288805 	-1.4646853e-08 	0.00050840819 	-0.012683434
-0.0052672673 	-0.020288785 	-1.4869873e-08 	0.00052687244 	-0.012821097
-0.0052552553 	-0.020288764 	-1.5092892e-08 	0.00054533669 	-0.012958759
-0.0052432432 	-0.020288744 	-1.5315912e-08 	0.00056380094 	-0.013096422
-0.0052312312 	-0.020288723 	-1.5538931e-08 	0.00058226518 	-0.013234084
-0.0052192192 	-0.020288703 	-1.5761951e-08 	0.00060072943 	-0.013371747
-0.0052072072 	-0.020288682 	-1.598497e-08 	0.00061919368 	-0.01350941
-0.0051951952 	-0.020288662 	-1.620799e-08 	0.00063765793 	-0.013647072
-0.0051831832 	-0.020288643 	-1.6391883e-08 	0.00065510428 	-0.013794692
-0.0051711712 	-0.020288625 	-1.6547582e-08 	0.00067181712 	-0.013949486
-0.0051591592 	-0.020288608 	-1.6703281e-08 	0.00068852996 	-0.014104281
-0.0051471471 	-0.02028859 	-1.6858979e-08 	0.00070524279 	-0.014259075
-0.0051351351 	-0.020288573 	-1.7014678e-08 	0.00072195563 	-0.01441387
-0.0051231231 	-0.020288555 	-1.7170377e-08 	0.00073866847 	-0.014568665
-0.0051111111 	-0.020288538 	-1.7326076e-08 	0.0007553813 	-0.014723459
-0.0050990991 	-0.02028852 	-1.7481774e-08 	0.00077209414 	-0.014878254
-0.0050870871 	-0.020288503 	-1.7637473e-08 	0.00078880698 	-0.015033048
-0.0050750751 	-0.020288485 	-1.7793172e-08 	0.00080551981 	-0.015187843
-0.0050630631 	-0.020288467 	-1.794887e-08 	0.00082223265 	-0.015342637
-0.0050510511 	-0.02028845 	-1.8104569e-08 	0.00083894549 	-0.015497432
-0.005039039 	-0.020288437 	-1.8266934e-08 	0.00085624529 	-0.015646093
-0.005027027 	-0.020288455 	-1.8482135e-08 	0.00087819738 	-0.015746138
-0.005015015 	-0.020288474 	-1.8697336e-08 	0.00090014947 	-0.015846183
-0.005003003 	-0.020288493 	-1.8912538e-08 	0.00092210156 	-0.015946228
-0.004990991 	-0.020288512 	-1.9127739e-08 	0.00094405365 	-0.016046273
-0.004978979 	-0.020288531 	-1.934294e-08 	0.00096600574 	-0.016146318
-0.004966967 	-0.02028855 	-1.9558141e-08 	0.00098795783 	-0.016246363
-0.004954955 	-0.020288569 	-1.9773342e-08 	0.0010099099 	-0.016346408
-0.0049429429 	-0.020288588 	-1.9988543e-08 	0.001031862 	-0.016446453
-0.0049309309 	-0.020288607 	-2.0186923e-08 	0.0010531323 	-0.016549242
-0.0049189189 	-0.020288625 	-2.0346637e-08 	0.0010728356 	-0.016658338
-0.0049069069 	-0.020288643 	-2.050635e-08 	0.0010925388 	-0.016767433
-0.0048948949 	-0.020288661 	-2.0666064e-08 	0.001112242 	-0.016876528
-0.0048828829 	-0.020288679 	-2.0825778e-08 	0.0011319453 	-0.016985624
-0.0048708709 	-0.020288697 	-2.0985492e-08 	0.0011516485 	-0.017094719
-0.0048588589 	-0.020288715 	-2.1145206e-08 	0.0011713517 	-0.017203814
-0.0048468468 	-0.020288733 	-2.130492e-08 	0.001191055 	-0.017312909
-0.0048348348 	-0.020288751 	-2.1464634e-08 	0.0012107582 	-0.017422005
-0.0048228228 	-0.020288769 	-2.1624347e-08 	0.0012304614 	-0.0175311
-0.0048108108 	-0.020288787 	-2.1784061e-08 	0.0012501647 	-0.017640195
-0.0047987988 	-0.020288805 	-2.1943775e-08 	0.0012698679 	-0.017749291
-0.0047867868 	-0.020288823 	-2.2103489e-08 	0.0012895711 	-0.017858386
-0.0047747748 	-0.020288841 	-2.2263203e-08 	0.0013092744 	-0.017967481
-0.0047627628 	-0.020288867 	-2.2435559e-08 	0.0013297167 	-0.018066993
-0.0047507508 	-0.02028894 	-2.2674659e-08 	0.0013540608 	-0.018115904
-0.0047387387 	-0.020289012 	-2.2913758e-08 	0.001378405 	-0.018164816
-0.0047267267 	-0.020289085 	-2.3152858e-08 	0.0014027492 	-0.018213727
-0.0047147147 	-0.020289157 	-2.3391958e-08 	0.0014270933 	-0.018262639
-0.0047027027 	-0.02028923 	-2.3631058e-08 	0.0014514375 	-0.01831155
-0.0046906907 	-0.020289303 	-2.3870158e-08 	0.0014757817 	-0.018360462
-0.0046786787 	-0.020289375 	-2.4109257e-08 	0.0015001258 	-0.018409373
-0.0046666667 	-0.020289448 	-2.4348357e-08 	0.00152447 	-0.018458285
-0.0046546547 	-0.02028952 	-2.4587457e-08 	0.0015488142 	-0.018507196
-0.0046426426 	-0.020289592 	-2.4818356e-08 	0.0015727017 	-0.018555968
-0.0046306306 	-0.020289657 	-2.5008421e-08 	0.0015943155 	-0.018604046
-0.0046186186 	-0.020289722 	-2.5198486e-08 	0.0016159293 	-0.018652123
-0.0046066066 	-0.020289787 	-2.5388551e-08 	0.0016375432 	-0.018700201
-0.0045945946 	-0.020289852 	-2.5578616e-08 	0.001659157 	-0.018748278
-0.0045825826 	-0.020289917 	-2.5768681e-08 	0.0016807708 	-0.018796356
-0.0045705706 	-0.020289982 	-2.5958746e-08 	0.0017023846 	-0.018844433
-0.0045585586 	-0.020290047 	-2.6148811e-08 	0.0017239984 	-0.018892511
-0.0045465465 	-0.020290112 	-2.6338876e-08 	0.0017456123 	-0.018940588
-0.0045345345 	-0.020290177 	-2.6528941e-08 	0.0017672261 	-0.018988666
-0.0045225225 	-0.020290242 	-2.6719006e-08 	0.0017888399 	-0.019036743
-0.0045105105 	-0.020290307 	-2.6909071e-08 	0.0018104537 	-0.019084821
-0.0044984985 	-0.020290372 	-2.7099136e-08 	0.0018320675 	-0.019132898
-0.0044864865 	-0.020290437 	-2.7289201e-08 	0.0018536814 	-0.019180976
-0.0044744745 	-0.020290502 	-2.7479267e-08 	0.0018752952 	-0.019229053
-0.0044624625 	-0.020290568 	-2.7669332e-08 	0.001896909 	-0.019277131
-0.0044504505 	-0.020290642 	-2.7874184e-08 	0.0019189028 	-0.019316435
-0.0044384384 	-0.020290779 	-2.818387e-08 	0.0019435905 	-0.019293545
-0.0044264264 	-0.020290917 	-2.8493555e-08 	0.0019682782 	-0.019270654
-0.0044144144 	-0.020291054 	-2.8803241e-08 	0.001992966 	-0.019247763
-0.0044024024 	-0.020291192 	-2.9112927e-08 	0.0020176537 	-0.019224872
-0.0043903904 	-0.020291329 	-2.9422612e-08 	0.0020423414 	-0.019201981
-0.0043783784 	-0.020291467 	-2.9732298e-08 	0.0020670291 	-0.019179091
-0.0043663664 	-0.020291604 	-3.0041984e-08 	0.0020917168 	-0.0191562
-0.0043543544 	-0.020291742 	-3.0351669e-08 	0.0021164045 	-0.019133309
-0.0043423423 	-0.020291879 	-3.0661355e-08 	0.0021410922 	-0.019110418
-0.0043303303 	-0.020292017 	-3.097104e-08 	0.0021657799 	-0.019087528
-0.0043183183 	-0.020292154 	-3.1280726e-08 	0.0021904676 	-0.019064637
-0.0043063063 	-0.020292278 	-3.1551856e-08 	0.0022127072 	-0.019031446
-0.0042942943 	-0.020292399 	-3.181271e-08 	0.0022342942 	-0.01899551
-0.0042822823 	-0.020292519 	-3.2073565e-08 	0.0022558812 	-0.018959575
-0.0042702703 	-0.020292639 	-3.2334419e-08 	0.0022774683 	-0.018923639
-0.0042582583 	-0.02029276 	-3.2595273e-08 	0.0022990553 	-0.018887703
-0.0042462462 	-0.02029288 	-3.2856128e-08 	0.0023206423 	-0.018851768
-0.0042342342 	-0.020293 	-3.3116982e-08 	0.0023422294 	-0.018815832
-0.0042222222 	-0.020293121 	-3.3377836e-08 	0.0023638164 	-0.018779896
-0.0042102102 	-0.020293241 	-3.363869e-08 	0.0023854034 	-0.01874396
-0.0041981982 	-0.020293361 	-3.3899545e-08 	0.0024069904 	-0.018708025
-0.0041861862 	-0.020293482 	-3.4160399e-08 	0.0024285775 	-0.018672089
-0.0041741742 	-0.020293602 	-3.4421253e-08 	0.0024501645 	-0.018636153
-0.0041621622 	-0.020293722 	-3.4682108e-08 	0.0024717515 	-0.018600217
-0.0041501502 	-0.020293843 	-3.4942962e-08 	0.0024933386 	-0.018564282
-0.0041381381 	-0.020293963 	-3.5203816e-08 	0.0025149256 	-0.018528346
-0.0041261261 	-0.020294083 	-3.546467e-08 	0.0025365126 	-0.01849241
-0.0041141141 	-0.020294204 	-3.5725525e-08 	0.0025580997 	-0.018456475
-0.0041021021 	-0.020294324 	-3.5986379e-08 	0.0025796867 	-0.018420539
-0.0040900901 	-0.020294489 	-3.6358311e-08 	0.0026012155 	-0.018328244
-0.0040780781 	-0.020294686 	-3.6807088e-08 	0.0026227039 	-0.018196959
-0.0040660661 	-0.020294883 	-3.7255865e-08 	0.0026441924 	-0.018065673
-0.0040540541 	-0.020295079 	-3.7704642e-08 	0.0026656808 	-0.017934388
-0.004042042 	-0.020295276 	-3.815342e-08 	0.0026871693 	-0.017803103
-0.00403003 	-0.020295473 	-3.8602197e-08 	0.0027086577 	-0.017671818
-0.004018018 	-0.020295669 	-3.9050974e-08 	0.0027301462 	-0.017540532
-0.004006006 	-0.020295866 	-3.9499751e-08 	0.0027516347 	-0.017409247
-0.003993994 	-0.020296063 	-3.9948529e-08 	0.0027731231 	-0.017277962
-0.003981982 	-0.020296259 	-4.0397306e-08 	0.0027946116 	-0.017146677
-0.00396997 	-0.020296456 	-4.0846083e-08 	0.0028161 	-0.017015391
-0.003957958 	-0.020296653 	-4.129486e-08 	0.0028375885 	-0.016884106
-0.0039459459 	-0.020296849 	-4.1743637e-08 	0.0028590769 	-0.016752821
-0.0039339339 	-0.020297025 	-4.2152244e-08 	0.0028782449 	-0.016600776
-0.0039219219 	-0.020297193 	-4.2546346e-08 	0.0028965751 	-0.016441235
-0.0039099099 	-0.020297361 	-4.2940449e-08 	0.0029149052 	-0.016281693
-0.0038978979 	-0.02029753 	-4.3334551e-08 	0.0029332354 	-0.016122152
-0.0038858859 	-0.020297698 	-4.3728653e-08 	0.0029515655 	-0.015962611
-0.0038738739 	-0.020297866 	-4.4122755e-08 	0.0029698957 	-0.01580307
-0.0038618619 	-0.020298034 	-4.4516858e-08 	0.0029882258 	-0.015643529
-0.0038498498 	-0.020298202 	-4.491096e-08 	0.003006556 	-0.015483988
-0.0038378378 	-0.02029837 	-4.5305062e-08 	0.0030248862 	-0.015324447
-0.0038258258 	-0.020298539 	-4.5699165e-08 	0.0030432163 	-0.015164906
-0.0038138138 	-0.020298707 	-4.6093267e-08 	0.0030615465 	-0.015005365
-0.0038018018 	-0.020298875 	-4.6487369e-08 	0.0030798766 	-0.014845824
-0.0037897898 	-0.020299043 	-4.6881472e-08 	0.0030982068 	-0.014686283
-0.0037777778 	-0.020299211 	-4.7275574e-08 	0.0031165369 	-0.014526742
-0.0037657658 	-0.020299379 	-4.7669676e-08 	0.0031348671 	-0.014367201
-0.0037537538 	-0.020299548 	-4.8063779e-08 	0.0031531972 	-0.01420766
-0.0037417417 	-0.020299716 	-4.8457881e-08 	0.0031715274 	-0.014048119
-0.0037297297 	-0.020299884 	-4.8851983e-08 	0.0031898575 	-0.013888578
-0.0037177177 	-0.020300052 	-4.9246086e-08 	0.0032081877 	-0.013729037
-0.0037057057 	-0.02030022 	-4.9640188e-08 	0.0032265178 	-0.013569496
-0.0036936937 	-0.020300393 	-5.0059699e-08 	0.0032443376 	-0.013394929
-0.0036816817 	-0.020300606 	-5.0730138e-08 	0.003257117 	-0.013071983
-0.0036696697 	-0.02030082 	-5.1400576e-08 	0.0032698964 	-0.012749037
-0.0036576577 	-0.020301034 	-5.2071014e-08 	0.0032826758 	-0.012426091
-0.0036456456 	-0.020301248 	-5.2741452e-08 	0.0032954552 	-0.012103145
-0.0036336336 	-0.020301462 	-5.341189e-08 	0.0033082346 	-0.011780199
-0.0036216216 	-0.020301676 	-5.4082328e-08 	0.003321014 	-0.011457253
-0.0036096096 	-0.020301889 	-5.4752767e-08 	0.0033337934 	-0.011134307
-0.0035975976 	-0.020302103 	-5.5423205e-08 	0.0033465728 	-0.010811361
-0.0035855856 	-0.020302317 	-5.6093643e-08 	0.0033593522 	-0.010488415
-0.0035735736 	-0.020302531 	-5.6764081e-08 	0.0033721316 	-0.010165469
-0.0035615616 	-0.020302745 	-5.7434519e-08 	0.003384911 	-0.0098425225
-0.0035495495 	-0.020302959 	-5.8104958e-08 	0.0033976904 	-0.0095195764
-0.0035375375 	-0.020303172 	-5.8775396e-08 	0.0034104698 	-0.0091966303
-0.0035255255 	-0.020303386 	-5.9445834e-08 	0.0034232492 	-0.0088736843
-0.0035135135 	-0.020303583 	-6.0085557e-08 	0.0034346738 	-0.0085271638
-0.0035015015 	-0.020303763 	-6.069563e-08 	0.0034447906 	-0.0081578861
-0.0034894895 	-0.020303943 	-6.1305704e-08 	0.0034549074 	-0.0077886084
-0.0034774775 	-0.020304123 	-6.1915777e-08 	0.0034650242 	-0.0074193307
-0.0034654655 	-0.020304303 	-6.252585e-08 	0.0034751411 	-0.007050053
-0.0034534535 	-0.020304483 	-6.3135923e-08 	0.0034852579 	-0.0066807753
-0.0034414414 	-0.020304663 	-6.3745996e-08 	0.0034953747 	-0.0063114976
-0.0034294294 	-0.020304843 	-6.4356069e-08 	0.0035054915 	-0.0059422198
-0.0034174174 	-0.020305023 	-6.4966143e-08 	0.0035156083 	-0.0055729421
-0.0034054054 	-0.020305204 	-6.5576216e-08 	0.0035257251 	-0.0052036644
-0.0033933934 	-0.020305384 	-6.6186289e-08 	0.0035358419 	-0.0048343867
-0.0033813814 	-0.020305564 	-6.6796362e-08 	0.0035459587 	-0.004465109
-0.0033693694 	-0.020305744 	-6.7406435e-08 	0.0035560755 	-0.0040958313
-0.0033573574 	-0.020305924 	-6.8016508e-08 	0.0035661924 	-0.0037265536
-0.0033453453 	-0.020306104 	-6.8626581e-08 	0.0035763092 	-0.0033572758
-0.0033333333 	-0.020306284 	-6.9236655e-08 	0.003586426 	-0.0029879981
-0.0033213213 	-0.020306464 	-6.9846728e-08 	0.0035965428 	-0.0026187204
-0.0033093093 	-0.020306644 	-7.0456801e-08 	0.0036066596 	-0.0022494427
-0.0032972973 	-0.020306824 	-7.1066874e-08 	0.0036167764 	-0.001880165
-0.0032852853 	-0.020307004 	-7.1676947e-08 	0.0036268932 	-0.0015108873
-0.0032732733 	-0.020307184 	-7.228702e-08 	0.00363701 	-0.0011416096
-0.0032612613 	-0.020307364 	-7.2897094e-08 	0.0036471268 	-0.00077233185
-0.0032492492 	-0.020307544 	-7.3507167e-08 	0.0036572437 	-0.00040305413
-0.0032372372 	-0.020307727 	-7.4137418e-08 	0.0036651147 	3.140795e-06
-0.0032252252 	-0.020307934 	-7.4963375e-08 	0.0036512045 	0.0007673889
-0.0032132132 	-0.020308141 	-7.5789333e-08 	0.0036372942 	0.001531637
-0.0032012012 	-0.020308348 	-7.661529e-08 	0.003623384 	0.0022958851
-0.0031891892 	-0.020308555 	-7.7441247e-08 	0.0036094737 	0.0030601332
-0.0031771772 	-0.020308762 	-7.8267204e-08 	0.0035955635 	0.0038243813
-0.0031651652 	-0.020308969 	-7.9093161e-08 	0.0035816532 	0.0045886294
-0.0031531532 	-0.020309176 	-7.9919119e-08 	0.003567743 	0.0053528775
-0.0031411411 	-0.020309383 	-8.0745076e-08 	0.0035538327 	0.0061171256
-0.0031291291 	-0.02030959 	-8.1571033e-08 	0.0035399225 	0.0068813737
-0.0031171171 	-0.020309797 	-8.239699e-08 	0.0035260122 	0.0076456218
-0.0031051051 	-0.020310004 	-8.3222948e-08 	0.003512102 	0.00840987
-0.0030930931 	-0.020310211 	-8.4048905e-08 	0.0034981917 	0.0091741181
-0.0030810811 	-0.020310418 	-8.4874862e-08 	0.0034842815 	0.0099383662
-0.0030690691 	-0.020310625 	-8.5700819e-08 	0.0034703712 	0.010702614
-0.0030570571 	-0.020310832 	-8.6526776e-08 	0.003456461 	0.011466862
-0.003045045 	-0.020311039 	-8.7352734e-08 	0.0034425507 	0.01223111
-0.003033033 	-0.020311229 	-8.8166554e-08 	0.0034288783 	0.013026892
-0.003021021 	-0.020311406 	-8.897051e-08 	0.0034153992 	0.013848303
-0.003009009 	-0.020311583 	-8.9774465e-08 	0.0034019202 	0.014669714
-0.002996997 	-0.02031176 	-9.0578421e-08 	0.0033884411 	0.015491126
-0.002984985 	-0.020311938 	-9.1382377e-08 	0.003374962 	0.016312537
-0.002972973 	-0.020312115 	-9.2186332e-08 	0.003361483 	0.017133948
-0.002960961 	-0.020312292 	-9.2990288e-08 	0.0033480039 	0.017955359
-0.0029489489 	-0.020312469 	-9.3794243e-08 	0.0033345248 	0.018776771
-0.0029369369 	-0.020312646 	-9.4598199e-08 	0.0033210457 	0.019598182
-0.0029249249 	-0.020312823 	-9.5402155e-08 	0.0033075667 	0.020419593
-0.0029129129 	-0.020313 	-9.620611e-08 	0.0032940876 	0.021241004
-0.0029009009 	-0.020313177 	-9.7010066e-08 	0.0032806085 	0.022062415
-0.0028888889 	-0.020313354 	-9.7814022e-08 	0.0032671295 	0.022883827
-0.0028768769 	-0.020313531 	-9.8617977e-08 	0.0032536504 	0.023705238
-0.0028648649 	-0.020313708 	-9.9421933e-08 	0.0032401713 	0.024526649
-0.0028528529 	-0.020313885 	-1.0022589e-07 	0.0032266922 	0.02534806
-0.0028408408 	-0.020314062 	-1.0102984e-07 	0.0032132132 	0.026169472
-0.0028288288 	-0.02031424 	-1.018338e-07 	0.0031997341 	0.026990883
-0.0028168168 	-0.020314417 	-1.0263776e-07 	0.003186255 	0.027812294
-0.0028048048 	-0.020314594 	-1.0344171e-07 	0.003172776 	0.028633705
-0.0027927928 	-0.020314771 	-1.0424567e-07 	0.0031592969 	0.029455117
-0.0027807808 	-0.020314948 	-1.0504962e-07 	0.0031458178 	0.030276528
-0.0027687688 	-0.020315125 	-1.0585358e-07 	0.0031323388 	0.031097939
-0.0027567568 	-0.020315302 	-1.0665753e-07 	0.0031188597 	0.03191935
-0.0027447447 	-0.020315479 	-1.0746149e-07 	0.0031053806 	0.032740762
-0.0027327327 	-0.020315656 	-1.0826545e-07 	0.0030919015 	0.033562173
-0.0027207207 	-0.020315833 	-1.090694e-07 	0.0030784225 	0.034383584
-0.0027087087 	-0.020315705 	-1.0932097e-07 	0.0030424106 	0.035746995
-0.0026966967 	-0.020315573 	-1.0956771e-07 	0.0030062012 	0.037115155
-0.0026846847 	-0.020315442 	-1.0981444e-07 	0.0029699919 	0.038483315
-0.0026726727 	-0.020315311 	-1.1006117e-07 	0.0029337825 	0.039851475
-0.0026606607 	-0.020315179 	-1.1030791e-07 	0.0028975732 	0.041219635
-0.0026486486 	-0.020315048 	-1.1055464e-07 	0.0028613638 	0.042587795
-0.0026366366 	-0.020314917 	-1.1080137e-07 	0.0028251545 	0.043955955
-0.0026246246 	-0.020314785 	-1.1104811e-07 	0.0027889451 	0.045324115
-0.0026126126 	-0.020314654 	-1.1129484e-07 	0.0027527358 	0.046692275
-0.0026006006 	-0.020314523 	-1.1154157e-07 	0.0027165264 	0.048060435
-0.0025885886 	-0.020314391 	-1.1178831e-07 	0.0026803171 	0.049428595
-0.0025765766 	-0.02031426 	-1.1203504e-07 	0.0026441078 	0.050796755
-0.0025645646 	-0.020314129 	-1.1228178e-07 	0.0026078984 	0.052164915
-0.0025525526 	-0.020313997 	-1.1252851e-07 	0.0025716891 	0.053533075
-0.0025405405 	-0.020313866 	-1.1277524e-07 	0.0025354797 	0.054901235
-0.0025285285 	-0.020313735 	-1.1302198e-07 	0.0024992704 	0.056269395
-0.0025165165 	-0.020313603 	-1.1326871e-07 	0.002463061 	0.057637555
-0.0025045045 	-0.020313472 	-1.1351544e-07 	0.0024268517 	0.059005715
-0.0024924925 	-0.020313347 	-1.1378832e-07 	0.0023916051 	0.060375294
-0.0024804805 	-0.020313243 	-1.1414987e-07 	0.0023596241 	0.061749683
-0.0024684685 	-0.02031314 	-1.1451142e-07 	0.0023276431 	0.063124072
-0.0024564565 	-0.020313036 	-1.1487298e-07 	0.0022956621 	0.064498461
-0.0024444444 	-0.020312932 	-1.1523453e-07 	0.0022636811 	0.06587285
-0.0024324324 	-0.020312828 	-1.1559608e-07 	0.0022317 	0.067247239
-0.0024204204 	-0.020312725 	-1.1595763e-07 	0.002199719 	0.068621628
-0.0024084084 	-0.020312621 	-1.1631919e-07 	0.002167738 	0.069996017
-0.0023963964 	-0.020312517 	-1.1668074e-07 	0.002135757 	0.071370406
-0.0023843844 	-0.020312413 	-1.1704229e-07 	0.0021037759 	0.072744795
-0.0023723724 	-0.02031231 	-1.1740384e-07 	0.0020717949 	0.074119184
-0.0023603604 	-0.020312206 	-1.1776539e-07 	0.0020398139 	0.075493573
-0.0023483483 	-0.020312102 	-1.1812695e-07 	0.0020078329 	0.076867962
-0.0023363363 	-0.020311999 	-1.184885e-07 	0.0019758519 	0.078242351
-0.0023243243 	-0.020311895 	-1.1885005e-07 	0.0019438708 	0.07961674
-0.0023123123 	-0.020311791 	-1.192116e-07 	0.0019118898 	0.080991129
-0.0023003003 	-0.020311687 	-1.1957316e-07 	0.0018799088 	0.082365518
-0.0022882883 	-0.020311584 	-1.1993471e-07 	0.0018479278 	0.083739908
-0.0022762763 	-0.02031148 	-1.2029626e-07 	0.0018159467 	0.085114297
-0.0022642643 	-0.020311376 	-1.2065781e-07 	0.0017839657 	0.086488686
-0.0022522523 	-0.020311273 	-1.2101936e-07 	0.0017519847 	0.087863075
-0.0022402402 	-0.020311169 	-1.2138092e-07 	0.0017200037 	0.089237464
-0.0022282282 	-0.020311065 	-1.2174247e-07 	0.0016880226 	0.090611853
-0.0022162162 	-0.020310961 	-1.2210402e-07 	0.0016560416 	0.091986242
-0.0022042042 	-0.020310858 	-1.2246557e-07 	0.0016240606 	0.093360631
-0.0021921922 	-0.020310754 	-1.2282712e-07 	0.0015920796 	0.09473502
-0.0021801802 	-0.02031065 	-1.2318868e-07 	0.0015600986 	0.096109409
-0.0021681682 	-0.020310546 	-1.2355023e-07 	0.0015281175 	0.097483798
-0.0021561562 	-0.020310443 	-1.2391178e-07 	0.0014961365 	0.098858187
-0.0021441441 	-0.020310339 	-1.2427333e-07 	0.0014641555 	0.10023258
-0.0021321321 	-0.020309973 	-1.2439127e-07 	0.0014110317 	0.10251462
-0.0021201201 	-0.020307247 	-1.2231665e-07 	0.0011676226 	0.11296551
-0.0021081081 	-0.020304675 	-1.2064321e-07 	0.00093518654 	0.12330154
-0.0020960961 	-0.020302455 	-1.1988378e-07 	0.00072775068 	0.13337588
-0.0020840841 	-0.020300234 	-1.1912434e-07 	0.00052031483 	0.14345022
-0.0020720721 	-0.020298615 	-1.1818241e-07 	0.00036554461 	0.15107144
-0.0020600601 	-0.020297963 	-1.1694756e-07 	0.00029529997 	0.15475553
-0.002048048 	-0.020297358 	-1.1587549e-07 	0.00022850566 	0.15838631
-0.002036036 	-0.020296843 	-1.151086e-07 	0.00016818053 	0.16191715
-0.002024024 	-0.020296328 	-1.1434172e-07 	0.0001078554 	0.165448
-0.002012012 	-0.020295815 	-1.1354608e-07 	4.7245417e-05 	0.16899711
-0.002 	-0.020295364 	-1.1194191e-07 	-2.137571e-05 	0.17306001
-0.001987988 	-0.020294914 	-1.1033774e-07 	-8.9996838e-05 	0.1771229
-0.001975976 	-0.020294533 	-1.0907876e-07 	-0.00015179995 	0.18104577
-0.001963964 	-0.020294178 	-1.0795084e-07 	-0.00021101454 	0.18491547
-0.001951952 	-0.020293823 	-1.0682292e-07 	-0.00027022913 	0.18878517
-0.0019399399 	-0.020293468 	-1.0569499e-07 	-0.00032944372 	0.19265487
-0.0019279279 	-0.020293018 	-1.0382334e-07 	-0.00039555392 	0.19712803
-0.0019159159 	-0.020292564 	-1.0192572e-07 	-0.00046190478 	0.20162225
-0.0019039039 	-0.020292142 	-1.0018228e-07 	-0.00052525321 	0.20603422
-0.0018918919 	-0.020291779 	-9.8729533e-08 	-0.00058294056 	0.2102911
-0.0018798799 	-0.020291415 	-9.7276783e-08 	-0.00064062791 	0.21454798
-0.0018678679 	-0.020291052 	-9.5824033e-08 	-0.00069831527 	0.21880487
-0.0018558559 	-0.02029068 	-9.4321326e-08 	-0.00075621905 	0.22312058
-0.0018438438 	-0.020290215 	-9.2268125e-08 	-0.00081650772 	0.22808455
-0.0018318318 	-0.020289749 	-9.0214925e-08 	-0.0008767964 	0.23304852
-0.0018198198 	-0.020289293 	-8.8201823e-08 	-0.00093630818 	0.23798109
-0.0018078078 	-0.020288911 	-8.6507856e-08 	-0.00098963686 	0.24266373
-0.0017957958 	-0.020288528 	-8.4813889e-08 	-0.0010429655 	0.24734637
-0.0017837838 	-0.020288146 	-8.3119922e-08 	-0.0010962942 	0.252029
-0.0017717718 	-0.020287763 	-8.1425955e-08 	-0.0011496229 	0.25671164
-0.0017597598 	-0.020287366 	-7.9647317e-08 	-0.0012017129 	0.2615998
-0.0017477477 	-0.020286928 	-7.7646169e-08 	-0.0012505475 	0.26702808
-0.0017357357 	-0.020286489 	-7.5645021e-08 	-0.0012993821 	0.27245635
-0.0017237237 	-0.020286051 	-7.3643872e-08 	-0.0013482167 	0.27788462
-0.0017117117 	-0.02028567 	-7.1837849e-08 	-0.0013935021 	0.28302893
-0.0016996997 	-0.020285296 	-7.0052321e-08 	-0.0014384148 	0.28814341
-0.0016876877 	-0.020284921 	-6.8266793e-08 	-0.0014833274 	0.29325789
-0.0016756757 	-0.020284546 	-6.6481265e-08 	-0.00152824 	0.29837237
-0.0016636637 	-0.020284171 	-6.4695738e-08 	-0.0015731526 	0.30348684
-0.0016516517 	-0.020283794 	-6.2943982e-08 	-0.0016124346 	0.308887
-0.0016396396 	-0.020283415 	-6.1238972e-08 	-0.0016439227 	0.3146826
-0.0016276276 	-0.020283036 	-5.9533963e-08 	-0.0016754108 	0.32047819
-0.0016156156 	-0.020282657 	-5.7828954e-08 	-0.0017068989 	0.32627379
-0.0016036036 	-0.020282298 	-5.6147798e-08 	-0.0017384862 	0.33188306
-0.0015915916 	-0.020281953 	-5.448281e-08 	-0.0017701406 	0.33736604
-0.0015795796 	-0.020281608 	-5.2817823e-08 	-0.001801795 	0.34284902
-0.0015675676 	-0.020281263 	-5.1152836e-08 	-0.0018334494 	0.348332
-0.0015555556 	-0.020280918 	-4.9487849e-08 	-0.0018651038 	0.35381498
-0.0015435435 	-0.020280574 	-4.7822862e-08 	-0.0018967582 	0.35929796
-0.0015315315 	-0.020280246 	-4.6323678e-08 	-0.0019204625 	0.36494549
-0.0015195195 	-0.020279947 	-4.5102354e-08 	-0.0019308436 	0.37086878
-0.0015075075 	-0.020279648 	-4.3881029e-08 	-0.0019412248 	0.37679207
-0.0014954955 	-0.020279349 	-4.2659704e-08 	-0.001951606 	0.38271536
-0.0014834835 	-0.02027905 	-4.1434561e-08 	-0.0019621257 	0.38862935
-0.0014714715 	-0.020278752 	-4.0109348e-08 	-0.0019762766 	0.39429964
-0.0014594595 	-0.020278453 	-3.8784134e-08 	-0.0019904275 	0.39996994
-0.0014474474 	-0.020278155 	-3.7458921e-08 	-0.0020045783 	0.40564024
-0.0014354354 	-0.020277856 	-3.6133707e-08 	-0.0020187292 	0.41131053
-0.0014234234 	-0.020277558 	-3.4808494e-08 	-0.0020328801 	0.41698083
-0.0014114114 	-0.020277259 	-3.348328e-08 	-0.002047031 	0.42265113
-0.0013993994 	-0.020276961 	-3.2158067e-08 	-0.0020611818 	0.42832143
-0.0013873874 	-0.020276749 	-3.1438258e-08 	-0.0020525526 	0.43398967
-0.0013753754 	-0.020276539 	-3.0731602e-08 	-0.0020434285 	0.43965787
-0.0013633634 	-0.02027633 	-3.0024945e-08 	-0.0020343044 	0.44532608
-0.0013513514 	-0.02027612 	-2.9318288e-08 	-0.0020251803 	0.45099428
-0.0013393393 	-0.020275908 	-2.8602424e-08 	-0.0020163487 	0.45665439
-0.0013273273 	-0.020275668 	-2.7740432e-08 	-0.0020121586 	0.46218608
-0.0013153153 	-0.020275427 	-2.687844e-08 	-0.0020079684 	0.46771777
-0.0013033033 	-0.020275187 	-2.6016448e-08 	-0.0020037783 	0.47324945
-0.0012912913 	-0.020274946 	-2.5154457e-08 	-0.0019995881 	0.47878114
-0.0012792793 	-0.020274705 	-2.4292465e-08 	-0.001995398 	0.48431283
-0.0012672673 	-0.020274465 	-2.3430473e-08 	-0.0019912079 	0.48984452
-0.0012552553 	-0.020274224 	-2.2568481e-08 	-0.0019870177 	0.49537621
-0.0012432432 	-0.02027399 	-2.173541e-08 	-0.0019819048 	0.50087867
-0.0012312312 	-0.020273865 	-2.1416328e-08 	-0.0019603918 	0.50586173
-0.0012192192 	-0.02027374 	-2.1097246e-08 	-0.0019388788 	0.51084479
-0.0012072072 	-0.020273616 	-2.0778163e-08 	-0.0019173659 	0.51582784
-0.0011951952 	-0.020273491 	-2.0459081e-08 	-0.0018958529 	0.5208109
-0.0011831832 	-0.020273366 	-2.0139998e-08 	-0.00187434 	0.52579396
-0.0011711712 	-0.020273218 	-1.9764423e-08 	-0.0018544919 	0.5307728
-0.0011591592 	-0.020273043 	-1.932592e-08 	-0.0018364984 	0.53574695
-0.0011471471 	-0.020272867 	-1.8887417e-08 	-0.0018185049 	0.5407211
-0.0011351351 	-0.020272692 	-1.8448914e-08 	-0.0018005114 	0.54569525
-0.0011231231 	-0.020272517 	-1.8010411e-08 	-0.0017825179 	0.5506694
-0.0011111111 	-0.020272342 	-1.7571909e-08 	-0.0017645243 	0.55564355
-0.0010990991 	-0.020272167 	-1.7133406e-08 	-0.0017465308 	0.5606177
-0.0010870871 	-0.020271992 	-1.6694903e-08 	-0.0017285373 	0.56559185
-0.0010750751 	-0.020271817 	-1.62564e-08 	-0.0017105438 	0.570566
-0.0010630631 	-0.02027167 	-1.5946714e-08 	-0.0016890606 	0.57514413
-0.0010510511 	-0.020271566 	-1.5837032e-08 	-0.0016621592 	0.5791074
-0.001039039 	-0.020271462 	-1.572735e-08 	-0.0016352578 	0.58307066
-0.001027027 	-0.020271358 	-1.5617668e-08 	-0.0016083564 	0.58703393
-0.001015015 	-0.020271254 	-1.5507985e-08 	-0.001581455 	0.5909972
-0.001003003 	-0.02027115 	-1.5398303e-08 	-0.0015545537 	0.59496047
-0.00099099099 	-0.020271043 	-1.5285084e-08 	-0.0015277416 	0.59892842
-0.00097897898 	-0.020270889 	-1.5118409e-08 	-0.0015022807 	0.60296729
-0.00096696697 	-0.020270735 	-1.4951734e-08 	-0.0014768198 	0.60700616
-0.00095495495 	-0.020270581 	-1.4785058e-08 	-0.0014513589 	0.61104502
-0.00094294294 	-0.020270427 	-1.4618383e-08 	-0.0014258979 	0.61508389
-0.00093093093 	-0.020270273 	-1.4451707e-08 	-0.001400437 	0.61912275
-0.00091891892 	-0.020270119 	-1.4285032e-08 	-0.0013749761 	0.62316162
-0.00090690691 	-0.020269965 	-1.4118356e-08 	-0.0013495151 	0.62720048
-0.00089489489 	-0.020269811 	-1.3951681e-08 	-0.0013240542 	0.63123935
-0.00088288288 	-0.020269657 	-1.3785005e-08 	-0.0012985933 	0.63527821
-0.00087087087 	-0.020269503 	-1.361833e-08 	-0.0012731324 	0.63931708
-0.00085885886 	-0.020269521 	-1.3561802e-08 	-0.0012469196 	0.64255474
-0.00084684685 	-0.020269592 	-1.3539866e-08 	-0.0012204708 	0.64554079
-0.00083483483 	-0.020269663 	-1.351793e-08 	-0.001194022 	0.64852684
-0.00082282282 	-0.020269735 	-1.3495993e-08 	-0.0011675732 	0.65151289
-0.00081081081 	-0.020269806 	-1.3474057e-08 	-0.0011411244 	0.65449894
-0.0007987988 	-0.020269877 	-1.3452121e-08 	-0.0011146756 	0.65748499
-0.00078678679 	-0.020269949 	-1.3430184e-08 	-0.0010882268 	0.66047104
-0.00077477477 	-0.020269991 	-1.3399143e-08 	-0.0010615675 	0.66352771
-0.00076276276 	-0.020270011 	-1.3361538e-08 	-0.0010347565 	0.66663527
-0.00075075075 	-0.020270032 	-1.3323934e-08 	-0.0010079455 	0.66974284
-0.00073873874 	-0.020270053 	-1.3286329e-08 	-0.00098113451 	0.6728504
-0.00072672673 	-0.020270074 	-1.3248725e-08 	-0.00095432351 	0.67595797
-0.00071471471 	-0.020270094 	-1.3211121e-08 	-0.00092751251 	0.67906553
-0.0007027027 	-0.020270115 	-1.3173516e-08 	-0.00090070151 	0.68217309
-0.00069069069 	-0.020270136 	-1.3135912e-08 	-0.00087389051 	0.68528066
-0.00067867868 	-0.020270157 	-1.3098308e-08 	-0.00084707951 	0.68838822
-0.00066666667 	-0.020270178 	-1.3060703e-08 	-0.00082026851 	0.69149579
-0.00065465465 	-0.020270198 	-1.3023099e-08 	-0.00079345751 	0.69460335
-0.00064264264 	-0.020270219 	-1.2985494e-08 	-0.00076664651 	0.69771092
-0.00063063063 	-0.020270234 	-1.2968622e-08 	-0.00074967558 	0.69944787
-0.00061861862 	-0.020270247 	-1.2954141e-08 	-0.00073384005 	0.70102668
-0.00060660661 	-0.020270261 	-1.293966e-08 	-0.00071800453 	0.70260549
-0.00059459459 	-0.020270275 	-1.2925179e-08 	-0.00070216901 	0.7041843
-0.00058258258 	-0.020270289 	-1.2910698e-08 	-0.00068633349 	0.70576311
-0.00057057057 	-0.020270302 	-1.2896218e-08 	-0.00067049796 	0.70734191
-0.00055855856 	-0.020270316 	-1.2881737e-08 	-0.00065466244 	0.70892072
-0.00054654655 	-0.02027033 	-1.2867256e-08 	-0.00063882692 	0.71049953
-0.00053453453 	-0.020270344 	-1.2852775e-08 	-0.00062299139 	0.71207834
-0.00052252252 	-0.020270357 	-1.2838294e-08 	-0.00060715587 	0.71365715
-0.00051051051 	-0.020270371 	-1.2823814e-08 	-0.00059132035 	0.71523596
-0.0004984985 	-0.020270385 	-1.2809333e-08 	-0.00057548483 	0.71681476
-0.00048648649 	-0.020270399 	-1.2794852e-08 	-0.0005596493 	0.71839357
-0.00047447447 	-0.020270413 	-1.2780371e-08 	-0.00054381378 	0.71997238
-0.00046246246 	-0.020270426 	-1.276589e-08 	-0.00052797826 	0.72155119
-0.00045045045 	-0.02027044 	-1.275141e-08 	-0.00051214274 	0.72313
-0.00043843844 	-0.020270463 	-1.2738037e-08 	-0.00049649458 	0.72469077
-0.00042642643 	-0.02027051 	-1.2727684e-08 	-0.00048135672 	0.72620245
-0.00041441441 	-0.020270557 	-1.2717331e-08 	-0.00046621886 	0.72771412
-0.0004024024 	-0.020270604 	-1.2706977e-08 	-0.000451081 	0.7292258
-0.00039039039 	-0.020270651 	-1.2696624e-08 	-0.00043594315 	0.73073747
-0.00037837838 	-0.020270698 	-1.2686271e-08 	-0.00042080529 	0.73224915
-0.00036636637 	-0.020270745 	-1.2675917e-08 	-0.00040566743 	0.73376082
-0.00035435435 	-0.020270792 	-1.2665564e-08 	-0.00039052957 	0.7352725
-0.00034234234 	-0.020270839 	-1.2655211e-08 	-0.00037539172 	0.73678417
-0.00033033033 	-0.020270886 	-1.2644857e-08 	-0.00036025386 	0.73829585
-0.00031831832 	-0.020270913 	-1.2633835e-08 	-0.00034548804 	0.73961606
-0.00030630631 	-0.020270857 	-1.2620111e-08 	-0.00033222659 	0.74016209
-0.00029429429 	-0.020270802 	-1.2606386e-08 	-0.00031896514 	0.74070811
-0.00028228228 	-0.020270746 	-1.2592661e-08 	-0.00030570368 	0.74125414
-0.00027027027 	-0.020270691 	-1.2578937e-08 	-0.00029244223 	0.74180017
-0.00025825826 	-0.020270635 	-1.2565212e-08 	-0.00027918078 	0.7423462
-0.00024624625 	-0.02027058 	-1.2551487e-08 	-0.00026591932 	0.74289223
-0.00023423423 	-0.020270524 	-1.2537762e-08 	-0.00025265787 	0.74343826
-0.00022222222 	-0.020270469 	-1.2524038e-08 	-0.00023939641 	0.74398428
-0.00021021021 	-0.020270414 	-1.2510313e-08 	-0.00022613496 	0.74453031
-0.0001981982 	-0.020270358 	-1.2496588e-08 	-0.00021287351 	0.74507634
-0.00018618619 	-0.020270303 	-1.2482863e-08 	-0.00019961205 	0.74562237
-0.00017417417 	-0.020270247 	-1.2469139e-08 	-0.0001863506 	0.7461684
-0.00016216216 	-0.020270192 	-1.2455414e-08 	-0.00017308915 	0.74671443
-0.00015015015 	-0.020270136 	-1.2441689e-08 	-0.00015982769 	0.74726045
-0.00013813814 	-0.020270081 	-1.2427964e-08 	-0.00014656624 	0.74780648
-0.00012612613 	-0.020270025 	-1.241424e-08 	-0.00013330479 	0.74835251
-0.00011411411 	-0.020269976 	-1.2402021e-08 	-0.00012038039 	0.74888238
-0.0001021021 	-0.020269932 	-1.2390936e-08 	-0.00010770997 	0.74940007
-9.009009e-05 	-0.020269887 	-1.2379852e-08 	-9.5039544e-05 	0.74991777
-7.8078078e-05 	-0.020269843 	-1.2368768e-08 	-8.2369123e-05 	0.75043546
-6.6066066e-05 	-0.020269799 	-1.2357684e-08 	-6.9698701e-05 	0.75095315
-5.4054054e-05 	-0.020269754 	-1.2346599e-08 	-5.7028279e-05 	0.75147085
-4.2042042e-05 	-0.02026971 	-1.2335515e-08 	-4.4357858e-05 	0.75198854
-3.003003e-05 	-0.020269666 	-1.2324431e-08 	-3.1687436e-05 	0.75250623
-1.8018018e-05 	-0.020269621 	-1.2313347e-08 	-1.9017014e-05 	0.75302393
-6.006006e-06 	-0.020269577 	-1.2302262e-08 	-6.3465925e-06 	0.75354162
6.006006e-06 	-0.020269582 	-1.2304093e-08 	6.6193534e-06 	0.75352745
1.8018018e-05 	-0.020269638 	-1.2318838e-08 	1.9880823e-05 	0.75298142
3.003003e-05 	-0.020269693 	-1.2333583e-08 	3.3142293e-05 	0.7524354
4.2042042e-05 	-0.020269749 	-1.2348329e-08 	4.6403763e-05 	0.75188937
5.4054054e-05 	-0.020269804 	-1.2363074e-08 	5.9665233e-05 	0.75134334
6.6066066e-05 	-0.02026986 	-1.2377819e-08 	7.2926703e-05 	0.75079731
7.8078078e-05 	-0.020269915 	-1.2392564e-08 	8.6188173e-05 	0.75025128
9.009009e-05 	-0.020269971 	-1.240731e-08 	9.9449643e-05 	0.74970525
0.0001021021 	-0.020270026 	-1.2422055e-08 	0.00011271111 	0.74915922
0.00011411411 	-0.020270081 	-1.24368e-08 	0.00012597258 	0.74861319
0.00012612613 	-0.020270137 	-1.2451545e-08 	0.00013923405 	0.74806716
0.00013813814 	-0.020270192 	-1.2466291e-08 	0.00015249552 	0.74752113
0.00015015015 	-0.020270248 	-1.2481036e-08 	0.00016575699 	0.7469751
0.00016216216 	-0.020270303 	-1.2495781e-08 	0.00017901846 	0.74642908
0.00017417417 	-0.020270359 	-1.2510526e-08 	0.00019227993 	0.74588305
0.00018618619 	-0.020270414 	-1.2525272e-08 	0.0002055414 	0.74533702
0.0001981982 	-0.02027047 	-1.2540017e-08 	0.00021880287 	0.74479099
0.00021021021 	-0.020270515 	-1.2552313e-08 	0.00023154896 	0.74426967
0.00022222222 	-0.02027056 	-1.256425e-08 	0.00024421939 	0.74375197
0.00023423423 	-0.020270604 	-1.2576187e-08 	0.00025688983 	0.74323428
0.00024624625 	-0.020270649 	-1.2588125e-08 	0.00026956027 	0.74271658
0.00025825826 	-0.020270693 	-1.2600062e-08 	0.0002822307 	0.74219889
0.00027027027 	-0.020270737 	-1.2611999e-08 	0.00029490114 	0.7416812
0.00028228228 	-0.020270782 	-1.2623936e-08 	0.00030757158 	0.7411635
0.00029429429 	-0.020270826 	-1.2635873e-08 	0.00032024201 	0.74064581
0.00030630631 	-0.02027087 	-1.264781e-08 	0.00033291245 	0.74012811
0.00031831832 	-0.020270915 	-1.2659747e-08 	0.00034558289 	0.73961042
0.00033033033 	-0.020270913 	-1.2674954e-08 	0.00036079088 	0.738242
0.00034234234 	-0.020270899 	-1.2690971e-08 	0.00037662643 	0.73666319
0.00035435435 	-0.020270885 	-1.2706987e-08 	0.00039246199 	0.73508439
0.00036636637 	-0.020270871 	-1.2723003e-08 	0.00040829755 	0.73350558
0.00037837838 	-0.020270857 	-1.2739019e-08 	0.0004241331 	0.73192677
0.00039039039 	-0.020270844 	-1.2755035e-08 	0.00043996866 	0.73034796
0.0004024024 	-0.02027083 	-1.2771051e-08 	0.00045580422 	0.72876915
0.00041441441 	-0.020270816 	-1.2787067e-08 	0.00047163977 	0.72719034
0.00042642643 	-0.020270802 	-1.2803083e-08 	0.00048747533 	0.72561153
0.00043843844 	-0.020270789 	-1.28191e-08 	0.00050331089 	0.72403272
0.00045045045 	-0.020270775 	-1.2835116e-08 	0.00051914644 	0.72245391
0.00046246246 	-0.020270761 	-1.2851132e-08 	0.000534982 	0.72087511
0.00047447447 	-0.020270747 	-1.2867148e-08 	0.00055081756 	0.7192963
0.00048648649 	-0.020270734 	-1.2883164e-08 	0.00056665311 	0.71771749
0.0004984985 	-0.02027072 	-1.289918e-08 	0.00058248867 	0.71613868
0.00051051051 	-0.020270706 	-1.2915196e-08 	0.00059832423 	0.71455987
0.00052252252 	-0.020270686 	-1.2930493e-08 	0.00061403858 	0.71299272
0.00053453453 	-0.020270639 	-1.2942366e-08 	0.00062917647 	0.71148105
0.00054654655 	-0.020270592 	-1.2954239e-08 	0.00064431436 	0.70996937
0.00055855856 	-0.020270545 	-1.2966112e-08 	0.00065945225 	0.7084577
0.00057057057 	-0.020270498 	-1.2977985e-08 	0.00067459014 	0.70694602
0.00058258258 	-0.020270451 	-1.2989858e-08 	0.00068972803 	0.70543435
0.00059459459 	-0.020270404 	-1.3001731e-08 	0.00070486592 	0.70392267
0.00060660661 	-0.020270357 	-1.3013604e-08 	0.00072000381 	0.702411
0.00061861862 	-0.02027031 	-1.3025477e-08 	0.0007351417 	0.70089932
0.00063063063 	-0.020270263 	-1.303735e-08 	0.00075027959 	0.69938765
0.00064264264 	-0.020270219 	-1.3052089e-08 	0.00076662507 	0.69771088
0.00065465465 	-0.020270198 	-1.3091669e-08 	0.00079343612 	0.69460331
0.00066666667 	-0.020270177 	-1.3131248e-08 	0.00082024717 	0.69149574
0.00067867868 	-0.020270157 	-1.3170827e-08 	0.00084705822 	0.68838818
0.00069069069 	-0.020270136 	-1.3210406e-08 	0.00087386927 	0.68528061
0.0007027027 	-0.020270115 	-1.3249985e-08 	0.00090068032 	0.68217305
0.00071471471 	-0.020270094 	-1.3289564e-08 	0.00092749137 	0.67906548
0.00072672673 	-0.020270073 	-1.3329143e-08 	0.00095430242 	0.67595792
0.00073873874 	-0.020270053 	-1.3368722e-08 	0.00098111347 	0.67285035
0.00075075075 	-0.020270032 	-1.3408301e-08 	0.0010079245 	0.66974278
0.00076276276 	-0.020270011 	-1.344788e-08 	0.0010347356 	0.66663522
0.00077477477 	-0.02026999 	-1.3487459e-08 	0.0010615466 	0.66352765
0.00078678679 	-0.020269948 	-1.3520399e-08 	0.001088206 	0.66047098
0.0007987988 	-0.020269877 	-1.3544126e-08 	0.0011146548 	0.65748493
0.00081081081 	-0.020269806 	-1.3567853e-08 	0.0011411037 	0.65449888
0.00082282282 	-0.020269734 	-1.3591581e-08 	0.0011675525 	0.65151283
0.00083483483 	-0.020269663 	-1.3615308e-08 	0.0011940014 	0.64852678
0.00084684685 	-0.020269592 	-1.3639035e-08 	0.0012204502 	0.64554073
0.00085885886 	-0.02026952 	-1.3662763e-08 	0.0012468991 	0.64255468
0.00087087087 	-0.020269503 	-1.3721119e-08 	0.0012731119 	0.63931702
0.00088288288 	-0.020269657 	-1.3889746e-08 	0.0012985728 	0.63527815
0.00089489489 	-0.020269811 	-1.4058373e-08 	0.0013240338 	0.63123928
0.00090690691 	-0.020269965 	-1.4226999e-08 	0.0013494948 	0.62720042
0.00091891892 	-0.020270119 	-1.4395626e-08 	0.0013749558 	0.62316155
0.00093093093 	-0.020270273 	-1.4564252e-08 	0.0014004168 	0.61912268
0.00094294294 	-0.020270427 	-1.4732879e-08 	0.0014258777 	0.61508381
0.00095495495 	-0.020270581 	-1.4901506e-08 	0.0014513387 	0.61104495
0.00096696697 	-0.020270735 	-1.5070132e-08 	0.0014767997 	0.60700608
0.00097897898 	-0.020270889 	-1.5238759e-08 	0.0015022607 	0.60296721
0.00099099099 	-0.020271043 	-1.5407385e-08 	0.0015277217 	0.59892835
0.001003003 	-0.02027115 	-1.5522496e-08 	0.0015545337 	0.59496039
0.001015015 	-0.020271254 	-1.5634067e-08 	0.0015814352 	0.59099712
0.001027027 	-0.020271358 	-1.5745637e-08 	0.0016083366 	0.58703385
0.001039039 	-0.020271461 	-1.5857208e-08 	0.001635238 	0.58307058
0.0010510511 	-0.020271565 	-1.5968778e-08 	0.0016621395 	0.57910731
0.0010630631 	-0.020271669 	-1.6080349e-08 	0.0016890409 	0.57514404
0.0010750751 	-0.020271816 	-1.6391964e-08 	0.0017105241 	0.57056591
0.0010870871 	-0.020271991 	-1.6832422e-08 	0.0017285177 	0.56559176
0.0010990991 	-0.020272166 	-1.727288e-08 	0.0017465112 	0.5606176
0.0011111111 	-0.020272342 	-1.7713338e-08 	0.0017645047 	0.55564345
0.0011231231 	-0.020272517 	-1.8153797e-08 	0.0017824983 	0.5506693
0.0011351351 	-0.020272692 	-1.8594255e-08 	0.0018004918 	0.54569515
0.0011471471 	-0.020272867 	-1.9034713e-08 	0.0018184853 	0.540721
0.0011591592 	-0.020273042 	-1.9475171e-08 	0.0018364788 	0.53574684
0.0011711712 	-0.020273217 	-1.9915629e-08 	0.0018544724 	0.53077269
0.0011831832 	-0.020273366 	-2.0293078e-08 	0.0018743204 	0.52579385
0.0011951952 	-0.02027349 	-2.0613959e-08 	0.0018958334 	0.52081079
0.0012072072 	-0.020273615 	-2.093484e-08 	0.0019173464 	0.51582773
0.0012192192 	-0.02027374 	-2.1255722e-08 	0.0019388594 	0.51084467
0.0012312312 	-0.020273865 	-2.1576603e-08 	0.0019603724 	0.50586161
0.0012432432 	-0.020273989 	-2.1897484e-08 	0.0019818854 	0.50087856
0.0012552553 	-0.020274224 	-2.2733204e-08 	0.0019869983 	0.49537609
0.0012672673 	-0.020274464 	-2.3597894e-08 	0.0019911883 	0.4898444
0.0012792793 	-0.020274705 	-2.4462584e-08 	0.0019953784 	0.48431271
0.0012912913 	-0.020274945 	-2.5327274e-08 	0.0019995684 	0.47878101
0.0013033033 	-0.020275186 	-2.6191963e-08 	0.0020037585 	0.47324932
0.0013153153 	-0.020275427 	-2.7056653e-08 	0.0020079486 	0.46771763
0.0013273273 	-0.020275667 	-2.7921343e-08 	0.0020121386 	0.46218594
0.0013393393 	-0.020275908 	-2.8786033e-08 	0.0020163287 	0.45665425
0.0013513514 	-0.020276119 	-2.9504158e-08 	0.0020251603 	0.45099413
0.0013633634 	-0.020276329 	-3.0213049e-08 	0.0020342843 	0.44532593
0.0013753754 	-0.020276539 	-3.0921939e-08 	0.0020434084 	0.43965772
0.0013873874 	-0.020276749 	-3.163083e-08 	0.0020525324 	0.43398952
0.0013993994 	-0.02027696 	-3.2352911e-08 	0.0020611616 	0.42832127
0.0014114114 	-0.020277259 	-3.3682172e-08 	0.0020470105 	0.42265097
0.0014234234 	-0.020277557 	-3.5011434e-08 	0.0020328595 	0.41698067
0.0014354354 	-0.020277856 	-3.6340695e-08 	0.0020187084 	0.41131037
0.0014474474 	-0.020278154 	-3.7669957e-08 	0.0020045573 	0.40564007
0.0014594595 	-0.020278452 	-3.8999218e-08 	0.0019904062 	0.39996977
0.0014714715 	-0.020278751 	-4.032848e-08 	0.0019762551 	0.39429946
0.0014834835 	-0.020279049 	-4.1657741e-08 	0.0019621041 	0.38862916
0.0014954955 	-0.020279348 	-4.2886534e-08 	0.0019515842 	0.38271517
0.0015075075 	-0.020279647 	-4.4111492e-08 	0.0019412028 	0.37679188
0.0015195195 	-0.020279946 	-4.5336451e-08 	0.0019308215 	0.37086859
0.0015315315 	-0.020280245 	-4.6561409e-08 	0.0019204402 	0.3649453
0.0015435435 	-0.020280573 	-4.8065138e-08 	0.0018967356 	0.35929776
0.0015555556 	-0.020280918 	-4.9735215e-08 	0.0018650809 	0.35381478
0.0015675676 	-0.020281263 	-5.1405292e-08 	0.0018334262 	0.34833179
0.0015795796 	-0.020281608 	-5.3075368e-08 	0.0018017715 	0.34284881
0.0015915916 	-0.020281953 	-5.4745445e-08 	0.0017701167 	0.33736582
0.0016036036 	-0.020282298 	-5.6415522e-08 	0.001738462 	0.33188284
0.0016156156 	-0.020282656 	-5.810168e-08 	0.0017068745 	0.32627356
0.0016276276 	-0.020283035 	-5.9811562e-08 	0.001675386 	0.32047796
0.0016396396 	-0.020283415 	-6.1521444e-08 	0.0016438976 	0.31468236
0.0016516517 	-0.020283794 	-6.3231326e-08 	0.0016124092 	0.30888676
0.0016636637 	-0.02028417 	-6.4988396e-08 	0.0015731269 	0.30348659
0.0016756757 	-0.020284545 	-6.6779558e-08 	0.0015282138 	0.29837211
0.0016876877 	-0.02028492 	-6.8570719e-08 	0.0014833008 	0.29325762
0.0016996997 	-0.020285295 	-7.036188e-08 	0.0014383878 	0.28814314
0.0017117117 	-0.02028567 	-7.2153041e-08 	0.0013934748 	0.28302866
0.0017237237 	-0.020286051 	-7.3964729e-08 	0.0013481889 	0.27788434
0.0017357357 	-0.020286489 	-7.5971833e-08 	0.0012993539 	0.27245606
0.0017477477 	-0.020286927 	-7.7978936e-08 	0.0012505189 	0.26702779
0.0017597598 	-0.020287365 	-7.9986039e-08 	0.0012016838 	0.26159951
0.0017717718 	-0.020287763 	-8.1770139e-08 	0.0011495934 	0.25671134
0.0017837838 	-0.020288145 	-8.3469378e-08 	0.0010962643 	0.25202869
0.0017957958 	-0.020288528 	-8.5168618e-08 	0.0010429351 	0.24734605
0.0018078078 	-0.02028891 	-8.6867857e-08 	0.00098960599 	0.24266341
0.0018198198 	-0.020289292 	-8.8567097e-08 	0.00093627684 	0.23798076
0.0018318318 	-0.020289749 	-9.058665e-08 	0.00087676457 	0.23304819
0.0018438438 	-0.020290214 	-9.2646451e-08 	0.00081647541 	0.22808421
0.0018558559 	-0.02029068 	-9.4706252e-08 	0.00075618625 	0.22312023
0.0018678679 	-0.020291051 	-9.6213765e-08 	0.00069828198 	0.21880451
0.0018798799 	-0.020291415 	-9.7671157e-08 	0.00064059414 	0.21454762
0.0018918919 	-0.020291778 	-9.9128549e-08 	0.00058290631 	0.21029073
0.0019039039 	-0.020292141 	-1.0058594e-07 	0.00052521847 	0.20603384
0.0019159159 	-0.020292564 	-1.0233519e-07 	0.00046186952 	0.20162186
0.0019279279 	-0.020293017 	-1.0423923e-07 	0.00039551814 	0.19712764
0.0019399399 	-0.020293468 	-1.0611724e-07 	0.00032940741 	0.19265447
0.001951952 	-0.020293823 	-1.0724924e-07 	0.00027019234 	0.18878477
0.001963964 	-0.020294177 	-1.0838123e-07 	0.00021097727 	0.18491506
0.001975976 	-0.020294532 	-1.0951323e-07 	0.00015176221 	0.18104535
0.001987988 	-0.020294913 	-1.1077681e-07 	8.9958608e-05 	0.17712248
0.002 	-0.020295364 	-1.1238694e-07 	2.133694e-05 	0.17305958
0.002012012 	-0.020295814 	-1.1399707e-07 	-4.7284728e-05 	0.16899667
0.002024024 	-0.020296327 	-1.1479542e-07 	-0.00010789518 	0.16544756
0.002036036 	-0.020296842 	-1.155649e-07 	-0.00016822077 	0.16191671
0.002048048 	-0.020297358 	-1.1633437e-07 	-0.00022854637 	0.15838586
0.0020600601 	-0.020297962 	-1.174108e-07 	-0.0002953412 	0.15475507
0.0020720721 	-0.020298615 	-1.1865094e-07 	-0.0003655864 	0.15107097
0.0020840841 	-0.020300234 	-1.1959608e-07 	-0.0005203577 	0.14344974
0.0020960961 	-0.020302454 	-1.2035742e-07 	-0.00072779496 	0.13337539
0.0021081081 	-0.020304675 	-1.2111876e-07 	-0.00093523222 	0.12330104
0.0021201201 	-0.020307247 	-1.2279971e-07 	-0.0011676699 	0.112965
0.0021321321 	-0.020309973 	-1.2488431e-07 	-0.0014110809 	0.1025141
0.0021441441 	-0.020310339 	-1.2476497e-07 	-0.001464205 	0.10023206
0.0021561562 	-0.020310442 	-1.2440076e-07 	-0.0014961861 	0.098857665
0.0021681682 	-0.020310546 	-1.2403654e-07 	-0.0015281673 	0.097483275
0.0021801802 	-0.02031065 	-1.2367232e-07 	-0.0015601484 	0.096108885
0.0021921922 	-0.020310754 	-1.2330811e-07 	-0.0015921295 	0.094734495
0.0022042042 	-0.020310857 	-1.2294389e-07 	-0.0016241107 	0.093360104
0.0022162162 	-0.020310961 	-1.2257967e-07 	-0.0016560918 	0.091985714
0.0022282282 	-0.020311065 	-1.2221546e-07 	-0.001688073 	0.090611324
0.0022402402 	-0.020311168 	-1.2185124e-07 	-0.0017200541 	0.089236934
0.0022522523 	-0.020311272 	-1.2148702e-07 	-0.0017520353 	0.087862543
0.0022642643 	-0.020311376 	-1.2112281e-07 	-0.0017840164 	0.086488153
0.0022762763 	-0.02031148 	-1.2075859e-07 	-0.0018159975 	0.085113763
0.0022882883 	-0.020311583 	-1.2039437e-07 	-0.0018479787 	0.083739373
0.0023003003 	-0.020311687 	-1.2003016e-07 	-0.0018799598 	0.082364982
0.0023123123 	-0.020311791 	-1.1966594e-07 	-0.001911941 	0.080990592
0.0023243243 	-0.020311894 	-1.1930173e-07 	-0.0019439221 	0.079616202
0.0023363363 	-0.020311998 	-1.1893751e-07 	-0.0019759033 	0.078241812
0.0023483483 	-0.020312102 	-1.1857329e-07 	-0.0020078844 	0.076867421
0.0023603604 	-0.020312206 	-1.1820908e-07 	-0.0020398655 	0.075493031
0.0023723724 	-0.020312309 	-1.1784486e-07 	-0.0020718467 	0.074118641
0.0023843844 	-0.020312413 	-1.1748064e-07 	-0.0021038278 	0.072744251
0.0023963964 	-0.020312517 	-1.1711643e-07 	-0.002135809 	0.07136986
0.0024084084 	-0.02031262 	-1.1675221e-07 	-0.0021677901 	0.06999547
0.0024204204 	-0.020312724 	-1.1638799e-07 	-0.0021997712 	0.06862108
0.0024324324 	-0.020312828 	-1.1602378e-07 	-0.0022317524 	0.06724669
0.0024444444 	-0.020312932 	-1.1565956e-07 	-0.0022637335 	0.065872299
0.0024564565 	-0.020313035 	-1.1529534e-07 	-0.0022957147 	0.064497909
0.0024684685 	-0.020313139 	-1.1493113e-07 	-0.0023276958 	0.063123519
0.0024804805 	-0.020313243 	-1.1456691e-07 	-0.002359677 	0.061749129
0.0024924925 	-0.020313346 	-1.1420269e-07 	-0.0023916581 	0.060374738
0.0025045045 	-0.020313472 	-1.1392743e-07 	-0.0024269048 	0.059005159
0.0025165165 	-0.020313603 	-1.136784e-07 	-0.0024631143 	0.057636997
0.0025285285 	-0.020313734 	-1.1342937e-07 	-0.0024993239 	0.056268836
0.0025405405 	-0.020313865 	-1.1318034e-07 	-0.0025355334 	0.054900674
0.0025525526 	-0.020313997 	-1.1293131e-07 	-0.0025717429 	0.053532513
0.0025645646 	-0.020314128 	-1.1268228e-07 	-0.0026079525 	0.052164351
0.0025765766 	-0.020314259 	-1.1243325e-07 	-0.002644162 	0.05079619
0.0025885886 	-0.020314391 	-1.1218422e-07 	-0.0026803715 	0.049428028
0.0026006006 	-0.020314522 	-1.1193519e-07 	-0.0027165811 	0.048059867
0.0026126126 	-0.020314653 	-1.1168616e-07 	-0.0027527906 	0.046691705
0.0026246246 	-0.020314785 	-1.1143713e-07 	-0.0027890002 	0.045323544
0.0026366366 	-0.020314916 	-1.111881e-07 	-0.0028252097 	0.043955383
0.0026486486 	-0.020315047 	-1.1093907e-07 	-0.0028614192 	0.042587221
0.0026606607 	-0.020315179 	-1.1069004e-07 	-0.0028976288 	0.04121906
0.0026726727 	-0.02031531 	-1.1044101e-07 	-0.0029338383 	0.039850898
0.0026846847 	-0.020315441 	-1.1019198e-07 	-0.0029700478 	0.038482737
0.0026966967 	-0.020315573 	-1.0994295e-07 	-0.0030062574 	0.037114575
0.0027087087 	-0.020315704 	-1.0969391e-07 	-0.0030424669 	0.035746414
0.0027207207 	-0.020315833 	-1.0944003e-07 	-0.003078479 	0.034383002
0.0027327327 	-0.020315656 	-1.0863189e-07 	-0.0030919579 	0.03356159
0.0027447447 	-0.020315479 	-1.0782375e-07 	-0.0031054369 	0.032740179
0.0027567568 	-0.020315301 	-1.0701561e-07 	-0.0031189158 	0.031918767
0.0027687688 	-0.020315124 	-1.0620748e-07 	-0.0031323948 	0.031097356
0.0027807808 	-0.020314947 	-1.0539934e-07 	-0.0031458737 	0.030275944
0.0027927928 	-0.02031477 	-1.045912e-07 	-0.0031593527 	0.029454533
0.0028048048 	-0.020314593 	-1.0378306e-07 	-0.0031728316 	0.028633121
0.0028168168 	-0.020314416 	-1.0297492e-07 	-0.0031863106 	0.02781171
0.0028288288 	-0.020314239 	-1.0216679e-07 	-0.0031997895 	0.026990298
0.0028408408 	-0.020314062 	-1.0135865e-07 	-0.0032132685 	0.026168887
0.0028528529 	-0.020313885 	-1.0055051e-07 	-0.0032267474 	0.025347476
0.0028648649 	-0.020313708 	-9.9742373e-08 	-0.0032402264 	0.024526064
0.0028768769 	-0.020313531 	-9.8934235e-08 	-0.0032537053 	0.023704653
0.0028888889 	-0.020313354 	-9.8126097e-08 	-0.0032671843 	0.022883241
0.0029009009 	-0.020313176 	-9.7317959e-08 	-0.0032806632 	0.02206183
0.0029129129 	-0.020312999 	-9.6509821e-08 	-0.0032941422 	0.021240418
0.0029249249 	-0.020312822 	-9.5701683e-08 	-0.0033076211 	0.020419007
0.0029369369 	-0.020312645 	-9.4893545e-08 	-0.0033211001 	0.019597595
0.0029489489 	-0.020312468 	-9.4085407e-08 	-0.003334579 	0.018776184
0.002960961 	-0.020312291 	-9.3277269e-08 	-0.0033480579 	0.017954772
0.002972973 	-0.020312114 	-9.2469131e-08 	-0.0033615369 	0.017133361
0.002984985 	-0.020311937 	-9.1660993e-08 	-0.0033750158 	0.01631195
0.002996997 	-0.02031176 	-9.0852855e-08 	-0.0033884948 	0.015490538
0.003009009 	-0.020311583 	-9.0044717e-08 	-0.0034019737 	0.014669127
0.003021021 	-0.020311406 	-8.923658e-08 	-0.0034154527 	0.013847715
0.003033033 	-0.020311229 	-8.8428442e-08 	-0.0034289316 	0.013026304
0.003045045 	-0.020311038 	-8.7610257e-08 	-0.0034426039 	0.012230522
0.0030570571 	-0.020310831 	-8.6779712e-08 	-0.0034565141 	0.011466273
0.0030690691 	-0.020310624 	-8.5949166e-08 	-0.0034704243 	0.010702025
0.0030810811 	-0.020310417 	-8.5118621e-08 	-0.0034843344 	0.0099377762
0.0030930931 	-0.02031021 	-8.4288075e-08 	-0.0034982446 	0.0091735276
0.0031051051 	-0.020310003 	-8.345753e-08 	-0.0035121548 	0.0084092789
0.0031171171 	-0.020309796 	-8.2626985e-08 	-0.0035260649 	0.0076450303
0.0031291291 	-0.020309589 	-8.1796439e-08 	-0.0035399751 	0.0068807817
0.0031411411 	-0.020309382 	-8.0965894e-08 	-0.0035538853 	0.0061165331
0.0031531532 	-0.020309175 	-8.0135348e-08 	-0.0035677954 	0.0053522845
0.0031651652 	-0.020308968 	-7.9304803e-08 	-0.0035817056 	0.0045880359
0.0031771772 	-0.020308761 	-7.8474258e-08 	-0.0035956158 	0.0038237873
0.0031891892 	-0.020308554 	-7.7643712e-08 	-0.0036095259 	0.0030595387
0.0032012012 	-0.020308347 	-7.6813167e-08 	-0.0036234361 	0.0022952901
0.0032132132 	-0.02030814 	-7.5982621e-08 	-0.0036373463 	0.0015310415
0.0032252252 	-0.020307933 	-7.5152076e-08 	-0.0036512564 	0.00076679288
0.0032372372 	-0.020307726 	-7.4321531e-08 	-0.0036651666 	2.5442736e-06
0.0032492492 	-0.020307544 	-7.3689327e-08 	-0.0036572953 	-0.00040364958
0.0032612613 	-0.020307364 	-7.3077573e-08 	-0.0036471782 	-0.00077292605
0.0032732733 	-0.020307184 	-7.2465819e-08 	-0.0036370611 	-0.0011422025
0.0032852853 	-0.020307003 	-7.1854065e-08 	-0.003626944 	-0.001511479
0.0032972973 	-0.020306823 	-7.1242311e-08 	-0.0036168269 	-0.0018807555
0.0033093093 	-0.020306643 	-7.0630557e-08 	-0.0036067098 	-0.0022500319
0.0033213213 	-0.020306463 	-7.0018803e-08 	-0.0035965927 	-0.0026193084
0.0033333333 	-0.020306283 	-6.9407049e-08 	-0.0035864756 	-0.0029885849
0.0033453453 	-0.020306103 	-6.8795295e-08 	-0.0035763585 	-0.0033578613
0.0033573574 	-0.020305923 	-6.8183541e-08 	-0.0035662414 	-0.0037271378
0.0033693694 	-0.020305743 	-6.7571787e-08 	-0.0035561243 	-0.0040964143
0.0033813814 	-0.020305563 	-6.6960033e-08 	-0.0035460072 	-0.0044656908
0.0033933934 	-0.020305383 	-6.634828e-08 	-0.0035358901 	-0.0048349672
0.0034054054 	-0.020305203 	-6.5736526e-08 	-0.003525773 	-0.0052042437
0.0034174174 	-0.020305023 	-6.5124772e-08 	-0.0035156559 	-0.0055735202
0.0034294294 	-0.020304843 	-6.4513018e-08 	-0.0035055388 	-0.0059427966
0.0034414414 	-0.020304663 	-6.3901264e-08 	-0.0034954217 	-0.0063120731
0.0034534535 	-0.020304482 	-6.328951e-08 	-0.0034853046 	-0.0066813496
0.0034654655 	-0.020304302 	-6.2677756e-08 	-0.0034751875 	-0.0070506261
0.0034774775 	-0.020304122 	-6.2066002e-08 	-0.0034650704 	-0.0074199025
0.0034894895 	-0.020303942 	-6.1454248e-08 	-0.0034549533 	-0.007789179
0.0035015015 	-0.020303762 	-6.0842494e-08 	-0.0034448362 	-0.0081584555
0.0035135135 	-0.020303582 	-6.023074e-08 	-0.0034347191 	-0.0085277319
0.0035255255 	-0.020303385 	-5.9589213e-08 	-0.0034232942 	-0.0088742512
0.0035375375 	-0.020303172 	-5.8916842e-08 	-0.0034105145 	-0.0091971963
0.0035495495 	-0.020302958 	-5.8244472e-08 	-0.0033977348 	-0.0095201414
0.0035615616 	-0.020302744 	-5.7572102e-08 	-0.0033849551 	-0.0098430864
0.0035735736 	-0.02030253 	-5.6899732e-08 	-0.0033721754 	-0.010166032
0.0035855856 	-0.020302316 	-5.6227362e-08 	-0.0033593957 	-0.010488977
0.0035975976 	-0.020302102 	-5.5554991e-08 	-0.003346616 	-0.010811922
0.0036096096 	-0.020301889 	-5.4882621e-08 	-0.0033338363 	-0.011134867
0.0036216216 	-0.020301675 	-5.4210251e-08 	-0.0033210566 	-0.011457812
0.0036336336 	-0.020301461 	-5.3537881e-08 	-0.0033082769 	-0.011780757
0.0036456456 	-0.020301247 	-5.2865511e-08 	-0.0032954972 	-0.012103702
0.0036576577 	-0.020301033 	-5.219314e-08 	-0.0032827175 	-0.012426647
0.0036696697 	-0.020300819 	-5.152077e-08 	-0.0032699379 	-0.012749592
0.0036816817 	-0.020300606 	-5.08484e-08 	-0.0032571582 	-0.013072537
0.0036936937 	-0.020300392 	-5.017603e-08 	-0.0032443785 	-0.013395482
0.0037057057 	-0.020300219 	-4.9755594e-08 	-0.0032265584 	-0.013570046
0.0037177177 	-0.020300051 	-4.9360669e-08 	-0.0032082279 	-0.013729585
0.0037297297 	-0.020299883 	-4.8965744e-08 	-0.0031898975 	-0.013889124
0.0037417417 	-0.020299715 	-4.8570819e-08 	-0.003171567 	-0.014048663
0.0037537538 	-0.020299547 	-4.8175894e-08 	-0.0031532365 	-0.014208202
0.0037657658 	-0.020299379 	-4.7780969e-08 	-0.0031349061 	-0.014367741
0.0037777778 	-0.02029921 	-4.7386044e-08 	-0.0031165756 	-0.01452728
0.0037897898 	-0.020299042 	-4.6991119e-08 	-0.0030982452 	-0.014686818
0.0038018018 	-0.020298874 	-4.6596194e-08 	-0.0030799147 	-0.014846357
0.0038138138 	-0.020298706 	-4.6201269e-08 	-0.0030615842 	-0.015005896
0.0038258258 	-0.020298538 	-4.5806344e-08 	-0.0030432538 	-0.015165435
0.0038378378 	-0.02029837 	-4.5411419e-08 	-0.0030249233 	-0.015324974
0.0038498498 	-0.020298201 	-4.5016494e-08 	-0.0030065929 	-0.015484513
0.0038618619 	-0.020298033 	-4.4621569e-08 	-0.0029882624 	-0.015644051
0.0038738739 	-0.020297865 	-4.4226644e-08 	-0.0029699319 	-0.01580359
0.0038858859 	-0.020297697 	-4.3831719e-08 	-0.0029516015 	-0.015963129
0.0038978979 	-0.020297529 	-4.3436794e-08 	-0.002933271 	-0.016122668
0.0039099099 	-0.02029736 	-4.3041869e-08 	-0.0029149405 	-0.016282207
0.0039219219 	-0.020297192 	-4.2646944e-08 	-0.0028966101 	-0.016441746
0.0039339339 	-0.020297024 	-4.2252019e-08 	-0.0028782796 	-0.016601285
0.0039459459 	-0.020296848 	-4.1842522e-08 	-0.0028591113 	-0.016753328
0.003957958 	-0.020296652 	-4.1392667e-08 	-0.0028376225 	-0.016884611
0.00396997 	-0.020296455 	-4.0942812e-08 	-0.0028161337 	-0.017015894
0.003981982 	-0.020296258 	-4.0492957e-08 	-0.0027946449 	-0.017147178
0.003993994 	-0.020296062 	-4.0043103e-08 	-0.0027731561 	-0.017278461
0.004006006 	-0.020295865 	-3.9593248e-08 	-0.0027516673 	-0.017409744
0.004018018 	-0.020295668 	-3.9143393e-08 	-0.0027301785 	-0.017541027
0.00403003 	-0.020295472 	-3.8693538e-08 	-0.0027086897 	-0.017672311
0.004042042 	-0.020295275 	-3.8243683e-08 	-0.0026872009 	-0.017803594
0.0040540541 	-0.020295078 	-3.7793828e-08 	-0.0026657121 	-0.017934877
0.0040660661 	-0.020294882 	-3.7343973e-08 	-0.0026442233 	-0.01806616
0.0040780781 	-0.020294685 	-3.6894118e-08 	-0.0026227345 	-0.018197444
0.0040900901 	-0.020294488 	-3.6444263e-08 	-0.0026012457 	-0.018328727
0.0041021021 	-0.020294323 	-3.6071469e-08 	-0.0025797167 	-0.01842102
0.0041141141 	-0.020294203 	-3.5810063e-08 	-0.0025581293 	-0.018456953
0.0041261261 	-0.020294082 	-3.5548658e-08 	-0.002536542 	-0.018492885
0.0041381381 	-0.020293962 	-3.5287252e-08 	-0.0025149547 	-0.018528818
0.0041501502 	-0.020293842 	-3.5025847e-08 	-0.0024933674 	-0.018564751
0.0041621622 	-0.020293721 	-3.4764441e-08 	-0.00247178 	-0.018600684
0.0041741742 	-0.020293601 	-3.4503035e-08 	-0.0024501927 	-0.018636617
0.0041861862 	-0.020293481 	-3.424163e-08 	-0.0024286054 	-0.01867255
0.0041981982 	-0.02029336 	-3.3980224e-08 	-0.0024070181 	-0.018708483
0.0042102102 	-0.02029324 	-3.3718819e-08 	-0.0023854307 	-0.018744416
0.0042222222 	-0.02029312 	-3.3457413e-08 	-0.0023638434 	-0.018780349
0.0042342342 	-0.020292999 	-3.3196008e-08 	-0.0023422561 	-0.018816281
0.0042462462 	-0.020292879 	-3.2934602e-08 	-0.0023206687 	-0.018852214
0.0042582583 	-0.020292759 	-3.2673196e-08 	-0.0022990814 	-0.018888147
0.0042702703 	-0.020292638 	-3.2411791e-08 	-0.0022774941 	-0.01892408
0.0042822823 	-0.020292518 	-3.2150385e-08 	-0.0022559068 	-0.018960013
0.0042942943 	-0.020292398 	-3.188898e-08 	-0.0022343194 	-0.018995946
0.0043063063 	-0.020292278 	-3.1627574e-08 	-0.0022127321 	-0.019031879
0.0043183183 	-0.020292154 	-3.1355875e-08 	-0.0021904923 	-0.019065067
0.0043303303 	-0.020292016 	-3.1045557e-08 	-0.0021658043 	-0.019087955
0.0043423423 	-0.020291879 	-3.0735239e-08 	-0.0021411162 	-0.019110843
0.0043543544 	-0.020291741 	-3.0424921e-08 	-0.0021164282 	-0.019133731
0.0043663664 	-0.020291603 	-3.0114603e-08 	-0.0020917401 	-0.019156619
0.0043783784 	-0.020291466 	-2.9804285e-08 	-0.0020670521 	-0.019179508
0.0043903904 	-0.020291328 	-2.9493967e-08 	-0.0020423641 	-0.019202396
0.0044024024 	-0.020291191 	-2.9183649e-08 	-0.002017676 	-0.019225284
0.0044144144 	-0.020291053 	-2.8873331e-08 	-0.001992988 	-0.019248172
0.0044264264 	-0.020290916 	-2.8563013e-08 	-0.0019683 	-0.01927106
0.0044384384 	-0.020290778 	-2.8252694e-08 	-0.0019436119 	-0.019293948
0.0044504505 	-0.020290641 	-2.7942376e-08 	-0.0019189239 	-0.019316837
0.0044624625 	-0.020290567 	-2.773715e-08 	-0.0018969298 	-0.019277529
0.0044744745 	-0.020290502 	-2.7546749e-08 	-0.0018753157 	-0.019229448
0.0044864865 	-0.020290437 	-2.7356347e-08 	-0.0018537017 	-0.019181368
0.0044984985 	-0.020290372 	-2.7165945e-08 	-0.0018320876 	-0.019133287
0.0045105105 	-0.020290306 	-2.6975543e-08 	-0.0018104735 	-0.019085206
0.0045225225 	-0.020290241 	-2.6785142e-08 	-0.0017888594 	-0.019037126
0.0045345345 	-0.020290176 	-2.659474e-08 	-0.0017672454 	-0.018989045
0.0045465465 	-0.020290111 	-2.6404338e-08 	-0.0017456313 	-0.018940964
0.0045585586 	-0.020290046 	-2.6213936e-08 	-0.0017240172 	-0.018892883
0.0045705706 	-0.020289981 	-2.6023535e-08 	-0.0017024031 	-0.018844803
0.0045825826 	-0.020289916 	-2.5833133e-08 	-0.001680789 	-0.018796722
0.0045945946 	-0.020289851 	-2.5642731e-08 	-0.001659175 	-0.018748641
0.0046066066 	-0.020289786 	-2.5452329e-08 	-0.0016375609 	-0.018700561
0.0046186186 	-0.020289721 	-2.5261928e-08 	-0.0016159468 	-0.01865248
0.0046306306 	-0.020289656 	-2.5071526e-08 	-0.0015943327 	-0.018604399
0.0046426426 	-0.020289591 	-2.4881124e-08 	-0.0015727187 	-0.018556318
0.0046546547 	-0.02028952 	-2.464981e-08 	-0.0015488309 	-0.018507543
0.0046666667 	-0.020289447 	-2.4410279e-08 	-0.0015244864 	-0.018458629
0.0046786787 	-0.020289374 	-2.4170749e-08 	-0.001500142 	-0.018409714
0.0046906907 	-0.020289302 	-2.3931218e-08 	-0.0014757975 	-0.0183608
0.0047027027 	-0.020289229 	-2.3691688e-08 	-0.0014514531 	-0.018311886
0.0047147147 	-0.020289157 	-2.3452157e-08 	-0.0014271086 	-0.018262971
0.0047267267 	-0.020289084 	-2.3212627e-08 	-0.0014027642 	-0.018214057
0.0047387387 	-0.020289012 	-2.2973096e-08 	-0.0013784197 	-0.018165142
0.0047507508 	-0.020288939 	-2.2733565e-08 	-0.0013540753 	-0.018116228
0.0047627628 	-0.020288867 	-2.2494035e-08 	-0.0013297308 	-0.018067313
0.0047747748 	-0.02028884 	-2.2321426e-08 	-0.0013092883 	-0.017967799
0.0047867868 	-0.020288822 	-2.2161494e-08 	-0.0012895848 	-0.0178587
0.0047987988 	-0.020288804 	-2.2001561e-08 	-0.0012698814 	-0.017749601
0.0048108108 	-0.020288786 	-2.1841629e-08 	-0.0012501779 	-0.017640503
0.0048228228 	-0.020288768 	-2.1681696e-08 	-0.0012304745 	-0.017531404
0.0048348348 	-0.02028875 	-2.1521764e-08 	-0.001210771 	-0.017422305
0.0048468468 	-0.020288732 	-2.1361831e-08 	-0.0011910676 	-0.017313207
0.0048588589 	-0.020288714 	-2.1201899e-08 	-0.0011713642 	-0.017204108
0.0048708709 	-0.020288696 	-2.1041967e-08 	-0.0011516607 	-0.017095009
0.0048828829 	-0.020288678 	-2.0882034e-08 	-0.0011319573 	-0.01698591
0.0048948949 	-0.02028866 	-2.0722102e-08 	-0.0011122538 	-0.016876812
0.0049069069 	-0.020288642 	-2.0562169e-08 	-0.0010925504 	-0.016767713
0.0049189189 	-0.020288624 	-2.0402237e-08 	-0.0010728469 	-0.016658614
0.0049309309 	-0.020288606 	-2.0242304e-08 	-0.0010531435 	-0.016549516
0.0049429429 	-0.020288587 	-2.0043518e-08 	-0.0010318729 	-0.016446724
0.004954955 	-0.020288568 	-1.9827828e-08 	-0.0010099206 	-0.016346676
0.004966967 	-0.020288549 	-1.9612139e-08 	-0.00098796827 	-0.016246627
0.004978979 	-0.02028853 	-1.9396449e-08 	-0.00096601595 	-0.016146579
0.004990991 	-0.020288511 	-1.9180759e-08 	-0.00094406362 	-0.016046531
0.005003003 	-0.020288492 	-1.8965069e-08 	-0.0009221113 	-0.015946483
0.005015015 	-0.020288474 	-1.8749379e-08 	-0.00090015897 	-0.015846435
0.005027027 	-0.020288455 	-1.853369e-08 	-0.00087820664 	-0.015746387
0.005039039 	-0.020288436 	-1.8318e-08 	-0.00085625432 	-0.015646339
0.0050510511 	-0.020288449 	-1.8155277e-08 	-0.00083895434 	-0.015497674
0.0050630631 	-0.020288467 	-1.7999238e-08 	-0.00082224133 	-0.015342876
0.0050750751 	-0.020288484 	-1.7843198e-08 	-0.00080552832 	-0.015188078
0.0050870871 	-0.020288502 	-1.7687159e-08 	-0.00078881532 	-0.01503328
0.0050990991 	-0.020288519 	-1.7531119e-08 	-0.00077210231 	-0.014878482
0.0051111111 	-0.020288537 	-1.737508e-08 	-0.0007553893 	-0.014723684
0.0051231231 	-0.020288554 	-1.721904e-08 	-0.00073867629 	-0.014568887
0.0051351351 	-0.020288572 	-1.7063001e-08 	-0.00072196328 	-0.014414089
0.0051471471 	-0.020288589 	-1.6906961e-08 	-0.00070525028 	-0.014259291
0.0051591592 	-0.020288607 	-1.6750921e-08 	-0.00068853727 	-0.014104493
0.0051711712 	-0.020288624 	-1.6594882e-08 	-0.00067182426 	-0.013949695
0.0051831832 	-0.020288642 	-1.6438842e-08 	-0.00065511125 	-0.013794897
0.0051951952 	-0.020288661 	-1.6254514e-08 	-0.00063766472 	-0.013647274
0.0052072072 	-0.020288681 	-1.6030928e-08 	-0.00061920028 	-0.013509608
0.0052192192 	-0.020288702 	-1.5807342e-08 	-0.00060073585 	-0.013371943
0.0052312312 	-0.020288722 	-1.5583756e-08 	-0.00058227141 	-0.013234277
0.0052432432 	-0.020288743 	-1.536017e-08 	-0.00056380697 	-0.013096611
0.0052552553 	-0.020288763 	-1.5136584e-08 	-0.00054534253 	-0.012958946
0.0052672673 	-0.020288784 	-1.4912999e-08 	-0.00052687809 	-0.01282128
0.0052792793 	-0.020288804 	-1.4689413e-08 	-0.00050841365 	-0.012683614
0.0052912913 	-0.02028884 	-1.4501215e-08 	-0.00049340934 	-0.012511955
0.0053033033 	-0.020288883 	-1.4331822e-08 	-0.00048024375 	-0.012322232
0.0053153153 	-0.020288926 	-1.4162429e-08 	-0.00046707817 	-0.012132509
0.0053273273 	-0.02028897 	-1.3993036e-08 	-0.00045391259 	-0.011942786
0.0053393393 	-0.020289013 	-1.3823643e-08 	-0.00044074701 	-0.011753063
0.0053513514 	-0.020289056 	-1.365425e-08 	-0.00042758143 	-0.01156334
0.0053633634 	-0.0202891 	-1.3484856e-08 	-0.00041441585 	-0.011373616
0.0053753754 	-0.020289143 	-1.3315463e-08 	-0.00040125027 	-0.011183893
0.0053873874 	-0.020289186 	-1.314607e-08 	-0.00038808469 	-0.01099417
0.0053993994 	-0.02028923 	-1.2976677e-08 	-0.0003749191 	-0.010804447
0.0054114114 	-0.020289273 	-1.2807284e-08 	-0.00036175352 	-0.010614724
0.0054234234 	-0.02028932 	-1.2583311e-08 	-0.00034774159 	-0.010440713
0.0054354354 	-0.020289368 	-1.2331259e-08 	-0.00033329423 	-0.010274786
0.0054474474 	-0.020289417 	-1.2079206e-08 	-0.00031884687 	-0.010108859
0.0054594595 	-0.020289465 	-1.1827153e-08 	-0.00030439951 	-0.0099429321
0.0054714715 	-0.020289514 	-1.15751e-08 	-0.00028995216 	-0.009777005
0.0054834835 	-0.020289562 	-1.1323047e-08 	-0.0002755048 	-0.009611078
0.0054954955 	-0.02028961 	-1.1070995e-08 	-0.00026105744 	-0.0094451509
0.0055075075 	-0.020289671 	-1.0867108e-08 	-0.00025076322 	-0.0092376526
0.0055195195 	-0.020289734 	-1.0674225e-08 	-0.00024141786 	-0.0090206566
0.0055315315 	-0.020289797 	-1.0481343e-08 	-0.00023207251 	-0.0088036605
0.0055435435 	-0.020289859 	-1.028846e-08 	-0.00022272715 	-0.0085866644
0.0055555556 	-0.020289922 	-1.0095578e-08 	-0.00021338179 	-0.0083696683
0.0055675676 	-0.020289985 	-9.9026954e-09 	-0.00020403644 	-0.0081526723
0.0055795796 	-0.020290048 	-9.7098129e-09 	-0.00019469108 	-0.0079356762
0.0055915916 	-0.020290111 	-9.5169304e-09 	-0.00018534573 	-0.0077186801
0.0056036036 	-0.020290174 	-9.3240479e-09 	-0.00017600037 	-0.007501684
0.0056156156 	-0.020290238 	-9.1189601e-09 	-0.0001665499 	-0.0072882954
0.0056276276 	-0.020290307 	-8.8268097e-09 	-0.0001563496 	-0.0071006392
0.0056396396 	-0.020290376 	-8.5346594e-09 	-0.0001461493 	-0.006912983
0.0056516517 	-0.020290445 	-8.2425091e-09 	-0.000135949 	-0.0067253268
0.0056636637 	-0.020290514 	-7.9503587e-09 	-0.0001257487 	-0.0065376706
0.0056756757 	-0.020290583 	-7.6582084e-09 	-0.0001155484 	-0.0063500144
0.0056876877 	-0.020290653 	-7.3723248e-09 	-0.00010575684 	-0.0061578848
0.0056996997 	-0.020290725 	-7.1519294e-09 	-0.00010023665 	-0.0059190073
0.0057117117 	-0.020290798 	-6.931534e-09 	-9.471646e-05 	-0.0056801297
0.0057237237 	-0.02029087 	-6.7111386e-09 	-8.9196269e-05 	-0.0054412522
0.0057357357 	-0.020290942 	-6.4907432e-09 	-8.3676077e-05 	-0.0052023747
0.0057477477 	-0.020291015 	-6.2703478e-09 	-7.8155885e-05 	-0.0049634972
0.0057597598 	-0.020291087 	-6.0499524e-09 	-7.2635693e-05 	-0.0047246197
0.0057717718 	-0.02029116 	-5.8295571e-09 	-6.7115501e-05 	-0.0044857422
0.0057837838 	-0.020291232 	-5.6091617e-09 	-6.1595309e-05 	-0.0042468647
0.0057957958 	-0.020291308 	-5.3259578e-09 	-5.5814933e-05 	-0.0040264759
0.0058078078 	-0.020291387 	-4.9900581e-09 	-4.9816265e-05 	-0.0038215989
0.0058198198 	-0.020291465 	-4.6541585e-09 	-4.3817596e-05 	-0.0036167219
0.0058318318 	-0.020291544 	-4.3182589e-09 	-3.7818928e-05 	-0.003411845
0.0058438438 	-0.020291623 	-3.9823593e-09 	-3.182026e-05 	-0.003206968
0.0058558559 	-0.020291693 	-3.6648684e-09 	-2.6678353e-05 	-0.0029888403
0.0058678679 	-0.020291732 	-3.4115824e-09 	-2.452462e-05 	-0.0027244971
0.0058798799 	-0.020291772 	-3.1582963e-09 	-2.2370888e-05 	-0.002460154
0.0058918919 	-0.020291811 	-2.9050103e-09 	-2.0217156e-05 	-0.0021958108
0.0059039039 	-0.020291851 	-2.6517243e-09 	-1.8063424e-05 	-0.0019314676
0.0059159159 	-0.02029189 	-2.3984383e-09 	-1.5909692e-05 	-0.0016671245
0.0059279279 	-0.02029193 	-2.1451522e-09 	-1.375596e-05 	-0.0014027813
0.0059399399 	-0.020291969 	-1.8918662e-09 	-1.1602228e-05 	-0.0011384382
0.005951952 	-0.020292011 	-1.5464625e-09 	-9.3257237e-06 	-0.00090108914
0.005963964 	-0.020292053 	-1.1598469e-09 	-6.9942928e-06 	-0.00067581686
0.005975976 	-0.020292096 	-7.7323127e-10 	-4.6628619e-06 	-0.00045054457
0.005987988 	-0.020292138 	-3.8661563e-10 	-2.3314309e-06 	-0.00022527229
0.006 	-0.020292181 	-2.7637522e-21 	-1.6666417e-17 	-1.6103766e-15
