-0.006 	-0.017851516 	0 	0 	0
-0.005987988 	-0.017851496 	-1.6310266e-10 	7.4183998e-07 	-0.00062941599
-0.005975976 	-0.017851476 	-3.2620532e-10 	1.48368e-06 	-0.001258832
-0.005963964 	-0.017851457 	-4.8930798e-10 	2.2255199e-06 	-0.001888248
-0.005951952 	-0.017851437 	-6.5241063e-10 	2.9673599e-06 	-0.0025176639
-0.0059399399 	-0.017851417 	-8.1551329e-10 	3.7091999e-06 	-0.0031470799
-0.0059279279 	-0.017851398 	-1.002914e-09 	4.3929271e-06 	-0.0037927005
-0.0059159159 	-0.017851378 	-1.1913167e-09 	5.074258e-06 	-0.0044389893
-0.0059039039 	-0.017851359 	-1.3797194e-09 	5.7555888e-06 	-0.005085278
-0.0058918919 	-0.01785134 	-1.5681221e-09 	6.4369196e-06 	-0.0057315668
-0.0058798799 	-0.017851321 	-1.7565247e-09 	7.1182504e-06 	-0.0063778556
-0.0058678679 	-0.017851301 	-1.9440468e-09 	7.8494208e-06 	-0.0070202414
-0.0058558559 	-0.017851275 	-2.1112818e-09 	9.7287567e-06 	-0.0075727144
-0.0058438438 	-0.017851249 	-2.2785168e-09 	1.1608093e-05 	-0.0081251875
-0.0058318318 	-0.017851223 	-2.4457518e-09 	1.3487429e-05 	-0.0086776605
-0.0058198198 	-0.017851197 	-2.6129867e-09 	1.5366765e-05 	-0.0092301335
-0.0058078078 	-0.017851171 	-2.7802217e-09 	1.72461e-05 	-0.0097826066
-0.0057957958 	-0.017851146 	-2.9551835e-09 	1.9076599e-05 	-0.010339802
-0.0057837838 	-0.017851122 	-3.1461848e-09 	2.0805718e-05 	-0.010906801
-0.0057717718 	-0.017851098 	-3.337186e-09 	2.2534838e-05 	-0.0114738
-0.0057597598 	-0.017851074 	-3.5281873e-09 	2.4263958e-05 	-0.012040799
-0.0057477477 	-0.01785105 	-3.7191885e-09 	2.5993077e-05 	-0.012607798
-0.0057357357 	-0.017851026 	-3.9101898e-09 	2.7722197e-05 	-0.013174797
-0.0057237237 	-0.017851001 	-4.101191e-09 	2.9451317e-05 	-0.013741796
-0.0057117117 	-0.017850979 	-4.2817805e-09 	3.2024155e-05 	-0.014257678
-0.0056996997 	-0.017850958 	-4.4557511e-09 	3.5133357e-05 	-0.014741064
-0.0056876877 	-0.017850936 	-4.6297216e-09 	3.8242559e-05 	-0.015224449
-0.0056756757 	-0.017850915 	-4.8036922e-09 	4.1351761e-05 	-0.015707835
-0.0056636637 	-0.017850894 	-4.9776627e-09 	4.4460962e-05 	-0.016191221
-0.0056516517 	-0.017850872 	-5.1516333e-09 	4.7570164e-05 	-0.016674607
-0.0056396396 	-0.017850851 	-5.3284621e-09 	5.0647462e-05 	-0.017159573
-0.0056276276 	-0.017850832 	-5.5249257e-09 	5.3505594e-05 	-0.01765539
-0.0056156156 	-0.017850812 	-5.7213892e-09 	5.6363727e-05 	-0.018151208
-0.0056036036 	-0.017850792 	-5.9178528e-09 	5.922186e-05 	-0.018647025
-0.0055915916 	-0.017850773 	-6.1143164e-09 	6.2079992e-05 	-0.019142843
-0.0055795796 	-0.017850753 	-6.3107799e-09 	6.4938125e-05 	-0.01963866
-0.0055675676 	-0.017850733 	-6.5072435e-09 	6.7796257e-05 	-0.020134478
-0.0055555556 	-0.017850714 	-6.7037071e-09 	7.065439e-05 	-0.020630295
-0.0055435435 	-0.017850697 	-6.890676e-09 	7.4222621e-05 	-0.021078046
-0.0055315315 	-0.017850684 	-7.0685798e-09 	7.8468836e-05 	-0.021479905
-0.0055195195 	-0.017850671 	-7.2464836e-09 	8.2715051e-05 	-0.021881764
-0.0055075075 	-0.017850658 	-7.4243875e-09 	8.6961266e-05 	-0.022283623
-0.0054954955 	-0.017850644 	-7.6022913e-09 	9.1207481e-05 	-0.022685482
-0.0054834835 	-0.017850631 	-7.7801951e-09 	9.5453696e-05 	-0.023087341
-0.0054714715 	-0.017850618 	-7.9580989e-09 	9.9699911e-05 	-0.0234892
-0.0054594595 	-0.017850605 	-8.1392575e-09 	0.00010389139 	-0.023892638
-0.0054474474 	-0.017850593 	-8.3379765e-09 	0.00010778752 	-0.024304597
-0.0054354354 	-0.017850581 	-8.5366955e-09 	0.00011168365 	-0.024716556
-0.0054234234 	-0.017850569 	-8.7354145e-09 	0.00011557979 	-0.025128515
-0.0054114114 	-0.017850557 	-8.9341335e-09 	0.00011947592 	-0.025540474
-0.0053993994 	-0.017850545 	-9.1328525e-09 	0.00012337205 	-0.025952433
-0.0053873874 	-0.017850533 	-9.3315715e-09 	0.00012726819 	-0.026364392
-0.0053753754 	-0.017850521 	-9.5302905e-09 	0.00013116432 	-0.026776351
-0.0053633634 	-0.017850509 	-9.7290095e-09 	0.00013506045 	-0.02718831
-0.0053513514 	-0.017850501 	-9.9164511e-09 	0.00013961819 	-0.027544717
-0.0053393393 	-0.017850497 	-1.0093399e-08 	0.00014479155 	-0.027849434
-0.0053273273 	-0.017850493 	-1.0270347e-08 	0.00014996491 	-0.02815415
-0.0053153153 	-0.01785049 	-1.0447295e-08 	0.00015513827 	-0.028458866
-0.0053033033 	-0.017850486 	-1.0624243e-08 	0.00016031163 	-0.028763583
-0.0052912913 	-0.017850482 	-1.0801191e-08 	0.00016548498 	-0.029068299
-0.0052792793 	-0.017850478 	-1.0978139e-08 	0.00017065834 	-0.029373015
-0.0052672673 	-0.017850474 	-1.1155088e-08 	0.0001758317 	-0.029677732
-0.0052552553 	-0.017850471 	-1.1335283e-08 	0.00018092813 	-0.029983767
-0.0052432432 	-0.017850468 	-1.1530797e-08 	0.00018566168 	-0.030296027
-0.0052312312 	-0.017850464 	-1.1726311e-08 	0.00019039524 	-0.030608287
-0.0052192192 	-0.017850461 	-1.1921825e-08 	0.00019512879 	-0.030920547
-0.0052072072 	-0.017850458 	-1.211734e-08 	0.00019986234 	-0.031232807
-0.0051951952 	-0.017850455 	-1.2312854e-08 	0.00020459589 	-0.031545067
-0.0051831832 	-0.017850452 	-1.2508368e-08 	0.00020932944 	-0.031857327
-0.0051711712 	-0.017850449 	-1.2703882e-08 	0.00021406299 	-0.032169587
-0.0051591592 	-0.017850445 	-1.2899396e-08 	0.00021879654 	-0.032481847
-0.0051471471 	-0.017850442 	-1.309491e-08 	0.00022353009 	-0.032794107
-0.0051351351 	-0.017850443 	-1.3280351e-08 	0.00022865508 	-0.033059556
-0.0051231231 	-0.017850451 	-1.3449095e-08 	0.00023442886 	-0.033247419
-0.0051111111 	-0.017850459 	-1.3617839e-08 	0.00024020263 	-0.033435281
-0.0050990991 	-0.017850466 	-1.3786584e-08 	0.0002459764 	-0.033623144
-0.0050870871 	-0.017850474 	-1.3955328e-08 	0.00025175017 	-0.033811007
-0.0050750751 	-0.017850482 	-1.4124072e-08 	0.00025752395 	-0.03399887
-0.0050630631 	-0.017850489 	-1.4292817e-08 	0.00026329772 	-0.034186732
-0.0050510511 	-0.017850497 	-1.4461561e-08 	0.00026907149 	-0.034374595
-0.005039039 	-0.017850505 	-1.4630305e-08 	0.00027484526 	-0.034562458
-0.005027027 	-0.017850512 	-1.479905e-08 	0.00028061904 	-0.034750321
-0.005015015 	-0.01785052 	-1.4981967e-08 	0.00028592471 	-0.034942555
-0.005003003 	-0.017850527 	-1.5166242e-08 	0.00029118557 	-0.035135208
-0.004990991 	-0.017850535 	-1.5350517e-08 	0.00029644643 	-0.03532786
-0.004978979 	-0.017850542 	-1.5534792e-08 	0.0003017073 	-0.035520513
-0.004966967 	-0.01785055 	-1.5719067e-08 	0.00030696816 	-0.035713166
-0.004954955 	-0.017850558 	-1.5903341e-08 	0.00031222902 	-0.035905818
-0.0049429429 	-0.017850565 	-1.6087616e-08 	0.00031748988 	-0.036098471
-0.0049309309 	-0.017850573 	-1.6271891e-08 	0.00032275074 	-0.036291124
-0.0049189189 	-0.01785058 	-1.6456166e-08 	0.0003280116 	-0.036483777
-0.0049069069 	-0.017850588 	-1.664044e-08 	0.00033327246 	-0.036676429
-0.0048948949 	-0.017850595 	-1.6824715e-08 	0.00033853332 	-0.036869082
-0.0048828829 	-0.017850614 	-1.6983022e-08 	0.00034427203 	-0.03694459
-0.0048708709 	-0.017850635 	-1.7134754e-08 	0.00035013173 	-0.036990436
-0.0048588589 	-0.017850656 	-1.7286485e-08 	0.00035599143 	-0.037036282
-0.0048468468 	-0.017850677 	-1.7438217e-08 	0.00036185113 	-0.037082128
-0.0048348348 	-0.017850699 	-1.7589949e-08 	0.00036771083 	-0.037127974
-0.0048228228 	-0.01785072 	-1.774168e-08 	0.00037357053 	-0.03717382
-0.0048108108 	-0.017850741 	-1.7893412e-08 	0.00037943024 	-0.037219665
-0.0047987988 	-0.017850762 	-1.8045143e-08 	0.00038528994 	-0.037265511
-0.0047867868 	-0.017850784 	-1.8196875e-08 	0.00039114964 	-0.037311357
-0.0047747748 	-0.017850805 	-1.8348607e-08 	0.00039700934 	-0.037357203
-0.0047627628 	-0.017850826 	-1.8501061e-08 	0.00040283389 	-0.037403169
-0.0047507508 	-0.017850846 	-1.8664241e-08 	0.00040813711 	-0.037450914
-0.0047387387 	-0.017850866 	-1.8827421e-08 	0.00041344033 	-0.03749866
-0.0047267267 	-0.017850887 	-1.8990601e-08 	0.00041874355 	-0.037546406
-0.0047147147 	-0.017850907 	-1.9153782e-08 	0.00042404677 	-0.037594151
-0.0047027027 	-0.017850927 	-1.9316962e-08 	0.00042934999 	-0.037641897
-0.0046906907 	-0.017850947 	-1.9480142e-08 	0.00043465321 	-0.037689643
-0.0046786787 	-0.017850967 	-1.9643322e-08 	0.00043995642 	-0.037737388
-0.0046666667 	-0.017850987 	-1.9806502e-08 	0.00044525964 	-0.037785134
-0.0046546547 	-0.017851008 	-1.9969682e-08 	0.00045056286 	-0.03783288
-0.0046426426 	-0.017851028 	-2.0132862e-08 	0.00045586608 	-0.037880625
-0.0046306306 	-0.017851048 	-2.0296042e-08 	0.0004611693 	-0.037928371
-0.0046186186 	-0.017851068 	-2.0459222e-08 	0.00046647252 	-0.037976117
-0.0046066066 	-0.017851095 	-2.0606034e-08 	0.00047170974 	-0.037943237
-0.0045945946 	-0.017851131 	-2.0733293e-08 	0.00047686811 	-0.037814039
-0.0045825826 	-0.017851167 	-2.0860552e-08 	0.00048202648 	-0.037684841
-0.0045705706 	-0.017851202 	-2.0987811e-08 	0.00048718484 	-0.037555644
-0.0045585586 	-0.017851238 	-2.111507e-08 	0.00049234321 	-0.037426446
-0.0045465465 	-0.017851274 	-2.1242329e-08 	0.00049750158 	-0.037297249
-0.0045345345 	-0.017851309 	-2.1369588e-08 	0.00050265995 	-0.037168051
-0.0045225225 	-0.017851345 	-2.1496847e-08 	0.00050781832 	-0.037038853
-0.0045105105 	-0.017851381 	-2.1624106e-08 	0.00051297669 	-0.036909656
-0.0044984985 	-0.017851417 	-2.1751365e-08 	0.00051813505 	-0.036780458
-0.0044864865 	-0.017851452 	-2.1878625e-08 	0.00052329342 	-0.036651261
-0.0044744745 	-0.017851488 	-2.2005884e-08 	0.00052845179 	-0.036522063
-0.0044624625 	-0.017851523 	-2.2134845e-08 	0.00053345654 	-0.036392594
-0.0044504505 	-0.017851557 	-2.2268205e-08 	0.00053806448 	-0.036262423
-0.0044384384 	-0.01785159 	-2.2401564e-08 	0.00054267241 	-0.036132252
-0.0044264264 	-0.017851624 	-2.2534924e-08 	0.00054728034 	-0.036002081
-0.0044144144 	-0.017851657 	-2.2668284e-08 	0.00055188827 	-0.03587191
-0.0044024024 	-0.017851691 	-2.2801643e-08 	0.0005564962 	-0.035741738
-0.0043903904 	-0.017851724 	-2.2935003e-08 	0.00056110414 	-0.035611567
-0.0043783784 	-0.017851758 	-2.3068363e-08 	0.00056571207 	-0.035481396
-0.0043663664 	-0.017851792 	-2.3201722e-08 	0.00057032 	-0.035351225
-0.0043543544 	-0.017851825 	-2.3335082e-08 	0.00057492793 	-0.035221054
-0.0043423423 	-0.017851859 	-2.3468441e-08 	0.00057953586 	-0.035090883
-0.0043303303 	-0.017851892 	-2.3601801e-08 	0.00058414379 	-0.034960712
-0.0043183183 	-0.017851926 	-2.3735161e-08 	0.00058875173 	-0.034830541
-0.0043063063 	-0.017851959 	-2.386852e-08 	0.00059335966 	-0.03470037
-0.0042942943 	-0.017851993 	-2.400188e-08 	0.00059796759 	-0.034570199
-0.0042822823 	-0.01785204 	-2.4106007e-08 	0.00060129872 	-0.034224717
-0.0042702703 	-0.017852088 	-2.4209483e-08 	0.00060460141 	-0.033874439
-0.0042582583 	-0.017852135 	-2.4312959e-08 	0.00060790409 	-0.033524161
-0.0042462462 	-0.017852183 	-2.4416434e-08 	0.00061120678 	-0.033173883
-0.0042342342 	-0.01785223 	-2.451991e-08 	0.00061450947 	-0.032823606
-0.0042222222 	-0.017852278 	-2.4623386e-08 	0.00061781216 	-0.032473328
-0.0042102102 	-0.017852325 	-2.4726862e-08 	0.00062111485 	-0.03212305
-0.0041981982 	-0.017852373 	-2.4830338e-08 	0.00062441753 	-0.031772772
-0.0041861862 	-0.01785242 	-2.4933814e-08 	0.00062772022 	-0.031422494
-0.0041741742 	-0.017852468 	-2.503729e-08 	0.00063102291 	-0.031072216
-0.0041621622 	-0.017852515 	-2.5140765e-08 	0.0006343256 	-0.030721938
-0.0041501502 	-0.017852563 	-2.5244241e-08 	0.00063762829 	-0.03037166
-0.0041381381 	-0.01785261 	-2.5347717e-08 	0.00064093098 	-0.030021382
-0.0041261261 	-0.017852657 	-2.545102e-08 	0.00064415597 	-0.029670542
-0.0041141141 	-0.017852702 	-2.5553457e-08 	0.00064699104 	-0.029316878
-0.0041021021 	-0.017852746 	-2.5655894e-08 	0.00064982612 	-0.028963215
-0.0040900901 	-0.017852791 	-2.5758331e-08 	0.0006526612 	-0.028609551
-0.0040780781 	-0.017852835 	-2.5860767e-08 	0.00065549628 	-0.028255887
-0.0040660661 	-0.01785288 	-2.5963204e-08 	0.00065833135 	-0.027902224
-0.0040540541 	-0.017852925 	-2.6065641e-08 	0.00066116643 	-0.02754856
-0.004042042 	-0.017852969 	-2.6168077e-08 	0.00066400151 	-0.027194896
-0.00403003 	-0.017853014 	-2.6270514e-08 	0.00066683659 	-0.026841233
-0.004018018 	-0.017853058 	-2.6372951e-08 	0.00066967166 	-0.026487569
-0.004006006 	-0.017853103 	-2.6475388e-08 	0.00067250674 	-0.026133905
-0.003993994 	-0.017853148 	-2.6577824e-08 	0.00067534182 	-0.025780241
-0.003981982 	-0.017853192 	-2.6680261e-08 	0.0006781769 	-0.025426578
-0.00396997 	-0.017853237 	-2.6782698e-08 	0.00068101197 	-0.025072914
-0.003957958 	-0.017853281 	-2.6885135e-08 	0.00068384705 	-0.02471925
-0.0039459459 	-0.017853326 	-2.6987571e-08 	0.00068668213 	-0.024365587
-0.0039339339 	-0.017853371 	-2.7090008e-08 	0.0006895172 	-0.024011923
-0.0039219219 	-0.017853422 	-2.7191223e-08 	0.00068947634 	-0.023385212
-0.0039099099 	-0.017853475 	-2.7292366e-08 	0.0006892665 	-0.022742458
-0.0038978979 	-0.017853527 	-2.7393508e-08 	0.00068905667 	-0.022099705
-0.0038858859 	-0.017853579 	-2.7494651e-08 	0.00068884683 	-0.021456951
-0.0038738739 	-0.017853631 	-2.7595794e-08 	0.000688637 	-0.020814198
-0.0038618619 	-0.017853683 	-2.7696937e-08 	0.00068842716 	-0.020171444
-0.0038498498 	-0.017853736 	-2.779808e-08 	0.00068821732 	-0.019528691
-0.0038378378 	-0.017853788 	-2.7899223e-08 	0.00068800749 	-0.018885937
-0.0038258258 	-0.01785384 	-2.8000366e-08 	0.00068779765 	-0.018243183
-0.0038138138 	-0.017853892 	-2.8101509e-08 	0.00068758782 	-0.01760043
-0.0038018018 	-0.017853944 	-2.8202652e-08 	0.00068737798 	-0.016957676
-0.0037897898 	-0.017853996 	-2.8303794e-08 	0.00068716814 	-0.016314923
-0.0037777778 	-0.017854049 	-2.8404937e-08 	0.00068695831 	-0.015672169
-0.0037657658 	-0.017854101 	-2.850608e-08 	0.00068674847 	-0.015029416
-0.0037537538 	-0.017854153 	-2.8607223e-08 	0.00068653864 	-0.014386662
-0.0037417417 	-0.017854204 	-2.8705378e-08 	0.00068625338 	-0.013742807
-0.0037297297 	-0.017854254 	-2.8795745e-08 	0.00068577159 	-0.013096079
-0.0037177177 	-0.017854303 	-2.8886113e-08 	0.00068528981 	-0.012449351
-0.0037057057 	-0.017854352 	-2.8976481e-08 	0.00068480802 	-0.011802624
-0.0036936937 	-0.017854401 	-2.9066848e-08 	0.00068432623 	-0.011155896
-0.0036816817 	-0.01785445 	-2.9157216e-08 	0.00068384444 	-0.010509169
-0.0036696697 	-0.0178545 	-2.9247583e-08 	0.00068336266 	-0.0098624411
-0.0036576577 	-0.017854549 	-2.9337951e-08 	0.00068288087 	-0.0092157135
-0.0036456456 	-0.017854598 	-2.9428318e-08 	0.00068239908 	-0.0085689859
-0.0036336336 	-0.017854647 	-2.9518686e-08 	0.00068191729 	-0.0079222584
-0.0036216216 	-0.017854697 	-2.9609054e-08 	0.0006814355 	-0.0072755308
-0.0036096096 	-0.017854746 	-2.9699421e-08 	0.00068095372 	-0.0066288032
-0.0035975976 	-0.017854795 	-2.9789789e-08 	0.00068047193 	-0.0059820756
-0.0035855856 	-0.017854844 	-2.9880156e-08 	0.00067999014 	-0.0053353481
-0.0035735736 	-0.017854893 	-2.9970524e-08 	0.00067950835 	-0.0046886205
-0.0035615616 	-0.017854943 	-3.0060892e-08 	0.00067902657 	-0.0040418929
-0.0035495495 	-0.017854992 	-3.0151259e-08 	0.00067854478 	-0.0033951654
-0.0035375375 	-0.017855041 	-3.0241627e-08 	0.00067806299 	-0.0027484378
-0.0035255255 	-0.01785509 	-3.0331994e-08 	0.0006775812 	-0.0021017102
-0.0035135135 	-0.017855142 	-3.0478926e-08 	0.00067134643 	-0.001090271
-0.0035015015 	-0.017855194 	-3.0633797e-08 	0.00066430407 	-2.7634499e-05
-0.0034894895 	-0.017855246 	-3.0788669e-08 	0.0006572617 	0.001035002
-0.0034774775 	-0.017855298 	-3.094354e-08 	0.00065021934 	0.0020976386
-0.0034654655 	-0.017855349 	-3.1098411e-08 	0.00064317698 	0.0031602751
-0.0034534535 	-0.017855401 	-3.1253283e-08 	0.00063613462 	0.0042229116
-0.0034414414 	-0.017855453 	-3.1408154e-08 	0.00062909225 	0.0052855482
-0.0034294294 	-0.017855505 	-3.1563026e-08 	0.00062204989 	0.0063481847
-0.0034174174 	-0.017855557 	-3.1717897e-08 	0.00061500753 	0.0074108212
-0.0034054054 	-0.017855609 	-3.1872769e-08 	0.00060796517 	0.0084734577
-0.0033933934 	-0.017855661 	-3.202764e-08 	0.00060092281 	0.0095360943
-0.0033813814 	-0.017855713 	-3.2182511e-08 	0.00059388044 	0.010598731
-0.0033693694 	-0.017855764 	-3.2337383e-08 	0.00058683808 	0.011661367
-0.0033573574 	-0.017855816 	-3.2492254e-08 	0.00057979572 	0.012724004
-0.0033453453 	-0.017855868 	-3.2647126e-08 	0.00057275336 	0.01378664
-0.0033333333 	-0.01785592 	-3.2801997e-08 	0.00056571099 	0.014849277
-0.0033213213 	-0.017855972 	-3.2956869e-08 	0.00055866863 	0.015911913
-0.0033093093 	-0.017856024 	-3.3109232e-08 	0.00055164949 	0.016974398
-0.0032972973 	-0.017856072 	-3.3240312e-08 	0.0005448274 	0.018035596
-0.0032852853 	-0.017856121 	-3.3371391e-08 	0.0005380053 	0.019096793
-0.0032732733 	-0.01785617 	-3.3502471e-08 	0.00053118321 	0.02015799
-0.0032612613 	-0.017856219 	-3.363355e-08 	0.00052436111 	0.021219187
-0.0032492492 	-0.017856267 	-3.376463e-08 	0.00051753902 	0.022280385
-0.0032372372 	-0.017856316 	-3.389571e-08 	0.00051071693 	0.023341582
-0.0032252252 	-0.017856365 	-3.4026789e-08 	0.00050389483 	0.024402779
-0.0032132132 	-0.017856414 	-3.4157869e-08 	0.00049707274 	0.025463977
-0.0032012012 	-0.017856463 	-3.4288949e-08 	0.00049025065 	0.026525174
-0.0031891892 	-0.017856511 	-3.4420028e-08 	0.00048342855 	0.027586371
-0.0031771772 	-0.01785656 	-3.4551108e-08 	0.00047660646 	0.028647569
-0.0031651652 	-0.017856609 	-3.4682187e-08 	0.00046978437 	0.029708766
-0.0031531532 	-0.017856658 	-3.4813267e-08 	0.00046296227 	0.030769963
-0.0031411411 	-0.017856706 	-3.4944347e-08 	0.00045614018 	0.03183116
-0.0031291291 	-0.017856755 	-3.5075426e-08 	0.00044931809 	0.032892358
-0.0031171171 	-0.017856804 	-3.5206506e-08 	0.00044249599 	0.033953555
-0.0031051051 	-0.017856853 	-3.5337585e-08 	0.0004356739 	0.035014752
-0.0030930931 	-0.017856902 	-3.5468665e-08 	0.0004288518 	0.03607595
-0.0030810811 	-0.01785695 	-3.5599745e-08 	0.00042202971 	0.037137147
-0.0030690691 	-0.017856999 	-3.5730824e-08 	0.00041520762 	0.038198344
-0.0030570571 	-0.017857037 	-3.5876837e-08 	0.00040748104 	0.039299439
-0.003045045 	-0.017857038 	-3.6071845e-08 	0.00039678688 	0.040531439
-0.003033033 	-0.01785704 	-3.6266853e-08 	0.00038609272 	0.041763438
-0.003021021 	-0.017857041 	-3.6461861e-08 	0.00037539855 	0.042995438
-0.003009009 	-0.017857043 	-3.6656869e-08 	0.00036470439 	0.044227437
-0.002996997 	-0.017857044 	-3.6851877e-08 	0.00035401023 	0.045459437
-0.002984985 	-0.017857046 	-3.7046885e-08 	0.00034331607 	0.046691436
-0.002972973 	-0.017857047 	-3.7241893e-08 	0.0003326219 	0.047923436
-0.002960961 	-0.017857049 	-3.7436901e-08 	0.00032192774 	0.049155435
-0.0029489489 	-0.01785705 	-3.7631909e-08 	0.00031123358 	0.050387435
-0.0029369369 	-0.017857052 	-3.7826917e-08 	0.00030053942 	0.051619434
-0.0029249249 	-0.017857054 	-3.8021925e-08 	0.00028984525 	0.052851434
-0.0029129129 	-0.017857055 	-3.8216933e-08 	0.00027915109 	0.054083433
-0.0029009009 	-0.017857057 	-3.8411941e-08 	0.00026845693 	0.055315432
-0.0028888889 	-0.017857058 	-3.8606949e-08 	0.00025776277 	0.056547432
-0.0028768769 	-0.01785706 	-3.8801957e-08 	0.00024706861 	0.057779431
-0.0028648649 	-0.017857061 	-3.8996965e-08 	0.00023637444 	0.059011431
-0.0028528529 	-0.017857063 	-3.9191973e-08 	0.00022568028 	0.06024343
-0.0028408408 	-0.017857064 	-3.9386981e-08 	0.00021498612 	0.06147543
-0.0028288288 	-0.017857066 	-3.9581989e-08 	0.00020429196 	0.062707429
-0.0028168168 	-0.017857067 	-3.9775096e-08 	0.00019364124 	0.063938317
-0.0028048048 	-0.017857071 	-3.9944817e-08 	0.00018352506 	0.06515553
-0.0027927928 	-0.017857074 	-4.0114538e-08 	0.00017340887 	0.066372742
-0.0027807808 	-0.017857077 	-4.0284259e-08 	0.00016329269 	0.067589955
-0.0027687688 	-0.017857081 	-4.045398e-08 	0.0001531765 	0.068807167
-0.0027567568 	-0.017857084 	-4.0623701e-08 	0.00014306032 	0.07002438
-0.0027447447 	-0.017857087 	-4.0793422e-08 	0.00013294413 	0.071241592
-0.0027327327 	-0.017857091 	-4.0963143e-08 	0.00012282795 	0.072458805
-0.0027207207 	-0.017857094 	-4.1132864e-08 	0.00011271176 	0.073676017
-0.0027087087 	-0.017857097 	-4.1302585e-08 	0.00010259558 	0.07489323
-0.0026966967 	-0.017857101 	-4.1472306e-08 	9.2479392e-05 	0.076110443
-0.0026846847 	-0.017857104 	-4.1642027e-08 	8.2363207e-05 	0.077327655
-0.0026726727 	-0.017857107 	-4.1811748e-08 	7.2247022e-05 	0.078544868
-0.0026606607 	-0.017857111 	-4.1981469e-08 	6.2130837e-05 	0.07976208
-0.0026486486 	-0.017857114 	-4.215119e-08 	5.2014652e-05 	0.080979293
-0.0026366366 	-0.017857117 	-4.2320911e-08 	4.1898467e-05 	0.082196505
-0.0026246246 	-0.017857121 	-4.2490632e-08 	3.1782281e-05 	0.083413718
-0.0026126126 	-0.017857124 	-4.2660353e-08 	2.1666096e-05 	0.08463093
-0.0026006006 	-0.017857127 	-4.2830074e-08 	1.1549911e-05 	0.085848143
-0.0025885886 	-0.017857131 	-4.2999795e-08 	1.4337263e-06 	0.087065356
-0.0025765766 	-0.017857134 	-4.3169516e-08 	-8.6824588e-06 	0.088282568
-0.0025645646 	-0.017857138 	-4.3339237e-08 	-1.8798644e-05 	0.089499781
-0.0025525526 	-0.017857141 	-4.3508958e-08 	-2.8914829e-05 	0.090716993
-0.0025405405 	-0.017857144 	-4.3678679e-08 	-3.9031014e-05 	0.091934206
-0.0025285285 	-0.017857021 	-4.4182583e-08 	-6.6571666e-05 	0.09516517
-0.0025165165 	-0.017856708 	-4.5187764e-08 	-0.00012024902 	0.10141676
-0.0025045045 	-0.017856396 	-4.6192944e-08 	-0.00017392638 	0.10766835
-0.0024924925 	-0.017856117 	-4.7081421e-08 	-0.00022382599 	0.11372322
-0.0024804805 	-0.017855838 	-4.7969832e-08 	-0.00027372348 	0.11977798
-0.0024684685 	-0.017855586 	-4.8778571e-08 	-0.00031941048 	0.12533117
-0.0024564565 	-0.017855508 	-4.9074582e-08 	-0.00033800081 	0.12765653
-0.0024444444 	-0.017855429 	-4.9370592e-08 	-0.00035659113 	0.12998189
-0.0024324324 	-0.017855354 	-4.9654254e-08 	-0.00037473544 	0.13228487
-0.0024204204 	-0.017855284 	-4.9920257e-08 	-0.00039224188 	0.13455584
-0.0024084084 	-0.017855214 	-5.0186261e-08 	-0.00040974832 	0.1368268
-0.0023963964 	-0.017855145 	-5.0447692e-08 	-0.00042748257 	0.13912932
-0.0023843844 	-0.017855079 	-5.0685434e-08 	-0.00044639734 	0.14159533
-0.0023723724 	-0.017855014 	-5.0923177e-08 	-0.00046531211 	0.14406135
-0.0023603604 	-0.017854949 	-5.1159231e-08 	-0.00048414842 	0.14652298
-0.0023483483 	-0.01785489 	-5.1373862e-08 	-0.00050198901 	0.14892885
-0.0023363363 	-0.01785483 	-5.1588493e-08 	-0.00051982961 	0.15133473
-0.0023243243 	-0.017854771 	-5.1803125e-08 	-0.0005376702 	0.15374061
-0.0023123123 	-0.017854705 	-5.2002047e-08 	-0.00055604877 	0.15623281
-0.0023003003 	-0.017854631 	-5.2176067e-08 	-0.00057528017 	0.15886187
-0.0022882883 	-0.017854556 	-5.2350086e-08 	-0.00059451157 	0.16149092
-0.0022762763 	-0.017854481 	-5.2524106e-08 	-0.00061374297 	0.16411997
-0.0022642643 	-0.017854412 	-5.2685515e-08 	-0.00063203109 	0.16668999
-0.0022522523 	-0.017854343 	-5.2845256e-08 	-0.00065019449 	0.1692522
-0.0022402402 	-0.017854275 	-5.3004998e-08 	-0.0006683579 	0.17181441
-0.0022282282 	-0.017854206 	-5.3164739e-08 	-0.00068652131 	0.17437663
-0.0022162162 	-0.017854124 	-5.3282929e-08 	-0.00070543085 	0.17711718
-0.0022042042 	-0.017854037 	-5.3383472e-08 	-0.00072465727 	0.17993348
-0.0021921922 	-0.01785395 	-5.3484015e-08 	-0.0007438837 	0.18274977
-0.0021801802 	-0.017853863 	-5.3584557e-08 	-0.00076311012 	0.18556607
-0.0021681682 	-0.017853781 	-5.3682577e-08 	-0.00078158694 	0.18832817
-0.0021561562 	-0.0178537 	-5.3779652e-08 	-0.00079978334 	0.19106999
-0.0021441441 	-0.01785362 	-5.3876728e-08 	-0.00081797973 	0.19381181
-0.0021321321 	-0.017853539 	-5.3973803e-08 	-0.00083617613 	0.19655363
-0.0021201201 	-0.017853459 	-5.4070879e-08 	-0.00085437253 	0.19929545
-0.0021081081 	-0.01785336 	-5.4085589e-08 	-0.0008730502 	0.20231802
-0.0020960961 	-0.017853261 	-5.4099029e-08 	-0.0008917353 	0.20534492
-0.0020840841 	-0.017853163 	-5.4112469e-08 	-0.0009104204 	0.20837183
-0.0020720721 	-0.017853064 	-5.4125909e-08 	-0.0009291055 	0.21139873
-0.0020600601 	-0.017852968 	-5.4143514e-08 	-0.00094734149 	0.21438616
-0.002048048 	-0.017852876 	-5.4165687e-08 	-0.00096508483 	0.21733031
-0.002036036 	-0.017852784 	-5.4187861e-08 	-0.00098282817 	0.22027446
-0.002024024 	-0.017852692 	-5.4210034e-08 	-0.0010005715 	0.22321861
-0.002012012 	-0.0178526 	-5.4232208e-08 	-0.0010183149 	0.22616276
-0.002 	-0.017852507 	-5.4243514e-08 	-0.0010360169 	0.22913699
-0.001987988 	-0.017852397 	-5.4153552e-08 	-0.0010533339 	0.2323915
-0.001975976 	-0.017852287 	-5.4063591e-08 	-0.001070651 	0.23564601
-0.001963964 	-0.017852177 	-5.397363e-08 	-0.001087968 	0.23890051
-0.001951952 	-0.017852067 	-5.3883669e-08 	-0.0011052851 	0.24215502
-0.0019399399 	-0.017851957 	-5.3793708e-08 	-0.0011226021 	0.24540953
-0.0019279279 	-0.017851854 	-5.3725529e-08 	-0.0011391487 	0.24857469
-0.0019159159 	-0.017851751 	-5.3657716e-08 	-0.0011556824 	0.25173835
-0.0019039039 	-0.017851647 	-5.3589902e-08 	-0.001172216 	0.25490201
-0.0018918919 	-0.017851544 	-5.3522089e-08 	-0.0011887497 	0.25806568
-0.0018798799 	-0.017851441 	-5.3454276e-08 	-0.0012052834 	0.26122934
-0.0018678679 	-0.017851338 	-5.3386462e-08 	-0.0012218171 	0.264393
-0.0018558559 	-0.01785122 	-5.319621e-08 	-0.0012367472 	0.26783698
-0.0018438438 	-0.0178511 	-5.2989411e-08 	-0.0012514606 	0.27131884
-0.0018318318 	-0.017850981 	-5.2782611e-08 	-0.0012661741 	0.2748007
-0.0018198198 	-0.017850861 	-5.2575812e-08 	-0.0012808875 	0.27828256
-0.0018078078 	-0.017850741 	-5.2369013e-08 	-0.0012956009 	0.28176442
-0.0017957958 	-0.017850622 	-5.2165016e-08 	-0.0013102713 	0.28523844
-0.0017837838 	-0.017850508 	-5.1992918e-08 	-0.0013244523 	0.28862329
-0.0017717718 	-0.017850395 	-5.1820821e-08 	-0.0013386332 	0.29200814
-0.0017597598 	-0.017850282 	-5.1648724e-08 	-0.0013528141 	0.29539299
-0.0017477477 	-0.017850169 	-5.1476626e-08 	-0.001366995 	0.29877784
-0.0017357357 	-0.017850055 	-5.1304529e-08 	-0.0013811759 	0.30216269
-0.0017237237 	-0.017849942 	-5.1132431e-08 	-0.0013953568 	0.30554754
-0.0017117117 	-0.017849827 	-5.0936422e-08 	-0.0014089372 	0.30897798
-0.0016996997 	-0.0178497 	-5.0613486e-08 	-0.00141933 	0.31265037
-0.0016876877 	-0.017849574 	-5.029055e-08 	-0.0014297227 	0.31632276
-0.0016756757 	-0.017849447 	-4.9967614e-08 	-0.0014401154 	0.31999515
-0.0016636637 	-0.017849321 	-4.9644679e-08 	-0.0014505082 	0.32366754
-0.0016516517 	-0.017849194 	-4.9321743e-08 	-0.0014609009 	0.32733993
-0.0016396396 	-0.017849068 	-4.8998807e-08 	-0.0014712937 	0.33101232
-0.0016276276 	-0.017848945 	-4.8700467e-08 	-0.0014815841 	0.33462789
-0.0016156156 	-0.017848824 	-4.8419989e-08 	-0.0014918002 	0.33820221
-0.0016036036 	-0.017848704 	-4.8139511e-08 	-0.0015020163 	0.34177652
-0.0015915916 	-0.017848583 	-4.7859033e-08 	-0.0015122324 	0.34535083
-0.0015795796 	-0.017848462 	-4.7578555e-08 	-0.0015224485 	0.34892515
-0.0015675676 	-0.017848342 	-4.7298076e-08 	-0.0015326645 	0.35249946
-0.0015555556 	-0.017848221 	-4.7017598e-08 	-0.0015428806 	0.35607378
-0.0015435435 	-0.017848101 	-4.673712e-08 	-0.0015530967 	0.35964809
-0.0015315315 	-0.017847976 	-4.6363287e-08 	-0.0015588195 	0.36335796
-0.0015195195 	-0.017847851 	-4.5954456e-08 	-0.0015628577 	0.36711866
-0.0015075075 	-0.017847725 	-4.5545626e-08 	-0.001566896 	0.37087935
-0.0014954955 	-0.0178476 	-4.5136796e-08 	-0.0015709342 	0.37464005
-0.0014834835 	-0.017847474 	-4.4727966e-08 	-0.0015749724 	0.37840074
-0.0014714715 	-0.017847348 	-4.4319135e-08 	-0.0015790107 	0.38216144
-0.0014594595 	-0.017847223 	-4.3910305e-08 	-0.0015830489 	0.38592213
-0.0014474474 	-0.017847098 	-4.3512284e-08 	-0.0015871546 	0.38965921
-0.0014354354 	-0.017846977 	-4.3144329e-08 	-0.0015914478 	0.39333058
-0.0014234234 	-0.017846856 	-4.2776375e-08 	-0.0015957409 	0.39700195
-0.0014114114 	-0.017846735 	-4.2408421e-08 	-0.0016000341 	0.40067332
-0.0013993994 	-0.017846614 	-4.2040466e-08 	-0.0016043273 	0.40434469
-0.0013873874 	-0.017846493 	-4.1672512e-08 	-0.0016086205 	0.40801606
-0.0013753754 	-0.017846372 	-4.1304558e-08 	-0.0016129136 	0.41168744
-0.0013633634 	-0.017846251 	-4.0936604e-08 	-0.0016172068 	0.41535881
-0.0013513514 	-0.01784613 	-4.0568649e-08 	-0.0016215 	0.41903018
-0.0013393393 	-0.017846007 	-4.0181055e-08 	-0.0016225935 	0.42269515
-0.0013273273 	-0.017845881 	-3.9758218e-08 	-0.0016179452 	0.42634862
-0.0013153153 	-0.017845755 	-3.933538e-08 	-0.0016132969 	0.43000209
-0.0013033033 	-0.017845629 	-3.8912543e-08 	-0.0016086487 	0.43365557
-0.0012912913 	-0.017845503 	-3.8489706e-08 	-0.0016040004 	0.43730904
-0.0012792793 	-0.017845377 	-3.8066868e-08 	-0.0015993522 	0.44096251
-0.0012672673 	-0.017845251 	-3.7644031e-08 	-0.0015947039 	0.44461599
-0.0012552553 	-0.017845125 	-3.7221194e-08 	-0.0015900556 	0.44826946
-0.0012432432 	-0.017844999 	-3.6798356e-08 	-0.0015854074 	0.45192293
-0.0012312312 	-0.017844876 	-3.6399815e-08 	-0.0015813832 	0.45551758
-0.0012192192 	-0.017844754 	-3.6004197e-08 	-0.0015774341 	0.45910516
-0.0012072072 	-0.017844631 	-3.5608579e-08 	-0.0015734851 	0.46269273
-0.0011951952 	-0.017844509 	-3.5212961e-08 	-0.001569536 	0.4662803
-0.0011831832 	-0.017844387 	-3.4817344e-08 	-0.0015655869 	0.46986787
-0.0011711712 	-0.017844265 	-3.4421726e-08 	-0.0015616379 	0.47345545
-0.0011591592 	-0.017844142 	-3.4026108e-08 	-0.0015576888 	0.47704302
-0.0011471471 	-0.01784402 	-3.363049e-08 	-0.0015537398 	0.48063059
-0.0011351351 	-0.017843898 	-3.3234872e-08 	-0.0015497907 	0.48421816
-0.0011231231 	-0.017843776 	-3.2839254e-08 	-0.0015458416 	0.48780574
-0.0011111111 	-0.017843695 	-3.2441909e-08 	-0.0015325236 	0.49151969
-0.0010990991 	-0.017843625 	-3.2044103e-08 	-0.0015167113 	0.49526729
-0.0010870871 	-0.017843555 	-3.1646298e-08 	-0.001500899 	0.49901489
-0.0010750751 	-0.017843485 	-3.1248492e-08 	-0.0014850866 	0.50276249
-0.0010630631 	-0.017843416 	-3.0850686e-08 	-0.0014692743 	0.50651009
-0.0010510511 	-0.017843346 	-3.0452881e-08 	-0.001453462 	0.5102577
-0.001039039 	-0.017843276 	-3.0055075e-08 	-0.0014376496 	0.5140053
-0.001027027 	-0.017843206 	-2.965727e-08 	-0.0014218373 	0.5177529
-0.001015015 	-0.017843137 	-2.9259464e-08 	-0.0014060249 	0.5215005
-0.001003003 	-0.017843066 	-2.8862193e-08 	-0.0013903845 	0.5252454
-0.00099099099 	-0.017842992 	-2.8467237e-08 	-0.001375489 	0.52897863
-0.00097897898 	-0.017842919 	-2.8072281e-08 	-0.0013605936 	0.53271185
-0.00096696697 	-0.017842845 	-2.7677325e-08 	-0.0013456981 	0.53644508
-0.00095495495 	-0.017842772 	-2.7282369e-08 	-0.0013308027 	0.5401783
-0.00094294294 	-0.017842698 	-2.6887413e-08 	-0.0013159072 	0.54391153
-0.00093093093 	-0.017842625 	-2.6492458e-08 	-0.0013010117 	0.54764475
-0.00091891892 	-0.017842551 	-2.6097502e-08 	-0.0012861163 	0.55137798
-0.00090690691 	-0.017842477 	-2.5702546e-08 	-0.0012712208 	0.5551112
-0.00089489489 	-0.017842404 	-2.530759e-08 	-0.0012563253 	0.55884442
-0.00088288288 	-0.01784233 	-2.4912634e-08 	-0.0012414299 	0.56257765
-0.00087087087 	-0.017842257 	-2.4517678e-08 	-0.0012265344 	0.56631087
-0.00085885886 	-0.017842213 	-2.4260772e-08 	-0.0012113424 	0.56885219
-0.00084684685 	-0.01784218 	-2.4055524e-08 	-0.0011960395 	0.5709475
-0.00083483483 	-0.017842147 	-2.3850275e-08 	-0.0011807365 	0.57304282
-0.00082282282 	-0.017842115 	-2.3645027e-08 	-0.0011654336 	0.57513813
-0.00081081081 	-0.017842082 	-2.3439778e-08 	-0.0011501306 	0.57723344
-0.0007987988 	-0.017842049 	-2.3234529e-08 	-0.0011348277 	0.57932876
-0.00078678679 	-0.017842016 	-2.3029281e-08 	-0.0011195247 	0.58142407
-0.00077477477 	-0.017841984 	-2.2824032e-08 	-0.0011042218 	0.58351938
-0.00076276276 	-0.017841951 	-2.2618784e-08 	-0.0010889188 	0.5856147
-0.00075075075 	-0.017841918 	-2.2413535e-08 	-0.0010736159 	0.58771001
-0.00073873874 	-0.017841886 	-2.2208287e-08 	-0.0010583129 	0.58980532
-0.00072672673 	-0.017841853 	-2.2003038e-08 	-0.00104301 	0.59190064
-0.00071471471 	-0.01784182 	-2.1797789e-08 	-0.001027707 	0.59399595
-0.0007027027 	-0.017841787 	-2.1592541e-08 	-0.0010124041 	0.59609126
-0.00069069069 	-0.017841755 	-2.1387292e-08 	-0.00099710114 	0.59818658
-0.00067867868 	-0.017841722 	-2.1182044e-08 	-0.00098179819 	0.60028189
-0.00066666667 	-0.017841689 	-2.0976795e-08 	-0.00096649524 	0.6023772
-0.00065465465 	-0.017841657 	-2.0771546e-08 	-0.00095119229 	0.60447252
-0.00064264264 	-0.017841624 	-2.0566298e-08 	-0.00093588935 	0.60656783
-0.00063063063 	-0.017841591 	-2.0361049e-08 	-0.0009205864 	0.60866314
-0.00061861862 	-0.01784156 	-2.0161302e-08 	-0.00090494059 	0.6107569
-0.00060660661 	-0.01784153 	-1.996169e-08 	-0.00088928632 	0.61285063
-0.00059459459 	-0.017841499 	-1.9762078e-08 	-0.00087363206 	0.61494435
-0.00058258258 	-0.017841469 	-1.9562466e-08 	-0.00085797779 	0.61703807
-0.00057057057 	-0.017841438 	-1.9362854e-08 	-0.00084232352 	0.61913179
-0.00055855856 	-0.017841408 	-1.9163243e-08 	-0.00082666926 	0.62122551
-0.00054654655 	-0.017841377 	-1.8963631e-08 	-0.00081101499 	0.62331924
-0.00053453453 	-0.017841347 	-1.8764019e-08 	-0.00079536072 	0.62541296
-0.00052252252 	-0.017841316 	-1.8564407e-08 	-0.00077970646 	0.62750668
-0.00051051051 	-0.017841286 	-1.8364795e-08 	-0.00076405219 	0.6296004
-0.0004984985 	-0.017841255 	-1.8165183e-08 	-0.00074839792 	0.63169413
-0.00048648649 	-0.017841225 	-1.7965571e-08 	-0.00073274366 	0.63378785
-0.00047447447 	-0.017841194 	-1.776596e-08 	-0.00071708939 	0.63588157
-0.00046246246 	-0.017841164 	-1.7566348e-08 	-0.00070143512 	0.63797529
-0.00045045045 	-0.017841133 	-1.7366736e-08 	-0.00068578086 	0.64006901
-0.00043843844 	-0.017841103 	-1.7167124e-08 	-0.00067012659 	0.64216274
-0.00042642643 	-0.017841075 	-1.7041111e-08 	-0.00065276727 	0.6434982
-0.00041441441 	-0.017841048 	-1.6961397e-08 	-0.00063433537 	0.64435667
-0.0004024024 	-0.017841022 	-1.6881683e-08 	-0.00061590348 	0.64521515
-0.00039039039 	-0.017840995 	-1.6801968e-08 	-0.00059747158 	0.64607362
-0.00037837838 	-0.017840969 	-1.6722254e-08 	-0.00057903968 	0.64693209
-0.00036636637 	-0.017840942 	-1.664254e-08 	-0.00056060778 	0.64779056
-0.00035435435 	-0.017840916 	-1.6562825e-08 	-0.00054217588 	0.64864903
-0.00034234234 	-0.017840889 	-1.6483111e-08 	-0.00052374398 	0.6495075
-0.00033033033 	-0.017840863 	-1.6403397e-08 	-0.00050531208 	0.65036598
-0.00031831832 	-0.017840836 	-1.6323683e-08 	-0.00048688018 	0.65122445
-0.00030630631 	-0.01784081 	-1.6243968e-08 	-0.00046844828 	0.65208292
-0.00029429429 	-0.017840784 	-1.6164254e-08 	-0.00045001638 	0.65294139
-0.00028228228 	-0.017840757 	-1.608454e-08 	-0.00043158449 	0.65379986
-0.00027027027 	-0.017840731 	-1.6004825e-08 	-0.00041315259 	0.65465834
-0.00025825826 	-0.017840704 	-1.5925111e-08 	-0.00039472069 	0.65551681
-0.00024624625 	-0.017840678 	-1.5845397e-08 	-0.00037628879 	0.65637528
-0.00023423423 	-0.017840651 	-1.5765682e-08 	-0.00035785689 	0.65723375
-0.00022222222 	-0.017840625 	-1.5685968e-08 	-0.00033942499 	0.65809222
-0.00021021021 	-0.017840598 	-1.5606254e-08 	-0.00032099309 	0.6589507
-0.0001981982 	-0.017840572 	-1.552654e-08 	-0.00030256119 	0.65980917
-0.00018618619 	-0.017840545 	-1.5450028e-08 	-0.00028421245 	0.66065945
-0.00017417417 	-0.017840517 	-1.537403e-08 	-0.00026587702 	0.66150843
-0.00016216216 	-0.01784049 	-1.5298031e-08 	-0.00024754158 	0.66235741
-0.00015015015 	-0.017840463 	-1.5222033e-08 	-0.00022920614 	0.66320638
-0.00013813814 	-0.017840435 	-1.5146034e-08 	-0.00021087071 	0.66405536
-0.00012612613 	-0.017840408 	-1.5070036e-08 	-0.00019253527 	0.66490433
-0.00011411411 	-0.017840381 	-1.4994037e-08 	-0.00017419984 	0.66575331
-0.0001021021 	-0.017840354 	-1.4918038e-08 	-0.0001558644 	0.66660229
-9.009009e-05 	-0.017840326 	-1.484204e-08 	-0.00013752896 	0.66745126
-7.8078078e-05 	-0.017840299 	-1.4766041e-08 	-0.00011919353 	0.66830024
-6.6066066e-05 	-0.017840272 	-1.4690043e-08 	-0.00010085809 	0.66914921
-5.4054054e-05 	-0.017840244 	-1.4614044e-08 	-8.2522656e-05 	0.66999819
-4.2042042e-05 	-0.017840217 	-1.4538046e-08 	-6.418722e-05 	0.67084717
-3.003003e-05 	-0.01784019 	-1.4462047e-08 	-4.5851784e-05 	0.67169614
-1.8018018e-05 	-0.017840162 	-1.4386048e-08 	-2.7516348e-05 	0.67254512
-6.006006e-06 	-0.017840135 	-1.431005e-08 	-9.1809121e-06 	0.67339409
6.006006e-06 	-0.017840135 	-1.4312868e-08 	9.2027585e-06 	0.67338934
1.8018018e-05 	-0.017840161 	-1.4394503e-08 	2.7634664e-05 	0.67253086
3.003003e-05 	-0.017840188 	-1.4476138e-08 	4.6066569e-05 	0.67167239
4.2042042e-05 	-0.017840214 	-1.4557773e-08 	6.4498474e-05 	0.67081391
5.4054054e-05 	-0.01784024 	-1.4639408e-08 	8.2930379e-05 	0.66995543
6.6066066e-05 	-0.017840267 	-1.4721043e-08 	0.00010136228 	0.66909695
7.8078078e-05 	-0.017840293 	-1.4802678e-08 	0.00011979419 	0.66823847
9.009009e-05 	-0.01784032 	-1.4884313e-08 	0.00013822609 	0.66738
0.0001021021 	-0.017840346 	-1.4965948e-08 	0.000156658 	0.66652152
0.00011411411 	-0.017840373 	-1.5047583e-08 	0.00017508991 	0.66566304
0.00012612613 	-0.017840399 	-1.5129218e-08 	0.00019352181 	0.66480456
0.00013813814 	-0.017840426 	-1.5210853e-08 	0.00021195372 	0.66394608
0.00015015015 	-0.017840452 	-1.5292488e-08 	0.00023038562 	0.66308761
0.00016216216 	-0.017840479 	-1.5374123e-08 	0.00024881753 	0.66222913
0.00017417417 	-0.017840505 	-1.5455758e-08 	0.00026724943 	0.66137065
0.00018618619 	-0.017840531 	-1.5537393e-08 	0.00028568134 	0.66051217
0.0001981982 	-0.017840558 	-1.5619028e-08 	0.00030411324 	0.65965369
0.00021021021 	-0.017840584 	-1.5700663e-08 	0.00032254515 	0.65879522
0.00022222222 	-0.017840611 	-1.5782298e-08 	0.00034097705 	0.65793674
0.00023423423 	-0.017840637 	-1.5863933e-08 	0.00035940896 	0.65707826
0.00024624625 	-0.017840664 	-1.5942764e-08 	0.00037776869 	0.65622689
0.00025825826 	-0.017840692 	-1.6020651e-08 	0.00039610413 	0.65537791
0.00027027027 	-0.017840719 	-1.6098538e-08 	0.00041443957 	0.65452893
0.00028228228 	-0.017840746 	-1.6176426e-08 	0.00043277502 	0.65367994
0.00029429429 	-0.017840774 	-1.6254313e-08 	0.00045111046 	0.65283096
0.00030630631 	-0.017840801 	-1.63322e-08 	0.0004694459 	0.65198198
0.00031831832 	-0.017840828 	-1.6410087e-08 	0.00048778135 	0.651133
0.00033033033 	-0.017840855 	-1.6487974e-08 	0.00050611679 	0.65028402
0.00034234234 	-0.017840883 	-1.6565861e-08 	0.00052445223 	0.64943504
0.00035435435 	-0.01784091 	-1.6643748e-08 	0.00054278768 	0.64858606
0.00036636637 	-0.017840937 	-1.6721636e-08 	0.00056112312 	0.64773707
0.00037837838 	-0.017840965 	-1.6799523e-08 	0.00057945856 	0.64688809
0.00039039039 	-0.017840992 	-1.687741e-08 	0.00059779401 	0.64603911
0.0004024024 	-0.017841019 	-1.6955297e-08 	0.00061612945 	0.64519013
0.00041441441 	-0.017841047 	-1.7033184e-08 	0.00063446489 	0.64434115
0.00042642643 	-0.017841074 	-1.7111071e-08 	0.00065280034 	0.64349217
0.00043843844 	-0.017841103 	-1.7238817e-08 	0.00066996477 	0.64216191
0.00045045045 	-0.017841136 	-1.7445821e-08 	0.00068526768 	0.64006659
0.00046246246 	-0.017841169 	-1.7652825e-08 	0.0007005706 	0.63797127
0.00047447447 	-0.017841202 	-1.7859829e-08 	0.00071587351 	0.63587595
0.00048648649 	-0.017841234 	-1.8066833e-08 	0.00073117643 	0.63378063
0.0004984985 	-0.017841267 	-1.8273837e-08 	0.00074647934 	0.63168531
0.00051051051 	-0.0178413 	-1.8480841e-08 	0.00076178226 	0.62958999
0.00052252252 	-0.017841332 	-1.8687845e-08 	0.00077708517 	0.62749467
0.00053453453 	-0.017841365 	-1.8894849e-08 	0.00079238809 	0.62539935
0.00054654655 	-0.017841398 	-1.9101852e-08 	0.000807691 	0.62330403
0.00055855856 	-0.017841431 	-1.9308856e-08 	0.00082299392 	0.62120871
0.00057057057 	-0.017841463 	-1.951586e-08 	0.00083829684 	0.6191134
0.00058258258 	-0.017841496 	-1.9722864e-08 	0.00085359975 	0.61701808
0.00059459459 	-0.017841529 	-1.9929868e-08 	0.00086890267 	0.61492276
0.00060660661 	-0.017841562 	-2.0136872e-08 	0.00088420558 	0.61282744
0.00061861862 	-0.017841594 	-2.0343876e-08 	0.0008995085 	0.61073212
0.00063063063 	-0.017841627 	-2.055088e-08 	0.00091481141 	0.6086368
0.00064264264 	-0.01784166 	-2.0757884e-08 	0.00093011433 	0.60654148
0.00065465465 	-0.017841693 	-2.0964888e-08 	0.00094541724 	0.60444616
0.00066666667 	-0.017841725 	-2.1171892e-08 	0.00096072016 	0.60235084
0.00067867868 	-0.017841757 	-2.1375386e-08 	0.00097624594 	0.60025653
0.00069069069 	-0.017841787 	-2.1576858e-08 	0.00099190017 	0.5981628
0.0007027027 	-0.017841818 	-2.1778329e-08 	0.0010075544 	0.59606907
0.00071471471 	-0.017841848 	-2.1979801e-08 	0.0010232086 	0.59397534
0.00072672673 	-0.017841879 	-2.2181272e-08 	0.0010388629 	0.59188161
0.00073873874 	-0.017841909 	-2.2382744e-08 	0.0010545171 	0.58978789
0.00075075075 	-0.01784194 	-2.2584215e-08 	0.0010701713 	0.58769416
0.00076276276 	-0.01784197 	-2.2785687e-08 	0.0010858256 	0.58560043
0.00077477477 	-0.017842001 	-2.2987158e-08 	0.0011014798 	0.5835067
0.00078678679 	-0.017842031 	-2.318863e-08 	0.001117134 	0.58141297
0.0007987988 	-0.017842062 	-2.3390101e-08 	0.0011327883 	0.57931924
0.00081081081 	-0.017842092 	-2.3591573e-08 	0.0011484425 	0.57722552
0.00082282282 	-0.017842123 	-2.3793044e-08 	0.0011640967 	0.57513179
0.00083483483 	-0.017842153 	-2.3994516e-08 	0.001179751 	0.57303806
0.00084684685 	-0.017842184 	-2.4195987e-08 	0.0011954052 	0.57094433
0.00085885886 	-0.017842215 	-2.4397459e-08 	0.0012110594 	0.5688506
0.00087087087 	-0.017842257 	-2.4652113e-08 	0.001226507 	0.56631044
0.00088288288 	-0.01784233 	-2.5048893e-08 	0.0012414024 	0.5625772
0.00089489489 	-0.017842404 	-2.5445674e-08 	0.0012562977 	0.55884397
0.00090690691 	-0.017842477 	-2.5842454e-08 	0.0012711931 	0.55511073
0.00091891892 	-0.017842551 	-2.6239234e-08 	0.0012860884 	0.5513775
0.00093093093 	-0.017842625 	-2.6636015e-08 	0.0013009838 	0.54764427
0.00094294294 	-0.017842698 	-2.7032795e-08 	0.0013158791 	0.54391103
0.00095495495 	-0.017842772 	-2.7429576e-08 	0.0013307744 	0.5401778
0.00096696697 	-0.017842845 	-2.7826356e-08 	0.0013456698 	0.53644456
0.00097897898 	-0.017842919 	-2.8223136e-08 	0.0013605651 	0.53271133
0.00099099099 	-0.017842993 	-2.8619917e-08 	0.0013754605 	0.52897809
0.001003003 	-0.017843066 	-2.9016697e-08 	0.0013903558 	0.52524486
0.001015015 	-0.017843137 	-2.9415996e-08 	0.0014059961 	0.52149994
0.001027027 	-0.017843206 	-2.9815876e-08 	0.0014218084 	0.51775233
0.001039039 	-0.017843276 	-3.0215756e-08 	0.0014376206 	0.51400472
0.0010510511 	-0.017843346 	-3.0615635e-08 	0.0014534328 	0.51025711
0.0010630631 	-0.017843416 	-3.1015515e-08 	0.001469245 	0.5065095
0.0010750751 	-0.017843485 	-3.1415395e-08 	0.0014850573 	0.50276189
0.0010870871 	-0.017843555 	-3.1815275e-08 	0.0015008695 	0.49901428
0.0010990991 	-0.017843625 	-3.2215155e-08 	0.0015166817 	0.49526667
0.0011111111 	-0.017843695 	-3.2615035e-08 	0.0015324939 	0.49151906
0.0011231231 	-0.017843776 	-3.3014259e-08 	0.0015458118 	0.4878051
0.0011351351 	-0.017843898 	-3.341102e-08 	0.0015497607 	0.48421751
0.0011471471 	-0.01784402 	-3.3807781e-08 	0.0015537097 	0.48062993
0.0011591592 	-0.017844142 	-3.4204541e-08 	0.0015576587 	0.47704235
0.0011711712 	-0.017844265 	-3.4601302e-08 	0.0015616076 	0.47345476
0.0011831832 	-0.017844387 	-3.4998063e-08 	0.0015655566 	0.46986718
0.0011951952 	-0.017844509 	-3.5394824e-08 	0.0015695056 	0.4662796
0.0012072072 	-0.017844631 	-3.5791585e-08 	0.0015734545 	0.46269202
0.0012192192 	-0.017844754 	-3.6188346e-08 	0.0015774035 	0.45910443
0.0012312312 	-0.017844876 	-3.6585106e-08 	0.0015813525 	0.45551685
0.0012432432 	-0.017844999 	-3.6984799e-08 	0.0015853765 	0.45192219
0.0012552553 	-0.017845125 	-3.7408855e-08 	0.0015900247 	0.44826871
0.0012672673 	-0.017845251 	-3.7832911e-08 	0.0015946728 	0.44461522
0.0012792793 	-0.017845377 	-3.8256966e-08 	0.001599321 	0.44096174
0.0012912913 	-0.017845503 	-3.8681022e-08 	0.0016039692 	0.43730826
0.0013033033 	-0.017845629 	-3.9105078e-08 	0.0016086173 	0.43365477
0.0013153153 	-0.017845755 	-3.9529134e-08 	0.0016132655 	0.43000129
0.0013273273 	-0.017845881 	-3.995319e-08 	0.0016179136 	0.42634781
0.0013393393 	-0.017846007 	-4.0377246e-08 	0.0016225618 	0.42269432
0.0013513514 	-0.01784613 	-4.0765521e-08 	0.0016214682 	0.41902935
0.0013633634 	-0.017846251 	-4.1133857e-08 	0.0016171749 	0.41535796
0.0013753754 	-0.017846372 	-4.1502193e-08 	0.0016128817 	0.41168658
0.0013873874 	-0.017846493 	-4.1870529e-08 	0.0016085884 	0.4080152
0.0013993994 	-0.017846614 	-4.2238865e-08 	0.0016042951 	0.40434382
0.0014114114 	-0.017846735 	-4.2607202e-08 	0.0016000019 	0.40067244
0.0014234234 	-0.017846856 	-4.2975538e-08 	0.0015957086 	0.39700105
0.0014354354 	-0.017846977 	-4.3343874e-08 	0.0015914153 	0.39332967
0.0014474474 	-0.017847098 	-4.371221e-08 	0.0015871221 	0.38965829
0.0014594595 	-0.017847223 	-4.4110841e-08 	0.0015830163 	0.3859212
0.0014714715 	-0.017847348 	-4.4520365e-08 	0.0015789779 	0.3821605
0.0014834835 	-0.017847474 	-4.4929888e-08 	0.0015749396 	0.37839979
0.0014954955 	-0.0178476 	-4.5339411e-08 	0.0015709012 	0.37463909
0.0015075075 	-0.017847725 	-4.5748934e-08 	0.0015668629 	0.37087839
0.0015195195 	-0.017847851 	-4.6158458e-08 	0.0015628245 	0.36711768
0.0015315315 	-0.017847976 	-4.6567981e-08 	0.0015587862 	0.36335698
0.0015435435 	-0.017848101 	-4.6942295e-08 	0.0015530633 	0.35964709
0.0015555556 	-0.017848221 	-4.7222687e-08 	0.0015428472 	0.35607277
0.0015675676 	-0.017848342 	-4.750308e-08 	0.001532631 	0.35249844
0.0015795796 	-0.017848462 	-4.7783473e-08 	0.0015224148 	0.34892412
0.0015915916 	-0.017848583 	-4.8063865e-08 	0.0015121986 	0.3453498
0.0016036036 	-0.017848704 	-4.8344258e-08 	0.0015019824 	0.34177547
0.0016156156 	-0.017848824 	-4.862465e-08 	0.0014917663 	0.33820115
0.0016276276 	-0.017848945 	-4.8905043e-08 	0.0014815501 	0.33462682
0.0016396396 	-0.017849068 	-4.920337e-08 	0.0014712596 	0.33101124
0.0016516517 	-0.017849194 	-4.9526393e-08 	0.0014608667 	0.32733884
0.0016636637 	-0.017849321 	-4.9849417e-08 	0.0014504739 	0.32366644
0.0016756757 	-0.017849447 	-5.017244e-08 	0.001440081 	0.31999404
0.0016876877 	-0.017849574 	-5.0495463e-08 	0.0014296882 	0.31632164
0.0016996997 	-0.0178497 	-5.0818487e-08 	0.0014192954 	0.31264924
0.0017117117 	-0.017849827 	-5.114151e-08 	0.0014089025 	0.30897684
0.0017237237 	-0.017849942 	-5.1337287e-08 	0.0013953221 	0.3055464
0.0017357357 	-0.017850055 	-5.1509091e-08 	0.0013811411 	0.30216154
0.0017477477 	-0.017850169 	-5.1680895e-08 	0.0013669601 	0.29877668
0.0017597598 	-0.017850282 	-5.1852699e-08 	0.0013527791 	0.29539182
0.0017717718 	-0.017850395 	-5.2024504e-08 	0.0013385981 	0.29200696
0.0017837838 	-0.017850508 	-5.2196308e-08 	0.0013244171 	0.2886221
0.0017957958 	-0.017850622 	-5.2368112e-08 	0.0013102362 	0.28523724
0.0018078078 	-0.017850741 	-5.2571721e-08 	0.0012955657 	0.28176321
0.0018198198 	-0.017850861 	-5.2778124e-08 	0.0012808521 	0.27828134
0.0018318318 	-0.017850981 	-5.2984527e-08 	0.0012661386 	0.27479947
0.0018438438 	-0.0178511 	-5.319093e-08 	0.0012514251 	0.2713176
0.0018558559 	-0.01785122 	-5.3397333e-08 	0.0012367116 	0.26783573
0.0018678679 	-0.017851338 	-5.3587157e-08 	0.0012217814 	0.26439175
0.0018798799 	-0.017851441 	-5.3654304e-08 	0.0012052477 	0.26122808
0.0018918919 	-0.017851544 	-5.3721451e-08 	0.001188714 	0.25806441
0.0019039039 	-0.017851647 	-5.3788597e-08 	0.0011721802 	0.25490074
0.0019159159 	-0.017851751 	-5.3855744e-08 	0.0011556465 	0.25173707
0.0019279279 	-0.017851854 	-5.3922891e-08 	0.0011391128 	0.2485734
0.0019399399 	-0.017851957 	-5.3990403e-08 	0.0011225662 	0.24540823
0.001951952 	-0.017852067 	-5.4079692e-08 	0.0011052491 	0.24215372
0.001963964 	-0.017852177 	-5.4168982e-08 	0.001087932 	0.2388992
0.001975976 	-0.017852287 	-5.4258271e-08 	0.0010706149 	0.23564469
0.001987988 	-0.017852397 	-5.4347561e-08 	0.0010532978 	0.23239017
0.002 	-0.017852507 	-5.443685e-08 	0.0010359807 	0.22913566
0.002012012 	-0.0178526 	-5.4424454e-08 	0.0010182786 	0.22616142
0.002024024 	-0.017852692 	-5.4401145e-08 	0.0010005353 	0.22321727
0.002036036 	-0.017852784 	-5.4377837e-08 	0.00098279193 	0.22027311
0.002048048 	-0.017852876 	-5.4354528e-08 	0.00096504858 	0.21732895
0.0020600601 	-0.017852968 	-5.433122e-08 	0.00094730522 	0.2143848
0.0020720721 	-0.017853064 	-5.4312543e-08 	0.00092906922 	0.21139735
0.0020840841 	-0.017853163 	-5.429809e-08 	0.00091038409 	0.20837045
0.0020960961 	-0.017853261 	-5.4283636e-08 	0.00089169897 	0.20534354
0.0021081081 	-0.01785336 	-5.4269183e-08 	0.00087301384 	0.20231663
0.0021201201 	-0.017853459 	-5.4253455e-08 	0.00085433613 	0.19929405
0.0021321321 	-0.017853539 	-5.4155092e-08 	0.00083613976 	0.19655223
0.0021441441 	-0.01785362 	-5.4056729e-08 	0.00081794339 	0.1938104
0.0021561562 	-0.0178537 	-5.3958366e-08 	0.00079974701 	0.19106858
0.0021681682 	-0.017853781 	-5.3860004e-08 	0.00078155064 	0.18832675
0.0021801802 	-0.017853863 	-5.3760655e-08 	0.00076307384 	0.18556465
0.0021921922 	-0.01785395 	-5.3658672e-08 	0.00074384742 	0.18274835
0.0022042042 	-0.017854037 	-5.3556689e-08 	0.000724621 	0.17993205
0.0022162162 	-0.017854124 	-5.3454705e-08 	0.00070539459 	0.17711575
0.0022282282 	-0.017854206 	-5.333507e-08 	0.00068648507 	0.17437519
0.0022402402 	-0.017854275 	-5.317387e-08 	0.00066832172 	0.17181297
0.0022522523 	-0.017854343 	-5.3012671e-08 	0.00065015837 	0.16925076
0.0022642643 	-0.017854412 	-5.2851472e-08 	0.00063199502 	0.16668854
0.0022762763 	-0.017854481 	-5.2688604e-08 	0.00061370697 	0.16411852
0.0022882883 	-0.017854556 	-5.2513113e-08 	0.00059447561 	0.16148947
0.0023003003 	-0.017854631 	-5.2337623e-08 	0.00057524425 	0.15886041
0.0023123123 	-0.017854705 	-5.2162132e-08 	0.00055601289 	0.15623136
0.0023243243 	-0.017854771 	-5.1961772e-08 	0.0005376344 	0.15373915
0.0023363363 	-0.01785483 	-5.1745725e-08 	0.0005197939 	0.15133327
0.0023483483 	-0.01785489 	-5.1529677e-08 	0.00050195339 	0.1489274
0.0023603604 	-0.017854949 	-5.1313629e-08 	0.00048411289 	0.14652152
0.0023723724 	-0.017855014 	-5.1076132e-08 	0.00046527666 	0.14405989
0.0023843844 	-0.017855079 	-5.0836945e-08 	0.00044636197 	0.14159387
0.0023963964 	-0.017855145 	-5.0597757e-08 	0.00042744728 	0.13912785
0.0024084084 	-0.017855214 	-5.0334901e-08 	0.00040971315 	0.13682534
0.0024204204 	-0.017855284 	-5.0067478e-08 	0.00039220684 	0.13455437
0.0024324324 	-0.017855354 	-4.9800054e-08 	0.00037470053 	0.13228341
0.0024444444 	-0.017855429 	-4.9514706e-08 	0.00035655635 	0.12998044
0.0024564565 	-0.017855508 	-4.9216824e-08 	0.00033796614 	0.12765508
0.0024684685 	-0.017855586 	-4.8918943e-08 	0.00031937593 	0.12532972
0.0024804805 	-0.017855838 	-4.8105429e-08 	0.00027368939 	0.11977654
0.0024924925 	-0.017856117 	-4.7211792e-08 	0.00022379241 	0.11372179
0.0025045045 	-0.017856396 	-4.631809e-08 	0.0001738933 	0.10766693
0.0025165165 	-0.017856708 	-4.5307296e-08 	0.00012021643 	0.10141535
0.0025285285 	-0.017857021 	-4.4296502e-08 	6.6539558e-05 	0.095163766
0.0025405405 	-0.017857144 	-4.3789741e-08 	3.8999184e-05 	0.091932808
0.0025525526 	-0.017857141 	-4.3619002e-08 	2.8883139e-05 	0.090715599
0.0025645646 	-0.017857138 	-4.3448263e-08 	1.8767093e-05 	0.089498389
0.0025765766 	-0.017857134 	-4.3277523e-08 	8.6510481e-06 	0.08828118
0.0025885886 	-0.017857131 	-4.3106784e-08 	-1.4649973e-06 	0.08706397
0.0026006006 	-0.017857127 	-4.2936045e-08 	-1.1581043e-05 	0.08584676
0.0026126126 	-0.017857124 	-4.2765306e-08 	-2.1697088e-05 	0.084629551
0.0026246246 	-0.017857121 	-4.2594567e-08 	-3.1813133e-05 	0.083412341
0.0026366366 	-0.017857117 	-4.2423827e-08 	-4.1929178e-05 	0.082195131
0.0026486486 	-0.017857114 	-4.2253088e-08 	-5.2045224e-05 	0.080977922
0.0026606607 	-0.017857111 	-4.2082349e-08 	-6.2161269e-05 	0.079760712
0.0026726727 	-0.017857107 	-4.191161e-08 	-7.2277314e-05 	0.078543503
0.0026846847 	-0.017857104 	-4.1740871e-08 	-8.239336e-05 	0.077326293
0.0026966967 	-0.017857101 	-4.1570132e-08 	-9.2509405e-05 	0.076109083
0.0027087087 	-0.017857097 	-4.1399392e-08 	-0.00010262545 	0.074891874
0.0027207207 	-0.017857094 	-4.1228653e-08 	-0.0001127415 	0.073674664
0.0027327327 	-0.017857091 	-4.1057914e-08 	-0.00012285754 	0.072457454
0.0027447447 	-0.017857087 	-4.0887175e-08 	-0.00013297359 	0.071240245
0.0027567568 	-0.017857084 	-4.0716436e-08 	-0.00014308963 	0.070023035
0.0027687688 	-0.017857081 	-4.0545697e-08 	-0.00015320568 	0.068805825
0.0027807808 	-0.017857077 	-4.0374957e-08 	-0.00016332172 	0.067588616
0.0027927928 	-0.017857074 	-4.0204218e-08 	-0.00017343777 	0.066371406
0.0028048048 	-0.017857071 	-4.0033479e-08 	-0.00018355381 	0.065154197
0.0028168168 	-0.017857067 	-3.986274e-08 	-0.00019366986 	0.063936987
0.0028288288 	-0.017857066 	-3.9668493e-08 	-0.00020432043 	0.062706102
0.0028408408 	-0.017857064 	-3.9472335e-08 	-0.00021501446 	0.061474105
0.0028528529 	-0.017857063 	-3.9276176e-08 	-0.00022570848 	0.060242108
0.0028648649 	-0.017857061 	-3.9080018e-08 	-0.0002364025 	0.059010112
0.0028768769 	-0.01785706 	-3.888386e-08 	-0.00024709653 	0.057778115
0.0028888889 	-0.017857058 	-3.8687702e-08 	-0.00025779055 	0.056546118
0.0029009009 	-0.017857057 	-3.8491544e-08 	-0.00026848457 	0.055314121
0.0029129129 	-0.017857055 	-3.8295386e-08 	-0.0002791786 	0.054082125
0.0029249249 	-0.017857054 	-3.8099228e-08 	-0.00028987262 	0.052850128
0.0029369369 	-0.017857052 	-3.790307e-08 	-0.00030056665 	0.051618131
0.0029489489 	-0.01785705 	-3.7706912e-08 	-0.00031126067 	0.050386134
0.002960961 	-0.017857049 	-3.7510753e-08 	-0.00032195469 	0.049154138
0.002972973 	-0.017857047 	-3.7314595e-08 	-0.00033264872 	0.047922141
0.002984985 	-0.017857046 	-3.7118437e-08 	-0.00034334274 	0.046690144
0.002996997 	-0.017857044 	-3.6922279e-08 	-0.00035403676 	0.045458147
0.003009009 	-0.017857043 	-3.6726121e-08 	-0.00036473079 	0.044226151
0.003021021 	-0.017857041 	-3.6529963e-08 	-0.00037542481 	0.042994154
0.003033033 	-0.01785704 	-3.6333805e-08 	-0.00038611884 	0.041762157
0.003045045 	-0.017857038 	-3.6137647e-08 	-0.00039681286 	0.04053016
0.0030570571 	-0.017857037 	-3.5941489e-08 	-0.00040750688 	0.039298164
0.0030690691 	-0.017856999 	-3.5794638e-08 	-0.0004152333 	0.038197072
0.0030810811 	-0.01785695 	-3.5662815e-08 	-0.00042205523 	0.037135878
0.0030930931 	-0.017856902 	-3.5530993e-08 	-0.00042887716 	0.036074684
0.0031051051 	-0.017856853 	-3.539917e-08 	-0.00043569909 	0.035013491
0.0031171171 	-0.017856804 	-3.5267347e-08 	-0.00044252102 	0.033952297
0.0031291291 	-0.017856755 	-3.5135525e-08 	-0.00044934295 	0.032891103
0.0031411411 	-0.017856706 	-3.5003702e-08 	-0.00045616488 	0.031829909
0.0031531532 	-0.017856658 	-3.487188e-08 	-0.00046298681 	0.030768716
0.0031651652 	-0.017856609 	-3.4740057e-08 	-0.00046980873 	0.029707522
0.0031771772 	-0.01785656 	-3.4608234e-08 	-0.00047663066 	0.028646328
0.0031891892 	-0.017856511 	-3.4476412e-08 	-0.00048345259 	0.027585135
0.0032012012 	-0.017856463 	-3.4344589e-08 	-0.00049027452 	0.026523941
0.0032132132 	-0.017856414 	-3.4212767e-08 	-0.00049709645 	0.025462747
0.0032252252 	-0.017856365 	-3.4080944e-08 	-0.00050391838 	0.024401553
0.0032372372 	-0.017856316 	-3.3949121e-08 	-0.00051074031 	0.02334036
0.0032492492 	-0.017856267 	-3.3817299e-08 	-0.00051756224 	0.022279166
0.0032612613 	-0.017856219 	-3.3685476e-08 	-0.00052438417 	0.021217972
0.0032732733 	-0.01785617 	-3.3553654e-08 	-0.0005312061 	0.020156779
0.0032852853 	-0.017856121 	-3.3421831e-08 	-0.00053802803 	0.019095585
0.0032972973 	-0.017856072 	-3.3290008e-08 	-0.00054484996 	0.018034391
0.0033093093 	-0.017856024 	-3.3158186e-08 	-0.00055167188 	0.016973197
0.0033213213 	-0.017855972 	-3.3004987e-08 	-0.00055869086 	0.015910716
0.0033333333 	-0.01785592 	-3.284927e-08 	-0.00056573305 	0.014848083
0.0033453453 	-0.017855868 	-3.2693552e-08 	-0.00057277525 	0.01378545
0.0033573574 	-0.017855816 	-3.2537835e-08 	-0.00057981744 	0.012722817
0.0033693694 	-0.017855764 	-3.2382117e-08 	-0.00058685963 	0.011660184
0.0033813814 	-0.017855713 	-3.22264e-08 	-0.00059390183 	0.01059755
0.0033933934 	-0.017855661 	-3.2070682e-08 	-0.00060094402 	0.0095349172
0.0034054054 	-0.017855609 	-3.1914965e-08 	-0.00060798622 	0.0084722841
0.0034174174 	-0.017855557 	-3.1759247e-08 	-0.00061502841 	0.007409651
0.0034294294 	-0.017855505 	-3.160353e-08 	-0.0006220706 	0.0063470178
0.0034414414 	-0.017855453 	-3.1447812e-08 	-0.0006291128 	0.0052843847
0.0034534535 	-0.017855401 	-3.1292095e-08 	-0.00063615499 	0.0042217515
0.0034654655 	-0.017855349 	-3.1136378e-08 	-0.00064319719 	0.0031591184
0.0034774775 	-0.017855298 	-3.098066e-08 	-0.00065023938 	0.0020964852
0.0034894895 	-0.017855246 	-3.0824943e-08 	-0.00065728157 	0.0010338521
0.0035015015 	-0.017855194 	-3.0669225e-08 	-0.00066432377 	-2.8781033e-05
0.0035135135 	-0.017855142 	-3.0513508e-08 	-0.00067136596 	-0.0010914142
0.0035255255 	-0.01785509 	-3.0365794e-08 	-0.00067760057 	-0.0021028499
0.0035375375 	-0.017855041 	-3.0275095e-08 	-0.00067808222 	-0.0027495735
0.0035495495 	-0.017854992 	-3.0184396e-08 	-0.00067856387 	-0.0033962971
0.0035615616 	-0.017854943 	-3.0093697e-08 	-0.00067904552 	-0.0040430208
0.0035735736 	-0.017854893 	-3.0002998e-08 	-0.00067952717 	-0.0046897444
0.0035855856 	-0.017854844 	-2.9912299e-08 	-0.00068000882 	-0.005336468
0.0035975976 	-0.017854795 	-2.98216e-08 	-0.00068049047 	-0.0059831916
0.0036096096 	-0.017854746 	-2.9730901e-08 	-0.00068097212 	-0.0066299152
0.0036216216 	-0.017854697 	-2.9640202e-08 	-0.00068145377 	-0.0072766389
0.0036336336 	-0.017854647 	-2.9549503e-08 	-0.00068193542 	-0.0079233625
0.0036456456 	-0.017854598 	-2.9458804e-08 	-0.00068241707 	-0.0085700861
0.0036576577 	-0.017854549 	-2.9368105e-08 	-0.00068289872 	-0.0092168097
0.0036696697 	-0.0178545 	-2.9277406e-08 	-0.00068338037 	-0.0098635333
0.0036816817 	-0.01785445 	-2.9186707e-08 	-0.00068386202 	-0.010510257
0.0036936937 	-0.017854401 	-2.9096007e-08 	-0.00068434367 	-0.011156981
0.0037057057 	-0.017854352 	-2.9005308e-08 	-0.00068482532 	-0.011803704
0.0037177177 	-0.017854303 	-2.8914609e-08 	-0.00068530697 	-0.012450428
0.0037297297 	-0.017854254 	-2.882391e-08 	-0.00068578862 	-0.013097151
0.0037417417 	-0.017854204 	-2.8733211e-08 	-0.00068627027 	-0.013743875
0.0037537538 	-0.017854153 	-2.8634701e-08 	-0.00068655539 	-0.014387727
0.0037657658 	-0.017854101 	-2.8533193e-08 	-0.00068676508 	-0.015030477
0.0037777778 	-0.017854049 	-2.8431685e-08 	-0.00068697477 	-0.015673226
0.0037897898 	-0.017853996 	-2.8330177e-08 	-0.00068718447 	-0.016315976
0.0038018018 	-0.017853944 	-2.8228669e-08 	-0.00068739416 	-0.016958726
0.0038138138 	-0.017853892 	-2.8127161e-08 	-0.00068760385 	-0.017601476
0.0038258258 	-0.01785384 	-2.8025653e-08 	-0.00068781355 	-0.018244225
0.0038378378 	-0.017853788 	-2.7924145e-08 	-0.00068802324 	-0.018886975
0.0038498498 	-0.017853736 	-2.7822637e-08 	-0.00068823293 	-0.019529725
0.0038618619 	-0.017853683 	-2.7721129e-08 	-0.00068844263 	-0.020172475
0.0038738739 	-0.017853631 	-2.7619621e-08 	-0.00068865232 	-0.020815224
0.0038858859 	-0.017853579 	-2.7518113e-08 	-0.00068886201 	-0.021457974
0.0038978979 	-0.017853527 	-2.7416605e-08 	-0.00068907171 	-0.022100724
0.0039099099 	-0.017853475 	-2.7315097e-08 	-0.0006892814 	-0.022743474
0.0039219219 	-0.017853422 	-2.7213589e-08 	-0.00068949109 	-0.023386223
0.0039339339 	-0.017853371 	-2.7112021e-08 	-0.00068953182 	-0.024012931
0.0039459459 	-0.017853326 	-2.7009417e-08 	-0.00068669661 	-0.02436659
0.003957958 	-0.017853282 	-2.6906813e-08 	-0.00068386141 	-0.024720249
0.00396997 	-0.017853237 	-2.680421e-08 	-0.0006810262 	-0.025073908
0.003981982 	-0.017853192 	-2.6701606e-08 	-0.000678191 	-0.025427567
0.003993994 	-0.017853148 	-2.6599002e-08 	-0.00067535579 	-0.025781226
0.004006006 	-0.017853103 	-2.6496399e-08 	-0.00067252059 	-0.026134885
0.004018018 	-0.017853059 	-2.6393795e-08 	-0.00066968538 	-0.026488544
0.00403003 	-0.017853014 	-2.6291192e-08 	-0.00066685018 	-0.026842203
0.004042042 	-0.017852969 	-2.6188588e-08 	-0.00066401498 	-0.027195862
0.0040540541 	-0.017852925 	-2.6085984e-08 	-0.00066117977 	-0.027549521
0.0040660661 	-0.01785288 	-2.5983381e-08 	-0.00065834457 	-0.02790318
0.0040780781 	-0.017852836 	-2.5880777e-08 	-0.00065550936 	-0.028256839
0.0040900901 	-0.017852791 	-2.5778173e-08 	-0.00065267416 	-0.028610498
0.0041021021 	-0.017852746 	-2.567557e-08 	-0.00064983895 	-0.028964157
0.0041141141 	-0.017852702 	-2.5572966e-08 	-0.00064700375 	-0.029317816
0.0041261261 	-0.017852657 	-2.5470362e-08 	-0.00064416854 	-0.029671475
0.0041381381 	-0.01785261 	-2.5366859e-08 	-0.00064094342 	-0.030022311
0.0041501502 	-0.017852563 	-2.5263176e-08 	-0.0006376406 	-0.030372585
0.0041621622 	-0.017852515 	-2.5159493e-08 	-0.00063433778 	-0.030722858
0.0041741742 	-0.017852468 	-2.505581e-08 	-0.00063103496 	-0.031073132
0.0041861862 	-0.01785242 	-2.4952127e-08 	-0.00062773214 	-0.031423405
0.0041981982 	-0.017852373 	-2.4848444e-08 	-0.00062442932 	-0.031773678
0.0042102102 	-0.017852325 	-2.4744761e-08 	-0.0006211265 	-0.032123952
0.0042222222 	-0.017852278 	-2.4641078e-08 	-0.00061782368 	-0.032474225
0.0042342342 	-0.01785223 	-2.4537395e-08 	-0.00061452086 	-0.032824499
0.0042462462 	-0.017852183 	-2.4433712e-08 	-0.00061121804 	-0.033174772
0.0042582583 	-0.017852135 	-2.4330029e-08 	-0.00060791522 	-0.033525045
0.0042702703 	-0.017852088 	-2.4226346e-08 	-0.0006046124 	-0.033875319
0.0042822823 	-0.01785204 	-2.4122663e-08 	-0.00060130958 	-0.034225592
0.0042942943 	-0.017851993 	-2.401833e-08 	-0.00059797832 	-0.03457107
0.0043063063 	-0.01785196 	-2.3884829e-08 	-0.00059337028 	-0.034701235
0.0043183183 	-0.017851926 	-2.3751327e-08 	-0.00058876223 	-0.034831401
0.0043303303 	-0.017851892 	-2.3617825e-08 	-0.00058415418 	-0.034961567
0.0043423423 	-0.017851859 	-2.3484323e-08 	-0.00057954613 	-0.035091732
0.0043543544 	-0.017851825 	-2.3350822e-08 	-0.00057493809 	-0.035221898
0.0043663664 	-0.017851792 	-2.321732e-08 	-0.00057033004 	-0.035352064
0.0043783784 	-0.017851758 	-2.3083818e-08 	-0.00056572199 	-0.03548223
0.0043903904 	-0.017851725 	-2.2950317e-08 	-0.00056111394 	-0.035612395
0.0044024024 	-0.017851691 	-2.2816815e-08 	-0.0005565059 	-0.035742561
0.0044144144 	-0.017851657 	-2.2683313e-08 	-0.00055189785 	-0.035872727
0.0044264264 	-0.017851624 	-2.2549811e-08 	-0.0005472898 	-0.036002892
0.0044384384 	-0.01785159 	-2.241631e-08 	-0.00054268175 	-0.036133058
0.0044504505 	-0.017851557 	-2.2282808e-08 	-0.00053807371 	-0.036263224
0.0044624625 	-0.017851523 	-2.2149306e-08 	-0.00053346566 	-0.036393389
0.0044744745 	-0.017851488 	-2.2020217e-08 	-0.00052846078 	-0.036522853
0.0044864865 	-0.017851452 	-2.1892836e-08 	-0.0005233023 	-0.036652046
0.0044984985 	-0.017851417 	-2.1765454e-08 	-0.00051814381 	-0.036781238
0.0045105105 	-0.017851381 	-2.1638073e-08 	-0.00051298532 	-0.036910431
0.0045225225 	-0.017851345 	-2.1510692e-08 	-0.00050782684 	-0.037039623
0.0045345345 	-0.017851309 	-2.1383311e-08 	-0.00050266835 	-0.037168816
0.0045465465 	-0.017851274 	-2.1255929e-08 	-0.00049750986 	-0.037298008
0.0045585586 	-0.017851238 	-2.1128548e-08 	-0.00049235137 	-0.0374272
0.0045705706 	-0.017851202 	-2.1001167e-08 	-0.00048719289 	-0.037556393
0.0045825826 	-0.017851167 	-2.0873786e-08 	-0.0004820344 	-0.037685585
0.0045945946 	-0.017851131 	-2.0746404e-08 	-0.00047687591 	-0.037814778
0.0046066066 	-0.017851095 	-2.0619023e-08 	-0.00047171742 	-0.03794397
0.0046186186 	-0.017851068 	-2.0472047e-08 	-0.0004664801 	-0.037976845
0.0046306306 	-0.017851048 	-2.0308668e-08 	-0.00046117678 	-0.037929093
0.0046426426 	-0.017851028 	-2.0145289e-08 	-0.00045587345 	-0.037881342
0.0046546547 	-0.017851008 	-1.998191e-08 	-0.00045057013 	-0.03783359
0.0046666667 	-0.017850987 	-1.9818531e-08 	-0.00044526681 	-0.037785839
0.0046786787 	-0.017850967 	-1.9655153e-08 	-0.00043996349 	-0.037738087
0.0046906907 	-0.017850947 	-1.9491774e-08 	-0.00043466016 	-0.037690335
0.0047027027 	-0.017850927 	-1.9328395e-08 	-0.00042935684 	-0.037642584
0.0047147147 	-0.017850907 	-1.9165016e-08 	-0.00042405352 	-0.037594832
0.0047267267 	-0.017850887 	-1.9001637e-08 	-0.0004187502 	-0.037547081
0.0047387387 	-0.017850866 	-1.8838258e-08 	-0.00041344688 	-0.037499329
0.0047507508 	-0.017850846 	-1.8674879e-08 	-0.00040814355 	-0.037451577
0.0047627628 	-0.017850826 	-1.8511501e-08 	-0.00040284023 	-0.037403826
0.0047747748 	-0.017850805 	-1.8358888e-08 	-0.00039701558 	-0.037357854
0.0047867868 	-0.017850784 	-1.8207002e-08 	-0.00039115577 	-0.037312003
0.0047987988 	-0.017850762 	-1.8055116e-08 	-0.00038529597 	-0.037266151
0.0048108108 	-0.017850741 	-1.790323e-08 	-0.00037943616 	-0.037220299
0.0048228228 	-0.01785072 	-1.7751344e-08 	-0.00037357636 	-0.037174448
0.0048348348 	-0.017850699 	-1.7599458e-08 	-0.00036771655 	-0.037128596
0.0048468468 	-0.017850677 	-1.7447572e-08 	-0.00036185674 	-0.037082745
0.0048588589 	-0.017850656 	-1.7295686e-08 	-0.00035599694 	-0.037036893
0.0048708709 	-0.017850635 	-1.71438e-08 	-0.00035013713 	-0.036991042
0.0048828829 	-0.017850614 	-1.6991914e-08 	-0.00034427732 	-0.03694519
0.0048948949 	-0.017850595 	-1.6833447e-08 	-0.00033853852 	-0.036869676
0.0049069069 	-0.017850588 	-1.6648996e-08 	-0.00033327757 	-0.036677017
0.0049189189 	-0.01785058 	-1.6464544e-08 	-0.00032801662 	-0.036484358
0.0049309309 	-0.017850573 	-1.6280093e-08 	-0.00032275567 	-0.036291699
0.0049429429 	-0.017850565 	-1.6095641e-08 	-0.00031749472 	-0.03609904
0.004954955 	-0.017850558 	-1.591119e-08 	-0.00031223377 	-0.03590638
0.004966967 	-0.01785055 	-1.5726738e-08 	-0.00030697283 	-0.035713721
0.004978979 	-0.017850542 	-1.5542287e-08 	-0.00030171188 	-0.035521062
0.004990991 	-0.017850535 	-1.5357835e-08 	-0.00029645093 	-0.035328403
0.005003003 	-0.017850527 	-1.5173384e-08 	-0.00029118998 	-0.035135744
0.005015015 	-0.01785052 	-1.4988932e-08 	-0.00028592903 	-0.034943085
0.005027027 	-0.017850512 	-1.480584e-08 	-0.00028062327 	-0.034750845
0.005039039 	-0.017850505 	-1.4636944e-08 	-0.0002748494 	-0.034562976
0.0050510511 	-0.017850497 	-1.4468049e-08 	-0.00026907554 	-0.034375107
0.0050630631 	-0.017850489 	-1.4299153e-08 	-0.00026330168 	-0.034187238
0.0050750751 	-0.017850482 	-1.4130258e-08 	-0.00025752782 	-0.033999369
0.0050870871 	-0.017850474 	-1.3961363e-08 	-0.00025175396 	-0.0338115
0.0050990991 	-0.017850466 	-1.3792467e-08 	-0.0002459801 	-0.033623631
0.0051111111 	-0.017850459 	-1.3623572e-08 	-0.00024020623 	-0.033435763
0.0051231231 	-0.017850451 	-1.3454676e-08 	-0.00023443237 	-0.033247894
0.0051351351 	-0.017850443 	-1.3285781e-08 	-0.00022865851 	-0.033060025
0.0051471471 	-0.017850442 	-1.3100184e-08 	-0.00022353344 	-0.03279457
0.0051591592 	-0.017850445 	-1.2904511e-08 	-0.00021879982 	-0.032482303
0.0051711712 	-0.017850449 	-1.2708838e-08 	-0.00021406619 	-0.032170037
0.0051831832 	-0.017850452 	-1.2513165e-08 	-0.00020933257 	-0.03185777
0.0051951952 	-0.017850455 	-1.2317491e-08 	-0.00020459894 	-0.031545504
0.0052072072 	-0.017850458 	-1.2121818e-08 	-0.00019986532 	-0.031233237
0.0052192192 	-0.017850461 	-1.1926145e-08 	-0.0001951317 	-0.030920971
0.0052312312 	-0.017850464 	-1.1730472e-08 	-0.00019039807 	-0.030608704
0.0052432432 	-0.017850468 	-1.1534798e-08 	-0.00018566445 	-0.030296438
0.0052552553 	-0.017850471 	-1.1339125e-08 	-0.00018093082 	-0.029984171
0.0052672673 	-0.017850474 	-1.1158795e-08 	-0.00017583432 	-0.029678129
0.0052792793 	-0.017850478 	-1.0981716e-08 	-0.00017066089 	-0.029373406
0.0052912913 	-0.017850482 	-1.0804638e-08 	-0.00016548745 	-0.029068684
0.0053033033 	-0.017850486 	-1.062756e-08 	-0.00016031402 	-0.028763961
0.0053153153 	-0.01785049 	-1.0450481e-08 	-0.00015514059 	-0.028459238
0.0053273273 	-0.017850493 	-1.0273403e-08 	-0.00014996716 	-0.028154516
0.0053393393 	-0.017850497 	-1.0096325e-08 	-0.00014479373 	-0.027849793
0.0053513514 	-0.017850501 	-9.9192464e-09 	-0.0001396203 	-0.02754507
0.0053633634 	-0.017850509 	-9.7316731e-09 	-0.00013506249 	-0.027188657
0.0053753754 	-0.017850521 	-9.5328208e-09 	-0.0001311663 	-0.026776691
0.0053873874 	-0.017850533 	-9.3339685e-09 	-0.00012727011 	-0.026364726
0.0053993994 	-0.017850545 	-9.1351162e-09 	-0.00012337391 	-0.02595276
0.0054114114 	-0.017850557 	-8.9362638e-09 	-0.00011947772 	-0.025540794
0.0054234234 	-0.017850569 	-8.7374115e-09 	-0.00011558153 	-0.025128829
0.0054354354 	-0.017850581 	-8.5385592e-09 	-0.00011168534 	-0.024716863
0.0054474474 	-0.017850593 	-8.3397069e-09 	-0.00010778915 	-0.024304897
0.0054594595 	-0.017850605 	-8.1408546e-09 	-0.00010389296 	-0.023892932
0.0054714715 	-0.017850618 	-7.9596083e-09 	-9.9701426e-05 	-0.023489487
0.0054834835 	-0.017850631 	-7.7816252e-09 	-9.5455154e-05 	-0.023087622
0.0054954955 	-0.017850645 	-7.603642e-09 	-9.1208881e-05 	-0.022685756
0.0055075075 	-0.017850658 	-7.4256589e-09 	-8.6962608e-05 	-0.022283891
0.0055195195 	-0.017850671 	-7.2476758e-09 	-8.2716336e-05 	-0.021882026
0.0055315315 	-0.017850684 	-7.0696927e-09 	-7.8470063e-05 	-0.02148016
0.0055435435 	-0.017850698 	-6.8917096e-09 	-7.422379e-05 	-0.021078295
0.0055555556 	-0.017850714 	-6.7046584e-09 	-7.0655508e-05 	-0.020630537
0.0055675676 	-0.017850734 	-6.5081094e-09 	-6.7797333e-05 	-0.020134713
0.0055795796 	-0.017850753 	-6.3115605e-09 	-6.4939157e-05 	-0.019638889
0.0055915916 	-0.017850773 	-6.1150116e-09 	-6.2080981e-05 	-0.019143065
0.0056036036 	-0.017850793 	-5.9184627e-09 	-5.9222806e-05 	-0.018647241
0.0056156156 	-0.017850812 	-5.7219137e-09 	-5.636463e-05 	-0.018151417
0.0056276276 	-0.017850832 	-5.5253648e-09 	-5.3506455e-05 	-0.017655592
0.0056396396 	-0.017850851 	-5.3288159e-09 	-5.0648279e-05 	-0.017159768
0.0056516517 	-0.017850873 	-5.1519424e-09 	-4.7570939e-05 	-0.016674796
0.0056636637 	-0.017850894 	-4.977933e-09 	-4.4461695e-05 	-0.016191404
0.0056756757 	-0.017850915 	-4.8039236e-09 	-4.1352451e-05 	-0.015708012
0.0056876877 	-0.017850937 	-4.6299143e-09 	-3.8243207e-05 	-0.015224619
0.0056996997 	-0.017850958 	-4.4559049e-09 	-3.5133963e-05 	-0.014741227
0.0057117117 	-0.017850979 	-4.2818955e-09 	-3.202472e-05 	-0.014257835
0.0057237237 	-0.017851002 	-4.1012645e-09 	-2.9451844e-05 	-0.013741947
0.0057357357 	-0.017851026 	-3.9102172e-09 	-2.7722695e-05 	-0.013174941
0.0057477477 	-0.01785105 	-3.71917e-09 	-2.5993546e-05 	-0.012607936
0.0057597598 	-0.017851074 	-3.5281227e-09 	-2.4264397e-05 	-0.01204093
0.0057717718 	-0.017851098 	-3.3370755e-09 	-2.2535248e-05 	-0.011473924
0.0057837838 	-0.017851122 	-3.1460283e-09 	-2.0806099e-05 	-0.010906919
0.0057957958 	-0.017851146 	-2.954981e-09 	-1.907695e-05 	-0.010339913
0.0058078078 	-0.017851171 	-2.7800021e-09 	-1.7246424e-05 	-0.009782711
0.0058198198 	-0.017851197 	-2.6127638e-09 	-1.536706e-05 	-0.0092302316
0.0058318318 	-0.017851223 	-2.4455256e-09 	-1.3487696e-05 	-0.0086777522
0.0058438438 	-0.017851249 	-2.2782873e-09 	-1.1608333e-05 	-0.0081252729
0.0058558559 	-0.017851275 	-2.1110491e-09 	-9.7289687e-06 	-0.0075727935
0.0058678679 	-0.017851301 	-1.9438108e-09 	-7.8496049e-06 	-0.0070203141
0.0058798799 	-0.017851321 	-1.7562904e-09 	-7.1184166e-06 	-0.0063779215
0.0058918919 	-0.01785134 	-1.5678896e-09 	-6.4370683e-06 	-0.005731626
0.0059039039 	-0.017851359 	-1.3794888e-09 	-5.75572e-06 	-0.0050853305
0.0059159159 	-0.017851378 	-1.191088e-09 	-5.0743717e-06 	-0.0044390351
0.0059279279 	-0.017851398 	-1.0026872e-09 	-4.3930234e-06 	-0.0037927396
0.0059399399 	-0.017851417 	-8.1529002e-10 	-3.7092787e-06 	-0.0031471123
0.005951952 	-0.017851437 	-6.5223202e-10 	-2.967423e-06 	-0.0025176898
0.005963964 	-0.017851457 	-4.8917401e-10 	-2.2255672e-06 	-0.0018882674
0.005975976 	-0.017851476 	-3.2611601e-10 	-1.4837115e-06 	-0.0012588449
0.005987988 	-0.017851496 	-1.63058e-10 	-7.4185574e-07 	-0.00062942246
0.006 	-0.017851516 	-1.177407e-21 	-5.3567819e-18 	-4.5449252e-15
