-0.002 	0.051555301 	0 	0 	0
-0.001995996 	0.051555304 	-3.9151605e-14 	8.4639769e-07 	0.0040355889
-0.001991992 	0.051555306 	-7.830321e-14 	1.6927954e-06 	0.0080711779
-0.001987988 	0.051555308 	-1.1745481e-13 	2.5391931e-06 	0.012106767
-0.001983984 	0.051555311 	-1.5660642e-13 	3.3855908e-06 	0.016142356
-0.00197998 	0.051555313 	-1.9575802e-13 	4.2319885e-06 	0.020177945
-0.001975976 	0.051555315 	-2.3490963e-13 	5.0783862e-06 	0.024213534
-0.001971972 	0.051555315 	-3.1720275e-13 	5.8553605e-06 	0.028220059
-0.001967968 	0.051555315 	-4.0748135e-13 	6.6194845e-06 	0.032221205
-0.001963964 	0.051555314 	-4.9775996e-13 	7.3836086e-06 	0.036222351
-0.00195996 	0.051555313 	-5.8803856e-13 	8.1477327e-06 	0.040223497
-0.001955956 	0.051555313 	-6.7831717e-13 	8.9118567e-06 	0.044224643
-0.001951952 	0.051555312 	-7.6859577e-13 	9.6759808e-06 	0.048225789
-0.0019479479 	0.051555311 	-8.5887437e-13 	1.0440105e-05 	0.052226935
-0.0019439439 	0.051555332 	-9.1890152e-13 	1.1840371e-05 	0.056135379
-0.0019399399 	0.051555384 	-9.3374946e-13 	1.4190689e-05 	0.059905376
-0.0019359359 	0.051555436 	-9.4859739e-13 	1.6541006e-05 	0.063675374
-0.0019319319 	0.051555488 	-9.6344533e-13 	1.8891323e-05 	0.067445371
-0.0019279279 	0.05155554 	-9.7829326e-13 	2.1241641e-05 	0.071215368
-0.0019239239 	0.051555592 	-9.931412e-13 	2.3591958e-05 	0.074985365
-0.0019199199 	0.051555645 	-1.0079891e-12 	2.5942276e-05 	0.078755362
-0.0019159159 	0.051555694 	-1.0377581e-12 	2.8204531e-05 	0.082512786
-0.0019119119 	0.051555739 	-1.0883015e-12 	3.0344176e-05 	0.086252704
-0.0019079079 	0.051555784 	-1.138845e-12 	3.2483822e-05 	0.089992622
-0.0019039039 	0.051555829 	-1.1893885e-12 	3.4623467e-05 	0.093732541
-0.0018998999 	0.051555874 	-1.239932e-12 	3.6763113e-05 	0.097472459
-0.0018958959 	0.05155592 	-1.2904754e-12 	3.8902758e-05 	0.10121238
-0.0018918919 	0.051555965 	-1.3410189e-12 	4.1042404e-05 	0.1049523
-0.0018878879 	0.05155601 	-1.3915624e-12 	4.3182049e-05 	0.10869221
-0.0018838839 	0.051556055 	-1.4421058e-12 	4.5321695e-05 	0.11243213
-0.0018798799 	0.051556102 	-1.4433503e-12 	4.9358536e-05 	0.1160252
-0.0018758759 	0.051556148 	-1.4433612e-12 	5.3442846e-05 	0.11961459
-0.0018718719 	0.051556195 	-1.4433721e-12 	5.7527157e-05 	0.12320398
-0.0018678679 	0.051556242 	-1.443383e-12 	6.1611467e-05 	0.12679338
-0.0018638639 	0.051556288 	-1.4433939e-12 	6.5695778e-05 	0.13038277
-0.0018598599 	0.051556335 	-1.4434048e-12 	6.9780088e-05 	0.13397216
-0.0018558559 	0.051556382 	-1.4434157e-12 	7.3864399e-05 	0.13756156
-0.0018518519 	0.051556428 	-1.4446154e-12 	7.792914e-05 	0.14114953
-0.0018478478 	0.051556468 	-1.4663845e-12 	8.1655286e-05 	0.14471298
-0.0018438438 	0.051556508 	-1.4881535e-12 	8.5381431e-05 	0.14827642
-0.0018398398 	0.051556548 	-1.5099226e-12 	8.9107576e-05 	0.15183987
-0.0018358358 	0.051556588 	-1.5316916e-12 	9.2833722e-05 	0.15540331
-0.0018318318 	0.051556628 	-1.5534607e-12 	9.6559867e-05 	0.15896676
-0.0018278278 	0.051556668 	-1.5752297e-12 	0.00010028601 	0.1625302
-0.0018238238 	0.051556708 	-1.5969988e-12 	0.00010401216 	0.16609365
-0.0018198198 	0.051556749 	-1.6187678e-12 	0.0001077383 	0.16965709
-0.0018158158 	0.051556789 	-1.6405369e-12 	0.00011146445 	0.17322054
-0.0018118118 	0.051556827 	-1.6489353e-12 	0.00011620746 	0.17669495
-0.0018078078 	0.051556863 	-1.6427498e-12 	0.00012205961 	0.18007226
-0.0018038038 	0.0515569 	-1.6365642e-12 	0.00012791176 	0.18344956
-0.0017997998 	0.051556936 	-1.6303787e-12 	0.00013376392 	0.18682687
-0.0017957958 	0.051556972 	-1.6241931e-12 	0.00013961607 	0.19020417
-0.0017917918 	0.051557009 	-1.6180076e-12 	0.00014546822 	0.19358147
-0.0017877878 	0.051557045 	-1.6118221e-12 	0.00015132038 	0.19695878
-0.0017837838 	0.051557081 	-1.6056365e-12 	0.00015717253 	0.20033608
-0.0017797798 	0.051557118 	-1.599451e-12 	0.00016302468 	0.20371339
-0.0017757758 	0.051557151 	-1.5994817e-12 	0.00016862687 	0.20708049
-0.0017717718 	0.051557182 	-1.6058934e-12 	0.00017397248 	0.21043711
-0.0017677678 	0.051557212 	-1.612305e-12 	0.00017931809 	0.21379374
-0.0017637638 	0.051557243 	-1.6187167e-12 	0.0001846637 	0.21715037
-0.0017597598 	0.051557273 	-1.6251284e-12 	0.00019000931 	0.22050699
-0.0017557558 	0.051557304 	-1.63154e-12 	0.00019535492 	0.22386362
-0.0017517518 	0.051557335 	-1.6379517e-12 	0.00020070053 	0.22722025
-0.0017477477 	0.051557365 	-1.6443634e-12 	0.00020604614 	0.23057687
-0.0017437437 	0.051557396 	-1.650775e-12 	0.00021139175 	0.2339335
-0.0017397397 	0.051557426 	-1.6571867e-12 	0.00021673736 	0.23729012
-0.0017357357 	0.051557457 	-1.6635984e-12 	0.00022208296 	0.24064675
-0.0017317317 	0.051557487 	-1.6208382e-12 	0.00022880546 	0.24385772
-0.0017277277 	0.051557518 	-1.5493108e-12 	0.00023633347 	0.24698348
-0.0017237237 	0.051557548 	-1.4777834e-12 	0.00024386149 	0.25010923
-0.0017197197 	0.051557579 	-1.406256e-12 	0.0002513895 	0.25323499
-0.0017157157 	0.05155761 	-1.3347286e-12 	0.00025891752 	0.25636074
-0.0017117117 	0.05155764 	-1.2632011e-12 	0.00026644554 	0.2594865
-0.0017077077 	0.051557671 	-1.1916737e-12 	0.00027397355 	0.26261225
-0.0017037037 	0.051557701 	-1.1201463e-12 	0.00028150157 	0.26573801
-0.0016996997 	0.051557732 	-1.0486189e-12 	0.00028902958 	0.26886377
-0.0016956957 	0.051557762 	-9.7709149e-13 	0.0002965576 	0.27198952
-0.0016916917 	0.051557791 	-9.3722348e-13 	0.0003038033 	0.2751092
-0.0016876877 	0.051557816 	-9.3776569e-13 	0.00031068864 	0.27822113
-0.0016836837 	0.051557841 	-9.383079e-13 	0.00031757399 	0.28133306
-0.0016796797 	0.051557866 	-9.3885012e-13 	0.00032445933 	0.28444499
-0.0016756757 	0.051557891 	-9.3939233e-13 	0.00033134467 	0.28755692
-0.0016716717 	0.051557916 	-9.3993454e-13 	0.00033823002 	0.29066885
-0.0016676677 	0.051557941 	-9.4047676e-13 	0.00034511536 	0.29378078
-0.0016636637 	0.051557966 	-9.4101897e-13 	0.00035200071 	0.29689271
-0.0016596597 	0.051557991 	-9.4156118e-13 	0.00035888605 	0.30000464
-0.0016556557 	0.051558016 	-9.421034e-13 	0.0003657714 	0.30311657
-0.0016516517 	0.051558041 	-9.4264561e-13 	0.00037265674 	0.3062285
-0.0016476476 	0.051558066 	-9.4318782e-13 	0.00037954209 	0.30934043
-0.0016436436 	0.051558091 	-9.4247656e-13 	0.00038667121 	0.31241867
-0.0016396396 	0.051558121 	-9.323734e-13 	0.00039562684 	0.31524454
-0.0016356356 	0.051558152 	-9.2227023e-13 	0.00040458247 	0.3180704
-0.0016316316 	0.051558182 	-9.1216706e-13 	0.0004135381 	0.32089626
-0.0016276276 	0.051558212 	-9.0206389e-13 	0.00042249373 	0.32372213
-0.0016236236 	0.051558243 	-8.9196073e-13 	0.00043144936 	0.32654799
-0.0016196196 	0.051558273 	-8.8185756e-13 	0.00044040499 	0.32937386
-0.0016156156 	0.051558303 	-8.7175439e-13 	0.00044936062 	0.33219972
-0.0016116116 	0.051558334 	-8.6165122e-13 	0.00045831625 	0.33502559
-0.0016076076 	0.051558364 	-8.5154806e-13 	0.00046727188 	0.33785145
-0.0016036036 	0.051558394 	-8.4144489e-13 	0.00047622751 	0.34067732
-0.0015995996 	0.051558425 	-8.3134172e-13 	0.00048518314 	0.34350318
-0.0015955956 	0.051558452 	-8.2714865e-13 	0.00049372154 	0.34632628
-0.0015915916 	0.051558476 	-8.2765081e-13 	0.00050192849 	0.34914719
-0.0015875876 	0.0515585 	-8.2815297e-13 	0.00051013543 	0.3519681
-0.0015835836 	0.051558524 	-8.2865513e-13 	0.00051834237 	0.35478901
-0.0015795796 	0.051558549 	-8.2915729e-13 	0.00052654932 	0.35760992
-0.0015755756 	0.051558573 	-8.2965944e-13 	0.00053475626 	0.36043083
-0.0015715716 	0.051558597 	-8.301616e-13 	0.0005429632 	0.36325174
-0.0015675676 	0.051558622 	-8.3066376e-13 	0.00055117015 	0.36607264
-0.0015635636 	0.051558646 	-8.3116592e-13 	0.00055937709 	0.36889355
-0.0015595596 	0.05155867 	-8.3166807e-13 	0.00056758403 	0.37171446
-0.0015555556 	0.051558695 	-8.3217023e-13 	0.00057579098 	0.37453537
-0.0015515516 	0.051558719 	-8.3267239e-13 	0.00058399792 	0.37735628
-0.0015475475 	0.051558743 	-8.3317455e-13 	0.00059220486 	0.38017719
-0.0015435435 	0.051558767 	-8.3367671e-13 	0.00060041181 	0.3829981
-0.0015395395 	0.051558799 	-8.5853785e-13 	0.00060957471 	0.38561518
-0.0015355355 	0.051558836 	-9.0098041e-13 	0.00061942759 	0.38808516
-0.0015315315 	0.051558873 	-9.4342296e-13 	0.00062928047 	0.39055513
-0.0015275275 	0.051558911 	-9.8586551e-13 	0.00063913335 	0.39302511
-0.0015235235 	0.051558948 	-1.0283081e-12 	0.00064898622 	0.39549508
-0.0015195195 	0.051558985 	-1.0707506e-12 	0.0006588391 	0.39796505
-0.0015155155 	0.051559022 	-1.1131932e-12 	0.00066869198 	0.40043503
-0.0015115115 	0.051559059 	-1.1556357e-12 	0.00067854486 	0.402905
-0.0015075075 	0.051559096 	-1.1980783e-12 	0.00068839774 	0.40537497
-0.0015035035 	0.051559134 	-1.2405208e-12 	0.00069825062 	0.40784495
-0.0014994995 	0.051559171 	-1.2829634e-12 	0.0007081035 	0.41031492
-0.0014954955 	0.051559208 	-1.3254059e-12 	0.00071795638 	0.4127849
-0.0014914915 	0.051559245 	-1.3678485e-12 	0.00072780925 	0.41525487
-0.0014874875 	0.051559279 	-1.3699411e-12 	0.00073729079 	0.41772769
-0.0014834835 	0.051559309 	-1.3260941e-12 	0.00074634953 	0.42020376
-0.0014794795 	0.051559339 	-1.2822472e-12 	0.00075540827 	0.42267982
-0.0014754755 	0.051559368 	-1.2384002e-12 	0.00076446701 	0.42515589
-0.0014714715 	0.051559398 	-1.1945532e-12 	0.00077352576 	0.42763196
-0.0014674675 	0.051559428 	-1.1507062e-12 	0.0007825845 	0.43010802
-0.0014634635 	0.051559458 	-1.1068592e-12 	0.00079164324 	0.43258409
-0.0014594595 	0.051559488 	-1.0630122e-12 	0.00080070199 	0.43506016
-0.0014554555 	0.051559518 	-1.0191652e-12 	0.00080976073 	0.43753622
-0.0014514515 	0.051559548 	-9.7531825e-13 	0.00081881947 	0.44001229
-0.0014474474 	0.051559578 	-9.3147126e-13 	0.00082787821 	0.44248835
-0.0014434434 	0.051559608 	-8.8762428e-13 	0.00083693696 	0.44496442
-0.0014394394 	0.051559637 	-8.4377729e-13 	0.0008459957 	0.44744049
-0.0014354354 	0.051559667 	-7.9993031e-13 	0.00085505444 	0.44991655
-0.0014314314 	0.051559697 	-7.5608332e-13 	0.00086411318 	0.45239262
-0.0014274274 	0.051559727 	-7.1223633e-13 	0.00087317193 	0.45486868
-0.0014234234 	0.051559771 	-6.9530785e-13 	0.00088269364 	0.45708709
-0.0014194194 	0.051559823 	-6.953079e-13 	0.00089250651 	0.45914347
-0.0014154154 	0.051559876 	-6.9530795e-13 	0.00090231937 	0.46119984
-0.0014114114 	0.051559928 	-6.95308e-13 	0.00091213224 	0.46325621
-0.0014074074 	0.05155998 	-6.9530805e-13 	0.0009219451 	0.46531259
-0.0014034034 	0.051560033 	-6.953081e-13 	0.00093175797 	0.46736896
-0.0013993994 	0.051560085 	-6.9530815e-13 	0.00094157084 	0.46942533
-0.0013953954 	0.051560138 	-6.953082e-13 	0.0009513837 	0.47148171
-0.0013913914 	0.05156019 	-6.9530825e-13 	0.00096119657 	0.47353808
-0.0013873874 	0.051560242 	-6.953083e-13 	0.00097100944 	0.47559445
-0.0013833834 	0.051560295 	-6.9530834e-13 	0.0009808223 	0.47765083
-0.0013793794 	0.051560347 	-6.9530839e-13 	0.00099063517 	0.4797072
-0.0013753754 	0.0515604 	-6.9530844e-13 	0.001000448 	0.48176357
-0.0013713714 	0.051560452 	-6.9530849e-13 	0.0010102609 	0.48381995
-0.0013673674 	0.051560504 	-6.9530854e-13 	0.0010200738 	0.48587632
-0.0013633634 	0.05156055 	-6.667174e-13 	0.0010293398 	0.4879465
-0.0013593594 	0.051560593 	-6.2805267e-13 	0.0010384133 	0.49002154
-0.0013553554 	0.051560636 	-5.8938795e-13 	0.0010474867 	0.49209659
-0.0013513514 	0.051560679 	-5.5072322e-13 	0.0010565601 	0.49417163
-0.0013473473 	0.051560722 	-5.120585e-13 	0.0010656335 	0.49624668
-0.0013433433 	0.051560765 	-4.7339377e-13 	0.0010747069 	0.49832172
-0.0013393393 	0.051560808 	-4.3472905e-13 	0.0010837804 	0.50039676
-0.0013353353 	0.051560851 	-3.9606432e-13 	0.0010928538 	0.50247181
-0.0013313313 	0.051560894 	-3.573996e-13 	0.0011019272 	0.50454685
-0.0013273273 	0.051560937 	-3.1873487e-13 	0.0011110006 	0.5066219
-0.0013233233 	0.05156098 	-2.8007015e-13 	0.0011200741 	0.50869694
-0.0013193193 	0.051561023 	-2.4140542e-13 	0.0011291475 	0.51077199
-0.0013153153 	0.051561066 	-2.0274069e-13 	0.0011382209 	0.51284703
-0.0013113113 	0.051561109 	-1.6407597e-13 	0.0011472943 	0.51492207
-0.0013073073 	0.051561152 	-1.2541124e-13 	0.0011563677 	0.51699712
-0.0013033033 	0.051561195 	-8.6746518e-14 	0.0011654412 	0.51907216
-0.0012992993 	0.051561238 	-4.8081793e-14 	0.0011745146 	0.52114721
-0.0012952953 	0.051561281 	-9.4170676e-15 	0.001183588 	0.52322225
-0.0012912913 	0.051561348 	8.3318861e-19 	0.0011921287 	0.52493568
-0.0012872873 	0.051561423 	8.4762959e-19 	0.0012004978 	0.52653265
-0.0012832833 	0.051561497 	8.6207057e-19 	0.001208867 	0.52812963
-0.0012792793 	0.051561572 	8.7651155e-19 	0.0012172361 	0.52972661
-0.0012752753 	0.051561647 	8.9095253e-19 	0.0012256052 	0.53132359
-0.0012712713 	0.051561721 	9.0539351e-19 	0.0012339744 	0.53292057
-0.0012672673 	0.051561796 	9.1983449e-19 	0.0012423435 	0.53451755
-0.0012632633 	0.051561871 	9.3427547e-19 	0.0012507126 	0.53611453
-0.0012592593 	0.051561945 	9.4871645e-19 	0.0012590818 	0.5377115
-0.0012552553 	0.05156202 	9.6315743e-19 	0.0012674509 	0.53930848
-0.0012512513 	0.051562094 	9.775984e-19 	0.00127582 	0.54090546
-0.0012472472 	0.051562169 	9.9203938e-19 	0.0012841892 	0.54250244
-0.0012432432 	0.051562244 	1.0064804e-18 	0.0012925583 	0.54409942
-0.0012392392 	0.051562318 	1.0209213e-18 	0.0013009275 	0.5456964
-0.0012352352 	0.051562393 	1.0353623e-18 	0.0013092966 	0.54729338
-0.0012312312 	0.051562468 	1.0498033e-18 	0.0013176657 	0.54889036
-0.0012272272 	0.051562542 	1.0642443e-18 	0.0013260349 	0.55048733
-0.0012232232 	0.051562606 	9.9654316e-19 	0.0013339186 	0.55211143
-0.0012192192 	0.051562669 	9.1807809e-19 	0.0013417386 	0.55373907
-0.0012152152 	0.051562732 	8.3961302e-19 	0.0013495587 	0.55536671
-0.0012112112 	0.051562795 	7.6114795e-19 	0.0013573788 	0.55699436
-0.0012072072 	0.051562857 	6.8268288e-19 	0.0013651989 	0.558622
-0.0012032032 	0.05156292 	6.0421781e-19 	0.001373019 	0.56024965
-0.0011991992 	0.051562983 	5.2575275e-19 	0.0013808391 	0.56187729
-0.0011951952 	0.051563046 	4.4728768e-19 	0.0013886591 	0.56350494
-0.0011911912 	0.051563108 	3.6882261e-19 	0.0013964792 	0.56513258
-0.0011871872 	0.051563171 	2.9035754e-19 	0.0014042993 	0.56676022
-0.0011831832 	0.051563234 	2.1189247e-19 	0.0014121194 	0.56838787
-0.0011791792 	0.051563296 	1.334274e-19 	0.0014199395 	0.57001551
-0.0011751752 	0.051563359 	5.4962327e-20 	0.0014277596 	0.57164316
-0.0011711712 	0.051563422 	-2.3502742e-20 	0.0014355796 	0.5732708
-0.0011671672 	0.051563485 	-1.0196781e-19 	0.0014433997 	0.57489844
-0.0011631632 	0.051563547 	-1.8043288e-19 	0.0014512198 	0.57652609
-0.0011591592 	0.05156361 	-2.5889795e-19 	0.0014590399 	0.57815373
-0.0011551552 	0.051563673 	-3.3736302e-19 	0.00146686 	0.57978138
-0.0011511512 	0.051563736 	-4.1582809e-19 	0.0014746801 	0.58140902
-0.0011471471 	0.051563798 	-4.9429316e-19 	0.0014825001 	0.58303667
-0.0011431431 	0.051563877 	-1.4132996e-14 	0.0014890216 	0.58442017
-0.0011391391 	0.051563974 	-4.3226984e-14 	0.0014941682 	0.58554522
-0.0011351351 	0.051564071 	-7.2320971e-14 	0.0014993149 	0.58667027
-0.0011311311 	0.051564167 	-1.0141496e-13 	0.0015044615 	0.58779532
-0.0011271271 	0.051564264 	-1.3050895e-13 	0.0015096081 	0.58892037
-0.0011231231 	0.05156436 	-1.5960293e-13 	0.0015147547 	0.59004542
-0.0011191191 	0.051564457 	-1.8869692e-13 	0.0015199014 	0.59117047
-0.0011151151 	0.051564553 	-2.1779091e-13 	0.001525048 	0.59229552
-0.0011111111 	0.05156465 	-2.468849e-13 	0.0015301946 	0.59342057
-0.0011071071 	0.051564747 	-2.7597888e-13 	0.0015353413 	0.59454562
-0.0011031031 	0.051564843 	-3.0507287e-13 	0.0015404879 	0.59567067
-0.0010990991 	0.05156494 	-3.3416686e-13 	0.0015456345 	0.59679572
-0.0010950951 	0.051565036 	-3.6326085e-13 	0.0015507812 	0.59792077
-0.0010910911 	0.051565133 	-3.9235483e-13 	0.0015559278 	0.59904582
-0.0010870871 	0.051565229 	-4.2144882e-13 	0.0015610744 	0.60017087
-0.0010830831 	0.051565326 	-4.5054281e-13 	0.001566221 	0.60129592
-0.0010790791 	0.051565422 	-4.796368e-13 	0.0015713677 	0.60242097
-0.0010750751 	0.051565519 	-5.0873078e-13 	0.0015765143 	0.60354602
-0.0010710711 	0.051565616 	-5.3782477e-13 	0.0015816609 	0.60467107
-0.0010670671 	0.051565707 	-5.6729586e-13 	0.0015867336 	0.60580944
-0.0010630631 	0.05156579 	-5.974756e-13 	0.0015916671 	0.60697283
-0.0010590591 	0.051565873 	-6.2765535e-13 	0.0015966006 	0.60813622
-0.0010550551 	0.051565956 	-6.578351e-13 	0.0016015341 	0.6092996
-0.0010510511 	0.051566039 	-6.8801485e-13 	0.0016064677 	0.61046299
-0.001047047 	0.051566122 	-7.1819459e-13 	0.0016114012 	0.61162638
-0.001043043 	0.051566205 	-7.4837434e-13 	0.0016163347 	0.61278977
-0.001039039 	0.051566287 	-7.7855409e-13 	0.0016212682 	0.61395316
-0.001035035 	0.05156637 	-8.0873383e-13 	0.0016262017 	0.61511655
-0.001031031 	0.051566453 	-8.3891358e-13 	0.0016311353 	0.61627994
-0.001027027 	0.051566536 	-8.6909333e-13 	0.0016360688 	0.61744333
-0.001023023 	0.051566619 	-8.9927307e-13 	0.0016410023 	0.61860672
-0.001019019 	0.051566702 	-9.2945282e-13 	0.0016459358 	0.61977011
-0.001015015 	0.051566785 	-9.5963257e-13 	0.0016508694 	0.6209335
-0.001011011 	0.051566868 	-9.8981231e-13 	0.0016558029 	0.62209689
-0.001007007 	0.05156695 	-1.0199921e-12 	0.0016607364 	0.62326028
-0.001003003 	0.051567033 	-1.0501718e-12 	0.0016656699 	0.62442367
-0.000998999 	0.051567116 	-1.0803516e-12 	0.0016706035 	0.62558706
-0.00099499499 	0.051567199 	-1.1105313e-12 	0.001675537 	0.62675045
-0.00099099099 	0.051567282 	-1.140711e-12 	0.0016804705 	0.62791384
-0.00098698699 	0.051567365 	-1.1708908e-12 	0.001685404 	0.62907723
-0.00098298298 	0.051567448 	-1.2010705e-12 	0.0016903376 	0.63024062
-0.00097897898 	0.051567531 	-1.2312503e-12 	0.0016952711 	0.631404
-0.00097497497 	0.05156762 	-1.2606592e-12 	0.0016992738 	0.63246925
-0.00097097097 	0.051567736 	-1.2871538e-12 	0.0016997571 	0.6331634
-0.00096696697 	0.051567852 	-1.3136484e-12 	0.0017002405 	0.63385756
-0.00096296296 	0.051567967 	-1.340143e-12 	0.0017007238 	0.63455172
-0.00095895896 	0.051568083 	-1.3666375e-12 	0.0017012071 	0.63524588
-0.00095495495 	0.051568199 	-1.3931321e-12 	0.0017016904 	0.63594003
-0.00095095095 	0.051568314 	-1.4196267e-12 	0.0017021738 	0.63663419
-0.00094694695 	0.05156843 	-1.4461213e-12 	0.0017026571 	0.63732835
-0.00094294294 	0.051568546 	-1.4726158e-12 	0.0017031404 	0.6380225
-0.00093893894 	0.051568661 	-1.4991104e-12 	0.0017036238 	0.63871666
-0.00093493493 	0.051568777 	-1.525605e-12 	0.0017041071 	0.63941082
-0.00093093093 	0.051568893 	-1.5520996e-12 	0.0017045904 	0.64010498
-0.00092692693 	0.051569008 	-1.5785941e-12 	0.0017050738 	0.64079913
-0.00092292292 	0.051569124 	-1.6050887e-12 	0.0017055571 	0.64149329
-0.00091891892 	0.05156924 	-1.6315833e-12 	0.0017060404 	0.64218745
-0.00091491491 	0.051569355 	-1.6580779e-12 	0.0017065238 	0.6428816
-0.00091091091 	0.051569471 	-1.6845725e-12 	0.0017070071 	0.64357576
-0.00090690691 	0.051569587 	-1.711067e-12 	0.0017074904 	0.64426992
-0.0009029029 	0.051569702 	-1.7375616e-12 	0.0017079738 	0.64496407
-0.0008988989 	0.051569818 	-1.7640562e-12 	0.0017084571 	0.64565823
-0.00089489489 	0.051569934 	-1.7905508e-12 	0.0017089404 	0.64635239
-0.00089089089 	0.051570049 	-1.8170453e-12 	0.0017094237 	0.64704655
-0.00088688689 	0.051570158 	-1.8430495e-12 	0.0017099981 	0.64775969
-0.00088288288 	0.051570259 	-1.8685637e-12 	0.0017106635 	0.6484918
-0.00087887888 	0.05157036 	-1.8940779e-12 	0.0017113289 	0.64922391
-0.00087487487 	0.051570462 	-1.919592e-12 	0.0017119943 	0.64995601
-0.00087087087 	0.051570563 	-1.9451062e-12 	0.0017126597 	0.65068812
-0.00086686687 	0.051570664 	-1.9706204e-12 	0.0017133251 	0.65142023
-0.00086286286 	0.051570766 	-1.9961345e-12 	0.0017139905 	0.65215234
-0.00085885886 	0.051570867 	-2.0216487e-12 	0.0017146558 	0.65288445
-0.00085485485 	0.051570968 	-2.0471629e-12 	0.0017153212 	0.65361656
-0.00085085085 	0.051571069 	-2.072677e-12 	0.0017159866 	0.65434867
-0.00084684685 	0.051571171 	-2.0981912e-12 	0.001716652 	0.65508078
-0.00084284284 	0.051571272 	-2.1237054e-12 	0.0017173174 	0.65581289
-0.00083883884 	0.051571373 	-2.1492195e-12 	0.0017179828 	0.656545
-0.00083483483 	0.051571475 	-2.1747337e-12 	0.0017186482 	0.65727711
-0.00083083083 	0.051571576 	-2.2002479e-12 	0.0017193135 	0.65800922
-0.00082682683 	0.051571677 	-2.225762e-12 	0.0017199789 	0.65874133
-0.00082282282 	0.051571778 	-2.2512762e-12 	0.0017206443 	0.65947343
-0.00081881882 	0.05157188 	-2.2767904e-12 	0.0017213097 	0.66020554
-0.00081481481 	0.051571981 	-2.3023045e-12 	0.0017219751 	0.66093765
-0.00081081081 	0.051572082 	-2.3278187e-12 	0.0017226405 	0.66166976
-0.00080680681 	0.051572184 	-2.3533329e-12 	0.0017233059 	0.66240187
-0.0008028028 	0.051572285 	-2.378847e-12 	0.0017239712 	0.66313398
-0.0007987988 	0.051572386 	-2.4043612e-12 	0.0017246366 	0.66386609
-0.00079479479 	0.051572488 	-2.4298754e-12 	0.001725302 	0.6645982
-0.00079079079 	0.051572589 	-2.4553895e-12 	0.0017259674 	0.66533031
-0.00078678679 	0.05157269 	-2.4809037e-12 	0.0017266328 	0.66606242
-0.00078278278 	0.051572789 	-2.494206e-12 	0.0017256076 	0.66670304
-0.00077877878 	0.051572881 	-2.4716991e-12 	0.001719625 	0.66707539
-0.00077477477 	0.051572973 	-2.4491922e-12 	0.0017136424 	0.66744774
-0.00077077077 	0.051573065 	-2.4266853e-12 	0.0017076598 	0.6678201
-0.00076676677 	0.051573157 	-2.4041784e-12 	0.0017016773 	0.66819245
-0.00076276276 	0.051573249 	-2.3816715e-12 	0.0016956947 	0.6685648
-0.00075875876 	0.051573341 	-2.3591645e-12 	0.0016897121 	0.66893715
-0.00075475475 	0.051573433 	-2.3366576e-12 	0.0016837295 	0.6693095
-0.00075075075 	0.051573525 	-2.3141507e-12 	0.0016777469 	0.66968186
-0.00074674675 	0.051573617 	-2.2916438e-12 	0.0016717643 	0.67005421
-0.00074274274 	0.051573709 	-2.2691369e-12 	0.0016657818 	0.67042656
-0.00073873874 	0.051573801 	-2.24663e-12 	0.0016597992 	0.67079891
-0.00073473473 	0.051573894 	-2.2241231e-12 	0.0016538166 	0.67117126
-0.00073073073 	0.051573986 	-2.2016161e-12 	0.001647834 	0.67154362
-0.00072672673 	0.051574078 	-2.1791092e-12 	0.0016418514 	0.67191597
-0.00072272272 	0.05157417 	-2.1566023e-12 	0.0016358688 	0.67228832
-0.00071871872 	0.051574262 	-2.1340954e-12 	0.0016298863 	0.67266067
-0.00071471471 	0.051574354 	-2.1115885e-12 	0.0016239037 	0.67303302
-0.00071071071 	0.051574446 	-2.0890816e-12 	0.0016179211 	0.67340538
-0.00070670671 	0.051574538 	-2.0665746e-12 	0.0016119385 	0.67377773
-0.0007027027 	0.05157463 	-2.0440677e-12 	0.0016059559 	0.67415008
-0.0006986987 	0.051574722 	-2.0215608e-12 	0.0015999734 	0.67452243
-0.00069469469 	0.051574814 	-1.9990539e-12 	0.0015939908 	0.67489478
-0.00069069069 	0.051574906 	-1.976547e-12 	0.0015880082 	0.67526714
-0.00068668669 	0.051574998 	-1.9540401e-12 	0.0015820256 	0.67563949
-0.00068268268 	0.051575085 	-1.9310035e-12 	0.0015764672 	0.67603121
-0.00067867868 	0.051575168 	-1.9076554e-12 	0.0015711583 	0.67643432
-0.00067467467 	0.051575251 	-1.8843072e-12 	0.0015658494 	0.67683744
-0.00067067067 	0.051575334 	-1.8609591e-12 	0.0015605406 	0.67724055
-0.00066666667 	0.051575417 	-1.8376109e-12 	0.0015552317 	0.67764367
-0.00066266266 	0.0515755 	-1.8142628e-12 	0.0015499228 	0.67804678
-0.00065865866 	0.051575584 	-1.7909146e-12 	0.001544614 	0.67844989
-0.00065465465 	0.051575667 	-1.7675665e-12 	0.0015393051 	0.67885301
-0.00065065065 	0.05157575 	-1.7442183e-12 	0.0015339962 	0.67925612
-0.00064664665 	0.051575833 	-1.7208702e-12 	0.0015286874 	0.67965924
-0.00064264264 	0.051575916 	-1.697522e-12 	0.0015233785 	0.68006235
-0.00063863864 	0.051575999 	-1.6741739e-12 	0.0015180696 	0.68046547
-0.00063463463 	0.051576083 	-1.6508257e-12 	0.0015127608 	0.68086858
-0.00063063063 	0.051576166 	-1.6274776e-12 	0.0015074519 	0.6812717
-0.00062662663 	0.051576249 	-1.6041294e-12 	0.001502143 	0.68167481
-0.00062262262 	0.051576332 	-1.5807813e-12 	0.0014968342 	0.68207793
-0.00061861862 	0.051576415 	-1.5574331e-12 	0.0014915253 	0.68248104
-0.00061461461 	0.051576498 	-1.534085e-12 	0.0014862164 	0.68288416
-0.00061061061 	0.051576582 	-1.5107368e-12 	0.0014809076 	0.68328727
-0.00060660661 	0.051576665 	-1.4873887e-12 	0.0014755987 	0.68369039
-0.0006026026 	0.051576748 	-1.4640405e-12 	0.0014702898 	0.6840935
-0.0005985986 	0.051576831 	-1.4406924e-12 	0.001464981 	0.68449662
-0.00059459459 	0.051576914 	-1.4173442e-12 	0.0014596721 	0.68489973
-0.00059059059 	0.051576997 	-1.3939961e-12 	0.0014543633 	0.68530285
-0.00058658659 	0.051577081 	-1.3706479e-12 	0.0014490544 	0.68570596
-0.00058258258 	0.051577164 	-1.3472998e-12 	0.0014437455 	0.68610908
-0.00057857858 	0.051577247 	-1.3239516e-12 	0.0014384367 	0.68651219
-0.00057457457 	0.05157733 	-1.3006035e-12 	0.0014331278 	0.68691531
-0.00057057057 	0.051577413 	-1.2772553e-12 	0.0014278189 	0.68731842
-0.00056656657 	0.051577496 	-1.2539072e-12 	0.0014225101 	0.68772153
-0.00056256256 	0.051577563 	-1.2660368e-12 	0.0014137175 	0.68791244
-0.00055855856 	0.051577628 	-1.2840139e-12 	0.0014043507 	0.68806837
-0.00055455455 	0.051577692 	-1.3019911e-12 	0.0013949839 	0.6882243
-0.00055055055 	0.051577756 	-1.3199682e-12 	0.0013856172 	0.68838023
-0.00054654655 	0.05157782 	-1.3379454e-12 	0.0013762504 	0.68853615
-0.00054254254 	0.051577884 	-1.3559225e-12 	0.0013668836 	0.68869208
-0.00053853854 	0.051577949 	-1.3738997e-12 	0.0013575169 	0.68884801
-0.00053453453 	0.051578013 	-1.3918768e-12 	0.0013481501 	0.68900394
-0.00053053053 	0.051578077 	-1.409854e-12 	0.0013387833 	0.68915987
-0.00052652653 	0.051578141 	-1.4278311e-12 	0.0013294165 	0.6893158
-0.00052252252 	0.051578206 	-1.4458083e-12 	0.0013200498 	0.68947173
-0.00051851852 	0.05157827 	-1.4637854e-12 	0.001310683 	0.68962766
-0.00051451451 	0.051578334 	-1.4817626e-12 	0.0013013162 	0.68978358
-0.00051051051 	0.051578398 	-1.4997397e-12 	0.0012919495 	0.68993951
-0.00050650651 	0.051578463 	-1.5177169e-12 	0.0012825827 	0.69009544
-0.0005025025 	0.051578527 	-1.535694e-12 	0.0012732159 	0.69025137
-0.0004984985 	0.051578591 	-1.5536712e-12 	0.0012638491 	0.6904073
-0.00049449449 	0.051578655 	-1.5716483e-12 	0.0012544824 	0.69056323
-0.00049049049 	0.051578719 	-1.5896255e-12 	0.0012451156 	0.69071916
-0.00048648649 	0.051578784 	-1.6076026e-12 	0.0012357488 	0.69087509
-0.00048248248 	0.051578848 	-1.6255798e-12 	0.0012263821 	0.69103101
-0.00047847848 	0.051578912 	-1.6435569e-12 	0.0012170153 	0.69118694
-0.00047447447 	0.051578976 	-1.6615341e-12 	0.0012076485 	0.69134287
-0.00047047047 	0.051579041 	-1.6795112e-12 	0.0011982817 	0.6914988
-0.00046646647 	0.051579105 	-1.6974884e-12 	0.001188915 	0.69165473
-0.00046246246 	0.051579169 	-1.7154655e-12 	0.0011795482 	0.69181066
-0.00045845846 	0.051579233 	-1.7334427e-12 	0.0011701814 	0.69196659
-0.00045445445 	0.051579298 	-1.7514198e-12 	0.0011608147 	0.69212251
-0.00045045045 	0.051579362 	-1.769397e-12 	0.0011514479 	0.69227844
-0.00044644645 	0.051579426 	-1.7873741e-12 	0.0011420811 	0.69243437
-0.00044244244 	0.05157949 	-1.8053513e-12 	0.0011327143 	0.6925903
-0.00043843844 	0.051579554 	-1.8233284e-12 	0.0011233476 	0.69274623
-0.00043443443 	0.051579619 	-1.8413056e-12 	0.0011139808 	0.69290216
-0.00043043043 	0.051579683 	-1.8592827e-12 	0.001104614 	0.69305809
-0.00042642643 	0.051579747 	-1.8772599e-12 	0.0010952473 	0.69321402
-0.00042242242 	0.051579811 	-1.8952371e-12 	0.0010858805 	0.69336994
-0.00041841842 	0.051579876 	-1.9132142e-12 	0.0010765137 	0.69352587
-0.00041441441 	0.05157994 	-1.9311914e-12 	0.0010671469 	0.6936818
-0.00041041041 	0.051580005 	-1.9490522e-12 	0.001057648 	0.69383494
-0.00040640641 	0.051580075 	-1.9663662e-12 	0.001047528 	0.69397493
-0.0004024024 	0.051580144 	-1.9836803e-12 	0.001037408 	0.69411493
-0.0003983984 	0.051580214 	-2.0009944e-12 	0.001027288 	0.69425493
-0.00039439439 	0.051580283 	-2.0183085e-12 	0.0010171679 	0.69439493
-0.00039039039 	0.051580353 	-2.0356226e-12 	0.0010070479 	0.69453493
-0.00038638639 	0.051580422 	-2.0529367e-12 	0.00099692791 	0.69467493
-0.00038238238 	0.051580492 	-2.0702507e-12 	0.00098680789 	0.69481492
-0.00037837838 	0.051580561 	-2.0875648e-12 	0.00097668788 	0.69495492
-0.00037437437 	0.051580631 	-2.1048789e-12 	0.00096656786 	0.69509492
-0.00037037037 	0.051580701 	-2.122193e-12 	0.00095644784 	0.69523492
-0.00036636637 	0.05158077 	-2.1395071e-12 	0.00094632782 	0.69537492
-0.00036236236 	0.05158084 	-2.1568212e-12 	0.00093620781 	0.69551492
-0.00035835836 	0.051580909 	-2.1741352e-12 	0.00092608779 	0.69565491
-0.00035435435 	0.051580979 	-2.1914493e-12 	0.00091596777 	0.69579491
-0.00035035035 	0.051581048 	-2.2087634e-12 	0.00090584776 	0.69593491
-0.00034634635 	0.051581118 	-2.2260775e-12 	0.00089572774 	0.69607491
-0.00034234234 	0.051581187 	-2.2433916e-12 	0.00088560772 	0.69621491
-0.00033833834 	0.051581257 	-2.2607057e-12 	0.0008754877 	0.69635491
-0.00033433433 	0.051581327 	-2.2780197e-12 	0.00086536769 	0.6964949
-0.00033033033 	0.051581396 	-2.2953338e-12 	0.00085524767 	0.6966349
-0.00032632633 	0.051581466 	-2.3126479e-12 	0.00084512765 	0.6967749
-0.00032232232 	0.051581535 	-2.329962e-12 	0.00083500764 	0.6969149
-0.00031831832 	0.051581605 	-2.3472761e-12 	0.00082488762 	0.6970549
-0.00031431431 	0.051581674 	-2.3645902e-12 	0.0008147676 	0.6971949
-0.00031031031 	0.051581744 	-2.3819042e-12 	0.00080464758 	0.6973349
-0.00030630631 	0.051581813 	-2.3992183e-12 	0.00079452757 	0.69747489
-0.0003023023 	0.051581883 	-2.4165324e-12 	0.00078440755 	0.69761489
-0.0002982983 	0.051581953 	-2.4338465e-12 	0.00077428753 	0.69775489
-0.00029429429 	0.051582022 	-2.4511606e-12 	0.00076416752 	0.69789489
-0.00029029029 	0.051582092 	-2.4684747e-12 	0.0007540475 	0.69803489
-0.00028628629 	0.051582161 	-2.4857887e-12 	0.00074392748 	0.69817489
-0.00028228228 	0.051582226 	-2.5063395e-12 	0.0007337931 	0.69829701
-0.00027827828 	0.051582267 	-2.5417106e-12 	0.00072359295 	0.69833728
-0.00027427427 	0.051582308 	-2.5770817e-12 	0.00071339279 	0.69837756
-0.00027027027 	0.05158235 	-2.6124527e-12 	0.00070319264 	0.69841783
-0.00026626627 	0.051582391 	-2.6478238e-12 	0.00069299249 	0.69845811
-0.00026226226 	0.051582432 	-2.6831949e-12 	0.00068279233 	0.69849838
-0.00025825826 	0.051582473 	-2.718566e-12 	0.00067259218 	0.69853866
-0.00025425425 	0.051582515 	-2.753937e-12 	0.00066239203 	0.69857893
-0.00025025025 	0.051582556 	-2.7893081e-12 	0.00065219188 	0.69861921
-0.00024624625 	0.051582597 	-2.8246792e-12 	0.00064199172 	0.69865948
-0.00024224224 	0.051582638 	-2.8600502e-12 	0.00063179157 	0.69869976
-0.00023823824 	0.05158268 	-2.8954213e-12 	0.00062159142 	0.69874003
-0.00023423423 	0.051582721 	-2.9307924e-12 	0.00061139126 	0.69878031
-0.00023023023 	0.051582762 	-2.9661634e-12 	0.00060119111 	0.69882058
-0.00022622623 	0.051582803 	-3.0015345e-12 	0.00059099096 	0.69886086
-0.00022222222 	0.051582845 	-3.0369056e-12 	0.0005807908 	0.69890113
-0.00021821822 	0.051582886 	-3.0722766e-12 	0.00057059065 	0.6989414
-0.00021421421 	0.051582927 	-3.1076477e-12 	0.0005603905 	0.69898168
-0.00021021021 	0.051582968 	-3.1430188e-12 	0.00055019034 	0.69902195
-0.00020620621 	0.05158301 	-3.1783898e-12 	0.00053999019 	0.69906223
-0.0002022022 	0.051583051 	-3.2137609e-12 	0.00052979004 	0.6991025
-0.0001981982 	0.051583092 	-3.249132e-12 	0.00051958988 	0.69914278
-0.00019419419 	0.051583133 	-3.2845031e-12 	0.00050938973 	0.69918305
-0.00019019019 	0.051583175 	-3.3198741e-12 	0.00049918958 	0.69922333
-0.00018618619 	0.051583216 	-3.3552452e-12 	0.00048898942 	0.6992636
-0.00018218218 	0.051583257 	-3.3906163e-12 	0.00047878927 	0.69930388
-0.00017817818 	0.051583298 	-3.4259873e-12 	0.00046858912 	0.69934415
-0.00017417417 	0.05158334 	-3.4613584e-12 	0.00045838896 	0.69938443
-0.00017017017 	0.051583381 	-3.4967295e-12 	0.00044818881 	0.6994247
-0.00016616617 	0.051583422 	-3.5321005e-12 	0.00043798866 	0.69946498
-0.00016216216 	0.051583464 	-3.5674716e-12 	0.0004277885 	0.69950525
-0.00015815816 	0.051583505 	-3.6028427e-12 	0.00041758835 	0.69954553
-0.00015415415 	0.051583546 	-3.6382137e-12 	0.0004073882 	0.6995858
-0.00015015015 	0.051583587 	-3.6735848e-12 	0.00039718805 	0.69962608
-0.00014614615 	0.051583629 	-3.7089559e-12 	0.00038698789 	0.69966635
-0.00014214214 	0.05158367 	-3.7443269e-12 	0.00037678774 	0.69970663
-0.00013813814 	0.051583711 	-3.779698e-12 	0.00036658759 	0.6997469
-0.00013413413 	0.051583752 	-3.8150691e-12 	0.00035638743 	0.69978717
-0.00013013013 	0.051583794 	-3.8504401e-12 	0.00034618728 	0.69982745
-0.00012612613 	0.051583837 	-3.8858112e-12 	0.00033575943 	0.69986528
-0.00012212212 	0.051583882 	-3.9211822e-12 	0.0003251004 	0.69990064
-0.00011811812 	0.051583927 	-3.9565533e-12 	0.00031444137 	0.69993599
-0.00011411411 	0.051583972 	-3.9919243e-12 	0.00030378234 	0.69997134
-0.00011011011 	0.051584017 	-4.0272954e-12 	0.00029312331 	0.7000067
-0.00010610611 	0.051584062 	-4.0626664e-12 	0.00028246428 	0.70004205
-0.0001021021 	0.051584107 	-4.0980375e-12 	0.00027180525 	0.7000774
-9.8098098e-05 	0.051584152 	-4.1334085e-12 	0.00026114622 	0.70011276
-9.4094094e-05 	0.051584196 	-4.1687796e-12 	0.00025048719 	0.70014811
-9.009009e-05 	0.051584241 	-4.2041506e-12 	0.00023982816 	0.70018346
-8.6086086e-05 	0.051584286 	-4.2395216e-12 	0.00022916913 	0.70021882
-8.2082082e-05 	0.051584331 	-4.2748927e-12 	0.0002185101 	0.70025417
-7.8078078e-05 	0.051584376 	-4.3102637e-12 	0.00020785107 	0.70028952
-7.4074074e-05 	0.051584421 	-4.3456348e-12 	0.00019719204 	0.70032487
-7.007007e-05 	0.051584466 	-4.3810058e-12 	0.00018653301 	0.70036023
-6.6066066e-05 	0.051584511 	-4.4163769e-12 	0.00017587398 	0.70039558
-6.2062062e-05 	0.051584556 	-4.4517479e-12 	0.00016521495 	0.70043093
-5.8058058e-05 	0.051584601 	-4.4871189e-12 	0.00015455592 	0.70046629
-5.4054054e-05 	0.051584646 	-4.52249e-12 	0.00014389689 	0.70050164
-5.005005e-05 	0.051584691 	-4.557861e-12 	0.00013323786 	0.70053699
-4.6046046e-05 	0.051584736 	-4.5932321e-12 	0.00012257883 	0.70057235
-4.2042042e-05 	0.051584781 	-4.6286031e-12 	0.00011191981 	0.7006077
-3.8038038e-05 	0.051584826 	-4.6639742e-12 	0.00010126078 	0.70064305
-3.4034034e-05 	0.051584871 	-4.6993452e-12 	9.0601746e-05 	0.70067841
-3.003003e-05 	0.051584916 	-4.7347163e-12 	7.9942716e-05 	0.70071376
-2.6026026e-05 	0.051584961 	-4.7700873e-12 	6.9283687e-05 	0.70074911
-2.2022022e-05 	0.051585006 	-4.8054583e-12 	5.8624657e-05 	0.70078447
-1.8018018e-05 	0.051585051 	-4.8408294e-12 	4.7965627e-05 	0.70081982
-1.4014014e-05 	0.051585096 	-4.8762004e-12 	3.7306598e-05 	0.70085517
-1.001001e-05 	0.051585141 	-4.9115715e-12 	2.6647568e-05 	0.70089053
-6.006006e-06 	0.051585186 	-4.9469425e-12 	1.5988538e-05 	0.70092588
-2.002002e-06 	0.051585231 	-4.9823136e-12 	5.3295086e-06 	0.70096123
2.002002e-06 	0.051585233 	-5.0086778e-12 	-5.1000828e-06 	0.70095877
6.006006e-06 	0.051585191 	-5.0260353e-12 	-1.5300236e-05 	0.7009185
1.001001e-05 	0.05158515 	-5.0433928e-12 	-2.5500389e-05 	0.70087822
1.4014014e-05 	0.051585109 	-5.0607503e-12 	-3.5700542e-05 	0.70083795
1.8018018e-05 	0.051585068 	-5.0781078e-12 	-4.5900695e-05 	0.70079767
2.2022022e-05 	0.051585026 	-5.0954653e-12 	-5.6100848e-05 	0.7007574
2.6026026e-05 	0.051584985 	-5.1128228e-12 	-6.6301002e-05 	0.70071712
3.003003e-05 	0.051584944 	-5.1301803e-12 	-7.6501155e-05 	0.70067685
3.4034034e-05 	0.051584903 	-5.1475378e-12 	-8.6701308e-05 	0.70063657
3.8038038e-05 	0.051584861 	-5.1648953e-12 	-9.6901461e-05 	0.7005963
4.2042042e-05 	0.05158482 	-5.1822528e-12 	-0.00010710161 	0.70055603
4.6046046e-05 	0.051584779 	-5.1996103e-12 	-0.00011730177 	0.70051575
5.005005e-05 	0.051584738 	-5.2169677e-12 	-0.00012750192 	0.70047548
5.4054054e-05 	0.051584696 	-5.2343252e-12 	-0.00013770207 	0.7004352
5.8058058e-05 	0.051584655 	-5.2516827e-12 	-0.00014790223 	0.70039493
6.2062062e-05 	0.051584614 	-5.2690402e-12 	-0.00015810238 	0.70035465
6.6066066e-05 	0.051584573 	-5.2863977e-12 	-0.00016830253 	0.70031438
7.007007e-05 	0.051584531 	-5.3037552e-12 	-0.00017850269 	0.7002741
7.4074074e-05 	0.05158449 	-5.3211127e-12 	-0.00018870284 	0.70023383
7.8078078e-05 	0.051584449 	-5.3384702e-12 	-0.00019890299 	0.70019355
8.2082082e-05 	0.051584408 	-5.3558277e-12 	-0.00020910315 	0.70015328
8.6086086e-05 	0.051584366 	-5.3731852e-12 	-0.0002193033 	0.700113
9.009009e-05 	0.051584325 	-5.3905427e-12 	-0.00022950345 	0.70007273
9.4094094e-05 	0.051584284 	-5.4079002e-12 	-0.0002397036 	0.70003245
9.8098098e-05 	0.051584242 	-5.4252577e-12 	-0.00024990376 	0.69999218
0.0001021021 	0.051584201 	-5.4426152e-12 	-0.00026010391 	0.6999519
0.00010610611 	0.05158416 	-5.4599727e-12 	-0.00027030406 	0.69991163
0.00011011011 	0.051584119 	-5.4773301e-12 	-0.00028050422 	0.69987135
0.00011411411 	0.051584077 	-5.4946876e-12 	-0.00029070437 	0.69983108
0.00011811812 	0.051584036 	-5.5120451e-12 	-0.00030090452 	0.6997908
0.00012212212 	0.051583995 	-5.5294026e-12 	-0.00031110468 	0.69975053
0.00012612613 	0.051583954 	-5.5467601e-12 	-0.00032130483 	0.69971025
0.00013013013 	0.051583912 	-5.5641176e-12 	-0.00033150498 	0.69966998
0.00013413413 	0.051583871 	-5.5814751e-12 	-0.00034170514 	0.6996297
0.00013813814 	0.05158383 	-5.5988326e-12 	-0.00035190529 	0.69958943
0.00014214214 	0.051583789 	-5.6161901e-12 	-0.00036210544 	0.69954915
0.00014614615 	0.051583747 	-5.6335476e-12 	-0.00037230559 	0.69950888
0.00015015015 	0.051583706 	-5.6509051e-12 	-0.00038250575 	0.69946861
0.00015415415 	0.051583665 	-5.6682626e-12 	-0.0003927059 	0.69942833
0.00015815816 	0.051583621 	-5.6861582e-12 	-0.00040328094 	0.69939208
0.00016216216 	0.051583576 	-5.7041744e-12 	-0.00041393997 	0.69935672
0.00016616617 	0.051583531 	-5.7221907e-12 	-0.000424599 	0.69932137
0.00017017017 	0.051583486 	-5.7402069e-12 	-0.00043525803 	0.69928602
0.00017417417 	0.051583441 	-5.7582231e-12 	-0.00044591706 	0.69925066
0.00017817818 	0.051583396 	-5.7762393e-12 	-0.00045657608 	0.69921531
0.00018218218 	0.051583351 	-5.7942556e-12 	-0.00046723511 	0.69917996
0.00018618619 	0.051583306 	-5.8122718e-12 	-0.00047789414 	0.6991446
0.00019019019 	0.051583261 	-5.830288e-12 	-0.00048855317 	0.69910925
0.00019419419 	0.051583216 	-5.8483042e-12 	-0.0004992122 	0.6990739
0.0001981982 	0.051583171 	-5.8663204e-12 	-0.00050987123 	0.69903854
0.0002022022 	0.051583126 	-5.8843367e-12 	-0.00052053026 	0.69900319
0.00020620621 	0.051583081 	-5.9023529e-12 	-0.00053118929 	0.69896784
0.00021021021 	0.051583036 	-5.9203691e-12 	-0.00054184832 	0.69893248
0.00021421421 	0.051582991 	-5.9383853e-12 	-0.00055250735 	0.69889713
0.00021821822 	0.051582946 	-5.9564016e-12 	-0.00056316638 	0.69886178
0.00022222222 	0.051582901 	-5.9744178e-12 	-0.00057382541 	0.69882642
0.00022622623 	0.051582856 	-5.992434e-12 	-0.00058448444 	0.69879107
0.00023023023 	0.051582811 	-6.0104502e-12 	-0.00059514347 	0.69875572
0.00023423423 	0.051582766 	-6.0284664e-12 	-0.0006058025 	0.69872036
0.00023823824 	0.051582721 	-6.0464827e-12 	-0.00061646153 	0.69868501
0.00024224224 	0.051582676 	-6.0644989e-12 	-0.00062712056 	0.69864966
0.00024624625 	0.051582631 	-6.0825151e-12 	-0.00063777959 	0.6986143
0.00025025025 	0.051582586 	-6.1005313e-12 	-0.00064843862 	0.69857895
0.00025425425 	0.051582541 	-6.1185476e-12 	-0.00065909765 	0.6985436
0.00025825826 	0.051582496 	-6.1365638e-12 	-0.00066975668 	0.69850824
0.00026226226 	0.051582451 	-6.15458e-12 	-0.00068041571 	0.69847289
0.00026626627 	0.051582406 	-6.1725962e-12 	-0.00069107474 	0.69843754
0.00027027027 	0.051582361 	-6.1906124e-12 	-0.00070173376 	0.69840218
0.00027427427 	0.051582316 	-6.2086287e-12 	-0.00071239279 	0.69836683
0.00027827828 	0.051582271 	-6.2266449e-12 	-0.00072305182 	0.69833148
0.00028228228 	0.051582226 	-6.2446611e-12 	-0.00073371085 	0.69829612
0.00028628629 	0.051582166 	-6.2478582e-12 	-0.00074330926 	0.69816181
0.00029029029 	0.051582101 	-6.2478188e-12 	-0.00075267603 	0.69800588
0.00029429429 	0.051582037 	-6.2477794e-12 	-0.0007620428 	0.69784995
0.0002982983 	0.051581973 	-6.24774e-12 	-0.00077140958 	0.69769402
0.0003023023 	0.051581909 	-6.2477006e-12 	-0.00078077635 	0.69753809
0.00030630631 	0.051581844 	-6.2476612e-12 	-0.00079014312 	0.69738216
0.00031031031 	0.05158178 	-6.2476218e-12 	-0.00079950989 	0.69722624
0.00031431431 	0.051581716 	-6.2475824e-12 	-0.00080887666 	0.69707031
0.00031831832 	0.051581652 	-6.247543e-12 	-0.00081824343 	0.69691438
0.00032232232 	0.051581588 	-6.2475036e-12 	-0.0008276102 	0.69675845
0.00032632633 	0.051581523 	-6.2474643e-12 	-0.00083697697 	0.69660252
0.00033033033 	0.051581459 	-6.2474249e-12 	-0.00084634374 	0.69644659
0.00033433433 	0.051581395 	-6.2473855e-12 	-0.00085571052 	0.69629066
0.00033833834 	0.051581331 	-6.2473461e-12 	-0.00086507729 	0.69613474
0.00034234234 	0.051581266 	-6.2473067e-12 	-0.00087444406 	0.69597881
0.00034634635 	0.051581202 	-6.2472673e-12 	-0.00088381083 	0.69582288
0.00035035035 	0.051581138 	-6.2472279e-12 	-0.0008931776 	0.69566695
0.00035435435 	0.051581074 	-6.2471885e-12 	-0.00090254437 	0.69551102
0.00035835836 	0.051581009 	-6.2471491e-12 	-0.00091191114 	0.69535509
0.00036236236 	0.051580945 	-6.2471097e-12 	-0.00092127791 	0.69519916
0.00036636637 	0.051580881 	-6.2470703e-12 	-0.00093064469 	0.69504323
0.00037037037 	0.051580817 	-6.2470309e-12 	-0.00094001146 	0.69488731
0.00037437437 	0.051580753 	-6.2469915e-12 	-0.00094937823 	0.69473138
0.00037837838 	0.051580688 	-6.2469521e-12 	-0.000958745 	0.69457545
0.00038238238 	0.051580624 	-6.2469127e-12 	-0.00096811177 	0.69441952
0.00038638639 	0.05158056 	-6.2468733e-12 	-0.00097747854 	0.69426359
0.00039039039 	0.051580496 	-6.2468339e-12 	-0.00098684531 	0.69410766
0.00039439439 	0.051580431 	-6.2467946e-12 	-0.00099621208 	0.69395173
0.0003983984 	0.051580367 	-6.2467552e-12 	-0.0010055789 	0.6937958
0.0004024024 	0.051580303 	-6.2467158e-12 	-0.0010149456 	0.69363988
0.00040640641 	0.051580239 	-6.2466764e-12 	-0.0010243124 	0.69348395
0.00041041041 	0.051580174 	-6.246637e-12 	-0.0010336792 	0.69332802
0.00041441441 	0.05158011 	-6.2465976e-12 	-0.0010430459 	0.69317209
0.00041841842 	0.051580046 	-6.2465582e-12 	-0.0010524127 	0.69301616
0.00042242242 	0.051579982 	-6.2465188e-12 	-0.0010617795 	0.69286023
0.00042642643 	0.051579918 	-6.2464794e-12 	-0.0010711463 	0.6927043
0.00043043043 	0.051579853 	-6.24644e-12 	-0.001080513 	0.69254838
0.00043443443 	0.051579789 	-6.2464006e-12 	-0.0010898798 	0.69239245
0.00043843844 	0.051579724 	-6.2463614e-12 	-0.0010993503 	0.69223871
0.00044244244 	0.051579655 	-6.2463234e-12 	-0.0011094703 	0.69209871
0.00044644645 	0.051579585 	-6.2462855e-12 	-0.0011195903 	0.69195871
0.00045045045 	0.051579515 	-6.2462475e-12 	-0.0011297103 	0.69181872
0.00045445445 	0.051579446 	-6.2462096e-12 	-0.0011398304 	0.69167872
0.00045845846 	0.051579376 	-6.2461716e-12 	-0.0011499504 	0.69153872
0.00046246246 	0.051579307 	-6.2461336e-12 	-0.0011600704 	0.69139872
0.00046646647 	0.051579237 	-6.2460957e-12 	-0.0011701904 	0.69125872
0.00047047047 	0.051579168 	-6.2460577e-12 	-0.0011803104 	0.69111872
0.00047447447 	0.051579098 	-6.2460198e-12 	-0.0011904304 	0.69097873
0.00047847848 	0.051579029 	-6.2459818e-12 	-0.0012005505 	0.69083873
0.00048248248 	0.051578959 	-6.2459438e-12 	-0.0012106705 	0.69069873
0.00048648649 	0.051578889 	-6.2459059e-12 	-0.0012207905 	0.69055873
0.00049049049 	0.05157882 	-6.2458679e-12 	-0.0012309105 	0.69041873
0.00049449449 	0.05157875 	-6.2458299e-12 	-0.0012410305 	0.69027873
0.0004984985 	0.051578681 	-6.245792e-12 	-0.0012511505 	0.69013874
0.0005025025 	0.051578611 	-6.245754e-12 	-0.0012612706 	0.68999874
0.00050650651 	0.051578542 	-6.2457161e-12 	-0.0012713906 	0.68985874
0.00051051051 	0.051578472 	-6.2456781e-12 	-0.0012815106 	0.68971874
0.00051451451 	0.051578403 	-6.2456401e-12 	-0.0012916306 	0.68957874
0.00051851852 	0.051578333 	-6.2456022e-12 	-0.0013017506 	0.68943874
0.00052252252 	0.051578263 	-6.2455642e-12 	-0.0013118706 	0.68929875
0.00052652653 	0.051578194 	-6.2455262e-12 	-0.0013219907 	0.68915875
0.00053053053 	0.051578124 	-6.2454883e-12 	-0.0013321107 	0.68901875
0.00053453453 	0.051578055 	-6.2454503e-12 	-0.0013422307 	0.68887875
0.00053853854 	0.051577985 	-6.2454124e-12 	-0.0013523507 	0.68873875
0.00054254254 	0.051577916 	-6.2453744e-12 	-0.0013624707 	0.68859875
0.00054654655 	0.051577846 	-6.2453364e-12 	-0.0013725908 	0.68845876
0.00055055055 	0.051577777 	-6.2452985e-12 	-0.0013827108 	0.68831876
0.00055455455 	0.051577707 	-6.2452605e-12 	-0.0013928308 	0.68817876
0.00055855856 	0.051577637 	-6.2452225e-12 	-0.0014029508 	0.68803876
0.00056256256 	0.051577568 	-6.2451846e-12 	-0.0014130708 	0.68789876
0.00056656657 	0.051577496 	-6.2419679e-12 	-0.0014225101 	0.68772153
0.00057057057 	0.051577413 	-6.2194657e-12 	-0.0014278189 	0.68731842
0.00057457457 	0.05157733 	-6.1969635e-12 	-0.0014331278 	0.6869153
0.00057857858 	0.051577247 	-6.1744613e-12 	-0.0014384367 	0.68651219
0.00058258258 	0.051577164 	-6.1519591e-12 	-0.0014437455 	0.68610907
0.00058658659 	0.051577081 	-6.1294568e-12 	-0.0014490544 	0.68570596
0.00059059059 	0.051576997 	-6.1069546e-12 	-0.0014543633 	0.68530284
0.00059459459 	0.051576914 	-6.0844524e-12 	-0.0014596721 	0.68489973
0.0005985986 	0.051576831 	-6.0619502e-12 	-0.001464981 	0.68449661
0.0006026026 	0.051576748 	-6.039448e-12 	-0.0014702898 	0.6840935
0.00060660661 	0.051576665 	-6.0169457e-12 	-0.0014755987 	0.68369038
0.00061061061 	0.051576582 	-5.9944435e-12 	-0.0014809076 	0.68328727
0.00061461461 	0.051576498 	-5.9719413e-12 	-0.0014862164 	0.68288416
0.00061861862 	0.051576415 	-5.9494391e-12 	-0.0014915253 	0.68248104
0.00062262262 	0.051576332 	-5.9269369e-12 	-0.0014968342 	0.68207793
0.00062662663 	0.051576249 	-5.9044346e-12 	-0.001502143 	0.68167481
0.00063063063 	0.051576166 	-5.8819324e-12 	-0.0015074519 	0.6812717
0.00063463463 	0.051576083 	-5.8594302e-12 	-0.0015127608 	0.68086858
0.00063863864 	0.051575999 	-5.836928e-12 	-0.0015180696 	0.68046547
0.00064264264 	0.051575916 	-5.8144258e-12 	-0.0015233785 	0.68006235
0.00064664665 	0.051575833 	-5.7919236e-12 	-0.0015286874 	0.67965924
0.00065065065 	0.05157575 	-5.7694213e-12 	-0.0015339962 	0.67925612
0.00065465465 	0.051575667 	-5.7469191e-12 	-0.0015393051 	0.67885301
0.00065865866 	0.051575584 	-5.7244169e-12 	-0.001544614 	0.67844989
0.00066266266 	0.0515755 	-5.7019147e-12 	-0.0015499228 	0.67804678
0.00066666667 	0.051575417 	-5.6794125e-12 	-0.0015552317 	0.67764366
0.00067067067 	0.051575334 	-5.6569102e-12 	-0.0015605406 	0.67724055
0.00067467467 	0.051575251 	-5.634408e-12 	-0.0015658494 	0.67683743
0.00067867868 	0.051575168 	-5.6119058e-12 	-0.0015711583 	0.67643432
0.00068268268 	0.051575085 	-5.5894036e-12 	-0.0015764672 	0.67603121
0.00068668669 	0.051574998 	-5.5665835e-12 	-0.0015820256 	0.67563949
0.00069069069 	0.051574906 	-5.5432234e-12 	-0.0015880082 	0.67526713
0.00069469469 	0.051574814 	-5.5198633e-12 	-0.0015939908 	0.67489478
0.0006986987 	0.051574722 	-5.4965031e-12 	-0.0015999734 	0.67452243
0.0007027027 	0.05157463 	-5.473143e-12 	-0.0016059559 	0.67415008
0.00070670671 	0.051574538 	-5.4497829e-12 	-0.0016119385 	0.67377773
0.00071071071 	0.051574446 	-5.4264227e-12 	-0.0016179211 	0.67340538
0.00071471471 	0.051574354 	-5.4030626e-12 	-0.0016239037 	0.67303302
0.00071871872 	0.051574262 	-5.3797025e-12 	-0.0016298863 	0.67266067
0.00072272272 	0.05157417 	-5.3563423e-12 	-0.0016358688 	0.67228832
0.00072672673 	0.051574078 	-5.3329822e-12 	-0.0016418514 	0.67191597
0.00073073073 	0.051573986 	-5.309622e-12 	-0.001647834 	0.67154362
0.00073473473 	0.051573894 	-5.2862619e-12 	-0.0016538166 	0.67117126
0.00073873874 	0.051573801 	-5.2629018e-12 	-0.0016597992 	0.67079891
0.00074274274 	0.051573709 	-5.2395416e-12 	-0.0016657818 	0.67042656
0.00074674675 	0.051573617 	-5.2161815e-12 	-0.0016717643 	0.67005421
0.00075075075 	0.051573525 	-5.1928214e-12 	-0.0016777469 	0.66968186
0.00075475475 	0.051573433 	-5.1694612e-12 	-0.0016837295 	0.6693095
0.00075875876 	0.051573341 	-5.1461011e-12 	-0.0016897121 	0.66893715
0.00076276276 	0.051573249 	-5.122741e-12 	-0.0016956947 	0.6685648
0.00076676677 	0.051573157 	-5.0993808e-12 	-0.0017016773 	0.66819245
0.00077077077 	0.051573065 	-5.0760207e-12 	-0.0017076598 	0.6678201
0.00077477477 	0.051572973 	-5.0526606e-12 	-0.0017136424 	0.66744774
0.00077877878 	0.051572881 	-5.0293004e-12 	-0.001719625 	0.66707539
0.00078278278 	0.051572789 	-5.0059403e-12 	-0.0017256076 	0.66670304
0.00078678679 	0.05157269 	-4.9612231e-12 	-0.0017266328 	0.66606242
0.00079079079 	0.051572589 	-4.9092226e-12 	-0.0017259674 	0.66533031
0.00079479479 	0.051572488 	-4.8572222e-12 	-0.001725302 	0.6645982
0.0007987988 	0.051572386 	-4.8052217e-12 	-0.0017246366 	0.66386609
0.0008028028 	0.051572285 	-4.7532213e-12 	-0.0017239712 	0.66313398
0.00080680681 	0.051572184 	-4.7012208e-12 	-0.0017233059 	0.66240187
0.00081081081 	0.051572082 	-4.6492204e-12 	-0.0017226405 	0.66166976
0.00081481481 	0.051571981 	-4.5972199e-12 	-0.0017219751 	0.66093765
0.00081881882 	0.05157188 	-4.5452195e-12 	-0.0017213097 	0.66020554
0.00082282282 	0.051571778 	-4.493219e-12 	-0.0017206443 	0.65947343
0.00082682683 	0.051571677 	-4.4412185e-12 	-0.0017199789 	0.65874133
0.00083083083 	0.051571576 	-4.3892181e-12 	-0.0017193135 	0.65800922
0.00083483483 	0.051571475 	-4.3372176e-12 	-0.0017186482 	0.65727711
0.00083883884 	0.051571373 	-4.2852172e-12 	-0.0017179828 	0.656545
0.00084284284 	0.051571272 	-4.2332167e-12 	-0.0017173174 	0.65581289
0.00084684685 	0.051571171 	-4.1812163e-12 	-0.001716652 	0.65508078
0.00085085085 	0.051571069 	-4.1292158e-12 	-0.0017159866 	0.65434867
0.00085485485 	0.051570968 	-4.0772154e-12 	-0.0017153212 	0.65361656
0.00085885886 	0.051570867 	-4.0252149e-12 	-0.0017146558 	0.65288445
0.00086286286 	0.051570766 	-3.9732144e-12 	-0.0017139905 	0.65215234
0.00086686687 	0.051570664 	-3.921214e-12 	-0.0017133251 	0.65142023
0.00087087087 	0.051570563 	-3.8692135e-12 	-0.0017126597 	0.65068812
0.00087487487 	0.051570462 	-3.8172131e-12 	-0.0017119943 	0.64995601
0.00087887888 	0.05157036 	-3.7652126e-12 	-0.0017113289 	0.64922391
0.00088288288 	0.051570259 	-3.7132122e-12 	-0.0017106635 	0.6484918
0.00088688689 	0.051570158 	-3.6612117e-12 	-0.0017099981 	0.64775969
0.00089089089 	0.051570049 	-3.6092067e-12 	-0.0017094237 	0.64704655
0.00089489489 	0.051569934 	-3.5571971e-12 	-0.0017089404 	0.64635239
0.0008988989 	0.051569818 	-3.5051875e-12 	-0.0017084571 	0.64565823
0.0009029029 	0.051569702 	-3.4531779e-12 	-0.0017079738 	0.64496407
0.00090690691 	0.051569587 	-3.4011684e-12 	-0.0017074904 	0.64426992
0.00091091091 	0.051569471 	-3.3491588e-12 	-0.0017070071 	0.64357576
0.00091491491 	0.051569355 	-3.2971492e-12 	-0.0017065238 	0.6428816
0.00091891892 	0.05156924 	-3.2451396e-12 	-0.0017060404 	0.64218745
0.00092292292 	0.051569124 	-3.19313e-12 	-0.0017055571 	0.64149329
0.00092692693 	0.051569008 	-3.1411204e-12 	-0.0017050738 	0.64079913
0.00093093093 	0.051568893 	-3.0891109e-12 	-0.0017045904 	0.64010498
0.00093493493 	0.051568777 	-3.0371013e-12 	-0.0017041071 	0.63941082
0.00093893894 	0.051568661 	-2.9850917e-12 	-0.0017036238 	0.63871666
0.00094294294 	0.051568546 	-2.9330821e-12 	-0.0017031404 	0.6380225
0.00094694695 	0.05156843 	-2.8810725e-12 	-0.0017026571 	0.63732835
0.00095095095 	0.051568314 	-2.8290629e-12 	-0.0017021738 	0.63663419
0.00095495495 	0.051568199 	-2.7770534e-12 	-0.0017016904 	0.63594003
0.00095895896 	0.051568083 	-2.7250438e-12 	-0.0017012071 	0.63524588
0.00096296296 	0.051567967 	-2.6730342e-12 	-0.0017007238 	0.63455172
0.00096696697 	0.051567852 	-2.6210246e-12 	-0.0017002405 	0.63385756
0.00097097097 	0.051567736 	-2.569015e-12 	-0.0016997571 	0.6331634
0.00097497497 	0.05156762 	-2.5170054e-12 	-0.0016992738 	0.63246925
0.00097897898 	0.051567531 	-2.4592429e-12 	-0.0016952711 	0.631404
0.00098298298 	0.051567448 	-2.3999588e-12 	-0.0016903376 	0.63024062
0.00098698699 	0.051567365 	-2.3406748e-12 	-0.001685404 	0.62907723
0.00099099099 	0.051567282 	-2.2813907e-12 	-0.0016804705 	0.62791384
0.00099499499 	0.051567199 	-2.2221066e-12 	-0.001675537 	0.62675045
0.000998999 	0.051567116 	-2.1628225e-12 	-0.0016706035 	0.62558706
0.001003003 	0.051567033 	-2.1035384e-12 	-0.0016656699 	0.62442367
0.001007007 	0.05156695 	-2.0442544e-12 	-0.0016607364 	0.62326028
0.001011011 	0.051566868 	-1.9849703e-12 	-0.0016558029 	0.62209689
0.001015015 	0.051566785 	-1.9256862e-12 	-0.0016508694 	0.6209335
0.001019019 	0.051566702 	-1.8664021e-12 	-0.0016459358 	0.61977011
0.001023023 	0.051566619 	-1.807118e-12 	-0.0016410023 	0.61860672
0.001027027 	0.051566536 	-1.747834e-12 	-0.0016360688 	0.61744333
0.001031031 	0.051566453 	-1.6885499e-12 	-0.0016311353 	0.61627994
0.001035035 	0.05156637 	-1.6292658e-12 	-0.0016262017 	0.61511655
0.001039039 	0.051566287 	-1.5699817e-12 	-0.0016212682 	0.61395316
0.001043043 	0.051566205 	-1.5106976e-12 	-0.0016163347 	0.61278977
0.001047047 	0.051566122 	-1.4514135e-12 	-0.0016114012 	0.61162638
0.0010510511 	0.051566039 	-1.3921295e-12 	-0.0016064676 	0.61046299
0.0010550551 	0.051565956 	-1.3328454e-12 	-0.0016015341 	0.6092996
0.0010590591 	0.051565873 	-1.2735613e-12 	-0.0015966006 	0.60813622
0.0010630631 	0.05156579 	-1.2142772e-12 	-0.0015916671 	0.60697283
0.0010670671 	0.051565707 	-1.1549931e-12 	-0.0015867335 	0.60580944
0.0010710711 	0.051565616 	-1.0767856e-12 	-0.0015816609 	0.60467107
0.0010750751 	0.051565519 	-9.885084e-13 	-0.0015765143 	0.60354602
0.0010790791 	0.051565422 	-9.0023117e-13 	-0.0015713677 	0.60242097
0.0010830831 	0.051565326 	-8.1195395e-13 	-0.001566221 	0.60129592
0.0010870871 	0.051565229 	-7.2367672e-13 	-0.0015610744 	0.60017087
0.0010910911 	0.051565133 	-6.353995e-13 	-0.0015559278 	0.59904582
0.0010950951 	0.051565036 	-5.4712228e-13 	-0.0015507812 	0.59792077
0.0010990991 	0.05156494 	-4.5884505e-13 	-0.0015456345 	0.59679572
0.0011031031 	0.051564843 	-3.7056783e-13 	-0.0015404879 	0.59567067
0.0011071071 	0.051564747 	-2.822906e-13 	-0.0015353413 	0.59454562
0.0011111111 	0.05156465 	-1.9401338e-13 	-0.0015301946 	0.59342057
0.0011151151 	0.051564553 	-1.0573616e-13 	-0.001525048 	0.59229552
0.0011191191 	0.051564457 	-1.7458932e-14 	-0.0015199014 	0.59117047
0.0011231231 	0.05156436 	7.0818292e-14 	-0.0015147547 	0.59004542
0.0011271271 	0.051564264 	1.5909552e-13 	-0.0015096081 	0.58892037
0.0011311311 	0.051564167 	2.4737274e-13 	-0.0015044615 	0.58779532
0.0011351351 	0.051564071 	3.3564996e-13 	-0.0014993148 	0.58667027
0.0011391391 	0.051563974 	4.2392719e-13 	-0.0014941682 	0.58554522
0.0011431431 	0.051563877 	5.1220441e-13 	-0.0014890216 	0.58442017
0.0011471471 	0.051563798 	5.7202546e-13 	-0.0014825001 	0.58303667
0.0011511512 	0.051563736 	6.0496722e-13 	-0.0014746801 	0.58140902
0.0011551552 	0.051563673 	6.3790899e-13 	-0.00146686 	0.57978138
0.0011591592 	0.05156361 	6.7085075e-13 	-0.0014590399 	0.57815373
0.0011631632 	0.051563547 	7.0379252e-13 	-0.0014512198 	0.57652609
0.0011671672 	0.051563485 	7.3673428e-13 	-0.0014433997 	0.57489844
0.0011711712 	0.051563422 	7.6967604e-13 	-0.0014355796 	0.5732708
0.0011751752 	0.051563359 	8.0261781e-13 	-0.0014277596 	0.57164316
0.0011791792 	0.051563296 	8.3555957e-13 	-0.0014199395 	0.57001551
0.0011831832 	0.051563234 	8.6850134e-13 	-0.0014121194 	0.56838787
0.0011871872 	0.051563171 	9.014431e-13 	-0.0014042993 	0.56676022
0.0011911912 	0.051563108 	9.3438487e-13 	-0.0013964792 	0.56513258
0.0011951952 	0.051563046 	9.6732663e-13 	-0.0013886591 	0.56350494
0.0011991992 	0.051562983 	1.0002684e-12 	-0.0013808391 	0.56187729
0.0012032032 	0.05156292 	1.0332102e-12 	-0.001373019 	0.56024965
0.0012072072 	0.051562857 	1.0661519e-12 	-0.0013651989 	0.558622
0.0012112112 	0.051562795 	1.0990937e-12 	-0.0013573788 	0.55699436
0.0012152152 	0.051562732 	1.1320355e-12 	-0.0013495587 	0.55536671
0.0012192192 	0.051562669 	1.1649772e-12 	-0.0013417386 	0.55373907
0.0012232232 	0.051562606 	1.197919e-12 	-0.0013339186 	0.55211143
0.0012272272 	0.051562542 	1.2310037e-12 	-0.0013260349 	0.55048733
0.0012312312 	0.051562468 	1.2651789e-12 	-0.0013176657 	0.54889036
0.0012352352 	0.051562393 	1.2993541e-12 	-0.0013092966 	0.54729338
0.0012392392 	0.051562318 	1.3335294e-12 	-0.0013009274 	0.5456964
0.0012432432 	0.051562244 	1.3677046e-12 	-0.0012925583 	0.54409942
0.0012472472 	0.051562169 	1.4018798e-12 	-0.0012841892 	0.54250244
0.0012512513 	0.051562094 	1.4360551e-12 	-0.00127582 	0.54090546
0.0012552553 	0.05156202 	1.4702303e-12 	-0.0012674509 	0.53930848
0.0012592593 	0.051561945 	1.5044055e-12 	-0.0012590818 	0.5377115
0.0012632633 	0.051561871 	1.5385808e-12 	-0.0012507126 	0.53611453
0.0012672673 	0.051561796 	1.572756e-12 	-0.0012423435 	0.53451755
0.0012712713 	0.051561721 	1.6069312e-12 	-0.0012339744 	0.53292057
0.0012752753 	0.051561647 	1.6411065e-12 	-0.0012256052 	0.53132359
0.0012792793 	0.051561572 	1.6752817e-12 	-0.0012172361 	0.52972661
0.0012832833 	0.051561497 	1.7094569e-12 	-0.001208867 	0.52812963
0.0012872873 	0.051561423 	1.7436322e-12 	-0.0012004978 	0.52653265
0.0012912913 	0.051561348 	1.7778074e-12 	-0.0011921287 	0.52493568
0.0012952953 	0.051561281 	1.8036714e-12 	-0.001183588 	0.52322225
0.0012992993 	0.051561238 	1.8037255e-12 	-0.0011745146 	0.52114721
0.0013033033 	0.051561195 	1.8037796e-12 	-0.0011654412 	0.51907216
0.0013073073 	0.051561152 	1.8038336e-12 	-0.0011563677 	0.51699712
0.0013113113 	0.051561109 	1.8038877e-12 	-0.0011472943 	0.51492207
0.0013153153 	0.051561066 	1.8039418e-12 	-0.0011382209 	0.51284703
0.0013193193 	0.051561023 	1.8039958e-12 	-0.0011291475 	0.51077199
0.0013233233 	0.05156098 	1.8040499e-12 	-0.001120074 	0.50869694
0.0013273273 	0.051560937 	1.804104e-12 	-0.0011110006 	0.5066219
0.0013313313 	0.051560894 	1.804158e-12 	-0.0011019272 	0.50454685
0.0013353353 	0.051560851 	1.8042121e-12 	-0.0010928538 	0.50247181
0.0013393393 	0.051560808 	1.8042662e-12 	-0.0010837804 	0.50039676
0.0013433433 	0.051560765 	1.8043202e-12 	-0.0010747069 	0.49832172
0.0013473473 	0.051560722 	1.8043743e-12 	-0.0010656335 	0.49624668
0.0013513514 	0.051560679 	1.8044284e-12 	-0.0010565601 	0.49417163
0.0013553554 	0.051560636 	1.8044824e-12 	-0.0010474867 	0.49209659
0.0013593594 	0.051560593 	1.8045365e-12 	-0.0010384133 	0.49002154
0.0013633634 	0.05156055 	1.8045905e-12 	-0.0010293398 	0.4879465
0.0013673674 	0.051560504 	1.7948897e-12 	-0.0010200738 	0.48587632
0.0013713714 	0.051560452 	1.7575019e-12 	-0.0010102609 	0.48381995
0.0013753754 	0.0515604 	1.7201141e-12 	-0.001000448 	0.48176357
0.0013793794 	0.051560347 	1.6827263e-12 	-0.00099063517 	0.4797072
0.0013833834 	0.051560295 	1.6453386e-12 	-0.0009808223 	0.47765083
0.0013873874 	0.051560242 	1.6079508e-12 	-0.00097100944 	0.47559445
0.0013913914 	0.05156019 	1.570563e-12 	-0.00096119657 	0.47353808
0.0013953954 	0.051560138 	1.5331752e-12 	-0.0009513837 	0.47148171
0.0013993994 	0.051560085 	1.4957875e-12 	-0.00094157084 	0.46942533
0.0014034034 	0.051560033 	1.4583997e-12 	-0.00093175797 	0.46736896
0.0014074074 	0.05155998 	1.4210119e-12 	-0.0009219451 	0.46531259
0.0014114114 	0.051559928 	1.3836241e-12 	-0.00091213224 	0.46325621
0.0014154154 	0.051559876 	1.3462364e-12 	-0.00090231937 	0.46119984
0.0014194194 	0.051559823 	1.3088486e-12 	-0.00089250651 	0.45914347
0.0014234234 	0.051559771 	1.2714608e-12 	-0.00088269364 	0.45708709
0.0014274274 	0.051559727 	1.2151886e-12 	-0.00087317193 	0.45486868
0.0014314314 	0.051559697 	1.128888e-12 	-0.00086411318 	0.45239262
0.0014354354 	0.051559667 	1.0425873e-12 	-0.00085505444 	0.44991655
0.0014394394 	0.051559637 	9.5628664e-13 	-0.0008459957 	0.44744049
0.0014434434 	0.051559608 	8.6998598e-13 	-0.00083693696 	0.44496442
0.0014474474 	0.051559578 	7.8368531e-13 	-0.00082787821 	0.44248835
0.0014514515 	0.051559548 	6.9738464e-13 	-0.00081881947 	0.44001229
0.0014554555 	0.051559518 	6.1108397e-13 	-0.00080976073 	0.43753622
0.0014594595 	0.051559488 	5.2478331e-13 	-0.00080070198 	0.43506016
0.0014634635 	0.051559458 	4.3848264e-13 	-0.00079164324 	0.43258409
0.0014674675 	0.051559428 	3.5218197e-13 	-0.0007825845 	0.43010802
0.0014714715 	0.051559398 	2.658813e-13 	-0.00077352576 	0.42763196
0.0014754755 	0.051559368 	1.7958064e-13 	-0.00076446701 	0.42515589
0.0014794795 	0.051559339 	9.3279969e-14 	-0.00075540827 	0.42267982
0.0014834835 	0.051559309 	6.9793018e-15 	-0.00074634953 	0.42020376
0.0014874875 	0.051559279 	-7.9321366e-14 	-0.00073729079 	0.41772769
0.0014914915 	0.051559245 	-1.2044863e-13 	-0.00072780925 	0.41525487
0.0014954955 	0.051559208 	-1.2189894e-13 	-0.00071795637 	0.4127849
0.0014994995 	0.051559171 	-1.2334925e-13 	-0.0007081035 	0.41031492
0.0015035035 	0.051559134 	-1.2479957e-13 	-0.00069825062 	0.40784495
0.0015075075 	0.051559096 	-1.2624988e-13 	-0.00068839774 	0.40537497
0.0015115115 	0.051559059 	-1.277002e-13 	-0.00067854486 	0.402905
0.0015155155 	0.051559022 	-1.2915051e-13 	-0.00066869198 	0.40043503
0.0015195195 	0.051558985 	-1.3060083e-13 	-0.0006588391 	0.39796505
0.0015235235 	0.051558948 	-1.3205114e-13 	-0.00064898622 	0.39549508
0.0015275275 	0.051558911 	-1.3350145e-13 	-0.00063913335 	0.39302511
0.0015315315 	0.051558873 	-1.3495177e-13 	-0.00062928047 	0.39055513
0.0015355355 	0.051558836 	-1.3640208e-13 	-0.00061942759 	0.38808516
0.0015395395 	0.051558799 	-1.378524e-13 	-0.00060957471 	0.38561518
0.0015435435 	0.051558767 	-1.5314555e-13 	-0.00060041181 	0.3829981
0.0015475475 	0.051558743 	-1.876179e-13 	-0.00059220486 	0.38017719
0.0015515516 	0.051558719 	-2.2209024e-13 	-0.00058399792 	0.37735628
0.0015555556 	0.051558695 	-2.5656258e-13 	-0.00057579098 	0.37453537
0.0015595596 	0.05155867 	-2.9103492e-13 	-0.00056758403 	0.37171446
0.0015635636 	0.051558646 	-3.2550727e-13 	-0.00055937709 	0.36889355
0.0015675676 	0.051558622 	-3.5997961e-13 	-0.00055117015 	0.36607264
0.0015715716 	0.051558597 	-3.9445195e-13 	-0.0005429632 	0.36325174
0.0015755756 	0.051558573 	-4.2892429e-13 	-0.00053475626 	0.36043083
0.0015795796 	0.051558549 	-4.6339664e-13 	-0.00052654932 	0.35760992
0.0015835836 	0.051558524 	-4.9786898e-13 	-0.00051834237 	0.35478901
0.0015875876 	0.0515585 	-5.3234132e-13 	-0.00051013543 	0.3519681
0.0015915916 	0.051558476 	-5.6681366e-13 	-0.00050192849 	0.34914719
0.0015955956 	0.051558452 	-6.0128601e-13 	-0.00049372154 	0.34632628
0.0015995996 	0.051558425 	-6.1636922e-13 	-0.00048518314 	0.34350318
0.0016036036 	0.051558394 	-6.0704644e-13 	-0.00047622751 	0.34067732
0.0016076076 	0.051558364 	-5.9772365e-13 	-0.00046727188 	0.33785145
0.0016116116 	0.051558334 	-5.8840086e-13 	-0.00045831625 	0.33502559
0.0016156156 	0.051558303 	-5.7907807e-13 	-0.00044936062 	0.33219972
0.0016196196 	0.051558273 	-5.6975528e-13 	-0.00044040499 	0.32937386
0.0016236236 	0.051558243 	-5.604325e-13 	-0.00043144936 	0.32654799
0.0016276276 	0.051558212 	-5.5110971e-13 	-0.00042249373 	0.32372213
0.0016316316 	0.051558182 	-5.4178692e-13 	-0.0004135381 	0.32089626
0.0016356356 	0.051558152 	-5.3246413e-13 	-0.00040458247 	0.3180704
0.0016396396 	0.051558121 	-5.2314134e-13 	-0.00039562684 	0.31524454
0.0016436436 	0.051558091 	-5.1381856e-13 	-0.00038667121 	0.31241867
0.0016476476 	0.051558066 	-5.0712474e-13 	-0.00037954209 	0.30934043
0.0016516517 	0.051558041 	-5.007818e-13 	-0.00037265674 	0.3062285
0.0016556557 	0.051558016 	-4.9443885e-13 	-0.0003657714 	0.30311657
0.0016596597 	0.051557991 	-4.8809591e-13 	-0.00035888605 	0.30000464
0.0016636637 	0.051557966 	-4.8175296e-13 	-0.00035200071 	0.29689271
0.0016676677 	0.051557941 	-4.7541002e-13 	-0.00034511536 	0.29378078
0.0016716717 	0.051557916 	-4.6906708e-13 	-0.00033823002 	0.29066885
0.0016756757 	0.051557891 	-4.6272413e-13 	-0.00033134468 	0.28755692
0.0016796797 	0.051557866 	-4.5638119e-13 	-0.00032445933 	0.28444499
0.0016836837 	0.051557841 	-4.5003825e-13 	-0.00031757399 	0.28133306
0.0016876877 	0.051557816 	-4.436953e-13 	-0.00031068864 	0.27822113
0.0016916917 	0.051557791 	-4.3735236e-13 	-0.0003038033 	0.2751092
0.0016956957 	0.051557762 	-4.7171067e-13 	-0.0002965576 	0.27198952
0.0016996997 	0.051557732 	-5.379564e-13 	-0.00028902958 	0.26886377
0.0017037037 	0.051557701 	-6.0420212e-13 	-0.00028150157 	0.26573801
0.0017077077 	0.051557671 	-6.7044784e-13 	-0.00027397355 	0.26261225
0.0017117117 	0.05155764 	-7.3669356e-13 	-0.00026644554 	0.2594865
0.0017157157 	0.05155761 	-8.0293929e-13 	-0.00025891752 	0.25636074
0.0017197197 	0.051557579 	-8.6918501e-13 	-0.0002513895 	0.25323499
0.0017237237 	0.051557548 	-9.3543073e-13 	-0.00024386149 	0.25010923
0.0017277277 	0.051557518 	-1.0016765e-12 	-0.00023633347 	0.24698348
0.0017317317 	0.051557487 	-1.0679222e-12 	-0.00022880546 	0.24385772
0.0017357357 	0.051557457 	-1.1142907e-12 	-0.00022208297 	0.24064675
0.0017397397 	0.051557426 	-1.1266834e-12 	-0.00021673736 	0.23729012
0.0017437437 	0.051557396 	-1.139076e-12 	-0.00021139175 	0.2339335
0.0017477477 	0.051557365 	-1.1514686e-12 	-0.00020604614 	0.23057687
0.0017517518 	0.051557335 	-1.1638613e-12 	-0.00020070053 	0.22722025
0.0017557558 	0.051557304 	-1.1762539e-12 	-0.00019535492 	0.22386362
0.0017597598 	0.051557273 	-1.1886465e-12 	-0.00019000931 	0.22050699
0.0017637638 	0.051557243 	-1.2010391e-12 	-0.0001846637 	0.21715037
0.0017677678 	0.051557212 	-1.2134318e-12 	-0.00017931809 	0.21379374
0.0017717718 	0.051557182 	-1.2258244e-12 	-0.00017397248 	0.21043711
0.0017757758 	0.051557151 	-1.238217e-12 	-0.00016862687 	0.20708049
0.0017797798 	0.051557118 	-1.2602197e-12 	-0.00016302468 	0.20371339
0.0017837838 	0.051557081 	-1.2915844e-12 	-0.00015717253 	0.20033608
0.0017877878 	0.051557045 	-1.3229491e-12 	-0.00015132038 	0.19695878
0.0017917918 	0.051557009 	-1.3543137e-12 	-0.00014546822 	0.19358147
0.0017957958 	0.051556972 	-1.3856784e-12 	-0.00013961607 	0.19020417
0.0017997998 	0.051556936 	-1.4170431e-12 	-0.00013376392 	0.18682687
0.0018038038 	0.0515569 	-1.4484078e-12 	-0.00012791176 	0.18344956
0.0018078078 	0.051556863 	-1.4797725e-12 	-0.00012205961 	0.18007226
0.0018118118 	0.051556827 	-1.5111372e-12 	-0.00011620746 	0.17669495
0.0018158158 	0.051556789 	-1.5185678e-12 	-0.00011146445 	0.17322054
0.0018198198 	0.051556749 	-1.5040557e-12 	-0.0001077383 	0.16965709
0.0018238238 	0.051556708 	-1.4895436e-12 	-0.00010401216 	0.16609365
0.0018278278 	0.051556668 	-1.4750315e-12 	-0.00010028601 	0.1625302
0.0018318318 	0.051556628 	-1.4605193e-12 	-9.6559867e-05 	0.15896676
0.0018358358 	0.051556588 	-1.4460072e-12 	-9.2833721e-05 	0.15540331
0.0018398398 	0.051556548 	-1.4314951e-12 	-8.9107576e-05 	0.15183987
0.0018438438 	0.051556508 	-1.416983e-12 	-8.5381431e-05 	0.14827642
0.0018478478 	0.051556468 	-1.4024708e-12 	-8.1655285e-05 	0.14471298
0.0018518519 	0.051556428 	-1.3879587e-12 	-7.792914e-05 	0.14114953
0.0018558559 	0.051556382 	-1.400448e-12 	-7.3864399e-05 	0.13756156
0.0018598599 	0.051556335 	-1.4144979e-12 	-6.9780088e-05 	0.13397216
0.0018638639 	0.051556288 	-1.4285478e-12 	-6.5695778e-05 	0.13038277
0.0018678679 	0.051556242 	-1.4425977e-12 	-6.1611467e-05 	0.12679338
0.0018718719 	0.051556195 	-1.4566475e-12 	-5.7527157e-05 	0.12320398
0.0018758759 	0.051556148 	-1.4706974e-12 	-5.3442846e-05 	0.11961459
0.0018798799 	0.051556102 	-1.4847473e-12 	-4.9358535e-05 	0.1160252
0.0018838839 	0.051556055 	-1.4970847e-12 	-4.5321694e-05 	0.11243213
0.0018878879 	0.05155601 	-1.4409812e-12 	-4.3182049e-05 	0.10869221
0.0018918919 	0.051555965 	-1.3848776e-12 	-4.1042403e-05 	0.1049523
0.0018958959 	0.05155592 	-1.3287741e-12 	-3.8902758e-05 	0.10121238
0.0018998999 	0.051555874 	-1.2726706e-12 	-3.6763112e-05 	0.097472459
0.0019039039 	0.051555829 	-1.216567e-12 	-3.4623467e-05 	0.093732541
0.0019079079 	0.051555784 	-1.1604635e-12 	-3.2483821e-05 	0.089992622
0.0019119119 	0.051555739 	-1.10436e-12 	-3.0344176e-05 	0.086252704
0.0019159159 	0.051555694 	-1.0482564e-12 	-2.820453e-05 	0.082512786
0.0019199199 	0.051555645 	-1.0169719e-12 	-2.5942275e-05 	0.078755362
0.0019239239 	0.051555592 	-1.0035133e-12 	-2.3591958e-05 	0.074985365
0.0019279279 	0.05155554 	-9.9005468e-13 	-2.1241641e-05 	0.071215368
0.0019319319 	0.051555488 	-9.7659606e-13 	-1.8891323e-05 	0.067445371
0.0019359359 	0.051555436 	-9.6313743e-13 	-1.6541006e-05 	0.063675374
0.0019399399 	0.051555384 	-9.4967881e-13 	-1.4190689e-05 	0.059905376
0.0019439439 	0.051555332 	-9.3622018e-13 	-1.1840371e-05 	0.056135379
0.0019479479 	0.051555311 	-8.8085679e-13 	-1.0440105e-05 	0.052226935
0.001951952 	0.051555312 	-7.9743447e-13 	-9.6759807e-06 	0.048225789
0.001955956 	0.051555313 	-7.1401215e-13 	-8.9118566e-06 	0.044224643
0.00195996 	0.051555313 	-6.3058983e-13 	-8.1477326e-06 	0.040223497
0.001963964 	0.051555314 	-5.4716751e-13 	-7.3836085e-06 	0.036222351
0.001967968 	0.051555315 	-4.6374519e-13 	-6.6194845e-06 	0.032221205
0.001971972 	0.051555315 	-3.8032287e-13 	-5.8553604e-06 	0.028220059
0.001975976 	0.051555315 	-3.0206695e-13 	-5.0783861e-06 	0.024213534
0.00197998 	0.051555313 	-2.5172246e-13 	-4.2319884e-06 	0.020177945
0.001983984 	0.051555311 	-2.0137797e-13 	-3.3855907e-06 	0.016142356
0.001987988 	0.051555308 	-1.5103348e-13 	-2.5391931e-06 	0.012106767
0.001991992 	0.051555306 	-1.0068898e-13 	-1.6927954e-06 	0.0080711779
0.001995996 	0.051555304 	-5.0344492e-14 	-8.4639769e-07 	0.0040355889
0.002 	0.051555301 	0 	0 	0
