-0.006 	-0.012710969 	0 	0 	0
-0.005987988 	-0.012710949 	-6.8604848e-10 	7.6363284e-08 	-0.00078683712
-0.005975976 	-0.012710928 	-1.372097e-09 	1.5272657e-07 	-0.0015736742
-0.005963964 	-0.012710908 	-2.0581454e-09 	2.2908985e-07 	-0.0023605114
-0.005951952 	-0.012710887 	-2.7441939e-09 	3.0545314e-07 	-0.0031473485
-0.0059399399 	-0.012710867 	-3.4302424e-09 	3.8181642e-07 	-0.0039341856
-0.0059279279 	-0.012710846 	-4.1162909e-09 	4.581797e-07 	-0.0047210227
-0.0059159159 	-0.012710826 	-4.8023393e-09 	5.3454299e-07 	-0.0055078599
-0.0059039039 	-0.012710805 	-5.4975967e-09 	6.0464073e-07 	-0.0062954347
-0.0058918919 	-0.012710784 	-6.2282496e-09 	6.5065597e-07 	-0.0070858452
-0.0058798799 	-0.012710773 	-6.9230453e-09 	7.9565444e-07 	-0.0078247237
-0.0058678679 	-0.01271077 	-7.5843113e-09 	1.0332114e-06 	-0.0085154151
-0.0058558559 	-0.012710767 	-8.2455773e-09 	1.2707684e-06 	-0.0092061065
-0.0058438438 	-0.012710765 	-8.9068433e-09 	1.5083254e-06 	-0.0098967979
-0.0058318318 	-0.012710762 	-9.5681093e-09 	1.7458823e-06 	-0.010587489
-0.0058198198 	-0.01271076 	-1.0229375e-08 	1.9834393e-06 	-0.011278181
-0.0058078078 	-0.012710757 	-1.0890641e-08 	2.2209963e-06 	-0.011968872
-0.0057957958 	-0.012710754 	-1.1551907e-08 	2.4585532e-06 	-0.012659563
-0.0057837838 	-0.012710752 	-1.2213173e-08 	2.6961102e-06 	-0.013350255
-0.0057717718 	-0.01271075 	-1.2902886e-08 	2.8835037e-06 	-0.014043269
-0.0057597598 	-0.012710749 	-1.3606204e-08 	3.0469044e-06 	-0.014737394
-0.0057477477 	-0.012710748 	-1.4266277e-08 	3.371967e-06 	-0.015364195
-0.0057357357 	-0.012710747 	-1.491268e-08 	3.7481296e-06 	-0.015969715
-0.0057237237 	-0.012710746 	-1.5559083e-08 	4.1242922e-06 	-0.016575235
-0.0057117117 	-0.012710745 	-1.6205486e-08 	4.5004547e-06 	-0.017180755
-0.0056996997 	-0.012710745 	-1.685189e-08 	4.8766173e-06 	-0.017786275
-0.0056876877 	-0.012710744 	-1.7498293e-08 	5.2527799e-06 	-0.018391795
-0.0056756757 	-0.012710743 	-1.8144696e-08 	5.6289424e-06 	-0.018997316
-0.0056636637 	-0.012710742 	-1.8791099e-08 	6.005105e-06 	-0.019602836
-0.0056516517 	-0.012710741 	-1.9437502e-08 	6.3812676e-06 	-0.020208356
-0.0056396396 	-0.012710741 	-2.0083905e-08 	6.7574301e-06 	-0.020813876
-0.0056276276 	-0.012710741 	-2.0759851e-08 	7.0434809e-06 	-0.021421916
-0.0056156156 	-0.012710741 	-2.1446605e-08 	7.2965646e-06 	-0.022030879
-0.0056036036 	-0.012710742 	-2.2097392e-08 	7.6596965e-06 	-0.022582773
-0.0055915916 	-0.012710744 	-2.2719697e-08 	8.1099681e-06 	-0.023089476
-0.0055795796 	-0.012710746 	-2.3342003e-08 	8.5602397e-06 	-0.023596179
-0.0055675676 	-0.012710748 	-2.3964309e-08 	9.0105114e-06 	-0.024102883
-0.0055555556 	-0.012710749 	-2.4586615e-08 	9.460783e-06 	-0.024609586
-0.0055435435 	-0.012710751 	-2.5208921e-08 	9.9110546e-06 	-0.025116289
-0.0055315315 	-0.012710753 	-2.5831227e-08 	1.0361326e-05 	-0.025622993
-0.0055195195 	-0.012710755 	-2.6453533e-08 	1.0811598e-05 	-0.026129696
-0.0055075075 	-0.012710757 	-2.7075839e-08 	1.126187e-05 	-0.0266364
-0.0054954955 	-0.012710759 	-2.7698144e-08 	1.1712141e-05 	-0.027143103
-0.0054834835 	-0.01271076 	-2.832045e-08 	1.2162413e-05 	-0.027649806
-0.0054714715 	-0.012710762 	-2.8949806e-08 	1.2581348e-05 	-0.028157157
-0.0054594595 	-0.012710765 	-2.9610515e-08 	1.2860908e-05 	-0.028667385
-0.0054474474 	-0.012710768 	-3.0271225e-08 	1.3140468e-05 	-0.029177614
-0.0054354354 	-0.012710772 	-3.0877946e-08 	1.3523953e-05 	-0.029602721
-0.0054234234 	-0.012710777 	-3.1463411e-08 	1.3948357e-05 	-0.029994314
-0.0054114114 	-0.012710782 	-3.2048876e-08 	1.437276e-05 	-0.030385908
-0.0053993994 	-0.012710786 	-3.2634341e-08 	1.4797164e-05 	-0.030777501
-0.0053873874 	-0.012710791 	-3.3219806e-08 	1.5221567e-05 	-0.031169095
-0.0053753754 	-0.012710796 	-3.3805271e-08 	1.564597e-05 	-0.031560688
-0.0053633634 	-0.012710801 	-3.4390736e-08 	1.6070374e-05 	-0.031952282
-0.0053513514 	-0.012710806 	-3.4976201e-08 	1.6494777e-05 	-0.032343875
-0.0053393393 	-0.012710811 	-3.5561666e-08 	1.6919181e-05 	-0.032735469
-0.0053273273 	-0.012710816 	-3.6147131e-08 	1.7343584e-05 	-0.033127062
-0.0053153153 	-0.01271082 	-3.6732596e-08 	1.7767987e-05 	-0.033518656
-0.0053033033 	-0.012710825 	-3.7318061e-08 	1.8192391e-05 	-0.033910249
-0.0052912913 	-0.01271083 	-3.7903526e-08 	1.8616794e-05 	-0.034301842
-0.0052792793 	-0.012710835 	-3.8518607e-08 	1.8867146e-05 	-0.034696478
-0.0052672673 	-0.012710841 	-3.9140401e-08 	1.9078052e-05 	-0.035091803
-0.0052552553 	-0.012710846 	-3.9760568e-08 	1.9289809e-05 	-0.035484643
-0.0052432432 	-0.012710855 	-4.0291829e-08 	1.9548106e-05 	-0.035741553
-0.0052312312 	-0.012710863 	-4.0823089e-08 	1.9806403e-05 	-0.035998464
-0.0052192192 	-0.012710872 	-4.135435e-08 	2.00647e-05 	-0.036255374
-0.0052072072 	-0.01271088 	-4.188561e-08 	2.0322997e-05 	-0.036512284
-0.0051951952 	-0.012710889 	-4.2416871e-08 	2.0581294e-05 	-0.036769194
-0.0051831832 	-0.012710897 	-4.2948131e-08 	2.083959e-05 	-0.037026105
-0.0051711712 	-0.012710906 	-4.3479392e-08 	2.1097887e-05 	-0.037283015
-0.0051591592 	-0.012710914 	-4.4010652e-08 	2.1356184e-05 	-0.037539925
-0.0051471471 	-0.012710923 	-4.4541913e-08 	2.1614481e-05 	-0.037796835
-0.0051351351 	-0.012710931 	-4.5073173e-08 	2.1872778e-05 	-0.038053746
-0.0051231231 	-0.01271094 	-4.5604434e-08 	2.2131075e-05 	-0.038310656
-0.0051111111 	-0.012710948 	-4.6135694e-08 	2.2389372e-05 	-0.038567566
-0.0050990991 	-0.012710957 	-4.6666955e-08 	2.2647668e-05 	-0.038824476
-0.0050870871 	-0.012710965 	-4.7198215e-08 	2.2905965e-05 	-0.039081387
-0.0050750751 	-0.012710974 	-4.7742572e-08 	2.3069225e-05 	-0.03933988
-0.0050630631 	-0.012710982 	-4.8308049e-08 	2.3079227e-05 	-0.039600925
-0.0050510511 	-0.012710991 	-4.8873526e-08 	2.3089228e-05 	-0.039861971
-0.005039039 	-0.012711001 	-4.9415771e-08 	2.3075096e-05 	-0.040088925
-0.005027027 	-0.012711014 	-4.9870499e-08 	2.2970046e-05 	-0.040187446
-0.005015015 	-0.012711026 	-5.0325226e-08 	2.2864996e-05 	-0.040285967
-0.005003003 	-0.012711039 	-5.0779954e-08 	2.2759946e-05 	-0.040384488
-0.004990991 	-0.012711052 	-5.1234681e-08 	2.2654895e-05 	-0.040483009
-0.004978979 	-0.012711065 	-5.1689409e-08 	2.2549845e-05 	-0.04058153
-0.004966967 	-0.012711077 	-5.2144136e-08 	2.2444795e-05 	-0.040680051
-0.004954955 	-0.01271109 	-5.2598864e-08 	2.2339745e-05 	-0.040778572
-0.0049429429 	-0.012711103 	-5.3053592e-08 	2.2234695e-05 	-0.040877093
-0.0049309309 	-0.012711116 	-5.3508319e-08 	2.2129645e-05 	-0.040975615
-0.0049189189 	-0.012711128 	-5.3963047e-08 	2.2024595e-05 	-0.041074136
-0.0049069069 	-0.012711141 	-5.4417774e-08 	2.1919545e-05 	-0.041172657
-0.0048948949 	-0.012711154 	-5.4872502e-08 	2.1814494e-05 	-0.041271178
-0.0048828829 	-0.012711167 	-5.5327229e-08 	2.1709444e-05 	-0.041369699
-0.0048708709 	-0.012711179 	-5.5781957e-08 	2.1604394e-05 	-0.04146822
-0.0048588589 	-0.012711192 	-5.6236684e-08 	2.1499344e-05 	-0.041566741
-0.0048468468 	-0.012711205 	-5.6691412e-08 	2.1394294e-05 	-0.041665262
-0.0048348348 	-0.012711218 	-5.7165628e-08 	2.1124924e-05 	-0.04176673
-0.0048228228 	-0.01271123 	-5.7652364e-08 	2.0749999e-05 	-0.04187009
-0.0048108108 	-0.012711243 	-5.81391e-08 	2.0375073e-05 	-0.041973451
-0.0047987988 	-0.012711256 	-5.8624531e-08 	1.9996595e-05 	-0.042074944
-0.0047867868 	-0.012711273 	-5.8976851e-08 	1.9255628e-05 	-0.041985997
-0.0047747748 	-0.01271129 	-5.932917e-08 	1.8514662e-05 	-0.04189705
-0.0047627628 	-0.012711308 	-5.968149e-08 	1.7773695e-05 	-0.041808103
-0.0047507508 	-0.012711325 	-6.003381e-08 	1.7032728e-05 	-0.041719156
-0.0047387387 	-0.012711342 	-6.038613e-08 	1.6291761e-05 	-0.041630209
-0.0047267267 	-0.012711359 	-6.073845e-08 	1.5550794e-05 	-0.041541262
-0.0047147147 	-0.012711377 	-6.109077e-08 	1.4809827e-05 	-0.041452315
-0.0047027027 	-0.012711394 	-6.144309e-08 	1.406886e-05 	-0.041363368
-0.0046906907 	-0.012711411 	-6.179541e-08 	1.3327893e-05 	-0.041274421
-0.0046786787 	-0.012711429 	-6.214773e-08 	1.2586926e-05 	-0.041185474
-0.0046666667 	-0.012711446 	-6.250005e-08 	1.1845959e-05 	-0.041096527
-0.0046546547 	-0.012711463 	-6.285237e-08 	1.1104992e-05 	-0.04100758
-0.0046426426 	-0.012711481 	-6.320469e-08 	1.0364025e-05 	-0.040918633
-0.0046306306 	-0.012711498 	-6.355701e-08 	9.6230582e-06 	-0.040829686
-0.0046186186 	-0.012711515 	-6.390933e-08 	8.8820913e-06 	-0.040740739
-0.0046066066 	-0.012711533 	-6.426165e-08 	8.1411244e-06 	-0.040651792
-0.0045945946 	-0.01271155 	-6.461397e-08 	7.4001574e-06 	-0.040562845
-0.0045825826 	-0.012711567 	-6.496629e-08 	6.6591905e-06 	-0.040473898
-0.0045705706 	-0.012711585 	-6.5323864e-08 	5.8697838e-06 	-0.040386027
-0.0045585586 	-0.012711601 	-6.5705521e-08 	4.85837e-06 	-0.040303085
-0.0045465465 	-0.012711618 	-6.6087178e-08 	3.8469561e-06 	-0.040220144
-0.0045345345 	-0.012711635 	-6.6468836e-08 	2.8355423e-06 	-0.040137202
-0.0045225225 	-0.012711652 	-6.6835442e-08 	1.7525743e-06 	-0.040032068
-0.0045105105 	-0.012711674 	-6.7061173e-08 	-1.1664348e-10 	-0.03971922
-0.0044984985 	-0.012711695 	-6.7286904e-08 	-1.7528076e-06 	-0.039406372
-0.0044864865 	-0.012711717 	-6.7512636e-08 	-3.5054985e-06 	-0.039093524
-0.0044744745 	-0.012711739 	-6.7738367e-08 	-5.2581895e-06 	-0.038780676
-0.0044624625 	-0.01271176 	-6.7964099e-08 	-7.0108804e-06 	-0.038467828
-0.0044504505 	-0.012711782 	-6.818983e-08 	-8.7635713e-06 	-0.03815498
-0.0044384384 	-0.012711803 	-6.8415562e-08 	-1.0516262e-05 	-0.037842132
-0.0044264264 	-0.012711825 	-6.8641293e-08 	-1.2268953e-05 	-0.037529284
-0.0044144144 	-0.012711846 	-6.8867025e-08 	-1.4021644e-05 	-0.037216436
-0.0044024024 	-0.012711868 	-6.9092756e-08 	-1.5774335e-05 	-0.036903588
-0.0043903904 	-0.01271189 	-6.9318488e-08 	-1.7527026e-05 	-0.03659074
-0.0043783784 	-0.012711911 	-6.9544219e-08 	-1.9279717e-05 	-0.036277892
-0.0043663664 	-0.012711933 	-6.9769951e-08 	-2.1032408e-05 	-0.035965043
-0.0043543544 	-0.012711954 	-6.9995682e-08 	-2.2785099e-05 	-0.035652195
-0.0043423423 	-0.012711976 	-7.0221413e-08 	-2.453779e-05 	-0.035339347
-0.0043303303 	-0.012711998 	-7.0447145e-08 	-2.6290481e-05 	-0.035026499
-0.0043183183 	-0.012712019 	-7.0672876e-08 	-2.8043172e-05 	-0.034713651
-0.0043063063 	-0.012712041 	-7.0898608e-08 	-2.9795863e-05 	-0.034400803
-0.0042942943 	-0.012712062 	-7.1124339e-08 	-3.1548554e-05 	-0.034087955
-0.0042822823 	-0.012712084 	-7.1350071e-08 	-3.3301245e-05 	-0.033775107
-0.0042702703 	-0.012712105 	-7.1575802e-08 	-3.5053935e-05 	-0.033462259
-0.0042582583 	-0.012712126 	-7.182015e-08 	-3.6983151e-05 	-0.033155248
-0.0042462462 	-0.012712147 	-7.2071149e-08 	-3.8975443e-05 	-0.032850321
-0.0042342342 	-0.012712168 	-7.2322149e-08 	-4.0967734e-05 	-0.032545395
-0.0042222222 	-0.012712189 	-7.2573148e-08 	-4.2960025e-05 	-0.032240469
-0.0042102102 	-0.01271221 	-7.2806976e-08 	-4.5090805e-05 	-0.031906014
-0.0041981982 	-0.012712234 	-7.2895713e-08 	-4.8391772e-05 	-0.03132205
-0.0041861862 	-0.012712259 	-7.298445e-08 	-5.1692738e-05 	-0.030738086
-0.0041741742 	-0.012712284 	-7.3073187e-08 	-5.4993704e-05 	-0.030154122
-0.0041621622 	-0.012712308 	-7.3161924e-08 	-5.8294671e-05 	-0.029570158
-0.0041501502 	-0.012712333 	-7.3250661e-08 	-6.1595637e-05 	-0.028986195
-0.0041381381 	-0.012712358 	-7.3339398e-08 	-6.4896603e-05 	-0.028402231
-0.0041261261 	-0.012712382 	-7.3428134e-08 	-6.819757e-05 	-0.027818267
-0.0041141141 	-0.012712407 	-7.3516871e-08 	-7.1498536e-05 	-0.027234303
-0.0041021021 	-0.012712432 	-7.3605608e-08 	-7.4799502e-05 	-0.026650339
-0.0040900901 	-0.012712456 	-7.3694345e-08 	-7.8100469e-05 	-0.026066376
-0.0040780781 	-0.012712481 	-7.3783082e-08 	-8.1401435e-05 	-0.025482412
-0.0040660661 	-0.012712506 	-7.3871819e-08 	-8.4702401e-05 	-0.024898448
-0.0040540541 	-0.01271253 	-7.3960556e-08 	-8.8003368e-05 	-0.024314484
-0.004042042 	-0.012712555 	-7.4049293e-08 	-9.1304334e-05 	-0.023730521
-0.00403003 	-0.01271258 	-7.413803e-08 	-9.46053e-05 	-0.023146557
-0.004018018 	-0.012712604 	-7.4226766e-08 	-9.7906267e-05 	-0.022562593
-0.004006006 	-0.012712629 	-7.4315503e-08 	-0.00010120723 	-0.021978629
-0.003993994 	-0.012712654 	-7.440424e-08 	-0.0001045082 	-0.021394665
-0.003981982 	-0.012712678 	-7.4492977e-08 	-0.00010780917 	-0.020810702
-0.00396997 	-0.012712703 	-7.4581714e-08 	-0.00011111013 	-0.020226738
-0.003957958 	-0.012712728 	-7.4670451e-08 	-0.0001144111 	-0.019642774
-0.0039459459 	-0.012712752 	-7.4759188e-08 	-0.00011771206 	-0.01905881
-0.0039339339 	-0.012712777 	-7.4847925e-08 	-0.00012101303 	-0.018474846
-0.0039219219 	-0.012712802 	-7.4936662e-08 	-0.000124314 	-0.017890883
-0.0039099099 	-0.012712826 	-7.504136e-08 	-0.00012776126 	-0.017316719
-0.0038978979 	-0.012712849 	-7.5148294e-08 	-0.00013122901 	-0.016743927
-0.0038858859 	-0.012712873 	-7.5255227e-08 	-0.00013469676 	-0.016171135
-0.0038738739 	-0.012712897 	-7.5362161e-08 	-0.00013816451 	-0.015598344
-0.0038618619 	-0.01271292 	-7.5469095e-08 	-0.00014163227 	-0.015025552
-0.0038498498 	-0.012712945 	-7.5494686e-08 	-0.00014650048 	-0.014236533
-0.0038378378 	-0.012712969 	-7.5471314e-08 	-0.00015221168 	-0.013317358
-0.0038258258 	-0.012712993 	-7.5447941e-08 	-0.00015792289 	-0.012398183
-0.0038138138 	-0.012713018 	-7.5424569e-08 	-0.00016363409 	-0.011479008
-0.0038018018 	-0.012713042 	-7.5401197e-08 	-0.0001693453 	-0.010559833
-0.0037897898 	-0.012713066 	-7.5377824e-08 	-0.0001750565 	-0.0096406582
-0.0037777778 	-0.012713091 	-7.5354452e-08 	-0.00018076771 	-0.0087214833
-0.0037657658 	-0.012713115 	-7.5331079e-08 	-0.00018647891 	-0.0078023083
-0.0037537538 	-0.012713139 	-7.5307707e-08 	-0.00019219012 	-0.0068831333
-0.0037417417 	-0.012713164 	-7.5284335e-08 	-0.00019790132 	-0.0059639583
-0.0037297297 	-0.012713188 	-7.5260962e-08 	-0.00020361252 	-0.0050447834
-0.0037177177 	-0.012713212 	-7.523759e-08 	-0.00020932373 	-0.0041256084
-0.0037057057 	-0.012713237 	-7.5214218e-08 	-0.00021503493 	-0.0032064334
-0.0036936937 	-0.012713261 	-7.5190845e-08 	-0.00022074614 	-0.0022872585
-0.0036816817 	-0.012713286 	-7.5167473e-08 	-0.00022645734 	-0.0013680835
-0.0036696697 	-0.01271331 	-7.5144101e-08 	-0.00023216855 	-0.00044890854
-0.0036576577 	-0.012713334 	-7.5120728e-08 	-0.00023787975 	0.00047026643
-0.0036456456 	-0.012713359 	-7.5097356e-08 	-0.00024359096 	0.0013894414
-0.0036336336 	-0.012713383 	-7.5073983e-08 	-0.00024930216 	0.0023086164
-0.0036216216 	-0.012713407 	-7.5050611e-08 	-0.00025501337 	0.0032277913
-0.0036096096 	-0.012713432 	-7.5027239e-08 	-0.00026072457 	0.0041469663
-0.0035975976 	-0.012713456 	-7.5003866e-08 	-0.00026643578 	0.0050661413
-0.0035855856 	-0.01271348 	-7.4980494e-08 	-0.00027214698 	0.0059853162
-0.0035735736 	-0.012713505 	-7.4957122e-08 	-0.00027785819 	0.0069044912
-0.0035615616 	-0.012713529 	-7.4933749e-08 	-0.00028356939 	0.0078236662
-0.0035495495 	-0.012713553 	-7.4910377e-08 	-0.0002892806 	0.0087428411
-0.0035375375 	-0.012713578 	-7.4887004e-08 	-0.0002949918 	0.0096620161
-0.0035255255 	-0.012713602 	-7.4864666e-08 	-0.00030070608 	0.010578786
-0.0035135135 	-0.012713626 	-7.4848609e-08 	-0.00030643899 	0.011480946
-0.0035015015 	-0.012713649 	-7.4832552e-08 	-0.00031217191 	0.012383106
-0.0034894895 	-0.012713672 	-7.4816495e-08 	-0.00031790483 	0.013285266
-0.0034774775 	-0.012713696 	-7.4800438e-08 	-0.00032363775 	0.014187425
-0.0034654655 	-0.012713719 	-7.4784381e-08 	-0.00032937066 	0.015089585
-0.0034534535 	-0.012713741 	-7.4762968e-08 	-0.00033513566 	0.01600578
-0.0034414414 	-0.012713756 	-7.4717628e-08 	-0.00034104396 	0.016984666
-0.0034294294 	-0.012713771 	-7.4672289e-08 	-0.00034695226 	0.017963553
-0.0034174174 	-0.012713786 	-7.4626949e-08 	-0.00035286055 	0.018942439
-0.0034054054 	-0.012713801 	-7.458161e-08 	-0.00035876885 	0.019921325
-0.0033933934 	-0.012713815 	-7.453627e-08 	-0.00036467715 	0.020900212
-0.0033813814 	-0.01271383 	-7.4490931e-08 	-0.00037058545 	0.021879098
-0.0033693694 	-0.012713845 	-7.4445591e-08 	-0.00037649374 	0.022857985
-0.0033573574 	-0.01271386 	-7.4400252e-08 	-0.00038240204 	0.023836871
-0.0033453453 	-0.012713875 	-7.4354912e-08 	-0.00038831034 	0.024815757
-0.0033333333 	-0.01271389 	-7.4309573e-08 	-0.00039421864 	0.025794644
-0.0033213213 	-0.012713905 	-7.4264233e-08 	-0.00040012693 	0.02677353
-0.0033093093 	-0.012713919 	-7.4218894e-08 	-0.00040603523 	0.027752417
-0.0032972973 	-0.012713934 	-7.4173554e-08 	-0.00041194353 	0.028731303
-0.0032852853 	-0.012713949 	-7.4128215e-08 	-0.00041785182 	0.029710189
-0.0032732733 	-0.012713964 	-7.4082875e-08 	-0.00042376012 	0.030689076
-0.0032612613 	-0.012713979 	-7.4037536e-08 	-0.00042966842 	0.031667962
-0.0032492492 	-0.012713994 	-7.3992196e-08 	-0.00043557672 	0.032646849
-0.0032372372 	-0.012714008 	-7.3946857e-08 	-0.00044148501 	0.033625735
-0.0032252252 	-0.012714023 	-7.3901517e-08 	-0.00044739331 	0.034604621
-0.0032132132 	-0.012714038 	-7.3856178e-08 	-0.00045330161 	0.035583508
-0.0032012012 	-0.012714053 	-7.3810838e-08 	-0.00045920991 	0.036562394
-0.0031891892 	-0.012714068 	-7.3765499e-08 	-0.0004651182 	0.037541281
-0.0031771772 	-0.012714083 	-7.3720159e-08 	-0.0004710265 	0.038520167
-0.0031651652 	-0.012714097 	-7.367482e-08 	-0.0004769348 	0.039499054
-0.0031531532 	-0.012714112 	-7.3629481e-08 	-0.0004828431 	0.04047794
-0.0031411411 	-0.012714127 	-7.3584141e-08 	-0.00048875139 	0.041456826
-0.0031291291 	-0.012714142 	-7.3538802e-08 	-0.00049465969 	0.042435713
-0.0031171171 	-0.012714157 	-7.3493462e-08 	-0.00050056799 	0.043414599
-0.0031051051 	-0.012714172 	-7.3448123e-08 	-0.00050647629 	0.044393486
-0.0030930931 	-0.012714187 	-7.3402783e-08 	-0.00051238458 	0.045372372
-0.0030810811 	-0.012714201 	-7.335742e-08 	-0.00051829183 	0.046351089
-0.0030690691 	-0.012714216 	-7.330939e-08 	-0.00052408035 	0.047310551
-0.0030570571 	-0.012714232 	-7.3261361e-08 	-0.00052986886 	0.048270012
-0.003045045 	-0.012714247 	-7.3213331e-08 	-0.00053565737 	0.049229474
-0.003033033 	-0.012714262 	-7.3165301e-08 	-0.00054144588 	0.050188936
-0.003021021 	-0.012714277 	-7.3117272e-08 	-0.00054723439 	0.051148398
-0.003009009 	-0.012714292 	-7.3069242e-08 	-0.00055302291 	0.05210786
-0.002996997 	-0.012714288 	-7.2998463e-08 	-0.00056259946 	0.053777787
-0.002984985 	-0.012714226 	-7.2859436e-08 	-0.00058354015 	0.057579106
-0.002972973 	-0.012714164 	-7.2720409e-08 	-0.00060448084 	0.061380425
-0.002960961 	-0.012714103 	-7.2581383e-08 	-0.00062542152 	0.065181744
-0.0029489489 	-0.012714041 	-7.2442356e-08 	-0.00064636221 	0.068983063
-0.0029369369 	-0.012713982 	-7.2291847e-08 	-0.00066688035 	0.072728206
-0.0029249249 	-0.012713943 	-7.2139989e-08 	-0.00068298775 	0.075702765
-0.0029129129 	-0.012713938 	-7.2016726e-08 	-0.00069181361 	0.077357282
-0.0029009009 	-0.012713932 	-7.1893463e-08 	-0.00070063946 	0.079011799
-0.0028888889 	-0.012713926 	-7.1770201e-08 	-0.00070946532 	0.080666316
-0.0028768769 	-0.01271392 	-7.1646938e-08 	-0.00071829117 	0.082320833
-0.0028648649 	-0.012713914 	-7.1523675e-08 	-0.00072711702 	0.08397535
-0.0028528529 	-0.012713911 	-7.1382674e-08 	-0.00073567175 	0.085596714
-0.0028408408 	-0.0127139 	-7.121681e-08 	-0.00074458535 	0.087294456
-0.0028288288 	-0.012713885 	-7.1038824e-08 	-0.0007537226 	0.089037528
-0.0028168168 	-0.01271387 	-7.0860839e-08 	-0.00076285984 	0.090780601
-0.0028048048 	-0.012713856 	-7.0682853e-08 	-0.00077199709 	0.092523673
-0.0027927928 	-0.012713841 	-7.0504868e-08 	-0.00078113434 	0.094266745
-0.0027807808 	-0.012713826 	-7.0326883e-08 	-0.00079027159 	0.096009818
-0.0027687688 	-0.012713812 	-7.0137411e-08 	-0.00079927405 	0.097735915
-0.0027567568 	-0.012713798 	-6.9931567e-08 	-0.00080811341 	0.099444846
-0.0027447447 	-0.012713775 	-6.9714272e-08 	-0.00081744744 	0.10128924
-0.0027327327 	-0.012713752 	-6.9496977e-08 	-0.00082678147 	0.10313363
-0.0027207207 	-0.01271373 	-6.9279682e-08 	-0.0008361155 	0.10497802
-0.0027087087 	-0.012713707 	-6.9062387e-08 	-0.00084544953 	0.10682242
-0.0026966967 	-0.012713684 	-6.8845092e-08 	-0.00085478356 	0.10866681
-0.0026846847 	-0.012713661 	-6.8627796e-08 	-0.00086411759 	0.1105112
-0.0026726727 	-0.012713639 	-6.8410501e-08 	-0.00087345162 	0.1123556
-0.0026606607 	-0.012713618 	-6.8161586e-08 	-0.00088245551 	0.11415817
-0.0026486486 	-0.012713593 	-6.7915702e-08 	-0.00089163333 	0.11602695
-0.0026366366 	-0.012713564 	-6.7674607e-08 	-0.00090105468 	0.11798664
-0.0026246246 	-0.012713535 	-6.7433512e-08 	-0.00091047603 	0.11994633
-0.0026126126 	-0.012713505 	-6.7192418e-08 	-0.00091989738 	0.12190602
-0.0026006006 	-0.012713476 	-6.6951323e-08 	-0.00092931873 	0.12386571
-0.0025885886 	-0.012713447 	-6.6710228e-08 	-0.00093874008 	0.1258254
-0.0025765766 	-0.012713418 	-6.6469133e-08 	-0.00094816143 	0.12778509
-0.0025645646 	-0.012713389 	-6.6228038e-08 	-0.00095758278 	0.12974478
-0.0025525526 	-0.01271336 	-6.5972316e-08 	-0.00096685978 	0.13168575
-0.0025405405 	-0.012713333 	-6.5696078e-08 	-0.0009759343 	0.13360049
-0.0025285285 	-0.0127133 	-6.543626e-08 	-0.00098518636 	0.13562802
-0.0025165165 	-0.012713263 	-6.518546e-08 	-0.00099453592 	0.13771749
-0.0025045045 	-0.012713227 	-6.4934659e-08 	-0.0010038855 	0.13980697
-0.0024924925 	-0.01271319 	-6.4683858e-08 	-0.001013235 	0.14189644
-0.0024804805 	-0.012713153 	-6.4433058e-08 	-0.0010225846 	0.14398592
-0.0024684685 	-0.012713117 	-6.4182257e-08 	-0.0010319341 	0.14607539
-0.0024564565 	-0.01271308 	-6.3931457e-08 	-0.0010412837 	0.14816487
-0.0024444444 	-0.012713044 	-6.3680656e-08 	-0.0010506332 	0.15025434
-0.0024324324 	-0.012713007 	-6.3429855e-08 	-0.0010599828 	0.15234382
-0.0024204204 	-0.012712972 	-6.3158717e-08 	-0.001069136 	0.15440635
-0.0024084084 	-0.012712938 	-6.287176e-08 	-0.0010781365 	0.15644793
-0.0023963964 	-0.012712897 	-6.260607e-08 	-0.0010871373 	0.15859534
-0.0023843844 	-0.012712852 	-6.2357503e-08 	-0.0010961383 	0.16082795
-0.0023723724 	-0.012712807 	-6.2108935e-08 	-0.0011051393 	0.16306056
-0.0023603604 	-0.012712762 	-6.1860368e-08 	-0.0011141404 	0.16529317
-0.0023483483 	-0.012712717 	-6.16118e-08 	-0.0011231414 	0.16752577
-0.0023363363 	-0.012712672 	-6.1363233e-08 	-0.0011321424 	0.16975838
-0.0023243243 	-0.012712627 	-6.1114665e-08 	-0.0011411435 	0.17199099
-0.0023123123 	-0.012712582 	-6.0866098e-08 	-0.0011501445 	0.1742236
-0.0023003003 	-0.012712537 	-6.061753e-08 	-0.0011591455 	0.17645621
-0.0022882883 	-0.012712492 	-6.0368963e-08 	-0.0011681465 	0.17868882
-0.0022762763 	-0.012712448 	-6.0111683e-08 	-0.0011770631 	0.18090858
-0.0022642643 	-0.012712405 	-5.9828402e-08 	-0.0011857278 	0.18309
-0.0022522523 	-0.012712363 	-5.9545121e-08 	-0.0011943924 	0.18527142
-0.0022402402 	-0.012712309 	-5.9305789e-08 	-0.0012025997 	0.18765033
-0.0022282282 	-0.012712255 	-5.9067691e-08 	-0.0012107942 	0.19003477
-0.0022162162 	-0.0127122 	-5.8829592e-08 	-0.0012189886 	0.19241922
-0.0022042042 	-0.012712146 	-5.8591494e-08 	-0.0012271831 	0.19480367
-0.0021921922 	-0.012712092 	-5.8353395e-08 	-0.0012353775 	0.19718812
-0.0021801802 	-0.012712037 	-5.8115297e-08 	-0.001243572 	0.19957257
-0.0021681682 	-0.012711983 	-5.7877198e-08 	-0.0012517664 	0.20195701
-0.0021561562 	-0.012711929 	-5.76391e-08 	-0.0012599609 	0.20434146
-0.0021441441 	-0.012711874 	-5.7401001e-08 	-0.0012681554 	0.20672591
-0.0021321321 	-0.01271182 	-5.7162903e-08 	-0.0012763498 	0.20911036
-0.0021201201 	-0.012711766 	-5.6924804e-08 	-0.0012845443 	0.21149481
-0.0021081081 	-0.012711712 	-5.6677902e-08 	-0.0012926529 	0.21386365
-0.0020960961 	-0.012711661 	-5.6409008e-08 	-0.0013005472 	0.21619354
-0.0020840841 	-0.012711609 	-5.6140114e-08 	-0.0013084415 	0.21852342
-0.0020720721 	-0.012711549 	-5.5901947e-08 	-0.001315477 	0.22099622
-0.0020600601 	-0.012711485 	-5.5676849e-08 	-0.0013221473 	0.2235298
-0.002048048 	-0.012711422 	-5.545175e-08 	-0.0013288176 	0.22606338
-0.002036036 	-0.012711358 	-5.5226651e-08 	-0.001335488 	0.22859696
-0.002024024 	-0.012711295 	-5.5001552e-08 	-0.0013421583 	0.23113054
-0.002012012 	-0.012711231 	-5.4776453e-08 	-0.0013488286 	0.23366412
-0.002 	-0.012711168 	-5.4551354e-08 	-0.001355499 	0.2361977
-0.001987988 	-0.012711104 	-5.4326255e-08 	-0.0013621693 	0.23873128
-0.001975976 	-0.01271104 	-5.4101157e-08 	-0.0013688396 	0.24126486
-0.001963964 	-0.012710977 	-5.3876058e-08 	-0.00137551 	0.24379844
-0.001951952 	-0.012710913 	-5.3650959e-08 	-0.0013821803 	0.24633202
-0.0019399399 	-0.01271085 	-5.342586e-08 	-0.0013888506 	0.2488656
-0.0019279279 	-0.012710786 	-5.3200761e-08 	-0.001395521 	0.25139918
-0.0019159159 	-0.012710724 	-5.2964966e-08 	-0.0014020894 	0.25390723
-0.0019039039 	-0.012710663 	-5.2715837e-08 	-0.0014085309 	0.25638347
-0.0018918919 	-0.012710602 	-5.2466708e-08 	-0.0014149724 	0.2588597
-0.0018798799 	-0.012710536 	-5.2234829e-08 	-0.0014202223 	0.26142876
-0.0018678679 	-0.012710465 	-5.2019277e-08 	-0.0014243443 	0.26408567
-0.0018558559 	-0.012710394 	-5.1803726e-08 	-0.0014284663 	0.26674258
-0.0018438438 	-0.012710323 	-5.1588174e-08 	-0.0014325882 	0.26939949
-0.0018318318 	-0.012710252 	-5.1372623e-08 	-0.0014367102 	0.2720564
-0.0018198198 	-0.012710181 	-5.1157072e-08 	-0.0014408322 	0.27471331
-0.0018078078 	-0.01271011 	-5.094152e-08 	-0.0014449542 	0.27737022
-0.0017957958 	-0.012710039 	-5.0725969e-08 	-0.0014490762 	0.28002713
-0.0017837838 	-0.012709968 	-5.0510417e-08 	-0.0014531981 	0.28268404
-0.0017717718 	-0.012709897 	-5.0294866e-08 	-0.0014573201 	0.28534095
-0.0017597598 	-0.012709827 	-5.0079314e-08 	-0.0014614421 	0.28799786
-0.0017477477 	-0.012709756 	-4.9863763e-08 	-0.0014655641 	0.29065477
-0.0017357357 	-0.012709685 	-4.9648211e-08 	-0.0014696861 	0.29331168
-0.0017237237 	-0.012709614 	-4.943266e-08 	-0.001473808 	0.29596859
-0.0017117117 	-0.012709543 	-4.9217108e-08 	-0.00147793 	0.2986255
-0.0016996997 	-0.012709473 	-4.8994265e-08 	-0.0014819989 	0.30125467
-0.0016876877 	-0.012709405 	-4.8763418e-08 	-0.0014860096 	0.30385339
-0.0016756757 	-0.012709336 	-4.853257e-08 	-0.0014900203 	0.3064521
-0.0016636637 	-0.012709267 	-4.8304498e-08 	-0.0014934341 	0.30906856
-0.0016516517 	-0.012709188 	-4.8091956e-08 	-0.0014935084 	0.31178422
-0.0016396396 	-0.01270911 	-4.7879414e-08 	-0.0014935827 	0.31449989
-0.0016276276 	-0.012709032 	-4.7666871e-08 	-0.0014936569 	0.31721556
-0.0016156156 	-0.012708954 	-4.7454329e-08 	-0.0014937312 	0.31993123
-0.0016036036 	-0.012708876 	-4.7241787e-08 	-0.0014938055 	0.3226469
-0.0015915916 	-0.012708797 	-4.7029244e-08 	-0.0014938797 	0.32536257
-0.0015795796 	-0.012708719 	-4.6816702e-08 	-0.001493954 	0.32807824
-0.0015675676 	-0.012708641 	-4.660416e-08 	-0.0014940283 	0.3307939
-0.0015555556 	-0.012708563 	-4.6391618e-08 	-0.0014941026 	0.33350957
-0.0015435435 	-0.012708484 	-4.6179075e-08 	-0.0014941768 	0.33622524
-0.0015315315 	-0.012708406 	-4.5966533e-08 	-0.0014942511 	0.33894091
-0.0015195195 	-0.012708328 	-4.5753991e-08 	-0.0014943254 	0.34165658
-0.0015075075 	-0.01270825 	-4.5541448e-08 	-0.0014943997 	0.34437225
-0.0014954955 	-0.012708172 	-4.5328906e-08 	-0.0014944739 	0.34708792
-0.0014834835 	-0.012708093 	-4.5116364e-08 	-0.0014945482 	0.34980358
-0.0014714715 	-0.012708015 	-4.4903822e-08 	-0.0014946225 	0.35251925
-0.0014594595 	-0.012707937 	-4.4690651e-08 	-0.0014947028 	0.3552297
-0.0014474474 	-0.012707861 	-4.4471488e-08 	-0.0014948405 	0.35789041
-0.0014354354 	-0.012707786 	-4.4252325e-08 	-0.0014949781 	0.36055112
-0.0014234234 	-0.01270771 	-4.4033162e-08 	-0.0014951158 	0.36321183
-0.0014114114 	-0.012707632 	-4.3798024e-08 	-0.0014929579 	0.36606421
-0.0013993994 	-0.012707548 	-4.3529441e-08 	-0.0014859943 	0.36931788
-0.0013873874 	-0.012707464 	-4.3260858e-08 	-0.0014790307 	0.37257154
-0.0013753754 	-0.01270738 	-4.2992275e-08 	-0.001472067 	0.37582521
-0.0013633634 	-0.012707296 	-4.2723691e-08 	-0.0014651034 	0.37907888
-0.0013513514 	-0.012707212 	-4.2455108e-08 	-0.0014581397 	0.38233254
-0.0013393393 	-0.012707128 	-4.2186525e-08 	-0.0014511761 	0.38558621
-0.0013273273 	-0.012707044 	-4.1917942e-08 	-0.0014442125 	0.38883987
-0.0013153153 	-0.01270696 	-4.1649359e-08 	-0.0014372488 	0.39209354
-0.0013033033 	-0.012706876 	-4.1380776e-08 	-0.0014302852 	0.3953472
-0.0012912913 	-0.012706792 	-4.1112192e-08 	-0.0014233215 	0.39860087
-0.0012792793 	-0.012706709 	-4.0843609e-08 	-0.0014163579 	0.40185454
-0.0012672673 	-0.012706625 	-4.0575026e-08 	-0.0014093943 	0.4051082
-0.0012552553 	-0.012706541 	-4.0306443e-08 	-0.0014024306 	0.40836187
-0.0012432432 	-0.012706457 	-4.003786e-08 	-0.001395467 	0.41161553
-0.0012312312 	-0.012706373 	-3.9769277e-08 	-0.0013885033 	0.4148692
-0.0012192192 	-0.012706289 	-3.9500693e-08 	-0.0013815397 	0.41812287
-0.0012072072 	-0.012706205 	-3.923211e-08 	-0.0013745761 	0.42137653
-0.0011951952 	-0.012706121 	-3.8963527e-08 	-0.0013676124 	0.4246302
-0.0011831832 	-0.012706037 	-3.8694944e-08 	-0.0013606488 	0.42788386
-0.0011711712 	-0.012705954 	-3.842642e-08 	-0.0013539694 	0.43109575
-0.0011591592 	-0.012705871 	-3.8157897e-08 	-0.0013472971 	0.43430659
-0.0011471471 	-0.012705788 	-3.7889374e-08 	-0.0013406248 	0.43751743
-0.0011351351 	-0.012705705 	-3.7620852e-08 	-0.0013339525 	0.44072827
-0.0011231231 	-0.01270565 	-3.7421977e-08 	-0.0013245144 	0.44298623
-0.0011111111 	-0.012705609 	-3.7253327e-08 	-0.0013138761 	0.44483069
-0.0010990991 	-0.012705567 	-3.7084676e-08 	-0.0013032378 	0.44667514
-0.0010870871 	-0.012705525 	-3.6916025e-08 	-0.0012925996 	0.4485196
-0.0010750751 	-0.012705484 	-3.6747375e-08 	-0.0012819613 	0.45036406
-0.0010630631 	-0.012705442 	-3.6578724e-08 	-0.001271323 	0.45220851
-0.0010510511 	-0.012705401 	-3.6410074e-08 	-0.0012606847 	0.45405297
-0.001039039 	-0.012705359 	-3.6241423e-08 	-0.0012500465 	0.45589742
-0.001027027 	-0.012705317 	-3.6072548e-08 	-0.0012393832 	0.45774451
-0.001015015 	-0.012705275 	-3.5901741e-08 	-0.0012285046 	0.45961427
-0.001003003 	-0.012705233 	-3.5730933e-08 	-0.0012176259 	0.46148404
-0.00099099099 	-0.012705192 	-3.5560125e-08 	-0.0012067473 	0.4633538
-0.00097897898 	-0.01270515 	-3.5389317e-08 	-0.0011958686 	0.46522356
-0.00096696697 	-0.012705108 	-3.5218509e-08 	-0.00118499 	0.46709333
-0.00095495495 	-0.012705066 	-3.5047702e-08 	-0.0011741113 	0.46896309
-0.00094294294 	-0.012705024 	-3.4876894e-08 	-0.0011632327 	0.47083286
-0.00093093093 	-0.012704982 	-3.4706086e-08 	-0.001152354 	0.47270262
-0.00091891892 	-0.01270494 	-3.4535278e-08 	-0.0011414754 	0.47457238
-0.00090690691 	-0.012704899 	-3.436447e-08 	-0.0011305968 	0.47644215
-0.00089489489 	-0.012704857 	-3.4193663e-08 	-0.0011197181 	0.47831191
-0.00088288288 	-0.012704815 	-3.4022855e-08 	-0.0011088395 	0.48018167
-0.00087087087 	-0.012704773 	-3.3852047e-08 	-0.0010979608 	0.48205144
-0.00085885886 	-0.012704731 	-3.3681239e-08 	-0.0010870822 	0.4839212
-0.00084684685 	-0.012704689 	-3.3510431e-08 	-0.0010762035 	0.48579097
-0.00083483483 	-0.012704647 	-3.3339624e-08 	-0.0010653249 	0.48766073
-0.00082282282 	-0.012704605 	-3.3168816e-08 	-0.0010544462 	0.48953049
-0.00081081081 	-0.012704564 	-3.2998008e-08 	-0.0010435676 	0.49140026
-0.0007987988 	-0.012704522 	-3.28272e-08 	-0.0010326889 	0.49327002
-0.00078678679 	-0.01270448 	-3.2656392e-08 	-0.0010218103 	0.49513978
-0.00077477477 	-0.012704438 	-3.2485585e-08 	-0.0010109316 	0.49700955
-0.00076276276 	-0.012704396 	-3.2314777e-08 	-0.001000053 	0.49887931
-0.00075075075 	-0.012704354 	-3.2143969e-08 	-0.00098917433 	0.50074908
-0.00073873874 	-0.012704312 	-3.1973161e-08 	-0.00097829568 	0.50261884
-0.00072672673 	-0.012704271 	-3.1802354e-08 	-0.00096741703 	0.5044886
-0.00071471471 	-0.012704229 	-3.1631546e-08 	-0.00095653838 	0.50635837
-0.0007027027 	-0.012704187 	-3.1460738e-08 	-0.00094565973 	0.50822813
-0.00069069069 	-0.012704145 	-3.128993e-08 	-0.00093478109 	0.51009789
-0.00067867868 	-0.012704103 	-3.1119122e-08 	-0.00092390244 	0.51196766
-0.00066666667 	-0.012704061 	-3.0948315e-08 	-0.00091302379 	0.51383742
-0.00065465465 	-0.012704019 	-3.0777507e-08 	-0.00090214514 	0.51570719
-0.00064264264 	-0.012703977 	-3.0606699e-08 	-0.00089126649 	0.51757695
-0.00063063063 	-0.012703936 	-3.0435891e-08 	-0.00088038785 	0.51944671
-0.00061861862 	-0.012703894 	-3.0265083e-08 	-0.0008695092 	0.52131648
-0.00060660661 	-0.012703852 	-3.0094276e-08 	-0.00085863055 	0.52318624
-0.00059459459 	-0.01270381 	-2.9923468e-08 	-0.0008477519 	0.525056
-0.00058258258 	-0.012703768 	-2.975266e-08 	-0.00083687325 	0.52692577
-0.00057057057 	-0.012703726 	-2.9581852e-08 	-0.0008259946 	0.52879553
-0.00055855856 	-0.012703696 	-2.946371e-08 	-0.00081126149 	0.53005193
-0.00054654655 	-0.012703673 	-2.938087e-08 	-0.00079394466 	0.53089718
-0.00053453453 	-0.01270365 	-2.9298031e-08 	-0.00077662782 	0.53174243
-0.00052252252 	-0.012703628 	-2.9215191e-08 	-0.00075931098 	0.53258768
-0.00051051051 	-0.012703605 	-2.9132351e-08 	-0.00074199415 	0.53343293
-0.0004984985 	-0.012703582 	-2.9049512e-08 	-0.00072467731 	0.53427818
-0.00048648649 	-0.01270356 	-2.8966672e-08 	-0.00070736047 	0.53512343
-0.00047447447 	-0.012703537 	-2.8883832e-08 	-0.00069004364 	0.53596868
-0.00046246246 	-0.012703514 	-2.8800989e-08 	-0.00067272599 	0.53681396
-0.00045045045 	-0.012703491 	-2.8717421e-08 	-0.0006552532 	0.53766624
-0.00043843844 	-0.012703468 	-2.8633853e-08 	-0.00063778042 	0.53851851
-0.00042642643 	-0.012703446 	-2.8550286e-08 	-0.00062030763 	0.53937078
-0.00041441441 	-0.012703423 	-2.8466718e-08 	-0.00060283484 	0.54022306
-0.0004024024 	-0.0127034 	-2.838315e-08 	-0.00058536205 	0.54107533
-0.00039039039 	-0.012703377 	-2.8299582e-08 	-0.00056788927 	0.5419276
-0.00037837838 	-0.012703354 	-2.8216014e-08 	-0.00055041648 	0.54277987
-0.00036636637 	-0.012703331 	-2.8132447e-08 	-0.00053294369 	0.54363215
-0.00035435435 	-0.012703309 	-2.8048879e-08 	-0.0005154709 	0.54448442
-0.00034234234 	-0.012703286 	-2.7965311e-08 	-0.00049799812 	0.54533669
-0.00033033033 	-0.012703263 	-2.7881743e-08 	-0.00048052533 	0.54618897
-0.00031831832 	-0.01270324 	-2.7798175e-08 	-0.00046305254 	0.54704124
-0.00030630631 	-0.012703217 	-2.7714608e-08 	-0.00044557975 	0.54789351
-0.00029429429 	-0.012703194 	-2.763104e-08 	-0.00042810696 	0.54874579
-0.00028228228 	-0.012703172 	-2.7547472e-08 	-0.00041063418 	0.54959806
-0.00027027027 	-0.012703149 	-2.7463904e-08 	-0.00039316139 	0.55045033
-0.00025825826 	-0.012703126 	-2.7380336e-08 	-0.0003756886 	0.55130261
-0.00024624625 	-0.012703103 	-2.7296769e-08 	-0.00035821581 	0.55215488
-0.00023423423 	-0.01270308 	-2.7213201e-08 	-0.00034074303 	0.55300715
-0.00022222222 	-0.012703057 	-2.7129633e-08 	-0.00032327024 	0.55385942
-0.00021021021 	-0.012703035 	-2.7046065e-08 	-0.00030579745 	0.5547117
-0.0001981982 	-0.012703012 	-2.6962497e-08 	-0.00028832466 	0.55556397
-0.00018618619 	-0.012702989 	-2.687893e-08 	-0.00027085188 	0.55641624
-0.00017417417 	-0.012702966 	-2.6795362e-08 	-0.00025337909 	0.55726852
-0.00016216216 	-0.012702943 	-2.6711794e-08 	-0.0002359063 	0.55812079
-0.00015015015 	-0.01270292 	-2.6628226e-08 	-0.00021843351 	0.55897306
-0.00013813814 	-0.012702898 	-2.6544658e-08 	-0.00020096073 	0.55982534
-0.00012612613 	-0.012702875 	-2.6461091e-08 	-0.00018348794 	0.56067761
-0.00011411411 	-0.012702852 	-2.6377523e-08 	-0.00016601515 	0.56152988
-0.0001021021 	-0.012702829 	-2.6293955e-08 	-0.00014854236 	0.56238216
-9.009009e-05 	-0.012702806 	-2.6210387e-08 	-0.00013106958 	0.56323443
-7.8078078e-05 	-0.012702783 	-2.6126819e-08 	-0.00011359679 	0.5640867
-6.6066066e-05 	-0.012702761 	-2.6043251e-08 	-9.6124e-05 	0.56493898
-5.4054054e-05 	-0.012702738 	-2.5959684e-08 	-7.8651213e-05 	0.56579125
-4.2042042e-05 	-0.012702715 	-2.5876116e-08 	-6.1178425e-05 	0.56664352
-3.003003e-05 	-0.012702692 	-2.5792548e-08 	-4.3705638e-05 	0.56749579
-1.8018018e-05 	-0.012702669 	-2.570898e-08 	-2.623285e-05 	0.56834807
-6.006006e-06 	-0.012702646 	-2.5625412e-08 	-8.7600623e-06 	0.56920034
6.006006e-06 	-0.012702646 	-2.5625872e-08 	8.6347648e-06 	0.56920385
1.8018018e-05 	-0.012702669 	-2.5710359e-08 	2.5951631e-05 	0.56835858
3.003003e-05 	-0.012702692 	-2.5794847e-08 	4.3268498e-05 	0.56751332
4.2042042e-05 	-0.012702714 	-2.5879334e-08 	6.0585364e-05 	0.56666805
5.4054054e-05 	-0.012702737 	-2.5963821e-08 	7.7902231e-05 	0.56582279
6.6066066e-05 	-0.01270276 	-2.6048308e-08 	9.5219098e-05 	0.56497752
7.8078078e-05 	-0.012702783 	-2.6132796e-08 	0.00011253596 	0.56413226
9.009009e-05 	-0.012702805 	-2.6217283e-08 	0.00012985283 	0.563287
0.0001021021 	-0.012702828 	-2.630177e-08 	0.0001471697 	0.56244173
0.00011411411 	-0.012702851 	-2.6386896e-08 	0.00016462793 	0.5615901
0.00012612613 	-0.012702874 	-2.6472088e-08 	0.00018210074 	0.56073781
0.00013813814 	-0.012702897 	-2.6557281e-08 	0.00019957356 	0.55988553
0.00015015015 	-0.012702919 	-2.6642473e-08 	0.00021704637 	0.55903324
0.00016216216 	-0.012702942 	-2.6727665e-08 	0.00023451918 	0.55818095
0.00017417417 	-0.012702965 	-2.6812857e-08 	0.000251992 	0.55732867
0.00018618619 	-0.012702988 	-2.6898049e-08 	0.00026946481 	0.55647638
0.0001981982 	-0.012703011 	-2.6983241e-08 	0.00028693763 	0.55562409
0.00021021021 	-0.012703034 	-2.7068434e-08 	0.00030441044 	0.5547718
0.00022222222 	-0.012703056 	-2.7153626e-08 	0.00032188325 	0.55391952
0.00023423423 	-0.012703079 	-2.7238818e-08 	0.00033935607 	0.55306723
0.00024624625 	-0.012703102 	-2.732401e-08 	0.00035682888 	0.55221494
0.00025825826 	-0.012703125 	-2.7409202e-08 	0.00037430169 	0.55136265
0.00027027027 	-0.012703148 	-2.7494395e-08 	0.00039177451 	0.55051037
0.00028228228 	-0.01270317 	-2.7579587e-08 	0.00040924732 	0.54965808
0.00029429429 	-0.012703193 	-2.7664779e-08 	0.00042672014 	0.54880579
0.00030630631 	-0.012703216 	-2.7749971e-08 	0.00044419295 	0.54795351
0.00031831832 	-0.012703239 	-2.7835163e-08 	0.00046166576 	0.54710122
0.00033033033 	-0.012703262 	-2.7920355e-08 	0.00047913858 	0.54624893
0.00034234234 	-0.012703285 	-2.8005548e-08 	0.00049661139 	0.54539664
0.00035435435 	-0.012703307 	-2.809074e-08 	0.0005140842 	0.54454436
0.00036636637 	-0.01270333 	-2.8175932e-08 	0.00053155702 	0.54369207
0.00037837838 	-0.012703353 	-2.8261124e-08 	0.00054902983 	0.54283978
0.00039039039 	-0.012703376 	-2.8346316e-08 	0.00056650265 	0.5419875
0.0004024024 	-0.012703399 	-2.8431508e-08 	0.00058397546 	0.54113521
0.00041441441 	-0.012703422 	-2.8516701e-08 	0.00060144827 	0.54028292
0.00042642643 	-0.012703444 	-2.8601893e-08 	0.00061892109 	0.53943063
0.00043843844 	-0.012703467 	-2.8687085e-08 	0.0006363939 	0.53857835
0.00045045045 	-0.01270349 	-2.8772277e-08 	0.00065386671 	0.53772606
0.00046246246 	-0.012703513 	-2.8857469e-08 	0.00067133953 	0.53687377
0.00047447447 	-0.012703536 	-2.8942661e-08 	0.00068881234 	0.53602148
0.00048648649 	-0.012703558 	-2.9027854e-08 	0.00070628516 	0.5351692
0.0004984985 	-0.012703581 	-2.9113046e-08 	0.00072375797 	0.53431691
0.00051051051 	-0.012703604 	-2.9198238e-08 	0.00074123078 	0.53346462
0.00052252252 	-0.012703627 	-2.928343e-08 	0.0007587036 	0.53261234
0.00053453453 	-0.01270365 	-2.9368622e-08 	0.00077617641 	0.53176005
0.00054654655 	-0.012703673 	-2.9453815e-08 	0.00079364922 	0.53090776
0.00055855856 	-0.012703695 	-2.9539007e-08 	0.00081112204 	0.53005547
0.00057057057 	-0.012703726 	-2.9658112e-08 	0.00082585208 	0.52880501
0.00058258258 	-0.012703767 	-2.9827811e-08 	0.00083649039 	0.52696054
0.00059459459 	-0.012703809 	-2.999751e-08 	0.00084712869 	0.52511607
0.00060660661 	-0.012703851 	-3.0167209e-08 	0.000857767 	0.5232716
0.00061861862 	-0.012703892 	-3.0336908e-08 	0.00086840531 	0.52142714
0.00063063063 	-0.012703934 	-3.0506607e-08 	0.00087904362 	0.51958267
0.00064264264 	-0.012703976 	-3.0676305e-08 	0.00088968192 	0.5177382
0.00065465465 	-0.012704017 	-3.0846004e-08 	0.00090032023 	0.51589373
0.00066666667 	-0.012704059 	-3.1015703e-08 	0.00091095854 	0.51404926
0.00067867868 	-0.012704101 	-3.1187158e-08 	0.00092179102 	0.51218435
0.00069069069 	-0.012704143 	-3.1359031e-08 	0.00093266969 	0.51031457
0.0007027027 	-0.012704185 	-3.1530904e-08 	0.00094354837 	0.5084448
0.00071471471 	-0.012704226 	-3.1702777e-08 	0.00095442704 	0.50657502
0.00072672673 	-0.012704268 	-3.187465e-08 	0.00096530572 	0.50470524
0.00073873874 	-0.01270431 	-3.2046522e-08 	0.00097618439 	0.50283547
0.00075075075 	-0.012704352 	-3.2218395e-08 	0.00098706307 	0.50096569
0.00076276276 	-0.012704394 	-3.2390268e-08 	0.00099794174 	0.49909591
0.00077477477 	-0.012704436 	-3.2562141e-08 	0.0010088204 	0.49722614
0.00078678679 	-0.012704478 	-3.2734014e-08 	0.0010196991 	0.49535636
0.0007987988 	-0.01270452 	-3.2905887e-08 	0.0010305778 	0.49348659
0.00081081081 	-0.012704561 	-3.307776e-08 	0.0010414564 	0.49161681
0.00082282282 	-0.012704603 	-3.3249633e-08 	0.0010523351 	0.48974703
0.00083483483 	-0.012704645 	-3.3421506e-08 	0.0010632138 	0.48787726
0.00084684685 	-0.012704687 	-3.3593378e-08 	0.0010740925 	0.48600748
0.00085885886 	-0.012704729 	-3.3765251e-08 	0.0010849711 	0.4841377
0.00087087087 	-0.012704771 	-3.3937124e-08 	0.0010958498 	0.48226793
0.00088288288 	-0.012704813 	-3.4108997e-08 	0.0011067285 	0.48039815
0.00089489489 	-0.012704854 	-3.428087e-08 	0.0011176072 	0.47852838
0.00090690691 	-0.012704896 	-3.4452743e-08 	0.0011284858 	0.4766586
0.00091891892 	-0.012704938 	-3.4624616e-08 	0.0011393645 	0.47478882
0.00093093093 	-0.01270498 	-3.4796489e-08 	0.0011502432 	0.47291905
0.00094294294 	-0.012705022 	-3.4968362e-08 	0.0011611219 	0.47104927
0.00095495495 	-0.012705064 	-3.5140234e-08 	0.0011720005 	0.46917949
0.00096696697 	-0.012705106 	-3.5312107e-08 	0.0011828792 	0.46730972
0.00097897898 	-0.012705148 	-3.548398e-08 	0.0011937579 	0.46543994
0.00099099099 	-0.012705189 	-3.5655853e-08 	0.0012046366 	0.46357017
0.001003003 	-0.012705231 	-3.5827726e-08 	0.0012155152 	0.46170039
0.001015015 	-0.012705273 	-3.5999599e-08 	0.0012263939 	0.45983061
0.001027027 	-0.012705315 	-3.6171472e-08 	0.0012372726 	0.45796084
0.001039039 	-0.012705357 	-3.6343345e-08 	0.0012481513 	0.45609106
0.0010510511 	-0.012705399 	-3.6515217e-08 	0.0012590299 	0.45422128
0.0010630631 	-0.012705441 	-3.668709e-08 	0.0012699086 	0.45235151
0.0010750751 	-0.012705483 	-3.6858963e-08 	0.0012807873 	0.45048173
0.0010870871 	-0.012705524 	-3.7030836e-08 	0.001291666 	0.44861196
0.0010990991 	-0.012705566 	-3.7202709e-08 	0.0013025446 	0.44674218
0.0011111111 	-0.012705608 	-3.7374582e-08 	0.0013134233 	0.4448724
0.0011231231 	-0.01270565 	-3.7546455e-08 	0.001324302 	0.44300263
0.0011351351 	-0.012705704 	-3.7747592e-08 	0.0013339077 	0.44072701
0.0011471471 	-0.012705788 	-3.8016167e-08 	0.00134058 	0.43751615
0.0011591592 	-0.012705871 	-3.8284743e-08 	0.0013472524 	0.43430529
0.0011711712 	-0.012705954 	-3.8553318e-08 	0.0013539247 	0.43109443
0.0011831832 	-0.012706037 	-3.8821897e-08 	0.0013606041 	0.42788253
0.0011951952 	-0.012706121 	-3.9090637e-08 	0.0013675677 	0.42462885
0.0012072072 	-0.012706205 	-3.9359378e-08 	0.0013745314 	0.42137516
0.0012192192 	-0.012706289 	-3.9628118e-08 	0.001381495 	0.41812148
0.0012312312 	-0.012706373 	-3.9896858e-08 	0.0013884587 	0.4148678
0.0012432432 	-0.012706456 	-4.0165598e-08 	0.0013954223 	0.41161412
0.0012552553 	-0.01270654 	-4.0434339e-08 	0.001402386 	0.40836044
0.0012672673 	-0.012706624 	-4.0703079e-08 	0.0014093496 	0.40510675
0.0012792793 	-0.012706708 	-4.0971819e-08 	0.0014163132 	0.40185307
0.0012912913 	-0.012706792 	-4.1240559e-08 	0.0014232769 	0.39859939
0.0013033033 	-0.012706876 	-4.15093e-08 	0.0014302405 	0.39534571
0.0013153153 	-0.01270696 	-4.177804e-08 	0.0014372042 	0.39209202
0.0013273273 	-0.012707044 	-4.204678e-08 	0.0014441678 	0.38883834
0.0013393393 	-0.012707128 	-4.231552e-08 	0.0014511315 	0.38558466
0.0013513514 	-0.012707212 	-4.2584261e-08 	0.0014580951 	0.38233098
0.0013633634 	-0.012707296 	-4.2853001e-08 	0.0014650588 	0.37907729
0.0013753754 	-0.01270738 	-4.3121741e-08 	0.0014720224 	0.37582361
0.0013873874 	-0.012707464 	-4.3390481e-08 	0.001478986 	0.37256993
0.0013993994 	-0.012707547 	-4.3659221e-08 	0.0014859497 	0.36931625
0.0014114114 	-0.012707631 	-4.3927962e-08 	0.0014929133 	0.36606257
0.0014234234 	-0.01270771 	-4.4163029e-08 	0.0014950712 	0.36321017
0.0014354354 	-0.012707785 	-4.4382012e-08 	0.0014949336 	0.36054945
0.0014474474 	-0.012707861 	-4.4600995e-08 	0.0014947959 	0.35788873
0.0014594595 	-0.012707937 	-4.4819978e-08 	0.0014946582 	0.35522801
0.0014714715 	-0.012708015 	-4.5033024e-08 	0.001494578 	0.35251754
0.0014834835 	-0.012708093 	-4.5245448e-08 	0.0014945037 	0.34980186
0.0014954955 	-0.012708171 	-4.5457871e-08 	0.0014944295 	0.34708618
0.0015075075 	-0.012708249 	-4.5670294e-08 	0.0014943552 	0.3443705
0.0015195195 	-0.012708328 	-4.5882718e-08 	0.0014942809 	0.34165482
0.0015315315 	-0.012708406 	-4.6095141e-08 	0.0014942067 	0.33893914
0.0015435435 	-0.012708484 	-4.6307564e-08 	0.0014941324 	0.33622346
0.0015555556 	-0.012708562 	-4.6519988e-08 	0.0014940582 	0.33350778
0.0015675676 	-0.01270864 	-4.6732411e-08 	0.0014939839 	0.3307921
0.0015795796 	-0.012708719 	-4.6944834e-08 	0.0014939097 	0.32807642
0.0015915916 	-0.012708797 	-4.7157258e-08 	0.0014938354 	0.32536074
0.0016036036 	-0.012708875 	-4.7369681e-08 	0.0014937611 	0.32264506
0.0016156156 	-0.012708953 	-4.7582104e-08 	0.0014936869 	0.31992938
0.0016276276 	-0.012709031 	-4.7794528e-08 	0.0014936126 	0.31721369
0.0016396396 	-0.01270911 	-4.8006951e-08 	0.0014935384 	0.31449801
0.0016516517 	-0.012709188 	-4.8219374e-08 	0.0014934641 	0.31178233
0.0016636637 	-0.012709266 	-4.8431798e-08 	0.0014933898 	0.30906665
0.0016756757 	-0.012709336 	-4.8659792e-08 	0.0014899761 	0.30645019
0.0016876877 	-0.012709404 	-4.889057e-08 	0.0014859654 	0.30385146
0.0016996997 	-0.012709472 	-4.9121348e-08 	0.0014819548 	0.30125273
0.0017117117 	-0.012709542 	-4.9344016e-08 	0.0014778859 	0.29862355
0.0017237237 	-0.012709613 	-4.9559294e-08 	0.001473764 	0.29596663
0.0017357357 	-0.012709684 	-4.9774573e-08 	0.001469642 	0.29330971
0.0017477477 	-0.012709755 	-4.9989852e-08 	0.0014655201 	0.29065279
0.0017597598 	-0.012709826 	-5.020513e-08 	0.0014613981 	0.28799587
0.0017717718 	-0.012709897 	-5.0420409e-08 	0.0014572762 	0.28533895
0.0017837838 	-0.012709968 	-5.0635688e-08 	0.0014531542 	0.28268203
0.0017957958 	-0.012710039 	-5.0850966e-08 	0.0014490323 	0.28002511
0.0018078078 	-0.01271011 	-5.1066245e-08 	0.0014449103 	0.27736819
0.0018198198 	-0.012710181 	-5.1281524e-08 	0.0014407884 	0.27471127
0.0018318318 	-0.012710252 	-5.1496802e-08 	0.0014366664 	0.27205435
0.0018438438 	-0.012710323 	-5.1712081e-08 	0.0014325445 	0.26939743
0.0018558559 	-0.012710394 	-5.192736e-08 	0.0014284225 	0.26674051
0.0018678679 	-0.012710465 	-5.2142638e-08 	0.0014243006 	0.26408359
0.0018798799 	-0.012710536 	-5.2357917e-08 	0.0014201786 	0.26142666
0.0018918919 	-0.012710602 	-5.2589693e-08 	0.0014149288 	0.2588576
0.0019039039 	-0.012710662 	-5.28389e-08 	0.0014084874 	0.25638136
0.0019159159 	-0.012710723 	-5.3088107e-08 	0.0014020459 	0.25390511
0.0019279279 	-0.012710786 	-5.3323892e-08 	0.0013954775 	0.25139705
0.0019399399 	-0.012710849 	-5.3548912e-08 	0.0013888072 	0.24886346
0.001951952 	-0.012710913 	-5.3773931e-08 	0.0013821369 	0.24632987
0.001963964 	-0.012710976 	-5.399895e-08 	0.0013754666 	0.24379628
0.001975976 	-0.01271104 	-5.4223969e-08 	0.0013687964 	0.24126269
0.001987988 	-0.012711104 	-5.4448988e-08 	0.0013621261 	0.2387291
0.002 	-0.012711167 	-5.4674007e-08 	0.0013554558 	0.23619551
0.002012012 	-0.012711231 	-5.4899027e-08 	0.0013487855 	0.23366193
0.002024024 	-0.012711294 	-5.5124046e-08 	0.0013421152 	0.23112834
0.002036036 	-0.012711358 	-5.5349065e-08 	0.0013354449 	0.22859475
0.002048048 	-0.012711421 	-5.5574084e-08 	0.0013287746 	0.22606116
0.0020600601 	-0.012711485 	-5.5799103e-08 	0.0013221044 	0.22352757
0.0020720721 	-0.012711549 	-5.6024122e-08 	0.0013154341 	0.22099398
0.0020840841 	-0.012711609 	-5.6262285e-08 	0.0013083986 	0.21852117
0.0020960961 	-0.01271166 	-5.6531352e-08 	0.0013005044 	0.21619128
0.0021081081 	-0.012711712 	-5.680042e-08 	0.0012926102 	0.21386139
0.0021201201 	-0.012711765 	-5.7047435e-08 	0.0012845016 	0.21149253
0.0021321321 	-0.01271182 	-5.7285621e-08 	0.0012763072 	0.20910808
0.0021441441 	-0.012711874 	-5.7523807e-08 	0.0012681128 	0.20672362
0.0021561562 	-0.012711928 	-5.7761993e-08 	0.0012599184 	0.20433916
0.0021681682 	-0.012711983 	-5.8000179e-08 	0.001251724 	0.20195471
0.0021801802 	-0.012712037 	-5.8238365e-08 	0.0012435296 	0.19957025
0.0021921922 	-0.012712091 	-5.8476551e-08 	0.0012353353 	0.1971858
0.0022042042 	-0.012712145 	-5.8714737e-08 	0.0012271409 	0.19480134
0.0022162162 	-0.0127122 	-5.8952923e-08 	0.0012189465 	0.19241689
0.0022282282 	-0.012712254 	-5.9191109e-08 	0.0012107521 	0.19003243
0.0022402402 	-0.012712308 	-5.9429295e-08 	0.0012025577 	0.18764798
0.0022522523 	-0.012712362 	-5.9668719e-08 	0.0011943505 	0.18526906
0.0022642643 	-0.012712405 	-5.9952294e-08 	0.0011856859 	0.18308763
0.0022762763 	-0.012712447 	-6.023587e-08 	0.0011770213 	0.18090621
0.0022882883 	-0.012712492 	-6.0493298e-08 	0.0011681048 	0.17868644
0.0023003003 	-0.012712537 	-6.0741966e-08 	0.0011591039 	0.17645382
0.0023123123 	-0.012712582 	-6.0990634e-08 	0.0011501029 	0.17422121
0.0023243243 	-0.012712627 	-6.1239301e-08 	0.001141102 	0.1719886
0.0023363363 	-0.012712672 	-6.1487969e-08 	0.001132101 	0.16975598
0.0023483483 	-0.012712717 	-6.1736637e-08 	0.0011231001 	0.16752337
0.0023603604 	-0.012712762 	-6.1985304e-08 	0.0011140991 	0.16529075
0.0023723724 	-0.012712807 	-6.2233972e-08 	0.0011050982 	0.16305814
0.0023843844 	-0.012712852 	-6.248264e-08 	0.0010960972 	0.16082552
0.0023963964 	-0.012712897 	-6.2731307e-08 	0.0010870963 	0.15859291
0.0024084084 	-0.012712937 	-6.2997153e-08 	0.0010780956 	0.1564455
0.0024204204 	-0.012712971 	-6.3284336e-08 	0.0010690952 	0.15440391
0.0024324324 	-0.012713007 	-6.3555699e-08 	0.0010599421 	0.15234137
0.0024444444 	-0.012713043 	-6.3806724e-08 	0.0010505926 	0.15025189
0.0024564565 	-0.01271308 	-6.4057749e-08 	0.0010412431 	0.14816241
0.0024684685 	-0.012713116 	-6.4308774e-08 	0.0010318937 	0.14607293
0.0024804805 	-0.012713153 	-6.4559798e-08 	0.0010225442 	0.14398345
0.0024924925 	-0.01271319 	-6.4810823e-08 	0.0010131948 	0.14189397
0.0025045045 	-0.012713226 	-6.5061848e-08 	0.0010038453 	0.13980449
0.0025165165 	-0.012713263 	-6.5312872e-08 	0.00099449585 	0.13771501
0.0025285285 	-0.012713299 	-6.5563897e-08 	0.00098514639 	0.13562553
0.0025405405 	-0.012713332 	-6.582395e-08 	0.00097589444 	0.133598
0.0025525526 	-0.01271336 	-6.6100444e-08 	0.00096682004 	0.13168327
0.0025645646 	-0.012713388 	-6.6356496e-08 	0.00095754316 	0.12974228
0.0025765766 	-0.012713417 	-6.6597974e-08 	0.00094812193 	0.12778259
0.0025885886 	-0.012713447 	-6.6839453e-08 	0.00093870071 	0.1258229
0.0026006006 	-0.012713476 	-6.7080931e-08 	0.00092927948 	0.12386321
0.0026126126 	-0.012713505 	-6.7322409e-08 	0.00091985825 	0.12190352
0.0026246246 	-0.012713534 	-6.7563888e-08 	0.00091043703 	0.11994382
0.0026366366 	-0.012713563 	-6.7805366e-08 	0.0009010158 	0.11798413
0.0026486486 	-0.012713593 	-6.8046844e-08 	0.00089159457 	0.11602444
0.0026606607 	-0.012713617 	-6.8292973e-08 	0.00088241689 	0.11415566
0.0026726727 	-0.012713638 	-6.8542033e-08 	0.00087341315 	0.11235309
0.0026846847 	-0.012713661 	-6.8759621e-08 	0.00086407927 	0.11050869
0.0026966967 	-0.012713684 	-6.8977209e-08 	0.00085474539 	0.1086643
0.0027087087 	-0.012713707 	-6.9194797e-08 	0.00084541151 	0.10681991
0.0027207207 	-0.012713729 	-6.9412385e-08 	0.00083607763 	0.10497551
0.0027327327 	-0.012713752 	-6.9629972e-08 	0.00082674374 	0.10313112
0.0027447447 	-0.012713775 	-6.984756e-08 	0.00081740986 	0.10128673
0.0027567568 	-0.012713798 	-7.0065148e-08 	0.00080807598 	0.099442333
0.0027687688 	-0.012713811 	-7.027116e-08 	0.0007992368 	0.097733404
0.0027807808 	-0.012713825 	-7.0460796e-08 	0.00079023452 	0.096007309
0.0027927928 	-0.01271384 	-7.0638947e-08 	0.00078109746 	0.094264239
0.0028048048 	-0.012713855 	-7.0817099e-08 	0.00077196039 	0.092521169
0.0028168168 	-0.01271387 	-7.099525e-08 	0.00076282333 	0.090778099
0.0028288288 	-0.012713885 	-7.1173401e-08 	0.00075368626 	0.089035029
0.0028408408 	-0.0127139 	-7.1351552e-08 	0.00074454919 	0.087291959
0.0028528529 	-0.012713911 	-7.1517523e-08 	0.00073563579 	0.08559422
0.0028648649 	-0.012713914 	-7.1658524e-08 	0.0007270813 	0.083972861
0.0028768769 	-0.01271392 	-7.1781787e-08 	0.00071825567 	0.082318349
0.0028888889 	-0.012713926 	-7.190505e-08 	0.00070943004 	0.080663836
0.0029009009 	-0.012713931 	-7.2028312e-08 	0.00070060441 	0.079009324
0.0029129129 	-0.012713937 	-7.2151575e-08 	0.00069177878 	0.077354812
0.0029249249 	-0.012713943 	-7.2274838e-08 	0.00068295314 	0.0757003
0.0029369369 	-0.012713981 	-7.2426584e-08 	0.00066684624 	0.072725755
0.0029489489 	-0.012714041 	-7.2576911e-08 	0.00064632874 	0.06898063
0.002960961 	-0.012714102 	-7.2715748e-08 	0.00062538869 	0.065179329
0.002972973 	-0.012714164 	-7.2854585e-08 	0.00060444863 	0.061378029
0.002984985 	-0.012714226 	-7.2993421e-08 	0.00058350858 	0.057576728
0.002996997 	-0.012714287 	-7.3132258e-08 	0.00056256853 	0.053775428
0.003009009 	-0.012714291 	-7.3202952e-08 	0.00055299226 	0.05210551
0.003021021 	-0.012714276 	-7.3250932e-08 	0.00054720393 	0.051146054
0.003033033 	-0.012714261 	-7.3298913e-08 	0.0005414156 	0.050186598
0.003045045 	-0.012714246 	-7.3346893e-08 	0.00053562727 	0.049227142
0.0030570571 	-0.012714231 	-7.3394873e-08 	0.00052983894 	0.048267686
0.0030690691 	-0.012714216 	-7.3442853e-08 	0.00052405061 	0.04730823
0.0030810811 	-0.012714201 	-7.3490833e-08 	0.00051826227 	0.046348774
0.0030930931 	-0.012714186 	-7.3536118e-08 	0.0005123552 	0.045370063
0.0031051051 	-0.012714171 	-7.3581378e-08 	0.00050644707 	0.044391182
0.0031171171 	-0.012714156 	-7.3626639e-08 	0.00050053895 	0.043412301
0.0031291291 	-0.012714141 	-7.36719e-08 	0.00049463083 	0.04243342
0.0031411411 	-0.012714127 	-7.3717161e-08 	0.0004887227 	0.04145454
0.0031531532 	-0.012714112 	-7.3762422e-08 	0.00048281458 	0.040475659
0.0031651652 	-0.012714097 	-7.3807683e-08 	0.00047690646 	0.039496778
0.0031771772 	-0.012714082 	-7.3852944e-08 	0.00047099833 	0.038517897
0.0031891892 	-0.012714067 	-7.3898205e-08 	0.00046509021 	0.037539017
0.0032012012 	-0.012714052 	-7.3943466e-08 	0.00045918209 	0.036560136
0.0032132132 	-0.012714037 	-7.3988727e-08 	0.00045327396 	0.035581255
0.0032252252 	-0.012714023 	-7.4033988e-08 	0.00044736584 	0.034602374
0.0032372372 	-0.012714008 	-7.4079249e-08 	0.00044145772 	0.033623493
0.0032492492 	-0.012713993 	-7.4124509e-08 	0.00043554959 	0.032644613
0.0032612613 	-0.012713978 	-7.416977e-08 	0.00042964147 	0.031665732
0.0032732733 	-0.012713963 	-7.4215031e-08 	0.00042373334 	0.030686851
0.0032852853 	-0.012713948 	-7.4260292e-08 	0.00041782522 	0.02970797
0.0032972973 	-0.012713934 	-7.4305553e-08 	0.0004119171 	0.02872909
0.0033093093 	-0.012713919 	-7.4350814e-08 	0.00040600897 	0.027750209
0.0033213213 	-0.012713904 	-7.4396075e-08 	0.00040010085 	0.026771328
0.0033333333 	-0.012713889 	-7.4441336e-08 	0.00039419273 	0.025792447
0.0033453453 	-0.012713874 	-7.4486597e-08 	0.0003882846 	0.024813566
0.0033573574 	-0.012713859 	-7.4531858e-08 	0.00038237648 	0.023834686
0.0033693694 	-0.012713844 	-7.4577119e-08 	0.00037646836 	0.022855805
0.0033813814 	-0.01271383 	-7.4622379e-08 	0.00037056023 	0.021876924
0.0033933934 	-0.012713815 	-7.466764e-08 	0.00036465211 	0.020898043
0.0034054054 	-0.0127138 	-7.4712901e-08 	0.00035874398 	0.019919162
0.0034174174 	-0.012713785 	-7.4758162e-08 	0.00035283586 	0.018940282
0.0034294294 	-0.01271377 	-7.4803423e-08 	0.00034692774 	0.017961401
0.0034414414 	-0.012713755 	-7.4848684e-08 	0.00034101961 	0.01698252
0.0034534535 	-0.01271374 	-7.4893945e-08 	0.00033511149 	0.016003639
0.0034654655 	-0.012713719 	-7.4915103e-08 	0.00032934667 	0.015087452
0.0034774775 	-0.012713695 	-7.4930866e-08 	0.00032361394 	0.0141853
0.0034894895 	-0.012713672 	-7.4946629e-08 	0.0003178812 	0.013283147
0.0035015015 	-0.012713648 	-7.4962392e-08 	0.00031214847 	0.012380995
0.0035135135 	-0.012713625 	-7.4978155e-08 	0.00030641573 	0.011478842
0.0035255255 	-0.012713601 	-7.4993918e-08 	0.000300683 	0.01057669
0.0035375375 	-0.012713577 	-7.5016013e-08 	0.0002949689 	0.0096599271
0.0035495495 	-0.012713553 	-7.503915e-08 	0.00028925787 	0.0087407592
0.0035615616 	-0.012713528 	-7.5062288e-08 	0.00028354684 	0.0078215912
0.0035735736 	-0.012713504 	-7.5085425e-08 	0.00027783581 	0.0069024233
0.0035855856 	-0.01271348 	-7.5108562e-08 	0.00027212479 	0.0059832554
0.0035975976 	-0.012713455 	-7.51317e-08 	0.00026641376 	0.0050640875
0.0036096096 	-0.012713431 	-7.5154837e-08 	0.00026070273 	0.0041449196
0.0036216216 	-0.012713407 	-7.5177975e-08 	0.0002549917 	0.0032257516
0.0036336336 	-0.012713382 	-7.5201112e-08 	0.00024928067 	0.0023065837
0.0036456456 	-0.012713358 	-7.522425e-08 	0.00024356964 	0.0013874158
0.0036576577 	-0.012713334 	-7.5247387e-08 	0.00023785861 	0.00046824788
0.0036696697 	-0.012713309 	-7.5270525e-08 	0.00023214758 	-0.00045092004
0.0036816817 	-0.012713285 	-7.5293662e-08 	0.00022643655 	-0.001370088
0.0036936937 	-0.012713261 	-7.53168e-08 	0.00022072553 	-0.0022892559
0.0037057057 	-0.012713236 	-7.5339937e-08 	0.0002150145 	-0.0032084238
0.0037177177 	-0.012713212 	-7.5363075e-08 	0.00020930347 	-0.0041275917
0.0037297297 	-0.012713187 	-7.5386212e-08 	0.00020359244 	-0.0050467596
0.0037417417 	-0.012713163 	-7.5409349e-08 	0.00019788141 	-0.0059659276
0.0037537538 	-0.012713139 	-7.5432487e-08 	0.00019217038 	-0.0068850955
0.0037657658 	-0.012713114 	-7.5455624e-08 	0.00018645935 	-0.0078042634
0.0037777778 	-0.01271309 	-7.5478762e-08 	0.00018074832 	-0.0087234313
0.0037897898 	-0.012713066 	-7.5501899e-08 	0.00017503729 	-0.0096425993
0.0038018018 	-0.012713041 	-7.5525037e-08 	0.00016932626 	-0.010561767
0.0038138138 	-0.012713017 	-7.5548174e-08 	0.00016361524 	-0.011480935
0.0038258258 	-0.012712993 	-7.5571312e-08 	0.00015790421 	-0.012400103
0.0038378378 	-0.012712968 	-7.5594449e-08 	0.00015219318 	-0.013319271
0.0038498498 	-0.012712944 	-7.5617587e-08 	0.00014648215 	-0.014238439
0.0038618619 	-0.01271292 	-7.5591683e-08 	0.0001416141 	-0.01502745
0.0038738739 	-0.012712896 	-7.5484306e-08 	0.00013814649 	-0.015600234
0.0038858859 	-0.012712872 	-7.5376929e-08 	0.00013467889 	-0.016173017
0.0038978979 	-0.012712849 	-7.5269553e-08 	0.00013121128 	-0.016745801
0.0039099099 	-0.012712825 	-7.5162176e-08 	0.00012774367 	-0.017318584
0.0039219219 	-0.012712801 	-7.5057045e-08 	0.00012429655 	-0.01789274
0.0039339339 	-0.012712776 	-7.4967942e-08 	0.00012099572 	-0.018476696
0.0039459459 	-0.012712752 	-7.4878839e-08 	0.00011769489 	-0.019060652
0.003957958 	-0.012712727 	-7.4789736e-08 	0.00011439406 	-0.019644608
0.00396997 	-0.012712702 	-7.4700633e-08 	0.00011109324 	-0.020228564
0.003981982 	-0.012712678 	-7.461153e-08 	0.00010779241 	-0.02081252
0.003993994 	-0.012712653 	-7.4522427e-08 	0.00010449158 	-0.021396476
0.004006006 	-0.012712629 	-7.4433324e-08 	0.00010119075 	-0.021980432
0.004018018 	-0.012712604 	-7.4344222e-08 	9.7889926e-05 	-0.022564388
0.00403003 	-0.012712579 	-7.4255119e-08 	9.4589099e-05 	-0.023148344
0.004042042 	-0.012712555 	-7.4166016e-08 	9.1288271e-05 	-0.0237323
0.0040540541 	-0.01271253 	-7.4076913e-08 	8.7987443e-05 	-0.024316256
0.0040660661 	-0.012712505 	-7.398781e-08 	8.4686615e-05 	-0.024900212
0.0040780781 	-0.012712481 	-7.3898707e-08 	8.1385788e-05 	-0.025484168
0.0040900901 	-0.012712456 	-7.3809604e-08 	7.808496e-05 	-0.026068124
0.0041021021 	-0.012712431 	-7.3720501e-08 	7.4784132e-05 	-0.026652081
0.0041141141 	-0.012712407 	-7.3631398e-08 	7.1483305e-05 	-0.027236037
0.0041261261 	-0.012712382 	-7.3542296e-08 	6.8182477e-05 	-0.027819993
0.0041381381 	-0.012712357 	-7.3453193e-08 	6.4881649e-05 	-0.028403949
0.0041501502 	-0.012712333 	-7.336409e-08 	6.1580822e-05 	-0.028987905
0.0041621622 	-0.012712308 	-7.3274987e-08 	5.8279994e-05 	-0.029571861
0.0041741742 	-0.012712283 	-7.3185884e-08 	5.4979166e-05 	-0.030155817
0.0041861862 	-0.012712259 	-7.3096781e-08 	5.1678339e-05 	-0.030739773
0.0041981982 	-0.012712234 	-7.3007678e-08 	4.8377511e-05 	-0.031323729
0.0042102102 	-0.012712209 	-7.2918575e-08 	4.5076683e-05 	-0.031907685
0.0042222222 	-0.012712188 	-7.2684233e-08 	4.2946031e-05 	-0.032242131
0.0042342342 	-0.012712167 	-7.2432702e-08 	4.0953866e-05 	-0.032547048
0.0042462462 	-0.012712147 	-7.2181171e-08 	3.8961701e-05 	-0.032851964
0.0042582583 	-0.012712126 	-7.192964e-08 	3.6969536e-05 	-0.033156881
0.0042702703 	-0.012712105 	-7.1684768e-08 	3.5040446e-05 	-0.033463883
0.0042822823 	-0.012712083 	-7.1458531e-08 	3.3287879e-05 	-0.033776723
0.0042942943 	-0.012712062 	-7.1232294e-08 	3.1535311e-05 	-0.034089562
0.0043063063 	-0.01271204 	-7.1006057e-08 	2.9782744e-05 	-0.034402401
0.0043183183 	-0.012712019 	-7.0779821e-08 	2.8030177e-05 	-0.03471524
0.0043303303 	-0.012711997 	-7.0553584e-08 	2.627761e-05 	-0.035028079
0.0043423423 	-0.012711975 	-7.0327347e-08 	2.4525042e-05 	-0.035340918
0.0043543544 	-0.012711954 	-7.010111e-08 	2.2772475e-05 	-0.035653757
0.0043663664 	-0.012711932 	-6.9874873e-08 	2.1019908e-05 	-0.035966596
0.0043783784 	-0.012711911 	-6.9648636e-08 	1.9267341e-05 	-0.036279435
0.0043903904 	-0.012711889 	-6.9422399e-08 	1.7514773e-05 	-0.036592274
0.0044024024 	-0.012711868 	-6.9196163e-08 	1.5762206e-05 	-0.036905113
0.0044144144 	-0.012711846 	-6.8969926e-08 	1.4009639e-05 	-0.037217952
0.0044264264 	-0.012711824 	-6.8743689e-08 	1.2257072e-05 	-0.037530791
0.0044384384 	-0.012711803 	-6.8517452e-08 	1.0504504e-05 	-0.03784363
0.0044504505 	-0.012711781 	-6.8291215e-08 	8.7519372e-06 	-0.038156469
0.0044624625 	-0.01271176 	-6.8064978e-08 	6.9993699e-06 	-0.038469308
0.0044744745 	-0.012711738 	-6.7838742e-08 	5.2468027e-06 	-0.038782148
0.0044864865 	-0.012711716 	-6.7612505e-08 	3.4942354e-06 	-0.039094987
0.0044984985 	-0.012711695 	-6.7386268e-08 	1.7416681e-06 	-0.039407826
0.0045105105 	-0.012711673 	-6.7160031e-08 	-1.0899109e-08 	-0.039720665
0.0045225225 	-0.012711652 	-6.6933794e-08 	-1.7634664e-06 	-0.040033504
0.0045345345 	-0.012711634 	-6.656656e-08 	-2.8463174e-06 	-0.040138627
0.0045465465 	-0.012711618 	-6.6184262e-08 	-3.8576152e-06 	-0.040221558
0.0045585586 	-0.012711601 	-6.5801964e-08 	-4.8689129e-06 	-0.040304489
0.0045705706 	-0.012711584 	-6.5419666e-08 	-5.8802106e-06 	-0.04038742
0.0045825826 	-0.012711567 	-6.5061462e-08 	-6.6695025e-06 	-0.040475282
0.0045945946 	-0.012711549 	-6.4708516e-08 	-7.410355e-06 	-0.040564218
0.0046066066 	-0.012711532 	-6.4355569e-08 	-8.1512075e-06 	-0.040653155
0.0046186186 	-0.012711515 	-6.4002623e-08 	-8.8920601e-06 	-0.040742092
0.0046306306 	-0.012711497 	-6.3649676e-08 	-9.6329126e-06 	-0.040831029
0.0046426426 	-0.01271148 	-6.3296729e-08 	-1.0373765e-05 	-0.040919966
0.0046546547 	-0.012711463 	-6.2943783e-08 	-1.1114618e-05 	-0.041008903
0.0046666667 	-0.012711445 	-6.2590836e-08 	-1.185547e-05 	-0.04109784
0.0046786787 	-0.012711428 	-6.223789e-08 	-1.2596323e-05 	-0.041186777
0.0046906907 	-0.012711411 	-6.1884943e-08 	-1.3337175e-05 	-0.041275713
0.0047027027 	-0.012711394 	-6.1531997e-08 	-1.4078028e-05 	-0.04136465
0.0047147147 	-0.012711376 	-6.117905e-08 	-1.481888e-05 	-0.041453587
0.0047267267 	-0.012711359 	-6.0826104e-08 	-1.5559733e-05 	-0.041542524
0.0047387387 	-0.012711342 	-6.0473157e-08 	-1.6300585e-05 	-0.041631461
0.0047507508 	-0.012711324 	-6.0120211e-08 	-1.7041438e-05 	-0.041720398
0.0047627628 	-0.012711307 	-5.9767264e-08 	-1.778229e-05 	-0.041809335
0.0047747748 	-0.01271129 	-5.9414318e-08 	-1.8523143e-05 	-0.041898272
0.0047867868 	-0.012711272 	-5.9061371e-08 	-1.9263995e-05 	-0.041987208
0.0047987988 	-0.012711255 	-5.8708425e-08 	-2.0004848e-05 	-0.042076145
0.0048108108 	-0.012711242 	-5.8222254e-08 	-2.0383218e-05 	-0.04197464
0.0048228228 	-0.01271123 	-5.7734777e-08 	-2.0758036e-05 	-0.041871268
0.0048348348 	-0.012711217 	-5.7247301e-08 	-2.1132853e-05 	-0.041767896
0.0048468468 	-0.012711204 	-5.6772351e-08 	-2.1402116e-05 	-0.041666417
0.0048588589 	-0.012711192 	-5.6316902e-08 	-2.150706e-05 	-0.041567885
0.0048708709 	-0.012711179 	-5.5861454e-08 	-2.1612003e-05 	-0.041469352
0.0048828829 	-0.012711166 	-5.5406005e-08 	-2.1716947e-05 	-0.04137082
0.0048948949 	-0.012711153 	-5.4950556e-08 	-2.1821891e-05 	-0.041272288
0.0049069069 	-0.012711141 	-5.4495107e-08 	-2.1926834e-05 	-0.041173756
0.0049189189 	-0.012711128 	-5.4039659e-08 	-2.2031778e-05 	-0.041075224
0.0049309309 	-0.012711115 	-5.358421e-08 	-2.2136722e-05 	-0.040976692
0.0049429429 	-0.012711102 	-5.3128761e-08 	-2.2241666e-05 	-0.04087816
0.004954955 	-0.01271109 	-5.2673312e-08 	-2.2346609e-05 	-0.040779627
0.004966967 	-0.012711077 	-5.2217864e-08 	-2.2451553e-05 	-0.040681095
0.004978979 	-0.012711064 	-5.1762415e-08 	-2.2556497e-05 	-0.040582563
0.004990991 	-0.012711051 	-5.1306966e-08 	-2.266144e-05 	-0.040484031
0.005003003 	-0.012711039 	-5.0851517e-08 	-2.2766384e-05 	-0.040385499
0.005015015 	-0.012711026 	-5.0396069e-08 	-2.2871328e-05 	-0.040286967
0.005027027 	-0.012711013 	-4.994062e-08 	-2.2976272e-05 	-0.040188434
0.005039039 	-0.012711 	-4.9485171e-08 	-2.3081215e-05 	-0.040089902
0.0050510511 	-0.012710991 	-4.8942125e-08 	-2.3095247e-05 	-0.039862936
0.0050630631 	-0.012710982 	-4.8375827e-08 	-2.3085146e-05 	-0.039601878
0.0050750751 	-0.012710973 	-4.7809529e-08 	-2.3075046e-05 	-0.039340821
0.0050870871 	-0.012710965 	-4.726437e-08 	-2.2911688e-05 	-0.039082316
0.0050990991 	-0.012710956 	-4.6732318e-08 	-2.2653293e-05 	-0.038825394
0.0051111111 	-0.012710948 	-4.6200266e-08 	-2.2394899e-05 	-0.038568472
0.0051231231 	-0.012710939 	-4.5668214e-08 	-2.2136504e-05 	-0.03831155
0.0051351351 	-0.012710931 	-4.5136162e-08 	-2.187811e-05 	-0.038054628
0.0051471471 	-0.012710922 	-4.460411e-08 	-2.1619715e-05 	-0.037797706
0.0051591592 	-0.012710914 	-4.4072058e-08 	-2.136132e-05 	-0.037540784
0.0051711712 	-0.012710905 	-4.3540006e-08 	-2.1102926e-05 	-0.037283862
0.0051831832 	-0.012710897 	-4.3007954e-08 	-2.0844531e-05 	-0.03702694
0.0051951952 	-0.012710888 	-4.2475902e-08 	-2.0586136e-05 	-0.036770018
0.0052072072 	-0.01271088 	-4.194385e-08 	-2.0327742e-05 	-0.036513096
0.0052192192 	-0.012710871 	-4.1411798e-08 	-2.0069347e-05 	-0.036256174
0.0052312312 	-0.012710863 	-4.0879746e-08 	-1.9810952e-05 	-0.035999253
0.0052432432 	-0.012710854 	-4.0347694e-08 	-1.9552558e-05 	-0.035742331
0.0052552553 	-0.012710846 	-3.9815642e-08 	-1.9294163e-05 	-0.035485409
0.0052672673 	-0.01271084 	-3.9194596e-08 	-1.9082317e-05 	-0.035092556
0.0052792793 	-0.012710835 	-3.8571923e-08 	-1.8871321e-05 	-0.034697218
0.0052912913 	-0.01271083 	-3.7955969e-08 	-1.862088e-05 	-0.03430257
0.0053033033 	-0.012710825 	-3.7369667e-08 	-1.8196389e-05 	-0.033910965
0.0053153153 	-0.01271082 	-3.6783364e-08 	-1.7771897e-05 	-0.033519359
0.0053273273 	-0.012710815 	-3.6197062e-08 	-1.7347406e-05 	-0.033127754
0.0053393393 	-0.01271081 	-3.561076e-08 	-1.6922914e-05 	-0.032736148
0.0053513514 	-0.012710806 	-3.5024457e-08 	-1.6498423e-05 	-0.032344542
0.0053633634 	-0.012710801 	-3.4438155e-08 	-1.6073931e-05 	-0.031952937
0.0053753754 	-0.012710796 	-3.3851852e-08 	-1.564944e-05 	-0.031561331
0.0053873874 	-0.012710791 	-3.326555e-08 	-1.5224948e-05 	-0.031169726
0.0053993994 	-0.012710786 	-3.2679248e-08 	-1.4800457e-05 	-0.03077812
0.0054114114 	-0.012710781 	-3.2092945e-08 	-1.4375965e-05 	-0.030386515
0.0054234234 	-0.012710777 	-3.1506643e-08 	-1.3951474e-05 	-0.029994909
0.0054354354 	-0.012710772 	-3.092034e-08 	-1.3526982e-05 	-0.029603304
0.0054474474 	-0.012710767 	-3.0312759e-08 	-1.3143411e-05 	-0.029178184
0.0054594595 	-0.012710765 	-2.9651131e-08 	-1.2863772e-05 	-0.028667943
0.0054714715 	-0.012710762 	-2.8989504e-08 	-1.2584132e-05 	-0.028157702
0.0054834835 	-0.01271076 	-2.8359268e-08 	-1.216512e-05 	-0.027650339
0.0054954955 	-0.012710758 	-2.7736089e-08 	-1.171477e-05 	-0.027143623
0.0055075075 	-0.012710757 	-2.7112911e-08 	-1.1264421e-05 	-0.026636908
0.0055195195 	-0.012710755 	-2.6489733e-08 	-1.0814072e-05 	-0.026130192
0.0055315315 	-0.012710753 	-2.5866555e-08 	-1.0363722e-05 	-0.025623476
0.0055435435 	-0.012710751 	-2.5243376e-08 	-9.913373e-06 	-0.025116761
0.0055555556 	-0.012710749 	-2.4620198e-08 	-9.4630237e-06 	-0.024610045
0.0055675676 	-0.012710748 	-2.399702e-08 	-9.0126744e-06 	-0.024103329
0.0055795796 	-0.012710746 	-2.3373842e-08 	-8.562325e-06 	-0.023596614
0.0055915916 	-0.012710744 	-2.2750663e-08 	-8.1119757e-06 	-0.023089898
0.0056036036 	-0.012710742 	-2.2127485e-08 	-7.6616264e-06 	-0.022583183
0.0056156156 	-0.012710741 	-2.1475797e-08 	-7.2984208e-06 	-0.022031277
0.0056276276 	-0.012710741 	-2.0788104e-08 	-7.0452685e-06 	-0.021422301
0.0056396396 	-0.012710741 	-2.0111232e-08 	-6.7591496e-06 	-0.020814247
0.0056516517 	-0.012710741 	-1.946394e-08 	-6.3829202e-06 	-0.020208715
0.0056636637 	-0.012710742 	-1.8816647e-08 	-6.0066908e-06 	-0.019603183
0.0056756757 	-0.012710743 	-1.8169355e-08 	-5.6304614e-06 	-0.01899765
0.0056876877 	-0.012710744 	-1.7522062e-08 	-5.254232e-06 	-0.018392118
0.0056996997 	-0.012710744 	-1.687477e-08 	-4.8780026e-06 	-0.017786586
0.0057117117 	-0.012710745 	-1.6227477e-08 	-4.5017732e-06 	-0.017181053
0.0057237237 	-0.012710746 	-1.5580185e-08 	-4.1255438e-06 	-0.016575521
0.0057357357 	-0.012710747 	-1.4932892e-08 	-3.7493144e-06 	-0.015969989
0.0057477477 	-0.012710747 	-1.4285599e-08 	-3.373085e-06 	-0.015364456
0.0057597598 	-0.012710748 	-1.3624623e-08 	-3.0479575e-06 	-0.014737643
0.0057717718 	-0.01271075 	-1.2920354e-08 	-2.8844985e-06 	-0.014043505
0.0057837838 	-0.012710751 	-1.2229708e-08 	-2.6970474e-06 	-0.013350478
0.0057957958 	-0.012710754 	-1.1567541e-08 	-2.4594342e-06 	-0.012659774
0.0058078078 	-0.012710756 	-1.0905374e-08 	-2.221821e-06 	-0.011969071
0.0058198198 	-0.012710759 	-1.0243208e-08 	-1.9842078e-06 	-0.011278367
0.0058318318 	-0.012710762 	-9.5810408e-09 	-1.7465946e-06 	-0.010587664
0.0058438438 	-0.012710764 	-8.918874e-09 	-1.5089813e-06 	-0.00989696
0.0058558559 	-0.012710767 	-8.2567073e-09 	-1.2713681e-06 	-0.0092062564
0.0058678679 	-0.012710769 	-7.5945405e-09 	-1.0337549e-06 	-0.0085155528
0.0058798799 	-0.012710772 	-6.9323737e-09 	-7.9614168e-07 	-0.0078248492
0.0058918919 	-0.012710784 	-6.2366423e-09 	-6.5108987e-07 	-0.007085958
0.0059039039 	-0.012710805 	-5.5050165e-09 	-6.0502439e-07 	-0.0062955344
0.0059159159 	-0.012710826 	-4.8088233e-09 	-5.3487827e-07 	-0.005507947
0.0059279279 	-0.012710846 	-4.1218485e-09 	-4.5846709e-07 	-0.0047210974
0.0059399399 	-0.012710867 	-3.4348738e-09 	-3.8205591e-07 	-0.0039342479
0.005951952 	-0.012710887 	-2.747899e-09 	-3.0564472e-07 	-0.0031473983
0.005963964 	-0.012710908 	-2.0609243e-09 	-2.2923354e-07 	-0.0023605487
0.005975976 	-0.012710928 	-1.3739495e-09 	-1.5282236e-07 	-0.0015736991
0.005987988 	-0.012710949 	-6.8697475e-10 	-7.6411181e-08 	-0.00078684957
0.006 	-0.012710969 	-4.910893e-21 	-5.4623134e-19 	-5.624856e-15
