-0.006 	-0.016558208 	0 	0 	0
-0.005987988 	-0.01655819 	-2.9743431e-10 	4.7356359e-07 	-0.00070261113
-0.005975976 	-0.016558172 	-5.9851804e-10 	9.4112561e-07 	-0.0014068056
-0.005963964 	-0.016558154 	-8.9960177e-10 	1.4086876e-06 	-0.0021110001
-0.005951952 	-0.016558136 	-1.2006855e-09 	1.8762497e-06 	-0.0028151946
-0.0059399399 	-0.016558118 	-1.5017692e-09 	2.3438117e-06 	-0.0035193891
-0.0059279279 	-0.0165581 	-1.802853e-09 	2.8113737e-06 	-0.0042235836
-0.0059159159 	-0.016558082 	-2.1039367e-09 	3.2789357e-06 	-0.0049277781
-0.0059039039 	-0.016558064 	-2.4050204e-09 	3.7464978e-06 	-0.0056319726
-0.0058918919 	-0.016558046 	-2.7061042e-09 	4.2140598e-06 	-0.006336167
-0.0058798799 	-0.016558028 	-3.0071879e-09 	4.6816218e-06 	-0.0070403615
-0.0058678679 	-0.01655801 	-3.3026499e-09 	5.5052356e-06 	-0.0077026692
-0.0058558559 	-0.016557993 	-3.6000533e-09 	6.7053648e-06 	-0.0083197811
-0.0058438438 	-0.016557976 	-3.8974567e-09 	7.9054941e-06 	-0.0089368929
-0.0058318318 	-0.016557959 	-4.1948602e-09 	9.1056234e-06 	-0.0095540048
-0.0058198198 	-0.016557943 	-4.4922636e-09 	1.0305753e-05 	-0.010171117
-0.0058078078 	-0.016557926 	-4.7896671e-09 	1.1505882e-05 	-0.010788229
-0.0057957958 	-0.016557909 	-5.0870705e-09 	1.2706011e-05 	-0.01140534
-0.0057837838 	-0.016557892 	-5.384474e-09 	1.390614e-05 	-0.012022452
-0.0057717718 	-0.016557875 	-5.6818774e-09 	1.510627e-05 	-0.012639564
-0.0057597598 	-0.016557858 	-5.9792808e-09 	1.6306399e-05 	-0.013256676
-0.0057477477 	-0.016557841 	-6.2766843e-09 	1.7506528e-05 	-0.013873788
-0.0057357357 	-0.016557824 	-6.5740877e-09 	1.8706658e-05 	-0.0144909
-0.0057237237 	-0.016557809 	-6.867425e-09 	2.0334958e-05 	-0.015066609
-0.0057117117 	-0.016557796 	-7.1651762e-09 	2.2310964e-05 	-0.015605698
-0.0056996997 	-0.016557782 	-7.4629274e-09 	2.428697e-05 	-0.016144786
-0.0056876877 	-0.016557769 	-7.7606786e-09 	2.6262976e-05 	-0.016683875
-0.0056756757 	-0.016557755 	-8.0584298e-09 	2.8238982e-05 	-0.017222963
-0.0056636637 	-0.016557742 	-8.356181e-09 	3.0214988e-05 	-0.017762052
-0.0056516517 	-0.016557729 	-8.6539322e-09 	3.2190994e-05 	-0.018301141
-0.0056396396 	-0.016557715 	-8.9516834e-09 	3.4167e-05 	-0.018840229
-0.0056276276 	-0.016557702 	-9.2494346e-09 	3.6143006e-05 	-0.019379318
-0.0056156156 	-0.016557688 	-9.5471858e-09 	3.8119013e-05 	-0.019918406
-0.0056036036 	-0.016557675 	-9.844937e-09 	4.0095019e-05 	-0.020457495
-0.0055915916 	-0.016557662 	-1.0142688e-08 	4.2071025e-05 	-0.020996583
-0.0055795796 	-0.016557648 	-1.0440439e-08 	4.4047031e-05 	-0.021535672
-0.0055675676 	-0.016557635 	-1.0738191e-08 	4.6023037e-05 	-0.022074761
-0.0055555556 	-0.016557627 	-1.1027046e-08 	4.8709834e-05 	-0.022525247
-0.0055435435 	-0.016557619 	-1.132019e-08 	5.137886e-05 	-0.022972937
-0.0055315315 	-0.016557612 	-1.1613333e-08 	5.4047885e-05 	-0.023420626
-0.0055195195 	-0.016557604 	-1.1906477e-08 	5.671691e-05 	-0.023868315
-0.0055075075 	-0.016557597 	-1.219962e-08 	5.9385935e-05 	-0.024316004
-0.0054954955 	-0.016557589 	-1.2492764e-08 	6.2054961e-05 	-0.024763693
-0.0054834835 	-0.016557581 	-1.2785908e-08 	6.4723986e-05 	-0.025211382
-0.0054714715 	-0.016557574 	-1.3079051e-08 	6.7393011e-05 	-0.025659072
-0.0054594595 	-0.016557566 	-1.3372195e-08 	7.0062036e-05 	-0.026106761
-0.0054474474 	-0.016557559 	-1.3665338e-08 	7.2731062e-05 	-0.02655445
-0.0054354354 	-0.016557551 	-1.3958482e-08 	7.5400087e-05 	-0.027002139
-0.0054234234 	-0.016557544 	-1.4251625e-08 	7.8069112e-05 	-0.027449828
-0.0054114114 	-0.016557536 	-1.4544769e-08 	8.0738137e-05 	-0.027897518
-0.0053993994 	-0.016557528 	-1.4837913e-08 	8.3407163e-05 	-0.028345207
-0.0053873874 	-0.016557521 	-1.5131056e-08 	8.6076188e-05 	-0.028792896
-0.0053753754 	-0.016557517 	-1.5412371e-08 	8.9119205e-05 	-0.029177266
-0.0053633634 	-0.016557516 	-1.5693002e-08 	9.2315133e-05 	-0.029517109
-0.0053513514 	-0.016557515 	-1.5973633e-08 	9.5511062e-05 	-0.029856952
-0.0053393393 	-0.016557515 	-1.6254264e-08 	9.870699e-05 	-0.030196795
-0.0053273273 	-0.016557514 	-1.6534896e-08 	0.00010190292 	-0.030536638
-0.0053153153 	-0.016557513 	-1.6815527e-08 	0.00010509885 	-0.030876481
-0.0053033033 	-0.016557512 	-1.7096158e-08 	0.00010829478 	-0.031216324
-0.0052912913 	-0.016557511 	-1.7376789e-08 	0.0001114907 	-0.031556167
-0.0052792793 	-0.016557511 	-1.765742e-08 	0.00011468663 	-0.03189601
-0.0052672673 	-0.01655751 	-1.7938052e-08 	0.00011788256 	-0.032235853
-0.0052552553 	-0.016557509 	-1.8218683e-08 	0.00012107849 	-0.032575696
-0.0052432432 	-0.016557508 	-1.8499314e-08 	0.00012427442 	-0.032915539
-0.0052312312 	-0.016557507 	-1.8779945e-08 	0.00012747035 	-0.033255382
-0.0052192192 	-0.016557507 	-1.9060576e-08 	0.00013066627 	-0.033595225
-0.0052072072 	-0.016557506 	-1.9341207e-08 	0.0001338622 	-0.033935068
-0.0051951952 	-0.016557505 	-1.9621839e-08 	0.00013705813 	-0.034274911
-0.0051831832 	-0.016557504 	-1.990247e-08 	0.00014025406 	-0.034614754
-0.0051711712 	-0.016557504 	-2.0177371e-08 	0.00014354018 	-0.034937176
-0.0051591592 	-0.016557512 	-2.0432296e-08 	0.00014705227 	-0.035148369
-0.0051471471 	-0.016557519 	-2.0689139e-08 	0.00015052475 	-0.035360017
-0.0051351351 	-0.016557526 	-2.0945982e-08 	0.00015399723 	-0.035571664
-0.0051231231 	-0.016557533 	-2.1202825e-08 	0.0001574697 	-0.035783312
-0.0051111111 	-0.016557541 	-2.1459668e-08 	0.00016094218 	-0.035994959
-0.0050990991 	-0.016557548 	-2.1716511e-08 	0.00016441466 	-0.036206607
-0.0050870871 	-0.016557555 	-2.1973354e-08 	0.00016788714 	-0.036418255
-0.0050750751 	-0.016557563 	-2.2230197e-08 	0.00017135962 	-0.036629902
-0.0050630631 	-0.01655757 	-2.248704e-08 	0.0001748321 	-0.03684155
-0.0050510511 	-0.016557577 	-2.2743883e-08 	0.00017830457 	-0.037053197
-0.005039039 	-0.016557584 	-2.3000726e-08 	0.00018177705 	-0.037264845
-0.005027027 	-0.016557592 	-2.3257569e-08 	0.00018524953 	-0.037476493
-0.005015015 	-0.016557599 	-2.3514411e-08 	0.00018872201 	-0.03768814
-0.005003003 	-0.016557606 	-2.3771254e-08 	0.00019219449 	-0.037899788
-0.004990991 	-0.016557613 	-2.4028097e-08 	0.00019566696 	-0.038111435
-0.004978979 	-0.016557621 	-2.428494e-08 	0.00019913944 	-0.038323083
-0.004966967 	-0.016557628 	-2.4541783e-08 	0.00020261192 	-0.038534731
-0.004954955 	-0.016557635 	-2.4798626e-08 	0.0002060844 	-0.038746378
-0.0049429429 	-0.016557642 	-2.5055469e-08 	0.00020955688 	-0.038958026
-0.0049309309 	-0.016557653 	-2.5295214e-08 	0.00021310805 	-0.039116036
-0.0049189189 	-0.01655767 	-2.5514098e-08 	0.00021647574 	-0.03917405
-0.0049069069 	-0.016557687 	-2.5732981e-08 	0.00021984344 	-0.039232065
-0.0048948949 	-0.016557703 	-2.5951865e-08 	0.00022321114 	-0.039290079
-0.0048828829 	-0.01655772 	-2.6170748e-08 	0.00022657884 	-0.039348094
-0.0048708709 	-0.016557737 	-2.6389632e-08 	0.00022994653 	-0.039406108
-0.0048588589 	-0.016557753 	-2.6608515e-08 	0.00023331423 	-0.039464123
-0.0048468468 	-0.01655777 	-2.6827399e-08 	0.00023668193 	-0.039522137
-0.0048348348 	-0.016557787 	-2.7046282e-08 	0.00024004963 	-0.039580152
-0.0048228228 	-0.016557804 	-2.7265166e-08 	0.00024341732 	-0.039638166
-0.0048108108 	-0.01655782 	-2.7484049e-08 	0.00024678502 	-0.03969618
-0.0047987988 	-0.016557837 	-2.7702933e-08 	0.00025015272 	-0.039754195
-0.0047867868 	-0.016557854 	-2.7921816e-08 	0.00025352042 	-0.039812209
-0.0047747748 	-0.016557871 	-2.81407e-08 	0.00025688811 	-0.039870224
-0.0047627628 	-0.016557887 	-2.8359583e-08 	0.00026025581 	-0.039928238
-0.0047507508 	-0.016557904 	-2.8578467e-08 	0.00026362351 	-0.039986253
-0.0047387387 	-0.016557921 	-2.879735e-08 	0.00026699121 	-0.040044267
-0.0047267267 	-0.016557937 	-2.9016234e-08 	0.0002703589 	-0.040102282
-0.0047147147 	-0.016557954 	-2.9235117e-08 	0.0002737266 	-0.040160296
-0.0047027027 	-0.016557971 	-2.9454001e-08 	0.0002770943 	-0.04021831
-0.0046906907 	-0.016557988 	-2.9672884e-08 	0.000280462 	-0.040276325
-0.0046786787 	-0.016558004 	-2.9891768e-08 	0.0002838297 	-0.040334339
-0.0046666667 	-0.016558021 	-3.0110651e-08 	0.00028719739 	-0.040392354
-0.0046546547 	-0.016558047 	-3.027959e-08 	0.00029008975 	-0.040282521
-0.0046426426 	-0.016558074 	-3.044619e-08 	0.00029278615 	-0.040154414
-0.0046306306 	-0.016558101 	-3.0612789e-08 	0.00029548254 	-0.040026306
-0.0046186186 	-0.016558127 	-3.0779389e-08 	0.00029817893 	-0.039898199
-0.0046066066 	-0.016558154 	-3.0945989e-08 	0.00030087532 	-0.039770092
-0.0045945946 	-0.016558181 	-3.1112589e-08 	0.00030357172 	-0.039641984
-0.0045825826 	-0.016558208 	-3.1279188e-08 	0.00030626811 	-0.039513877
-0.0045705706 	-0.016558234 	-3.1445788e-08 	0.0003089645 	-0.039385769
-0.0045585586 	-0.016558261 	-3.1612388e-08 	0.00031166089 	-0.039257662
-0.0045465465 	-0.016558288 	-3.1778988e-08 	0.00031435729 	-0.039129555
-0.0045345345 	-0.016558315 	-3.1945587e-08 	0.00031705368 	-0.039001447
-0.0045225225 	-0.016558341 	-3.2112187e-08 	0.00031975007 	-0.03887334
-0.0045105105 	-0.016558368 	-3.2278787e-08 	0.00032244646 	-0.038745232
-0.0044984985 	-0.016558395 	-3.2445387e-08 	0.00032514285 	-0.038617125
-0.0044864865 	-0.016558422 	-3.2611986e-08 	0.00032783925 	-0.038489018
-0.0044744745 	-0.016558448 	-3.2778586e-08 	0.00033053564 	-0.03836091
-0.0044624625 	-0.016558475 	-3.2945186e-08 	0.00033323203 	-0.038232803
-0.0044504505 	-0.016558502 	-3.3111786e-08 	0.00033592842 	-0.038104695
-0.0044384384 	-0.016558529 	-3.3278385e-08 	0.00033862482 	-0.037976588
-0.0044264264 	-0.016558556 	-3.3444985e-08 	0.00034132121 	-0.037848481
-0.0044144144 	-0.016558582 	-3.3611585e-08 	0.0003440176 	-0.037720373
-0.0044024024 	-0.016558609 	-3.3778185e-08 	0.00034671399 	-0.037592266
-0.0043903904 	-0.016558636 	-3.3944784e-08 	0.00034941039 	-0.037464158
-0.0043783784 	-0.016558663 	-3.4111384e-08 	0.00035210678 	-0.037336051
-0.0043663664 	-0.016558689 	-3.4277984e-08 	0.00035480317 	-0.037207944
-0.0043543544 	-0.01655872 	-3.4417357e-08 	0.00035696912 	-0.036978607
-0.0043423423 	-0.016558756 	-3.4524028e-08 	0.00035817925 	-0.036621027
-0.0043303303 	-0.016558791 	-3.4630699e-08 	0.00035938937 	-0.036263447
-0.0043183183 	-0.016558826 	-3.4737371e-08 	0.0003605995 	-0.035905867
-0.0043063063 	-0.016558862 	-3.4844042e-08 	0.00036180963 	-0.035548286
-0.0042942943 	-0.016558897 	-3.4950713e-08 	0.00036301975 	-0.035190706
-0.0042822823 	-0.016558932 	-3.5057385e-08 	0.00036422988 	-0.034833126
-0.0042702703 	-0.016558967 	-3.5164056e-08 	0.00036544001 	-0.034475546
-0.0042582583 	-0.016559003 	-3.5270727e-08 	0.00036665013 	-0.034117966
-0.0042462462 	-0.016559038 	-3.5377399e-08 	0.00036786026 	-0.033760386
-0.0042342342 	-0.016559073 	-3.548407e-08 	0.00036907039 	-0.033402805
-0.0042222222 	-0.016559108 	-3.5590741e-08 	0.00037028052 	-0.033045225
-0.0042102102 	-0.016559144 	-3.5697413e-08 	0.00037149064 	-0.032687645
-0.0041981982 	-0.016559179 	-3.5804084e-08 	0.00037270077 	-0.032330065
-0.0041861862 	-0.016559214 	-3.5910756e-08 	0.0003739109 	-0.031972485
-0.0041741742 	-0.01655925 	-3.6017427e-08 	0.00037512102 	-0.031614905
-0.0041621622 	-0.016559285 	-3.6124098e-08 	0.00037633115 	-0.031257325
-0.0041501502 	-0.01655932 	-3.623077e-08 	0.00037754128 	-0.030899744
-0.0041381381 	-0.016559355 	-3.6337441e-08 	0.0003787514 	-0.030542164
-0.0041261261 	-0.016559391 	-3.6444112e-08 	0.00037996153 	-0.030184584
-0.0041141141 	-0.016559426 	-3.6550784e-08 	0.00038117166 	-0.029827004
-0.0041021021 	-0.016559461 	-3.6657455e-08 	0.00038238178 	-0.029469424
-0.0040900901 	-0.016559496 	-3.6764126e-08 	0.00038359191 	-0.029111844
-0.0040780781 	-0.016559532 	-3.6870798e-08 	0.00038480204 	-0.028754264
-0.0040660661 	-0.016559567 	-3.6977469e-08 	0.00038601216 	-0.028396683
-0.0040540541 	-0.016559602 	-3.708414e-08 	0.00038722229 	-0.028039103
-0.004042042 	-0.016559637 	-3.7190812e-08 	0.00038843242 	-0.027681523
-0.00403003 	-0.016559673 	-3.7297483e-08 	0.00038964254 	-0.027323943
-0.004018018 	-0.016559708 	-3.7404154e-08 	0.00039085267 	-0.026966363
-0.004006006 	-0.016559746 	-3.7486055e-08 	0.0003906602 	-0.026444258
-0.003993994 	-0.016559786 	-3.7544104e-08 	0.00038922593 	-0.025794696
-0.003981982 	-0.016559825 	-3.7602154e-08 	0.00038779167 	-0.025145133
-0.00396997 	-0.016559865 	-3.7660203e-08 	0.0003863574 	-0.024495571
-0.003957958 	-0.016559904 	-3.7718253e-08 	0.00038492314 	-0.023846008
-0.0039459459 	-0.016559944 	-3.7776302e-08 	0.00038348888 	-0.023196446
-0.0039339339 	-0.016559983 	-3.7834352e-08 	0.00038205461 	-0.022546883
-0.0039219219 	-0.016560023 	-3.7892401e-08 	0.00038062035 	-0.021897321
-0.0039099099 	-0.016560062 	-3.7950451e-08 	0.00037918609 	-0.021247758
-0.0038978979 	-0.016560102 	-3.80085e-08 	0.00037775182 	-0.020598196
-0.0038858859 	-0.016560141 	-3.806655e-08 	0.00037631756 	-0.019948633
-0.0038738739 	-0.016560181 	-3.8124599e-08 	0.00037488329 	-0.019299071
-0.0038618619 	-0.01656022 	-3.8182649e-08 	0.00037344903 	-0.018649508
-0.0038498498 	-0.01656026 	-3.8240698e-08 	0.00037201477 	-0.017999946
-0.0038378378 	-0.016560299 	-3.8298748e-08 	0.0003705805 	-0.017350383
-0.0038258258 	-0.016560339 	-3.8356797e-08 	0.00036914624 	-0.016700821
-0.0038138138 	-0.016560378 	-3.8414846e-08 	0.00036771197 	-0.016051258
-0.0038018018 	-0.016560418 	-3.8472896e-08 	0.00036627771 	-0.015401696
-0.0037897898 	-0.016560457 	-3.8530945e-08 	0.00036484345 	-0.014752133
-0.0037777778 	-0.016560497 	-3.8588995e-08 	0.00036340918 	-0.014102571
-0.0037657658 	-0.016560536 	-3.8647044e-08 	0.00036197492 	-0.013453008
-0.0037537538 	-0.016560576 	-3.8705094e-08 	0.00036054065 	-0.012803446
-0.0037417417 	-0.016560615 	-3.8763143e-08 	0.00035910639 	-0.012153883
-0.0037297297 	-0.016560655 	-3.8821193e-08 	0.00035767213 	-0.011504321
-0.0037177177 	-0.016560694 	-3.8879242e-08 	0.00035623786 	-0.010854758
-0.0037057057 	-0.016560734 	-3.8937292e-08 	0.0003548036 	-0.010205196
-0.0036936937 	-0.016560773 	-3.8995341e-08 	0.00035336934 	-0.0095556334
-0.0036816817 	-0.016560812 	-3.9053391e-08 	0.00035193507 	-0.0089060709
-0.0036696697 	-0.016560852 	-3.911144e-08 	0.00035050081 	-0.0082565084
-0.0036576577 	-0.016560891 	-3.916949e-08 	0.00034906654 	-0.0076069459
-0.0036456456 	-0.016560931 	-3.9227539e-08 	0.00034763228 	-0.0069573834
-0.0036336336 	-0.01656097 	-3.9285589e-08 	0.00034619802 	-0.006307821
-0.0036216216 	-0.01656101 	-3.9343638e-08 	0.00034476375 	-0.0056582585
-0.0036096096 	-0.01656105 	-3.9405824e-08 	0.00033946186 	-0.004690086
-0.0035975976 	-0.016561088 	-3.9459837e-08 	0.00033329088 	-0.0036481439
-0.0035855856 	-0.016561127 	-3.951385e-08 	0.00032711991 	-0.0026062018
-0.0035735736 	-0.016561166 	-3.9567862e-08 	0.00032094893 	-0.0015642597
-0.0035615616 	-0.016561205 	-3.9621875e-08 	0.00031477795 	-0.00052231763
-0.0035495495 	-0.016561244 	-3.9675888e-08 	0.00030860698 	0.00051962447
-0.0035375375 	-0.016561282 	-3.97299e-08 	0.000302436 	0.0015615666
-0.0035255255 	-0.016561321 	-3.9783913e-08 	0.00029626502 	0.0026035087
-0.0035135135 	-0.01656136 	-3.9837925e-08 	0.00029009405 	0.0036454508
-0.0035015015 	-0.016561399 	-3.9891938e-08 	0.00028392307 	0.0046873928
-0.0034894895 	-0.016561437 	-3.9945951e-08 	0.00027775209 	0.0057293349
-0.0034774775 	-0.016561476 	-3.9999963e-08 	0.00027158112 	0.006771277
-0.0034654655 	-0.016561515 	-4.0053976e-08 	0.00026541014 	0.0078132191
-0.0034534535 	-0.016561554 	-4.0107989e-08 	0.00025923916 	0.0088551612
-0.0034414414 	-0.016561592 	-4.0162001e-08 	0.00025306819 	0.0098971033
-0.0034294294 	-0.016561631 	-4.0216014e-08 	0.00024689721 	0.010939045
-0.0034174174 	-0.01656167 	-4.0270027e-08 	0.00024072623 	0.011980988
-0.0034054054 	-0.016561709 	-4.0324039e-08 	0.00023455526 	0.01302293
-0.0033933934 	-0.016561747 	-4.0378052e-08 	0.00022838428 	0.014064872
-0.0033813814 	-0.016561786 	-4.0432064e-08 	0.0002222133 	0.015106814
-0.0033693694 	-0.016561825 	-4.0486077e-08 	0.00021604233 	0.016148756
-0.0033573574 	-0.016561864 	-4.054009e-08 	0.00020987135 	0.017190698
-0.0033453453 	-0.016561902 	-4.0594102e-08 	0.00020370037 	0.01823264
-0.0033333333 	-0.016561941 	-4.0648115e-08 	0.0001975294 	0.019274582
-0.0033213213 	-0.01656198 	-4.0702128e-08 	0.00019135842 	0.020316524
-0.0033093093 	-0.016562019 	-4.075614e-08 	0.00018518744 	0.021358466
-0.0032972973 	-0.016562057 	-4.0810153e-08 	0.00017901647 	0.022400408
-0.0032852853 	-0.016562096 	-4.0864166e-08 	0.00017284549 	0.023442351
-0.0032732733 	-0.016562135 	-4.0918178e-08 	0.00016667451 	0.024484293
-0.0032612613 	-0.016562174 	-4.0972191e-08 	0.00016050354 	0.025526235
-0.0032492492 	-0.016562212 	-4.1026204e-08 	0.00015433256 	0.026568177
-0.0032372372 	-0.016562251 	-4.1080216e-08 	0.00014816158 	0.027610119
-0.0032252252 	-0.01656229 	-4.1134229e-08 	0.00014199061 	0.028652061
-0.0032132132 	-0.016562329 	-4.1188241e-08 	0.00013581963 	0.029694003
-0.0032012012 	-0.016562367 	-4.1242254e-08 	0.00012964866 	0.030735945
-0.0031891892 	-0.016562406 	-4.1296267e-08 	0.00012347768 	0.031777887
-0.0031771772 	-0.016562445 	-4.1350279e-08 	0.0001173067 	0.032819829
-0.0031651652 	-0.016562464 	-4.1433223e-08 	0.00010957699 	0.033942851
-0.0031531532 	-0.016562473 	-4.1517618e-08 	0.00010129525 	0.035098071
-0.0031411411 	-0.016562481 	-4.1602013e-08 	9.3013511e-05 	0.036253291
-0.0031291291 	-0.01656249 	-4.1686407e-08 	8.4731772e-05 	0.037408511
-0.0031171171 	-0.016562499 	-4.1770802e-08 	7.6450032e-05 	0.038563731
-0.0031051051 	-0.016562508 	-4.1855196e-08 	6.8168293e-05 	0.039718951
-0.0030930931 	-0.016562517 	-4.1939591e-08 	5.9886553e-05 	0.040874171
-0.0030810811 	-0.016562525 	-4.2023985e-08 	5.1604813e-05 	0.04202939
-0.0030690691 	-0.016562534 	-4.210838e-08 	4.3323074e-05 	0.04318461
-0.0030570571 	-0.016562543 	-4.2192774e-08 	3.5041334e-05 	0.04433983
-0.003045045 	-0.016562552 	-4.2277169e-08 	2.6759595e-05 	0.04549505
-0.003033033 	-0.016562561 	-4.2361564e-08 	1.8477855e-05 	0.04665027
-0.003021021 	-0.016562569 	-4.2445958e-08 	1.0196116e-05 	0.04780549
-0.003009009 	-0.016562578 	-4.2530353e-08 	1.9143762e-06 	0.04896071
-0.002996997 	-0.016562587 	-4.2614747e-08 	-6.3673634e-06 	0.05011593
-0.002984985 	-0.016562596 	-4.2699142e-08 	-1.4649103e-05 	0.05127115
-0.002972973 	-0.016562605 	-4.2783536e-08 	-2.2930842e-05 	0.05242637
-0.002960961 	-0.016562613 	-4.2867931e-08 	-3.1212582e-05 	0.05358159
-0.0029489489 	-0.016562622 	-4.2952325e-08 	-3.9494322e-05 	0.05473681
-0.0029369369 	-0.016562631 	-4.303672e-08 	-4.7776061e-05 	0.05589203
-0.0029249249 	-0.01656264 	-4.3121114e-08 	-5.6057801e-05 	0.057047249
-0.0029129129 	-0.016562648 	-4.3205509e-08 	-6.433954e-05 	0.058202469
-0.0029009009 	-0.016562657 	-4.3289904e-08 	-7.262128e-05 	0.059357689
-0.0028888889 	-0.016562666 	-4.3374298e-08 	-8.0903019e-05 	0.060512909
-0.0028768769 	-0.016562675 	-4.3458693e-08 	-8.9184759e-05 	0.061668129
-0.0028648649 	-0.016562684 	-4.3543087e-08 	-9.7466498e-05 	0.062823349
-0.0028528529 	-0.016562692 	-4.3627482e-08 	-0.00010574824 	0.063978569
-0.0028408408 	-0.016562701 	-4.3711876e-08 	-0.00011402998 	0.065133789
-0.0028288288 	-0.01656271 	-4.3796271e-08 	-0.00012231172 	0.066289009
-0.0028168168 	-0.016562719 	-4.3880665e-08 	-0.00013059346 	0.067444229
-0.0028048048 	-0.016562728 	-4.396506e-08 	-0.0001388752 	0.068599449
-0.0027927928 	-0.016562736 	-4.4049455e-08 	-0.00014715694 	0.069754669
-0.0027807808 	-0.016562745 	-4.4133849e-08 	-0.00015543868 	0.070909889
-0.0027687688 	-0.016562754 	-4.4218244e-08 	-0.00016372041 	0.072065108
-0.0027567568 	-0.016562763 	-4.4302638e-08 	-0.00017200215 	0.073220328
-0.0027447447 	-0.016562772 	-4.4387033e-08 	-0.00018028389 	0.074375548
-0.0027327327 	-0.01656278 	-4.4471427e-08 	-0.00018856563 	0.075530768
-0.0027207207 	-0.016562789 	-4.4555822e-08 	-0.00019684737 	0.076685988
-0.0027087087 	-0.016562798 	-4.4640216e-08 	-0.00020512911 	0.077841208
-0.0026966967 	-0.016562807 	-4.4724611e-08 	-0.00021341085 	0.078996428
-0.0026846847 	-0.016562816 	-4.4809006e-08 	-0.00022169259 	0.080151648
-0.0026726727 	-0.016562824 	-4.48934e-08 	-0.00022997433 	0.081306868
-0.0026606607 	-0.016562738 	-4.518571e-08 	-0.0002531827 	0.084558651
-0.0026486486 	-0.01656256 	-4.5675154e-08 	-0.00029099397 	0.089885586
-0.0026366366 	-0.016562381 	-4.6164599e-08 	-0.00032880525 	0.09521252
-0.0026246246 	-0.016562203 	-4.6654043e-08 	-0.00036661652 	0.10053945
-0.0026126126 	-0.016562024 	-4.7143488e-08 	-0.00040442779 	0.10586639
-0.0026006006 	-0.016561852 	-4.7616781e-08 	-0.00044105468 	0.1110286
-0.0025885886 	-0.016561808 	-4.7762769e-08 	-0.00045503985 	0.11310188
-0.0025765766 	-0.016561764 	-4.7908211e-08 	-0.00046901063 	0.11517429
-0.0025645646 	-0.016561721 	-4.8053653e-08 	-0.00048298141 	0.1172467
-0.0025525526 	-0.016561677 	-4.8199095e-08 	-0.00049695219 	0.11931911
-0.0025405405 	-0.016561633 	-4.8344537e-08 	-0.00051092297 	0.12139152
-0.0025285285 	-0.016561589 	-4.8489979e-08 	-0.00052489375 	0.12346393
-0.0025165165 	-0.016561547 	-4.8605325e-08 	-0.00053922935 	0.1256415
-0.0025045045 	-0.016561506 	-4.8713649e-08 	-0.00055354821 	0.12782998
-0.0024924925 	-0.016561465 	-4.8821972e-08 	-0.00056786707 	0.13001847
-0.0024804805 	-0.016561424 	-4.8930295e-08 	-0.00058218594 	0.13220696
-0.0024684685 	-0.016561383 	-4.9038618e-08 	-0.0005965048 	0.13439544
-0.0024564565 	-0.016561342 	-4.9146941e-08 	-0.00061082366 	0.13658393
-0.0024444444 	-0.0165613 	-4.9255265e-08 	-0.00062514253 	0.13877241
-0.0024324324 	-0.016561252 	-4.9335886e-08 	-0.00063980372 	0.14108142
-0.0024204204 	-0.016561202 	-4.9409386e-08 	-0.00065443861 	0.14340413
-0.0024084084 	-0.016561152 	-4.9482886e-08 	-0.0006690735 	0.14572684
-0.0023963964 	-0.016561102 	-4.9556386e-08 	-0.0006837084 	0.14804955
-0.0023843844 	-0.016561053 	-4.9629886e-08 	-0.00069834329 	0.15037226
-0.0023723724 	-0.016561003 	-4.9703386e-08 	-0.00071297818 	0.15269497
-0.0023603604 	-0.016560953 	-4.9776886e-08 	-0.00072761308 	0.15501768
-0.0023483483 	-0.016560904 	-4.9850386e-08 	-0.00074224797 	0.15734039
-0.0023363363 	-0.016560844 	-4.9894598e-08 	-0.00075706757 	0.15980938
-0.0023243243 	-0.016560785 	-4.9933621e-08 	-0.0007718193 	0.16228622
-0.0023123123 	-0.016560725 	-4.9972643e-08 	-0.00078657103 	0.16476306
-0.0023003003 	-0.016560665 	-5.0011666e-08 	-0.00080132276 	0.1672399
-0.0022882883 	-0.016560606 	-5.0050688e-08 	-0.00081607449 	0.16971673
-0.0022762763 	-0.016560546 	-5.008971e-08 	-0.00083082622 	0.17219357
-0.0022642643 	-0.016560486 	-5.0128733e-08 	-0.00084557795 	0.17467041
-0.0022522523 	-0.016560427 	-5.0167755e-08 	-0.00086032968 	0.17714725
-0.0022402402 	-0.016560367 	-5.0206778e-08 	-0.00087508141 	0.17962409
-0.0022282282 	-0.016560297 	-5.0213341e-08 	-0.00088972191 	0.18226352
-0.0022162162 	-0.016560228 	-5.0214139e-08 	-0.00090425364 	0.18491458
-0.0022042042 	-0.016560158 	-5.0214937e-08 	-0.00091878537 	0.18756565
-0.0021921922 	-0.016560088 	-5.0215735e-08 	-0.0009333171 	0.19021671
-0.0021801802 	-0.016560018 	-5.0216533e-08 	-0.00094784882 	0.19286778
-0.0021681682 	-0.016559948 	-5.0217331e-08 	-0.00096238055 	0.19551885
-0.0021561562 	-0.016559878 	-5.0218129e-08 	-0.00097691228 	0.19816991
-0.0021441441 	-0.016559808 	-5.0218927e-08 	-0.00099144401 	0.20082098
-0.0021321321 	-0.016559738 	-5.0219725e-08 	-0.0010059757 	0.20347205
-0.0021201201 	-0.016559668 	-5.0220523e-08 	-0.0010205075 	0.20612311
-0.0021081081 	-0.016559591 	-5.0191588e-08 	-0.0010346217 	0.20890934
-0.0020960961 	-0.01655951 	-5.0146381e-08 	-0.0010483894 	0.21175147
-0.0020840841 	-0.01655943 	-5.0101174e-08 	-0.0010621571 	0.2145936
-0.0020720721 	-0.016559349 	-5.0055967e-08 	-0.0010759248 	0.21743573
-0.0020600601 	-0.016559268 	-5.001076e-08 	-0.0010896925 	0.22027786
-0.002048048 	-0.016559188 	-4.9965553e-08 	-0.0011034602 	0.22311999
-0.002036036 	-0.016559107 	-4.9920346e-08 	-0.0011172279 	0.22596212
-0.002024024 	-0.016559027 	-4.9875139e-08 	-0.0011309956 	0.22880425
-0.002012012 	-0.016558946 	-4.9829932e-08 	-0.0011447633 	0.23164637
-0.002 	-0.016558866 	-4.9784725e-08 	-0.001158531 	0.2344885
-0.001987988 	-0.016558785 	-4.9739518e-08 	-0.0011722987 	0.23733063
-0.001975976 	-0.016558704 	-4.9691055e-08 	-0.0011860099 	0.24018667
-0.001963964 	-0.016558612 	-4.9587798e-08 	-0.0011982095 	0.24323427
-0.001951952 	-0.016558521 	-4.9485311e-08 	-0.001210361 	0.24627391
-0.0019399399 	-0.01655843 	-4.9382825e-08 	-0.0012225124 	0.24931356
-0.0019279279 	-0.016558339 	-4.9280338e-08 	-0.0012346639 	0.25235321
-0.0019159159 	-0.016558247 	-4.9177852e-08 	-0.0012468153 	0.25539285
-0.0019039039 	-0.016558156 	-4.9075365e-08 	-0.0012589668 	0.2584325
-0.0018918919 	-0.016558065 	-4.8972878e-08 	-0.0012711182 	0.26147215
-0.0018798799 	-0.016557974 	-4.8870392e-08 	-0.0012832697 	0.26451179
-0.0018678679 	-0.016557883 	-4.8767905e-08 	-0.0012954211 	0.26755144
-0.0018558559 	-0.016557792 	-4.8665419e-08 	-0.0013075726 	0.27059109
-0.0018438438 	-0.016557701 	-4.8562932e-08 	-0.001319724 	0.27363074
-0.0018318318 	-0.01655761 	-4.8460445e-08 	-0.0013318755 	0.27667038
-0.0018198198 	-0.016557518 	-4.8357959e-08 	-0.0013440269 	0.27971003
-0.0018078078 	-0.016557419 	-4.8191389e-08 	-0.0013536776 	0.28292333
-0.0017957958 	-0.016557319 	-4.8019995e-08 	-0.0013629546 	0.28614329
-0.0017837838 	-0.016557219 	-4.78486e-08 	-0.0013722315 	0.28936325
-0.0017717718 	-0.016557118 	-4.7677206e-08 	-0.0013815085 	0.29258321
-0.0017597598 	-0.016557018 	-4.7505811e-08 	-0.0013907855 	0.29580317
-0.0017477477 	-0.016556918 	-4.7334417e-08 	-0.0014000625 	0.29902313
-0.0017357357 	-0.016556818 	-4.7163023e-08 	-0.0014093395 	0.30224309
-0.0017237237 	-0.016556718 	-4.6991628e-08 	-0.0014186165 	0.30546305
-0.0017117117 	-0.016556618 	-4.6820234e-08 	-0.0014278935 	0.30868301
-0.0016996997 	-0.016556518 	-4.6648839e-08 	-0.0014371705 	0.31190297
-0.0016876877 	-0.016556418 	-4.6477445e-08 	-0.0014464475 	0.31512293
-0.0016756757 	-0.016556318 	-4.6306051e-08 	-0.0014557245 	0.31834289
-0.0016636637 	-0.016556218 	-4.6134656e-08 	-0.0014650015 	0.32156285
-0.0016516517 	-0.016556118 	-4.5963262e-08 	-0.0014742785 	0.32478281
-0.0016396396 	-0.016556018 	-4.5791867e-08 	-0.0014835555 	0.32800277
-0.0016276276 	-0.016555913 	-4.5547573e-08 	-0.00148852 	0.33135029
-0.0016156156 	-0.016555809 	-4.5304609e-08 	-0.0014932772 	0.3346882
-0.0016036036 	-0.016555704 	-4.5061646e-08 	-0.0014980345 	0.33802611
-0.0015915916 	-0.0165556 	-4.4818683e-08 	-0.0015027917 	0.34136401
-0.0015795796 	-0.016555496 	-4.457572e-08 	-0.001507549 	0.34470192
-0.0015675676 	-0.016555392 	-4.4332757e-08 	-0.0015123062 	0.34803983
-0.0015555556 	-0.016555288 	-4.4089794e-08 	-0.0015170635 	0.35137774
-0.0015435435 	-0.016555183 	-4.3846831e-08 	-0.0015218207 	0.35471564
-0.0015315315 	-0.016555079 	-4.3603868e-08 	-0.0015265779 	0.35805355
-0.0015195195 	-0.016554975 	-4.3360905e-08 	-0.0015313352 	0.36139146
-0.0015075075 	-0.016554871 	-4.3117941e-08 	-0.0015360924 	0.36472936
-0.0014954955 	-0.016554767 	-4.2874978e-08 	-0.0015408497 	0.36806727
-0.0014834835 	-0.016554662 	-4.2632015e-08 	-0.0015456069 	0.37140518
-0.0014714715 	-0.016554558 	-4.2389052e-08 	-0.0015503641 	0.37474309
-0.0014594595 	-0.016554454 	-4.2146089e-08 	-0.0015551214 	0.37808099
-0.0014474474 	-0.01655435 	-4.1903126e-08 	-0.0015598786 	0.3814189
-0.0014354354 	-0.016554246 	-4.1659179e-08 	-0.0015645424 	0.38475748
-0.0014234234 	-0.016554137 	-4.1360358e-08 	-0.0015625582 	0.3880941
-0.0014114114 	-0.016554029 	-4.1066283e-08 	-0.0015606587 	0.39141734
-0.0013993994 	-0.016553921 	-4.0772208e-08 	-0.0015587591 	0.39474057
-0.0013873874 	-0.016553813 	-4.0478133e-08 	-0.0015568596 	0.39806381
-0.0013753754 	-0.016553705 	-4.0184058e-08 	-0.00155496 	0.40138704
-0.0013633634 	-0.016553597 	-3.9889983e-08 	-0.0015530605 	0.40471028
-0.0013513514 	-0.016553489 	-3.9595909e-08 	-0.001551161 	0.40803352
-0.0013393393 	-0.016553381 	-3.9301834e-08 	-0.0015492614 	0.41135675
-0.0013273273 	-0.016553273 	-3.9007759e-08 	-0.0015473619 	0.41467999
-0.0013153153 	-0.016553165 	-3.8713684e-08 	-0.0015454623 	0.41800323
-0.0013033033 	-0.016553057 	-3.8419609e-08 	-0.0015435628 	0.42132646
-0.0012912913 	-0.016552949 	-3.8125534e-08 	-0.0015416632 	0.4246497
-0.0012792793 	-0.016552841 	-3.7831459e-08 	-0.0015397637 	0.42797293
-0.0012672673 	-0.016552733 	-3.7537384e-08 	-0.0015378642 	0.43129617
-0.0012552553 	-0.016552625 	-3.7243309e-08 	-0.0015359646 	0.43461941
-0.0012432432 	-0.016552517 	-3.6949234e-08 	-0.0015340651 	0.43794264
-0.0012312312 	-0.016552409 	-3.6655159e-08 	-0.0015321655 	0.44126588
-0.0012192192 	-0.016552301 	-3.6361085e-08 	-0.001530266 	0.44458911
-0.0012072072 	-0.016552193 	-3.606701e-08 	-0.0015283665 	0.44791235
-0.0011951952 	-0.016552105 	-3.571887e-08 	-0.0015184309 	0.45149328
-0.0011831832 	-0.016552022 	-3.5360848e-08 	-0.0015066978 	0.45512998
-0.0011711712 	-0.016551939 	-3.5002827e-08 	-0.0014949647 	0.45876667
-0.0011591592 	-0.016551856 	-3.4644806e-08 	-0.0014832316 	0.46240336
-0.0011471471 	-0.016551772 	-3.4286785e-08 	-0.0014714984 	0.46604006
-0.0011351351 	-0.016551689 	-3.3928764e-08 	-0.0014597653 	0.46967675
-0.0011231231 	-0.016551606 	-3.3570743e-08 	-0.0014480322 	0.47331344
-0.0011111111 	-0.016551523 	-3.3212722e-08 	-0.0014362991 	0.47695014
-0.0010990991 	-0.01655144 	-3.28547e-08 	-0.001424566 	0.48058683
-0.0010870871 	-0.016551357 	-3.2496679e-08 	-0.0014128329 	0.48422353
-0.0010750751 	-0.016551274 	-3.2138658e-08 	-0.0014010997 	0.48786022
-0.0010630631 	-0.016551191 	-3.1780637e-08 	-0.0013893666 	0.49149691
-0.0010510511 	-0.016551108 	-3.1422616e-08 	-0.0013776335 	0.49513361
-0.001039039 	-0.016551024 	-3.1064595e-08 	-0.0013659004 	0.4987703
-0.001027027 	-0.016550941 	-3.0706574e-08 	-0.0013541673 	0.50240699
-0.001015015 	-0.016550858 	-3.0348552e-08 	-0.0013424341 	0.50604369
-0.001003003 	-0.016550775 	-2.9990531e-08 	-0.001330701 	0.50968038
-0.00099099099 	-0.016550692 	-2.963251e-08 	-0.0013189679 	0.51331708
-0.00097897898 	-0.016550609 	-2.9274489e-08 	-0.0013072348 	0.51695377
-0.00096696697 	-0.016550526 	-2.8916468e-08 	-0.0012955017 	0.52059046
-0.00095495495 	-0.016550443 	-2.8558447e-08 	-0.0012837686 	0.52422716
-0.00094294294 	-0.01655036 	-2.820113e-08 	-0.0012720252 	0.52785641
-0.00093093093 	-0.016550321 	-2.79915e-08 	-0.0012581445 	0.52992586
-0.00091891892 	-0.016550282 	-2.778187e-08 	-0.0012442637 	0.53199532
-0.00090690691 	-0.016550244 	-2.7572239e-08 	-0.001230383 	0.53406477
-0.00089489489 	-0.016550205 	-2.7362609e-08 	-0.0012165022 	0.53613423
-0.00088288288 	-0.016550166 	-2.7152979e-08 	-0.0012026215 	0.53820368
-0.00087087087 	-0.016550127 	-2.6943349e-08 	-0.0011887407 	0.54027314
-0.00085885886 	-0.016550088 	-2.6733718e-08 	-0.00117486 	0.54234259
-0.00084684685 	-0.01655005 	-2.6524088e-08 	-0.0011609792 	0.54441205
-0.00083483483 	-0.016550011 	-2.6314458e-08 	-0.0011470984 	0.54648151
-0.00082282282 	-0.016549972 	-2.6104828e-08 	-0.0011332177 	0.54855096
-0.00081081081 	-0.016549933 	-2.5895197e-08 	-0.0011193369 	0.55062042
-0.0007987988 	-0.016549894 	-2.5685567e-08 	-0.0011054562 	0.55268987
-0.00078678679 	-0.016549856 	-2.5475937e-08 	-0.0010915754 	0.55475933
-0.00077477477 	-0.016549817 	-2.5266306e-08 	-0.0010776947 	0.55682878
-0.00076276276 	-0.016549778 	-2.5056676e-08 	-0.0010638139 	0.55889824
-0.00075075075 	-0.016549739 	-2.4847046e-08 	-0.0010499332 	0.56096769
-0.00073873874 	-0.0165497 	-2.4637416e-08 	-0.0010360524 	0.56303715
-0.00072672673 	-0.016549662 	-2.4427785e-08 	-0.0010221717 	0.56510661
-0.00071471471 	-0.016549623 	-2.4218155e-08 	-0.0010082909 	0.56717606
-0.0007027027 	-0.016549584 	-2.4008525e-08 	-0.00099441015 	0.56924552
-0.00069069069 	-0.016549545 	-2.3798895e-08 	-0.0009805294 	0.57131497
-0.00067867868 	-0.016549506 	-2.3589264e-08 	-0.00096664864 	0.57338443
-0.00066666667 	-0.016549468 	-2.3379634e-08 	-0.00095276789 	0.57545388
-0.00065465465 	-0.016549429 	-2.3170004e-08 	-0.00093888714 	0.57752334
-0.00064264264 	-0.01654939 	-2.2960373e-08 	-0.00092500638 	0.57959279
-0.00063063063 	-0.016549351 	-2.2750743e-08 	-0.00091112563 	0.58166225
-0.00061861862 	-0.016549313 	-2.2541113e-08 	-0.00089724487 	0.5837317
-0.00060660661 	-0.016549274 	-2.2331483e-08 	-0.00088336412 	0.58580116
-0.00059459459 	-0.016549235 	-2.2121852e-08 	-0.00086948337 	0.58787062
-0.00058258258 	-0.016549196 	-2.1912222e-08 	-0.00085560261 	0.58994007
-0.00057057057 	-0.016549157 	-2.1702592e-08 	-0.00084172186 	0.59200953
-0.00055855856 	-0.016549119 	-2.1492962e-08 	-0.0008278411 	0.59407898
-0.00054654655 	-0.01654908 	-2.1283331e-08 	-0.00081396035 	0.59614844
-0.00053453453 	-0.016549041 	-2.1073701e-08 	-0.00080007959 	0.59821789
-0.00052252252 	-0.016549002 	-2.0864071e-08 	-0.00078619884 	0.60028735
-0.00051051051 	-0.016548963 	-2.065444e-08 	-0.00077231809 	0.6023568
-0.0004984985 	-0.016548925 	-2.044481e-08 	-0.00075843733 	0.60442626
-0.00048648649 	-0.016548886 	-2.023518e-08 	-0.00074455658 	0.60649572
-0.00047447447 	-0.016548847 	-2.0025297e-08 	-0.00073060861 	0.60856721
-0.00046246246 	-0.01654882 	-1.990619e-08 	-0.00071314827 	0.60974461
-0.00045045045 	-0.016548795 	-1.9817312e-08 	-0.00069462552 	0.61062488
-0.00043843844 	-0.016548771 	-1.9728435e-08 	-0.00067610277 	0.61150516
-0.00042642643 	-0.016548746 	-1.9639557e-08 	-0.00065758003 	0.61238543
-0.00041441441 	-0.016548722 	-1.955068e-08 	-0.00063905728 	0.6132657
-0.0004024024 	-0.016548698 	-1.9461802e-08 	-0.00062053454 	0.61414598
-0.00039039039 	-0.016548673 	-1.9372925e-08 	-0.00060201179 	0.61502625
-0.00037837838 	-0.016548649 	-1.9284047e-08 	-0.00058348905 	0.61590653
-0.00036636637 	-0.016548625 	-1.919517e-08 	-0.0005649663 	0.6167868
-0.00035435435 	-0.0165486 	-1.9106292e-08 	-0.00054644355 	0.61766707
-0.00034234234 	-0.016548576 	-1.9017415e-08 	-0.00052792081 	0.61854735
-0.00033033033 	-0.016548552 	-1.8928537e-08 	-0.00050939806 	0.61942762
-0.00031831832 	-0.016548527 	-1.883966e-08 	-0.00049087532 	0.6203079
-0.00030630631 	-0.016548503 	-1.8750782e-08 	-0.00047235257 	0.62118817
-0.00029429429 	-0.016548478 	-1.8661905e-08 	-0.00045382983 	0.62206844
-0.00028228228 	-0.016548454 	-1.8573027e-08 	-0.00043530708 	0.62294872
-0.00027027027 	-0.01654843 	-1.848415e-08 	-0.00041678433 	0.62382899
-0.00025825826 	-0.016548405 	-1.8395272e-08 	-0.00039826159 	0.62470927
-0.00024624625 	-0.016548381 	-1.8306395e-08 	-0.00037973884 	0.62558954
-0.00023423423 	-0.016548357 	-1.8217518e-08 	-0.0003612161 	0.62646981
-0.00022222222 	-0.016548332 	-1.812864e-08 	-0.00034269335 	0.62735009
-0.00021021021 	-0.016548308 	-1.8039763e-08 	-0.00032417061 	0.62823036
-0.0001981982 	-0.016548283 	-1.7950885e-08 	-0.00030564786 	0.62911064
-0.00018618619 	-0.016548259 	-1.7862008e-08 	-0.00028712511 	0.62999091
-0.00017417417 	-0.016548235 	-1.777313e-08 	-0.00026860237 	0.63087118
-0.00016216216 	-0.01654821 	-1.7684253e-08 	-0.00025007962 	0.63175146
-0.00015015015 	-0.016548186 	-1.7595375e-08 	-0.00023155688 	0.63263173
-0.00013813814 	-0.016548162 	-1.7506498e-08 	-0.00021303413 	0.63351201
-0.00012612613 	-0.016548137 	-1.741762e-08 	-0.00019451139 	0.63439228
-0.00011411411 	-0.016548113 	-1.7328743e-08 	-0.00017598864 	0.63527256
-0.0001021021 	-0.016548089 	-1.7239865e-08 	-0.00015746589 	0.63615283
-9.009009e-05 	-0.016548064 	-1.7150988e-08 	-0.00013894315 	0.6370331
-7.8078078e-05 	-0.01654804 	-1.706211e-08 	-0.0001204204 	0.63791338
-6.6066066e-05 	-0.016548015 	-1.6973233e-08 	-0.00010189766 	0.63879365
-5.4054054e-05 	-0.016547991 	-1.6884355e-08 	-8.3374912e-05 	0.63967393
-4.2042042e-05 	-0.016547967 	-1.6795478e-08 	-6.4852166e-05 	0.6405542
-3.003003e-05 	-0.016547942 	-1.67066e-08 	-4.6329421e-05 	0.64143447
-1.8018018e-05 	-0.016547918 	-1.6617723e-08 	-2.7806675e-05 	0.64231475
-6.006006e-06 	-0.016547894 	-1.6528845e-08 	-9.2839291e-06 	0.64319502
6.006006e-06 	-0.016547893 	-1.6530381e-08 	9.2461159e-06 	0.64319362
1.8018018e-05 	-0.016547918 	-1.6621136e-08 	2.7768867e-05 	0.64231334
3.003003e-05 	-0.016547942 	-1.6711892e-08 	4.6291617e-05 	0.64143305
4.2042042e-05 	-0.016547966 	-1.6802647e-08 	6.4814368e-05 	0.64055277
5.4054054e-05 	-0.016547991 	-1.6893403e-08 	8.3337118e-05 	0.63967249
6.6066066e-05 	-0.016548015 	-1.6984158e-08 	0.00010185987 	0.63879221
7.8078078e-05 	-0.01654804 	-1.7074914e-08 	0.00012038262 	0.63791192
9.009009e-05 	-0.016548064 	-1.7165669e-08 	0.00013890537 	0.63703164
0.0001021021 	-0.016548088 	-1.7256425e-08 	0.00015742812 	0.63615136
0.00011411411 	-0.016548113 	-1.7347181e-08 	0.00017595087 	0.63527108
0.00012612613 	-0.016548137 	-1.7437936e-08 	0.00019447362 	0.6343908
0.00013813814 	-0.016548161 	-1.7528692e-08 	0.00021299637 	0.63351051
0.00015015015 	-0.016548186 	-1.7619447e-08 	0.00023151912 	0.63263023
0.00016216216 	-0.01654821 	-1.7710203e-08 	0.00025004187 	0.63174995
0.00017417417 	-0.016548235 	-1.7800958e-08 	0.00026856462 	0.63086967
0.00018618619 	-0.016548259 	-1.7891714e-08 	0.00028708738 	0.62998939
0.0001981982 	-0.016548283 	-1.798247e-08 	0.00030561013 	0.6291091
0.00021021021 	-0.016548308 	-1.8073225e-08 	0.00032413288 	0.62822882
0.00022222222 	-0.016548332 	-1.8163981e-08 	0.00034265563 	0.62734854
0.00023423423 	-0.016548356 	-1.8254736e-08 	0.00036117838 	0.62646826
0.00024624625 	-0.016548381 	-1.8345492e-08 	0.00037970113 	0.62558798
0.00025825826 	-0.016548405 	-1.8436247e-08 	0.00039822388 	0.62470769
0.00027027027 	-0.016548429 	-1.8527003e-08 	0.00041674663 	0.62382741
0.00028228228 	-0.016548454 	-1.8617759e-08 	0.00043526938 	0.62294713
0.00029429429 	-0.016548478 	-1.8708514e-08 	0.00045379213 	0.62206685
0.00030630631 	-0.016548503 	-1.879927e-08 	0.00047231488 	0.62118657
0.00031831832 	-0.016548527 	-1.8890025e-08 	0.00049083763 	0.62030628
0.00033033033 	-0.016548551 	-1.8980781e-08 	0.00050936038 	0.619426
0.00034234234 	-0.016548576 	-1.9071536e-08 	0.00052788313 	0.61854572
0.00035435435 	-0.0165486 	-1.9162292e-08 	0.00054640588 	0.61766544
0.00036636637 	-0.016548624 	-1.9253048e-08 	0.00056492864 	0.61678515
0.00037837838 	-0.016548649 	-1.9343803e-08 	0.00058345139 	0.61590487
0.00039039039 	-0.016548673 	-1.9434559e-08 	0.00060197414 	0.61502459
0.0004024024 	-0.016548697 	-1.9525314e-08 	0.00062049689 	0.61414431
0.00041441441 	-0.016548722 	-1.961607e-08 	0.00063901964 	0.61326403
0.00042642643 	-0.016548746 	-1.9706825e-08 	0.00065754239 	0.61238374
0.00043843844 	-0.016548771 	-1.9797581e-08 	0.00067606514 	0.61150346
0.00045045045 	-0.016548795 	-1.9888336e-08 	0.00069458789 	0.61062318
0.00046246246 	-0.016548819 	-1.9979092e-08 	0.00071311064 	0.6097429
0.00047447447 	-0.016548847 	-2.0099046e-08 	0.00073049121 	0.60856955
0.00048648649 	-0.016548886 	-2.0310177e-08 	0.00074437193 	0.60650008
0.0004984985 	-0.016548925 	-2.0521307e-08 	0.00075825266 	0.60443062
0.00051051051 	-0.016548964 	-2.0732437e-08 	0.00077213339 	0.60236115
0.00052252252 	-0.016549003 	-2.0943567e-08 	0.00078601412 	0.60029169
0.00053453453 	-0.016549041 	-2.1154698e-08 	0.00079989484 	0.59822223
0.00054654655 	-0.01654908 	-2.1365828e-08 	0.00081377557 	0.59615276
0.00055855856 	-0.016549119 	-2.1576958e-08 	0.0008276563 	0.5940833
0.00057057057 	-0.016549158 	-2.1788089e-08 	0.00084153703 	0.59201383
0.00058258258 	-0.016549196 	-2.1999219e-08 	0.00085541775 	0.58994437
0.00059459459 	-0.016549235 	-2.2210349e-08 	0.00086929848 	0.58787491
0.00060660661 	-0.016549274 	-2.2421479e-08 	0.00088317921 	0.58580544
0.00061861862 	-0.016549313 	-2.263261e-08 	0.00089705993 	0.58373598
0.00063063063 	-0.016549352 	-2.284374e-08 	0.00091094066 	0.58166652
0.00064264264 	-0.01654939 	-2.305487e-08 	0.00092482139 	0.57959705
0.00065465465 	-0.016549429 	-2.3266001e-08 	0.00093870212 	0.57752759
0.00066666667 	-0.016549468 	-2.3477131e-08 	0.00095258284 	0.57545812
0.00067867868 	-0.016549507 	-2.3688261e-08 	0.00096646357 	0.57338866
0.00069069069 	-0.016549546 	-2.3899391e-08 	0.0009803443 	0.5713192
0.0007027027 	-0.016549584 	-2.4110522e-08 	0.00099422503 	0.56924973
0.00071471471 	-0.016549623 	-2.4321652e-08 	0.0010081058 	0.56718027
0.00072672673 	-0.016549662 	-2.4532782e-08 	0.0010219865 	0.5651108
0.00073873874 	-0.016549701 	-2.4743913e-08 	0.0010358672 	0.56304134
0.00075075075 	-0.01654974 	-2.4955043e-08 	0.0010497479 	0.56097188
0.00076276276 	-0.016549778 	-2.5166173e-08 	0.0010636287 	0.55890241
0.00077477477 	-0.016549817 	-2.5377303e-08 	0.0010775094 	0.55683295
0.00078678679 	-0.016549856 	-2.5588434e-08 	0.0010913901 	0.55476349
0.0007987988 	-0.016549895 	-2.5799564e-08 	0.0011052708 	0.55269402
0.00081081081 	-0.016549933 	-2.6010694e-08 	0.0011191516 	0.55062456
0.00082282282 	-0.016549972 	-2.6221825e-08 	0.0011330323 	0.54855509
0.00083483483 	-0.016550011 	-2.6432955e-08 	0.001146913 	0.54648563
0.00084684685 	-0.01655005 	-2.6644085e-08 	0.0011607938 	0.54441617
0.00085885886 	-0.016550089 	-2.6855216e-08 	0.0011746745 	0.5423467
0.00087087087 	-0.016550127 	-2.7066346e-08 	0.0011885552 	0.54027724
0.00088288288 	-0.016550166 	-2.7277476e-08 	0.0012024359 	0.53820777
0.00089489489 	-0.016550205 	-2.7488606e-08 	0.0012163167 	0.53613831
0.00090690691 	-0.016550244 	-2.7699737e-08 	0.0012301974 	0.53406885
0.00091891892 	-0.016550283 	-2.7910867e-08 	0.0012440781 	0.53199938
0.00093093093 	-0.016550321 	-2.8121997e-08 	0.0012579588 	0.52992992
0.00094294294 	-0.01655036 	-2.8333729e-08 	0.0012719922 	0.52785582
0.00095495495 	-0.016550443 	-2.8692194e-08 	0.0012837371 	0.5242265
0.00096696697 	-0.016550526 	-2.9051356e-08 	0.0012954701 	0.5205898
0.00097897898 	-0.016550609 	-2.9410518e-08 	0.0013072031 	0.51695309
0.00099099099 	-0.016550692 	-2.976968e-08 	0.0013189362 	0.51331638
0.001003003 	-0.016550775 	-3.0128842e-08 	0.0013306692 	0.50967968
0.001015015 	-0.016550858 	-3.0488004e-08 	0.0013424022 	0.50604297
0.001027027 	-0.016550941 	-3.0847166e-08 	0.0013541352 	0.50240627
0.001039039 	-0.016551024 	-3.1206328e-08 	0.0013658683 	0.49876956
0.0010510511 	-0.016551107 	-3.156549e-08 	0.0013776013 	0.49513285
0.0010630631 	-0.01655119 	-3.1924652e-08 	0.0013893343 	0.49149615
0.0010750751 	-0.016551273 	-3.2283813e-08 	0.0014010673 	0.48785944
0.0010870871 	-0.016551357 	-3.2642975e-08 	0.0014128004 	0.48422274
0.0010990991 	-0.01655144 	-3.3002137e-08 	0.0014245334 	0.48058603
0.0011111111 	-0.016551523 	-3.3361299e-08 	0.0014362664 	0.47694932
0.0011231231 	-0.016551606 	-3.3720461e-08 	0.0014479994 	0.47331262
0.0011351351 	-0.016551689 	-3.4079623e-08 	0.0014597325 	0.46967591
0.0011471471 	-0.016551772 	-3.4438785e-08 	0.0014714655 	0.4660392
0.0011591592 	-0.016551855 	-3.4797947e-08 	0.0014831985 	0.4624025
0.0011711712 	-0.016551938 	-3.5157109e-08 	0.0014949315 	0.45876579
0.0011831832 	-0.016552021 	-3.5516271e-08 	0.0015066646 	0.45512909
0.0011951952 	-0.016552104 	-3.5875433e-08 	0.0015183976 	0.45149238
0.0012072072 	-0.016552192 	-3.6224661e-08 	0.001528333 	0.44791144
0.0012192192 	-0.0165523 	-3.6519324e-08 	0.0015302325 	0.44458819
0.0012312312 	-0.016552408 	-3.6813986e-08 	0.001532132 	0.44126494
0.0012432432 	-0.016552516 	-3.7108649e-08 	0.0015340315 	0.43794169
0.0012552553 	-0.016552624 	-3.7403311e-08 	0.0015359309 	0.43461845
0.0012672673 	-0.016552732 	-3.7697974e-08 	0.0015378304 	0.4312952
0.0012792793 	-0.01655284 	-3.7992636e-08 	0.0015397299 	0.42797195
0.0012912913 	-0.016552948 	-3.8287299e-08 	0.0015416294 	0.42464871
0.0013033033 	-0.016553056 	-3.8581962e-08 	0.0015435288 	0.42132546
0.0013153153 	-0.016553164 	-3.8876624e-08 	0.0015454283 	0.41800221
0.0013273273 	-0.016553272 	-3.9171287e-08 	0.0015473278 	0.41467896
0.0013393393 	-0.01655338 	-3.9465949e-08 	0.0015492273 	0.41135572
0.0013513514 	-0.016553488 	-3.9760612e-08 	0.0015511267 	0.40803247
0.0013633634 	-0.016553596 	-4.0055274e-08 	0.0015530262 	0.40470922
0.0013753754 	-0.016553704 	-4.0349937e-08 	0.0015549257 	0.40138598
0.0013873874 	-0.016553813 	-4.0644599e-08 	0.0015568251 	0.39806273
0.0013993994 	-0.016553921 	-4.0939262e-08 	0.0015587246 	0.39473948
0.0014114114 	-0.016554029 	-4.1233924e-08 	0.0015606241 	0.39141623
0.0014234234 	-0.016554137 	-4.1528587e-08 	0.0015625236 	0.38809299
0.0014354354 	-0.016554245 	-4.182801e-08 	0.0015645077 	0.38475636
0.0014474474 	-0.01655435 	-4.2071965e-08 	0.0015598439 	0.38141777
0.0014594595 	-0.016554454 	-4.2314928e-08 	0.0015550866 	0.37807985
0.0014714715 	-0.016554558 	-4.2557891e-08 	0.0015503293 	0.37474193
0.0014834835 	-0.016554662 	-4.2800854e-08 	0.001545572 	0.37140401
0.0014954955 	-0.016554766 	-4.3043817e-08 	0.0015408147 	0.36806609
0.0015075075 	-0.016554871 	-4.3286781e-08 	0.0015360574 	0.36472818
0.0015195195 	-0.016554975 	-4.3529744e-08 	0.0015313001 	0.36139026
0.0015315315 	-0.016555079 	-4.3772707e-08 	0.0015265428 	0.35805234
0.0015435435 	-0.016555183 	-4.401567e-08 	0.0015217855 	0.35471442
0.0015555556 	-0.016555288 	-4.4258633e-08 	0.0015170282 	0.3513765
0.0015675676 	-0.016555392 	-4.4501596e-08 	0.0015122709 	0.34803859
0.0015795796 	-0.016555496 	-4.4744559e-08 	0.0015075136 	0.34470067
0.0015915916 	-0.0165556 	-4.4987523e-08 	0.0015027563 	0.34136275
0.0016036036 	-0.016555704 	-4.5230486e-08 	0.001497999 	0.33802483
0.0016156156 	-0.016555809 	-4.5473449e-08 	0.0014932418 	0.33468691
0.0016276276 	-0.016555913 	-4.5716412e-08 	0.0014884845 	0.331349
0.0016396396 	-0.016556018 	-4.5960705e-08 	0.0014835199 	0.32800147
0.0016516517 	-0.016556118 	-4.6131765e-08 	0.0014742428 	0.3247815
0.0016636637 	-0.016556218 	-4.6302824e-08 	0.0014649658 	0.32156153
0.0016756757 	-0.016556318 	-4.6473884e-08 	0.0014556888 	0.31834156
0.0016876877 	-0.016556418 	-4.6644944e-08 	0.0014464117 	0.31512159
0.0016996997 	-0.016556518 	-4.6816004e-08 	0.0014371347 	0.31190162
0.0017117117 	-0.016556618 	-4.6987063e-08 	0.0014278577 	0.30868165
0.0017237237 	-0.016556718 	-4.7158123e-08 	0.0014185807 	0.30546168
0.0017357357 	-0.016556818 	-4.7329183e-08 	0.0014093036 	0.30224171
0.0017477477 	-0.016556918 	-4.7500243e-08 	0.0014000266 	0.29902174
0.0017597598 	-0.016557018 	-4.7671302e-08 	0.0013907496 	0.29580177
0.0017717718 	-0.016557118 	-4.7842362e-08 	0.0013814725 	0.2925818
0.0017837838 	-0.016557219 	-4.8013422e-08 	0.0013721955 	0.28936183
0.0017957958 	-0.016557319 	-4.8184482e-08 	0.0013629185 	0.28614186
0.0018078078 	-0.016557419 	-4.8355541e-08 	0.0013536414 	0.28292189
0.0018198198 	-0.016557518 	-4.8521763e-08 	0.0013439908 	0.27970858
0.0018318318 	-0.01655761 	-4.862368e-08 	0.0013318393 	0.27666892
0.0018438438 	-0.016557701 	-4.8725596e-08 	0.0013196878 	0.27362927
0.0018558559 	-0.016557792 	-4.8827513e-08 	0.0013075364 	0.27058961
0.0018678679 	-0.016557883 	-4.892943e-08 	0.0012953849 	0.26754996
0.0018798799 	-0.016557974 	-4.9031346e-08 	0.0012832335 	0.2645103
0.0018918919 	-0.016558065 	-4.9133263e-08 	0.001271082 	0.26147065
0.0019039039 	-0.016558156 	-4.9235179e-08 	0.0012589305 	0.25843099
0.0019159159 	-0.016558247 	-4.9337096e-08 	0.0012467791 	0.25539134
0.0019279279 	-0.016558339 	-4.9439013e-08 	0.0012346276 	0.25235168
0.0019399399 	-0.01655843 	-4.9540929e-08 	0.0012224761 	0.24931203
0.001951952 	-0.016558521 	-4.9642846e-08 	0.0012103247 	0.24627237
0.001963964 	-0.016558612 	-4.9744763e-08 	0.0011981732 	0.24323272
0.001975976 	-0.016558704 	-4.9847449e-08 	0.0011859736 	0.24018511
0.001987988 	-0.016558785 	-4.9895166e-08 	0.0011722623 	0.23732907
0.002 	-0.016558866 	-4.9939619e-08 	0.0011584947 	0.23448693
0.002012012 	-0.016558946 	-4.9984071e-08 	0.001144727 	0.2316448
0.002024024 	-0.016559027 	-5.0028523e-08 	0.0011309593 	0.22880266
0.002036036 	-0.016559107 	-5.0072975e-08 	0.0011171916 	0.22596053
0.002048048 	-0.016559188 	-5.0117427e-08 	0.0011034239 	0.22311839
0.0020600601 	-0.016559268 	-5.0161879e-08 	0.0010896562 	0.22027625
0.0020720721 	-0.016559349 	-5.0206332e-08 	0.0010758886 	0.21743412
0.0020840841 	-0.01655943 	-5.0250784e-08 	0.0010621209 	0.21459198
0.0020960961 	-0.01655951 	-5.0295236e-08 	0.0010483532 	0.21174985
0.0021081081 	-0.016559591 	-5.0339688e-08 	0.0010345855 	0.20890771
0.0021201201 	-0.016559668 	-5.0367918e-08 	0.0010204713 	0.20612148
0.0021321321 	-0.016559738 	-5.036651e-08 	0.0010059396 	0.20347041
0.0021441441 	-0.016559808 	-5.0365102e-08 	0.00099140789 	0.20081933
0.0021561562 	-0.016559878 	-5.0363694e-08 	0.00097687619 	0.19816826
0.0021681682 	-0.016559948 	-5.0362287e-08 	0.0009623445 	0.19551719
0.0021801802 	-0.016560018 	-5.0360879e-08 	0.00094781281 	0.19286612
0.0021921922 	-0.016560088 	-5.0359471e-08 	0.00093328112 	0.19021505
0.0022042042 	-0.016560158 	-5.0358063e-08 	0.00091874942 	0.18756398
0.0022162162 	-0.016560228 	-5.0356655e-08 	0.00090421773 	0.18491291
0.0022282282 	-0.016560297 	-5.0355247e-08 	0.00088968604 	0.18226183
0.0022402402 	-0.016560367 	-5.034805e-08 	0.00087504558 	0.17962241
0.0022522523 	-0.016560427 	-5.0308333e-08 	0.00086029391 	0.17714556
0.0022642643 	-0.016560486 	-5.0268616e-08 	0.00084554225 	0.17466872
0.0022762763 	-0.016560546 	-5.0228899e-08 	0.00083079058 	0.17219188
0.0022882883 	-0.016560606 	-5.0189183e-08 	0.00081603892 	0.16971504
0.0023003003 	-0.016560665 	-5.0149466e-08 	0.00080128725 	0.16723819
0.0023123123 	-0.016560725 	-5.0109749e-08 	0.00078653559 	0.16476135
0.0023243243 	-0.016560785 	-5.0070032e-08 	0.00077178392 	0.16228451
0.0023363363 	-0.016560844 	-5.0030316e-08 	0.00075703225 	0.15980766
0.0023483483 	-0.016560904 	-4.9985357e-08 	0.00074221272 	0.15733867
0.0023603604 	-0.016560953 	-4.9910756e-08 	0.00072757793 	0.15501596
0.0023723724 	-0.016561003 	-4.9836155e-08 	0.00071294313 	0.15269325
0.0023843844 	-0.016561053 	-4.9761553e-08 	0.00069830833 	0.15037054
0.0023963964 	-0.016561102 	-4.9686952e-08 	0.00068367353 	0.14804783
0.0024084084 	-0.016561152 	-4.9612351e-08 	0.00066903874 	0.14572512
0.0024204204 	-0.016561202 	-4.953775e-08 	0.00065440394 	0.14340241
0.0024324324 	-0.016561252 	-4.9463149e-08 	0.00063976914 	0.1410797
0.0024444444 	-0.0165613 	-4.9381456e-08 	0.00062510805 	0.13877069
0.0024564565 	-0.016561342 	-4.9272245e-08 	0.00061078932 	0.1365822
0.0024684685 	-0.016561383 	-4.9163035e-08 	0.00059647058 	0.13439372
0.0024804805 	-0.016561424 	-4.9053824e-08 	0.00058215185 	0.13220523
0.0024924925 	-0.016561465 	-4.8944613e-08 	0.00056783311 	0.13001675
0.0025045045 	-0.016561506 	-4.8835402e-08 	0.00055351438 	0.12782826
0.0025165165 	-0.016561547 	-4.8726192e-08 	0.00053919564 	0.12563978
0.0025285285 	-0.016561589 	-4.8609953e-08 	0.00052486018 	0.12346221
0.0025405405 	-0.016561633 	-4.84635e-08 	0.00051088956 	0.12138981
0.0025525526 	-0.016561677 	-4.8317046e-08 	0.00049691895 	0.1193174
0.0025645646 	-0.01656172 	-4.8170592e-08 	0.00048294833 	0.11724499
0.0025765766 	-0.016561764 	-4.8024138e-08 	0.00046897772 	0.11517258
0.0025885886 	-0.016561808 	-4.7877684e-08 	0.0004550071 	0.11310018
0.0026006006 	-0.016561852 	-4.7730685e-08 	0.00044102209 	0.1110269
0.0026126126 	-0.016562024 	-4.7254408e-08 	0.00040439575 	0.1058647
0.0026246246 	-0.016562202 	-4.6761876e-08 	0.00036658503 	0.10053778
0.0026366366 	-0.016562381 	-4.6269343e-08 	0.00032877432 	0.09521086
0.0026486486 	-0.01656256 	-4.577681e-08 	0.00029096361 	0.08988394
0.0026606607 	-0.016562738 	-4.5284277e-08 	0.0002531529 	0.08455702
0.0026726727 	-0.016562824 	-4.4990078e-08 	0.00022994488 	0.081305245
0.0026846847 	-0.016562815 	-4.4905085e-08 	0.00022166329 	0.080150029
0.0026966967 	-0.016562807 	-4.4820092e-08 	0.00021338169 	0.078994813
0.0027087087 	-0.016562798 	-4.4735099e-08 	0.0002051001 	0.077839596
0.0027207207 	-0.016562789 	-4.4650106e-08 	0.0001968185 	0.07668438
0.0027327327 	-0.01656278 	-4.4565113e-08 	0.00018853691 	0.075529164
0.0027447447 	-0.016562772 	-4.448012e-08 	0.00018025531 	0.074373947
0.0027567568 	-0.016562763 	-4.4395126e-08 	0.00017197372 	0.073218731
0.0027687688 	-0.016562754 	-4.4310133e-08 	0.00016369212 	0.072063515
0.0027807808 	-0.016562745 	-4.422514e-08 	0.00015541053 	0.070908299
0.0027927928 	-0.016562736 	-4.4140147e-08 	0.00014712893 	0.069753082
0.0028048048 	-0.016562728 	-4.4055154e-08 	0.00013884734 	0.068597866
0.0028168168 	-0.016562719 	-4.3970161e-08 	0.00013056574 	0.06744265
0.0028288288 	-0.01656271 	-4.3885168e-08 	0.00012228415 	0.066287433
0.0028408408 	-0.016562701 	-4.3800175e-08 	0.00011400255 	0.065132217
0.0028528529 	-0.016562692 	-4.3715182e-08 	0.00010572096 	0.063977001
0.0028648649 	-0.016562684 	-4.3630189e-08 	9.7439364e-05 	0.062821785
0.0028768769 	-0.016562675 	-4.3545196e-08 	8.9157769e-05 	0.061666568
0.0028888889 	-0.016562666 	-4.3460203e-08 	8.0876174e-05 	0.060511352
0.0029009009 	-0.016562657 	-4.3375209e-08 	7.2594579e-05 	0.059356136
0.0029129129 	-0.016562648 	-4.3290216e-08 	6.4312984e-05 	0.058200919
0.0029249249 	-0.01656264 	-4.3205223e-08 	5.6031389e-05 	0.057045703
0.0029369369 	-0.016562631 	-4.312023e-08 	4.7749794e-05 	0.055890487
0.0029489489 	-0.016562622 	-4.3035237e-08 	3.9468199e-05 	0.05473527
0.002960961 	-0.016562613 	-4.2950244e-08 	3.1186604e-05 	0.053580054
0.002972973 	-0.016562604 	-4.2865251e-08 	2.2905009e-05 	0.052424838
0.002984985 	-0.016562596 	-4.2780258e-08 	1.4623414e-05 	0.051269622
0.002996997 	-0.016562587 	-4.2695265e-08 	6.3418189e-06 	0.050114405
0.003009009 	-0.016562578 	-4.2610272e-08 	-1.939776e-06 	0.048959189
0.003021021 	-0.016562569 	-4.2525279e-08 	-1.0221371e-05 	0.047803973
0.003033033 	-0.01656256 	-4.2440286e-08 	-1.8502966e-05 	0.046648756
0.003045045 	-0.016562552 	-4.2355292e-08 	-2.6784561e-05 	0.04549354
0.0030570571 	-0.016562543 	-4.2270299e-08 	-3.5066156e-05 	0.044338324
0.0030690691 	-0.016562534 	-4.2185306e-08 	-4.3347751e-05 	0.043183107
0.0030810811 	-0.016562525 	-4.2100313e-08 	-5.1629346e-05 	0.042027891
0.0030930931 	-0.016562517 	-4.201532e-08 	-5.9910941e-05 	0.040872675
0.0031051051 	-0.016562508 	-4.1930327e-08 	-6.8192536e-05 	0.039717459
0.0031171171 	-0.016562499 	-4.1845334e-08 	-7.6474131e-05 	0.038562242
0.0031291291 	-0.01656249 	-4.1760341e-08 	-8.4755726e-05 	0.037407026
0.0031411411 	-0.016562481 	-4.1675348e-08 	-9.3037321e-05 	0.03625181
0.0031531532 	-0.016562473 	-4.1590355e-08 	-0.00010131892 	0.035096593
0.0031651652 	-0.016562464 	-4.1505362e-08 	-0.00010960051 	0.033941377
0.0031771772 	-0.016562445 	-4.1421833e-08 	-0.00011733007 	0.032818359
0.0031891892 	-0.016562406 	-4.136738e-08 	-0.0001235009 	0.031776422
0.0032012012 	-0.016562367 	-4.1312926e-08 	-0.00012967172 	0.030734484
0.0032132132 	-0.016562329 	-4.1258473e-08 	-0.00013584254 	0.029692546
0.0032252252 	-0.01656229 	-4.120402e-08 	-0.00014201336 	0.028650608
0.0032372372 	-0.016562251 	-4.1149567e-08 	-0.00014818418 	0.027608671
0.0032492492 	-0.016562212 	-4.1095114e-08 	-0.000154355 	0.026566733
0.0032612613 	-0.016562174 	-4.1040661e-08 	-0.00016052583 	0.025524795
0.0032732733 	-0.016562135 	-4.0986208e-08 	-0.00016669665 	0.024482857
0.0032852853 	-0.016562096 	-4.0931755e-08 	-0.00017286747 	0.02344092
0.0032972973 	-0.016562057 	-4.0877302e-08 	-0.00017903829 	0.022398982
0.0033093093 	-0.016562019 	-4.0822849e-08 	-0.00018520911 	0.021357044
0.0033213213 	-0.01656198 	-4.0768396e-08 	-0.00019137993 	0.020315106
0.0033333333 	-0.016561941 	-4.0713943e-08 	-0.00019755076 	0.019273169
0.0033453453 	-0.016561902 	-4.065949e-08 	-0.00020372158 	0.018231231
0.0033573574 	-0.016561864 	-4.0605037e-08 	-0.0002098924 	0.017189293
0.0033693694 	-0.016561825 	-4.0550584e-08 	-0.00021606322 	0.016147355
0.0033813814 	-0.016561786 	-4.0496131e-08 	-0.00022223404 	0.015105418
0.0033933934 	-0.016561747 	-4.0441677e-08 	-0.00022840486 	0.01406348
0.0034054054 	-0.016561709 	-4.0387224e-08 	-0.00023457569 	0.013021542
0.0034174174 	-0.01656167 	-4.0332771e-08 	-0.00024074651 	0.011979604
0.0034294294 	-0.016561631 	-4.0278318e-08 	-0.00024691733 	0.010937667
0.0034414414 	-0.016561592 	-4.0223865e-08 	-0.00025308815 	0.009895729
0.0034534535 	-0.016561554 	-4.0169412e-08 	-0.00025925897 	0.0088537912
0.0034654655 	-0.016561515 	-4.0114959e-08 	-0.00026542979 	0.0078118535
0.0034774775 	-0.016561476 	-4.0060506e-08 	-0.00027160062 	0.0067699158
0.0034894895 	-0.016561437 	-4.0006053e-08 	-0.00027777144 	0.005727978
0.0035015015 	-0.016561399 	-3.99516e-08 	-0.00028394226 	0.0046860403
0.0035135135 	-0.01656136 	-3.9897147e-08 	-0.00029011308 	0.0036441025
0.0035255255 	-0.016561321 	-3.9842694e-08 	-0.0002962839 	0.0026021648
0.0035375375 	-0.016561282 	-3.9788241e-08 	-0.00030245472 	0.0015602271
0.0035495495 	-0.016561244 	-3.9733788e-08 	-0.00030862555 	0.00051828933
0.0035615616 	-0.016561205 	-3.9679335e-08 	-0.00031479637 	-0.00052364841
0.0035735736 	-0.016561166 	-3.9624882e-08 	-0.00032096719 	-0.0015655861
0.0035855856 	-0.016561127 	-3.9570429e-08 	-0.00032713801 	-0.0026075239
0.0035975976 	-0.016561088 	-3.9515975e-08 	-0.00033330883 	-0.0036494616
0.0036096096 	-0.01656105 	-3.9461522e-08 	-0.00033947965 	-0.0046913994
0.0036216216 	-0.01656101 	-3.9398918e-08 	-0.0003447814 	-0.0056595675
0.0036336336 	-0.01656097 	-3.934062e-08 	-0.00034621553 	-0.0063091253
0.0036456456 	-0.016560931 	-3.9282323e-08 	-0.00034764967 	-0.0069586831
0.0036576577 	-0.016560891 	-3.9224025e-08 	-0.00034908381 	-0.0076082409
0.0036696697 	-0.016560852 	-3.9165728e-08 	-0.00035051795 	-0.0082577987
0.0036816817 	-0.016560812 	-3.910743e-08 	-0.00035195209 	-0.0089073565
0.0036936937 	-0.016560773 	-3.9049133e-08 	-0.00035338623 	-0.0095569143
0.0037057057 	-0.016560734 	-3.8990835e-08 	-0.00035482036 	-0.010206472
0.0037177177 	-0.016560694 	-3.8932538e-08 	-0.0003562545 	-0.01085603
0.0037297297 	-0.016560655 	-3.887424e-08 	-0.00035768864 	-0.011505588
0.0037417417 	-0.016560615 	-3.8815943e-08 	-0.00035912278 	-0.012155145
0.0037537538 	-0.016560576 	-3.8757646e-08 	-0.00036055692 	-0.012804703
0.0037657658 	-0.016560536 	-3.8699348e-08 	-0.00036199106 	-0.013454261
0.0037777778 	-0.016560497 	-3.8641051e-08 	-0.0003634252 	-0.014103819
0.0037897898 	-0.016560457 	-3.8582753e-08 	-0.00036485933 	-0.014753377
0.0038018018 	-0.016560418 	-3.8524456e-08 	-0.00036629347 	-0.015402934
0.0038138138 	-0.016560378 	-3.8466158e-08 	-0.00036772761 	-0.016052492
0.0038258258 	-0.016560339 	-3.8407861e-08 	-0.00036916175 	-0.01670205
0.0038378378 	-0.016560299 	-3.8349563e-08 	-0.00037059589 	-0.017351608
0.0038498498 	-0.01656026 	-3.8291266e-08 	-0.00037203003 	-0.018001166
0.0038618619 	-0.01656022 	-3.8232968e-08 	-0.00037346416 	-0.018650723
0.0038738739 	-0.016560181 	-3.8174671e-08 	-0.0003748983 	-0.019300281
0.0038858859 	-0.016560141 	-3.8116373e-08 	-0.00037633244 	-0.019949839
0.0038978979 	-0.016560102 	-3.8058076e-08 	-0.00037776658 	-0.020599397
0.0039099099 	-0.016560062 	-3.7999778e-08 	-0.00037920072 	-0.021248955
0.0039219219 	-0.016560023 	-3.7941481e-08 	-0.00038063486 	-0.021898512
0.0039339339 	-0.016559983 	-3.7883183e-08 	-0.000382069 	-0.02254807
0.0039459459 	-0.016559944 	-3.7824886e-08 	-0.00038350313 	-0.023197628
0.003957958 	-0.016559904 	-3.7766588e-08 	-0.00038493727 	-0.023847186
0.00396997 	-0.016559865 	-3.7708291e-08 	-0.00038637141 	-0.024496744
0.003981982 	-0.016559825 	-3.7649993e-08 	-0.00038780555 	-0.025146301
0.003993994 	-0.016559786 	-3.7591696e-08 	-0.00038923969 	-0.025795859
0.004006006 	-0.016559746 	-3.7533398e-08 	-0.00039067383 	-0.026445417
0.004018018 	-0.016559708 	-3.7451247e-08 	-0.00039086618 	-0.026967517
0.00403003 	-0.016559673 	-3.7344329e-08 	-0.00038965594 	-0.027325091
0.004042042 	-0.016559637 	-3.7237411e-08 	-0.00038844569 	-0.027682666
0.0040540541 	-0.016559602 	-3.7130493e-08 	-0.00038723545 	-0.028040241
0.0040660661 	-0.016559567 	-3.7023575e-08 	-0.00038602521 	-0.028397815
0.0040780781 	-0.016559532 	-3.6916656e-08 	-0.00038481497 	-0.02875539
0.0040900901 	-0.016559496 	-3.6809738e-08 	-0.00038360472 	-0.029112965
0.0041021021 	-0.016559461 	-3.670282e-08 	-0.00038239448 	-0.029470539
0.0041141141 	-0.016559426 	-3.6595902e-08 	-0.00038118424 	-0.029828114
0.0041261261 	-0.016559391 	-3.6488984e-08 	-0.000379974 	-0.030185689
0.0041381381 	-0.016559355 	-3.6382066e-08 	-0.00037876375 	-0.030543263
0.0041501502 	-0.01655932 	-3.6275148e-08 	-0.00037755351 	-0.030900838
0.0041621622 	-0.016559285 	-3.616823e-08 	-0.00037634327 	-0.031258413
0.0041741742 	-0.01655925 	-3.6061312e-08 	-0.00037513303 	-0.031615987
0.0041861862 	-0.016559214 	-3.5954394e-08 	-0.00037392278 	-0.031973562
0.0041981982 	-0.016559179 	-3.5847476e-08 	-0.00037271254 	-0.032331137
0.0042102102 	-0.016559144 	-3.5740557e-08 	-0.0003715023 	-0.032688711
0.0042222222 	-0.016559108 	-3.5633639e-08 	-0.00037029206 	-0.033046286
0.0042342342 	-0.016559073 	-3.5526721e-08 	-0.00036908182 	-0.033403861
0.0042462462 	-0.016559038 	-3.5419803e-08 	-0.00036787157 	-0.033761435
0.0042582583 	-0.016559003 	-3.5312885e-08 	-0.00036666133 	-0.03411901
0.0042702703 	-0.016558967 	-3.5205967e-08 	-0.00036545109 	-0.034476585
0.0042822823 	-0.016558932 	-3.5099049e-08 	-0.00036424085 	-0.034834159
0.0042942943 	-0.016558897 	-3.4992131e-08 	-0.0003630306 	-0.035191734
0.0043063063 	-0.016558862 	-3.4885213e-08 	-0.00036182036 	-0.035549309
0.0043183183 	-0.016558826 	-3.4778295e-08 	-0.00036061012 	-0.035906883
0.0043303303 	-0.016558791 	-3.4671377e-08 	-0.00035939988 	-0.036264458
0.0043423423 	-0.016558756 	-3.4564458e-08 	-0.00035818963 	-0.036622033
0.0043543544 	-0.01655872 	-3.445754e-08 	-0.00035697939 	-0.036979607
0.0043663664 	-0.016558689 	-3.4317906e-08 	-0.00035481333 	-0.037208938
0.0043783784 	-0.016558663 	-3.4151031e-08 	-0.00035211683 	-0.037337039
0.0043903904 	-0.016558636 	-3.3984157e-08 	-0.00034942033 	-0.03746514
0.0044024024 	-0.016558609 	-3.3817282e-08 	-0.00034672383 	-0.037593242
0.0044144144 	-0.016558582 	-3.3650407e-08 	-0.00034402733 	-0.037721343
0.0044264264 	-0.016558556 	-3.3483533e-08 	-0.00034133083 	-0.037849444
0.0044384384 	-0.016558529 	-3.3316658e-08 	-0.00033863433 	-0.037977545
0.0044504505 	-0.016558502 	-3.3149783e-08 	-0.00033593783 	-0.038105646
0.0044624625 	-0.016558475 	-3.2982908e-08 	-0.00033324133 	-0.038233747
0.0044744745 	-0.016558448 	-3.2816034e-08 	-0.00033054483 	-0.038361848
0.0044864865 	-0.016558422 	-3.2649159e-08 	-0.00032784833 	-0.038489949
0.0044984985 	-0.016558395 	-3.2482284e-08 	-0.00032515183 	-0.03861805
0.0045105105 	-0.016558368 	-3.231541e-08 	-0.00032245533 	-0.038746152
0.0045225225 	-0.016558341 	-3.2148535e-08 	-0.00031975883 	-0.038874253
0.0045345345 	-0.016558315 	-3.198166e-08 	-0.00031706233 	-0.039002354
0.0045465465 	-0.016558288 	-3.1814786e-08 	-0.00031436583 	-0.039130455
0.0045585586 	-0.016558261 	-3.1647911e-08 	-0.00031166933 	-0.039258556
0.0045705706 	-0.016558234 	-3.1481036e-08 	-0.00030897283 	-0.039386657
0.0045825826 	-0.016558208 	-3.1314162e-08 	-0.00030627634 	-0.039514758
0.0045945946 	-0.016558181 	-3.1147287e-08 	-0.00030357984 	-0.039642859
0.0046066066 	-0.016558154 	-3.0980412e-08 	-0.00030088334 	-0.039770961
0.0046186186 	-0.016558127 	-3.0813538e-08 	-0.00029818684 	-0.039899062
0.0046306306 	-0.016558101 	-3.0646663e-08 	-0.00029549034 	-0.040027163
0.0046426426 	-0.016558074 	-3.0479788e-08 	-0.00029279384 	-0.040155264
0.0046546547 	-0.016558047 	-3.0312914e-08 	-0.00029009734 	-0.040283365
0.0046666667 	-0.016558021 	-3.0143701e-08 	-0.00028720487 	-0.040393191
0.0046786787 	-0.016558004 	-2.9924528e-08 	-0.00028383707 	-0.04033517
0.0046906907 	-0.016557988 	-2.9705355e-08 	-0.00028046928 	-0.040277149
0.0047027027 	-0.016557971 	-2.9486182e-08 	-0.00027710148 	-0.040219127
0.0047147147 	-0.016557954 	-2.9267008e-08 	-0.00027373369 	-0.040161106
0.0047267267 	-0.016557937 	-2.9047835e-08 	-0.00027036589 	-0.040103084
0.0047387387 	-0.016557921 	-2.8828662e-08 	-0.0002669981 	-0.040045063
0.0047507508 	-0.016557904 	-2.8609489e-08 	-0.0002636303 	-0.039987042
0.0047627628 	-0.016557887 	-2.8390316e-08 	-0.00026026251 	-0.03992902
0.0047747748 	-0.016557871 	-2.8171143e-08 	-0.00025689471 	-0.039870999
0.0047867868 	-0.016557854 	-2.795197e-08 	-0.00025352691 	-0.039812977
0.0047987988 	-0.016557837 	-2.7732797e-08 	-0.00025015912 	-0.039754956
0.0048108108 	-0.01655782 	-2.7513624e-08 	-0.00024679132 	-0.039696935
0.0048228228 	-0.016557804 	-2.7294451e-08 	-0.00024342353 	-0.039638913
0.0048348348 	-0.016557787 	-2.7075278e-08 	-0.00024005573 	-0.039580892
0.0048468468 	-0.01655777 	-2.6856105e-08 	-0.00023668794 	-0.03952287
0.0048588589 	-0.016557753 	-2.6636932e-08 	-0.00023332014 	-0.039464849
0.0048708709 	-0.016557737 	-2.6417759e-08 	-0.00022995235 	-0.039406828
0.0048828829 	-0.01655772 	-2.6198586e-08 	-0.00022658455 	-0.039348806
0.0048948949 	-0.016557703 	-2.5979413e-08 	-0.00022321676 	-0.039290785
0.0049069069 	-0.016557687 	-2.5760239e-08 	-0.00021984896 	-0.039232763
0.0049189189 	-0.01655767 	-2.5541066e-08 	-0.00021648117 	-0.039174742
0.0049309309 	-0.016557653 	-2.5321893e-08 	-0.00021311337 	-0.039116721
0.0049429429 	-0.016557642 	-2.5081846e-08 	-0.00020956211 	-0.038958703
0.004954955 	-0.016557635 	-2.4824687e-08 	-0.00020608955 	-0.038747048
0.004966967 	-0.016557628 	-2.4567529e-08 	-0.00020261698 	-0.038535393
0.004978979 	-0.016557621 	-2.431037e-08 	-0.00019914442 	-0.038323738
0.004990991 	-0.016557613 	-2.4053211e-08 	-0.00019567185 	-0.038112083
0.005003003 	-0.016557606 	-2.3796052e-08 	-0.00019219929 	-0.037900428
0.005015015 	-0.016557599 	-2.3538893e-08 	-0.00018872672 	-0.037688773
0.005027027 	-0.016557592 	-2.3281735e-08 	-0.00018525416 	-0.037477118
0.005039039 	-0.016557584 	-2.3024576e-08 	-0.00018178159 	-0.037265463
0.0050510511 	-0.016557577 	-2.2767417e-08 	-0.00017830903 	-0.037053808
0.0050630631 	-0.01655757 	-2.2510258e-08 	-0.00017483646 	-0.036842153
0.0050750751 	-0.016557563 	-2.2253099e-08 	-0.0001713639 	-0.036630498
0.0050870871 	-0.016557555 	-2.1995941e-08 	-0.00016789133 	-0.036418843
0.0050990991 	-0.016557548 	-2.1738782e-08 	-0.00016441877 	-0.036207188
0.0051111111 	-0.016557541 	-2.1481623e-08 	-0.0001609462 	-0.035995533
0.0051231231 	-0.016557533 	-2.1224464e-08 	-0.00015747364 	-0.035783878
0.0051351351 	-0.016557526 	-2.0967306e-08 	-0.00015400107 	-0.035572223
0.0051471471 	-0.016557519 	-2.0710147e-08 	-0.00015052851 	-0.035360568
0.0051591592 	-0.016557512 	-2.0452988e-08 	-0.00014705594 	-0.035148913
0.0051711712 	-0.016557504 	-2.0197749e-08 	-0.00014354376 	-0.034937713
0.0051831832 	-0.016557504 	-1.9922523e-08 	-0.00014025757 	-0.034615283
0.0051951952 	-0.016557505 	-1.9641562e-08 	-0.00013706157 	-0.034275432
0.0052072072 	-0.016557506 	-1.9360601e-08 	-0.00013386557 	-0.033935581
0.0052192192 	-0.016557507 	-1.907964e-08 	-0.00013066957 	-0.033595731
0.0052312312 	-0.016557507 	-1.8798679e-08 	-0.00012747356 	-0.03325588
0.0052432432 	-0.016557508 	-1.8517719e-08 	-0.00012427756 	-0.032916029
0.0052552553 	-0.016557509 	-1.8236758e-08 	-0.00012108156 	-0.032576179
0.0052672673 	-0.01655751 	-1.7955797e-08 	-0.00011788556 	-0.032236328
0.0052792793 	-0.016557511 	-1.7674836e-08 	-0.00011468955 	-0.031896477
0.0052912913 	-0.016557511 	-1.7393875e-08 	-0.00011149355 	-0.031556627
0.0053033033 	-0.016557512 	-1.7112915e-08 	-0.00010829755 	-0.031216776
0.0053153153 	-0.016557513 	-1.6831954e-08 	-0.00010510155 	-0.030876926
0.0053273273 	-0.016557514 	-1.6550993e-08 	-0.00010190554 	-0.030537075
0.0053393393 	-0.016557515 	-1.6270032e-08 	-9.8709541e-05 	-0.030197224
0.0053513514 	-0.016557515 	-1.5989071e-08 	-9.5513539e-05 	-0.029857374
0.0053633634 	-0.016557516 	-1.570811e-08 	-9.2317536e-05 	-0.029517523
0.0053753754 	-0.016557517 	-1.542715e-08 	-8.9121534e-05 	-0.029177672
0.0053873874 	-0.016557521 	-1.5145516e-08 	-8.6078449e-05 	-0.028793294
0.0053993994 	-0.016557528 	-1.4852055e-08 	-8.3409362e-05 	-0.028345597
0.0054114114 	-0.016557536 	-1.4558594e-08 	-8.0740276e-05 	-0.0278979
0.0054234234 	-0.016557544 	-1.4265134e-08 	-7.8071189e-05 	-0.027450203
0.0054354354 	-0.016557551 	-1.3971673e-08 	-7.5402103e-05 	-0.027002506
0.0054474474 	-0.016557559 	-1.3678213e-08 	-7.2733016e-05 	-0.026554809
0.0054594595 	-0.016557566 	-1.3384752e-08 	-7.006393e-05 	-0.026107112
0.0054714715 	-0.016557574 	-1.3091291e-08 	-6.7394844e-05 	-0.025659415
0.0054834835 	-0.016557581 	-1.2797831e-08 	-6.4725757e-05 	-0.025211718
0.0054954955 	-0.016557589 	-1.250437e-08 	-6.2056671e-05 	-0.024764021
0.0055075075 	-0.016557597 	-1.221091e-08 	-5.9387584e-05 	-0.024316324
0.0055195195 	-0.016557604 	-1.1917449e-08 	-5.6718498e-05 	-0.023868627
0.0055315315 	-0.016557612 	-1.1623988e-08 	-5.4049412e-05 	-0.02342093
0.0055435435 	-0.016557619 	-1.1330528e-08 	-5.1380325e-05 	-0.022973234
0.0055555556 	-0.016557627 	-1.1037067e-08 	-4.8711239e-05 	-0.022525537
0.0055675676 	-0.016557635 	-1.0747903e-08 	-4.6024381e-05 	-0.022075042
0.0055795796 	-0.016557648 	-1.0449854e-08 	-4.4048327e-05 	-0.021535946
0.0055915916 	-0.016557662 	-1.0151805e-08 	-4.2072272e-05 	-0.020996849
0.0056036036 	-0.016557675 	-9.853756e-09 	-4.0096218e-05 	-0.020457753
0.0056156156 	-0.016557688 	-9.555707e-09 	-3.8120164e-05 	-0.019918656
0.0056276276 	-0.016557702 	-9.257658e-09 	-3.614411e-05 	-0.01937956
0.0056396396 	-0.016557715 	-8.959609e-09 	-3.4168056e-05 	-0.018840464
0.0056516517 	-0.016557729 	-8.66156e-09 	-3.2192002e-05 	-0.018301367
0.0056636637 	-0.016557742 	-8.363511e-09 	-3.0215948e-05 	-0.017762271
0.0056756757 	-0.016557755 	-8.065462e-09 	-2.8239893e-05 	-0.017223175
0.0056876877 	-0.016557769 	-7.7674131e-09 	-2.6263839e-05 	-0.016684078
0.0056996997 	-0.016557782 	-7.4693641e-09 	-2.4287785e-05 	-0.016144982
0.0057117117 	-0.016557796 	-7.1713151e-09 	-2.2311731e-05 	-0.015605885
0.0057237237 	-0.016557809 	-6.8732661e-09 	-2.0335677e-05 	-0.015066789
0.0057357357 	-0.016557824 	-6.5796547e-09 	-1.8707334e-05 	-0.014491072
0.0057477477 	-0.016557841 	-6.2819855e-09 	-1.7507169e-05 	-0.013873952
0.0057597598 	-0.016557858 	-5.9843162e-09 	-1.6307004e-05 	-0.013256833
0.0057717718 	-0.016557875 	-5.686647e-09 	-1.5106839e-05 	-0.012639713
0.0057837838 	-0.016557892 	-5.3889777e-09 	-1.3906674e-05 	-0.012022593
0.0057957958 	-0.016557909 	-5.0913084e-09 	-1.2706509e-05 	-0.011405474
0.0058078078 	-0.016557926 	-4.7936392e-09 	-1.1506344e-05 	-0.010788354
0.0058198198 	-0.016557943 	-4.4959699e-09 	-1.0306179e-05 	-0.010171234
0.0058318318 	-0.016557959 	-4.1983007e-09 	-9.1060143e-06 	-0.0095541148
0.0058438438 	-0.016557976 	-3.9006314e-09 	-7.9058494e-06 	-0.0089369952
0.0058558559 	-0.016557993 	-3.6029621e-09 	-6.7056844e-06 	-0.0083198755
0.0058678679 	-0.01655801 	-3.3052929e-09 	-5.5055194e-06 	-0.0077027559
0.0058798799 	-0.016558028 	-3.0095861e-09 	-4.6818757e-06 	-0.0070404405
0.0058918919 	-0.016558046 	-2.7082619e-09 	-4.2142883e-06 	-0.0063362381
0.0059039039 	-0.016558064 	-2.4069376e-09 	-3.7467008e-06 	-0.0056320357
0.0059159159 	-0.016558082 	-2.1056133e-09 	-3.2791134e-06 	-0.0049278333
0.0059279279 	-0.0165581 	-1.8042891e-09 	-2.8115259e-06 	-0.0042236309
0.0059399399 	-0.016558118 	-1.5029648e-09 	-2.3439385e-06 	-0.0035194285
0.005951952 	-0.016558136 	-1.2016405e-09 	-1.8763511e-06 	-0.0028152261
0.005963964 	-0.016558154 	-9.0031628e-10 	-1.4087636e-06 	-0.0021110238
0.005975976 	-0.016558172 	-5.9899201e-10 	-9.4117619e-07 	-0.0014068214
0.005987988 	-0.01655819 	-2.9766775e-10 	-4.7358875e-07 	-0.00070261899
0.006 	-0.016558208 	-1.9382396e-21 	-3.6969841e-18 	-4.9405325e-15
