-0.006 	-0.019778983 	0 	0 	0
-0.005987988 	-0.019778952 	-3.2668012e-11 	1.5896286e-06 	-0.00039838381
-0.005975976 	-0.019778923 	-5.8689462e-11 	3.101685e-06 	-0.00081675728
-0.005963964 	-0.019778894 	-8.1701837e-11 	4.5786224e-06 	-0.0012441806
-0.005951952 	-0.019778865 	-1.0471421e-10 	6.0555598e-06 	-0.0016716039
-0.0059399399 	-0.019778837 	-1.2772659e-10 	7.5324972e-06 	-0.0020990272
-0.0059279279 	-0.019778808 	-1.5073896e-10 	9.0094346e-06 	-0.0025264506
-0.0059159159 	-0.019778779 	-1.7375134e-10 	1.0486372e-05 	-0.0029538739
-0.0059039039 	-0.01977875 	-1.9676371e-10 	1.1963309e-05 	-0.0033812972
-0.0058918919 	-0.019778722 	-2.1977609e-10 	1.3440247e-05 	-0.0038087205
-0.0058798799 	-0.019778693 	-2.4278846e-10 	1.4917184e-05 	-0.0042361438
-0.0058678679 	-0.019778664 	-2.6580084e-10 	1.6394122e-05 	-0.0046635671
-0.0058558559 	-0.01977863 	-2.915652e-10 	1.8377583e-05 	-0.0050765023
-0.0058438438 	-0.019778577 	-3.2843117e-10 	2.240437e-05 	-0.005430992
-0.0058318318 	-0.019778526 	-3.6078471e-10 	2.6224066e-05 	-0.0058031846
-0.0058198198 	-0.019778477 	-3.9130265e-10 	2.9959519e-05 	-0.0061825784
-0.0058078078 	-0.019778427 	-4.218206e-10 	3.3694971e-05 	-0.0065619722
-0.0057957958 	-0.019778377 	-4.5233854e-10 	3.7430424e-05 	-0.0069413661
-0.0057837838 	-0.019778328 	-4.8285649e-10 	4.1165877e-05 	-0.0073207599
-0.0057717718 	-0.019778278 	-5.1337444e-10 	4.490133e-05 	-0.0077001537
-0.0057597598 	-0.019778229 	-5.4389238e-10 	4.8636783e-05 	-0.0080795475
-0.0057477477 	-0.019778179 	-5.7441033e-10 	5.2372236e-05 	-0.0084589414
-0.0057357357 	-0.019778129 	-6.0492827e-10 	5.6107689e-05 	-0.0088383352
-0.0057237237 	-0.01977808 	-6.3544622e-10 	5.9843141e-05 	-0.009217729
-0.0057117117 	-0.01977803 	-6.6596417e-10 	6.3578594e-05 	-0.0095971229
-0.0056996997 	-0.01977798 	-6.9648211e-10 	6.7314047e-05 	-0.0099765167
-0.0056876877 	-0.019777934 	-7.3725467e-10 	7.3492608e-05 	-0.01030408
-0.0056756757 	-0.019777889 	-7.7998139e-10 	8.0173775e-05 	-0.010622289
-0.0056636637 	-0.019777847 	-8.1978136e-10 	8.641792e-05 	-0.010958959
-0.0056516517 	-0.019777805 	-8.5958133e-10 	9.2662066e-05 	-0.011295629
-0.0056396396 	-0.019777763 	-8.993813e-10 	9.8906212e-05 	-0.011632299
-0.0056276276 	-0.019777721 	-9.3918127e-10 	0.00010515036 	-0.011968969
-0.0056156156 	-0.019777678 	-9.7898124e-10 	0.0001113945 	-0.012305639
-0.0056036036 	-0.019777636 	-1.0187812e-09 	0.00011763865 	-0.012642309
-0.0055915916 	-0.019777594 	-1.0585812e-09 	0.00012388279 	-0.012978979
-0.0055795796 	-0.019777552 	-1.0983811e-09 	0.00013012694 	-0.013315649
-0.0055675676 	-0.01977751 	-1.1381811e-09 	0.00013637109 	-0.013652319
-0.0055555556 	-0.019777468 	-1.1779811e-09 	0.00014261523 	-0.013988989
-0.0055435435 	-0.019777426 	-1.2177811e-09 	0.00014885938 	-0.014325659
-0.0055315315 	-0.019777383 	-1.257581e-09 	0.00015510352 	-0.014662329
-0.0055195195 	-0.019777341 	-1.297381e-09 	0.00016134767 	-0.014998999
-0.0055075075 	-0.019777307 	-1.34468e-09 	0.00016955941 	-0.015292788
-0.0054954955 	-0.019777276 	-1.396424e-09 	0.00017893746 	-0.015561158
-0.0054834835 	-0.019777248 	-1.4474824e-09 	0.00018780612 	-0.015841433
-0.0054714715 	-0.01977722 	-1.4982654e-09 	0.00019647026 	-0.016126486
-0.0054594595 	-0.019777192 	-1.5490484e-09 	0.0002051344 	-0.01641154
-0.0054474474 	-0.019777164 	-1.5998315e-09 	0.00021379854 	-0.016696594
-0.0054354354 	-0.019777136 	-1.6506145e-09 	0.00022246268 	-0.016981648
-0.0054234234 	-0.019777108 	-1.7013975e-09 	0.00023112682 	-0.017266702
-0.0054114114 	-0.01977708 	-1.7521806e-09 	0.00023979097 	-0.017551756
-0.0053993994 	-0.019777052 	-1.8029636e-09 	0.00024845511 	-0.01783681
-0.0053873874 	-0.019777024 	-1.8537466e-09 	0.00025711925 	-0.018121864
-0.0053753754 	-0.019776996 	-1.9045297e-09 	0.00026578339 	-0.018406918
-0.0053633634 	-0.019776968 	-1.9553127e-09 	0.00027444753 	-0.018691972
-0.0053513514 	-0.01977694 	-2.0060957e-09 	0.00028311168 	-0.018977026
-0.0053393393 	-0.019776913 	-2.0568788e-09 	0.00029177582 	-0.019262079
-0.0053273273 	-0.019776885 	-2.1076618e-09 	0.00030043996 	-0.019547133
-0.0053153153 	-0.019776857 	-2.1584448e-09 	0.0003091041 	-0.019832187
-0.0053033033 	-0.019776835 	-2.2144142e-09 	0.00031900057 	-0.020086921
-0.0052912913 	-0.019776824 	-2.2780344e-09 	0.00033071498 	-0.020296926
-0.0052792793 	-0.019776813 	-2.3416729e-09 	0.0003422147 	-0.02050963
-0.0052672673 	-0.019776802 	-2.4053716e-09 	0.000353006 	-0.020731237
-0.0052552553 	-0.019776792 	-2.4690703e-09 	0.00036379731 	-0.020952843
-0.0052432432 	-0.019776781 	-2.532769e-09 	0.00037458862 	-0.02117445
-0.0052312312 	-0.019776771 	-2.5964677e-09 	0.00038537993 	-0.021396057
-0.0052192192 	-0.01977676 	-2.6601664e-09 	0.00039617124 	-0.021617664
-0.0052072072 	-0.01977675 	-2.7238651e-09 	0.00040696254 	-0.021839271
-0.0051951952 	-0.019776739 	-2.7875638e-09 	0.00041775385 	-0.022060878
-0.0051831832 	-0.019776729 	-2.8512625e-09 	0.00042854516 	-0.022282485
-0.0051711712 	-0.019776719 	-2.9149611e-09 	0.00043933647 	-0.022504092
-0.0051591592 	-0.019776708 	-2.9786598e-09 	0.00045012778 	-0.022725699
-0.0051471471 	-0.019776698 	-3.0423585e-09 	0.00046091908 	-0.022947306
-0.0051351351 	-0.019776687 	-3.1060572e-09 	0.00047171039 	-0.023168913
-0.0051231231 	-0.019776677 	-3.1697559e-09 	0.0004825017 	-0.02339052
-0.0051111111 	-0.019776666 	-3.2334546e-09 	0.00049329301 	-0.023612127
-0.0050990991 	-0.019776656 	-3.2971533e-09 	0.00050408432 	-0.023833734
-0.0050870871 	-0.019776645 	-3.360852e-09 	0.00051487562 	-0.024055341
-0.0050750751 	-0.019776635 	-3.4245507e-09 	0.00052566693 	-0.024276948
-0.0050630631 	-0.019776645 	-3.502914e-09 	0.00053883295 	-0.024424927
-0.0050510511 	-0.019776657 	-3.583531e-09 	0.00055236393 	-0.024561591
-0.005039039 	-0.01977667 	-3.6637255e-09 	0.00056544554 	-0.024700575
-0.005027027 	-0.019776682 	-3.7432958e-09 	0.00057786345 	-0.024842986
-0.005015015 	-0.019776694 	-3.8228662e-09 	0.00059028135 	-0.024985397
-0.005003003 	-0.019776706 	-3.9024366e-09 	0.00060269926 	-0.025127807
-0.004990991 	-0.019776718 	-3.982007e-09 	0.00061511717 	-0.025270218
-0.004978979 	-0.019776729 	-4.0615773e-09 	0.00062753507 	-0.025412629
-0.004966967 	-0.019776741 	-4.1411477e-09 	0.00063995298 	-0.025555039
-0.004954955 	-0.019776753 	-4.2207181e-09 	0.00065237089 	-0.02569745
-0.0049429429 	-0.019776765 	-4.3002884e-09 	0.0006647888 	-0.025839861
-0.0049309309 	-0.019776777 	-4.3798588e-09 	0.0006772067 	-0.025982271
-0.0049189189 	-0.019776789 	-4.4594292e-09 	0.00068962461 	-0.026124682
-0.0049069069 	-0.019776801 	-4.5389995e-09 	0.00070204252 	-0.026267093
-0.0048948949 	-0.019776813 	-4.6185699e-09 	0.00071446042 	-0.026409503
-0.0048828829 	-0.019776825 	-4.6981403e-09 	0.00072687833 	-0.026551914
-0.0048708709 	-0.019776837 	-4.7777106e-09 	0.00073929624 	-0.026694325
-0.0048588589 	-0.019776849 	-4.857281e-09 	0.00075171415 	-0.026836735
-0.0048468468 	-0.01977686 	-4.9368514e-09 	0.00076413205 	-0.026979146
-0.0048348348 	-0.019776872 	-5.0164217e-09 	0.00077654996 	-0.027121557
-0.0048228228 	-0.019776884 	-5.0959921e-09 	0.00078896787 	-0.027263967
-0.0048108108 	-0.019776896 	-5.1755625e-09 	0.00080138577 	-0.027406378
-0.0047987988 	-0.01977693 	-5.274082e-09 	0.0008152331 	-0.027478638
-0.0047867868 	-0.019776974 	-5.3805123e-09 	0.00082967718 	-0.027521613
-0.0047747748 	-0.019777017 	-5.4869426e-09 	0.00084412125 	-0.027564588
-0.0047627628 	-0.019777057 	-5.5886025e-09 	0.00085741994 	-0.027606669
-0.0047507508 	-0.019777096 	-5.6897997e-09 	0.00087060753 	-0.027648663
-0.0047387387 	-0.019777136 	-5.790997e-09 	0.00088379512 	-0.027690657
-0.0047267267 	-0.019777176 	-5.8921942e-09 	0.00089698272 	-0.027732652
-0.0047147147 	-0.019777215 	-5.9933915e-09 	0.00091017031 	-0.027774646
-0.0047027027 	-0.019777255 	-6.0945887e-09 	0.00092335791 	-0.02781664
-0.0046906907 	-0.019777295 	-6.195786e-09 	0.0009365455 	-0.027858635
-0.0046786787 	-0.019777334 	-6.2969832e-09 	0.0009497331 	-0.027900629
-0.0046666667 	-0.019777374 	-6.3981805e-09 	0.00096292069 	-0.027942623
-0.0046546547 	-0.019777414 	-6.4993777e-09 	0.00097610829 	-0.027984618
-0.0046426426 	-0.019777453 	-6.600575e-09 	0.00098929588 	-0.028026612
-0.0046306306 	-0.019777493 	-6.7017722e-09 	0.0010024835 	-0.028068606
-0.0046186186 	-0.019777532 	-6.8029695e-09 	0.0010156711 	-0.028110601
-0.0046066066 	-0.019777572 	-6.9041667e-09 	0.0010288587 	-0.028152595
-0.0045945946 	-0.019777612 	-7.005364e-09 	0.0010420463 	-0.028194589
-0.0045825826 	-0.019777651 	-7.1065612e-09 	0.0010552339 	-0.028236584
-0.0045705706 	-0.019777691 	-7.2077585e-09 	0.0010684215 	-0.028278578
-0.0045585586 	-0.019777731 	-7.3089557e-09 	0.001081609 	-0.028320573
-0.0045465465 	-0.01977777 	-7.410153e-09 	0.0010947966 	-0.028362567
-0.0045345345 	-0.01977781 	-7.5113502e-09 	0.0011079842 	-0.028404561
-0.0045225225 	-0.01977785 	-7.6125475e-09 	0.0011211718 	-0.028446556
-0.0045105105 	-0.019777889 	-7.7137447e-09 	0.0011343594 	-0.02848855
-0.0044984985 	-0.01977795 	-7.842574e-09 	0.0011479271 	-0.028461498
-0.0044864865 	-0.019778027 	-7.9924506e-09 	0.0011617843 	-0.028381854
-0.0044744745 	-0.019778104 	-8.1423272e-09 	0.0011756415 	-0.02830221
-0.0044624625 	-0.019778178 	-8.2867469e-09 	0.0011889783 	-0.028219127
-0.0044504505 	-0.019778248 	-8.4229293e-09 	0.0012015296 	-0.028130851
-0.0044384384 	-0.019778318 	-8.5591117e-09 	0.001214081 	-0.028042576
-0.0044264264 	-0.019778388 	-8.6952941e-09 	0.0012266323 	-0.0279543
-0.0044144144 	-0.019778458 	-8.8314765e-09 	0.0012391836 	-0.027866024
-0.0044024024 	-0.019778528 	-8.9676589e-09 	0.0012517349 	-0.027777749
-0.0043903904 	-0.019778598 	-9.1038413e-09 	0.0012642863 	-0.027689473
-0.0043783784 	-0.019778668 	-9.2400236e-09 	0.0012768376 	-0.027601197
-0.0043663664 	-0.019778738 	-9.376206e-09 	0.0012893889 	-0.027512922
-0.0043543544 	-0.019778809 	-9.5123884e-09 	0.0013019403 	-0.027424646
-0.0043423423 	-0.019778879 	-9.6485708e-09 	0.0013144916 	-0.02733637
-0.0043303303 	-0.019778949 	-9.7847532e-09 	0.0013270429 	-0.027248095
-0.0043183183 	-0.019779019 	-9.9209356e-09 	0.0013395943 	-0.027159819
-0.0043063063 	-0.019779089 	-1.0057118e-08 	0.0013521456 	-0.027071543
-0.0042942943 	-0.019779159 	-1.01933e-08 	0.0013646969 	-0.026983268
-0.0042822823 	-0.019779229 	-1.0329483e-08 	0.0013772483 	-0.026894992
-0.0042702703 	-0.019779299 	-1.0465665e-08 	0.0013897996 	-0.026806716
-0.0042582583 	-0.019779369 	-1.0601848e-08 	0.0014023509 	-0.026718441
-0.0042462462 	-0.019779439 	-1.073803e-08 	0.0014149022 	-0.026630165
-0.0042342342 	-0.019779509 	-1.0874212e-08 	0.0014274536 	-0.026541889
-0.0042222222 	-0.019779579 	-1.1010395e-08 	0.0014400049 	-0.026453614
-0.0042102102 	-0.019779649 	-1.1146577e-08 	0.0014525562 	-0.026365338
-0.0041981982 	-0.019779719 	-1.128276e-08 	0.0014651076 	-0.026277062
-0.0041861862 	-0.019779789 	-1.1418942e-08 	0.0014776589 	-0.026188787
-0.0041741742 	-0.019779859 	-1.1555124e-08 	0.0014902102 	-0.026100511
-0.0041621622 	-0.019779931 	-1.1696327e-08 	0.0015026752 	-0.026003692
-0.0041501502 	-0.019780035 	-1.1926419e-08 	0.0015136106 	-0.025755596
-0.0041381381 	-0.019780138 	-1.2156512e-08 	0.001524546 	-0.0255075
-0.0041261261 	-0.019780242 	-1.2386604e-08 	0.0015354815 	-0.025259403
-0.0041141141 	-0.019780341 	-1.2604009e-08 	0.0015458722 	-0.025003523
-0.0041021021 	-0.019780435 	-1.2806439e-08 	0.0015556201 	-0.024738453
-0.0040900901 	-0.01978053 	-1.3008868e-08 	0.0015653679 	-0.024473383
-0.0040780781 	-0.019780624 	-1.3211298e-08 	0.0015751158 	-0.024208314
-0.0040660661 	-0.019780718 	-1.3413728e-08 	0.0015848637 	-0.023943244
-0.0040540541 	-0.019780812 	-1.3616157e-08 	0.0015946115 	-0.023678175
-0.004042042 	-0.019780906 	-1.3818587e-08 	0.0016043594 	-0.023413105
-0.00403003 	-0.019781 	-1.4021016e-08 	0.0016141073 	-0.023148036
-0.004018018 	-0.019781094 	-1.4223446e-08 	0.0016238551 	-0.022882966
-0.004006006 	-0.019781188 	-1.4425875e-08 	0.001633603 	-0.022617897
-0.003993994 	-0.019781282 	-1.4628305e-08 	0.0016433509 	-0.022352827
-0.003981982 	-0.019781376 	-1.4830734e-08 	0.0016530987 	-0.022087758
-0.00396997 	-0.01978147 	-1.5033164e-08 	0.0016628466 	-0.021822688
-0.003957958 	-0.019781564 	-1.5235593e-08 	0.0016725944 	-0.021557619
-0.0039459459 	-0.019781659 	-1.5438023e-08 	0.0016823423 	-0.021292549
-0.0039339339 	-0.019781753 	-1.5640452e-08 	0.0016920902 	-0.02102748
-0.0039219219 	-0.019781847 	-1.5842882e-08 	0.001701838 	-0.02076241
-0.0039099099 	-0.019781941 	-1.6045311e-08 	0.0017115859 	-0.020497341
-0.0038978979 	-0.019782035 	-1.6247741e-08 	0.0017213338 	-0.020232271
-0.0038858859 	-0.019782129 	-1.645017e-08 	0.0017310816 	-0.019967201
-0.0038738739 	-0.019782223 	-1.66526e-08 	0.0017408295 	-0.019702132
-0.0038618619 	-0.019782317 	-1.6855029e-08 	0.0017505773 	-0.019437062
-0.0038498498 	-0.019782411 	-1.7057459e-08 	0.0017603252 	-0.019171993
-0.0038378378 	-0.019782505 	-1.7259888e-08 	0.0017700731 	-0.018906923
-0.0038258258 	-0.019782599 	-1.7462318e-08 	0.0017798209 	-0.018641854
-0.0038138138 	-0.019782693 	-1.7664747e-08 	0.0017895688 	-0.018376784
-0.0038018018 	-0.019782787 	-1.7867177e-08 	0.0017993167 	-0.018111715
-0.0037897898 	-0.019782882 	-1.8069607e-08 	0.0018090645 	-0.017846645
-0.0037777778 	-0.019782976 	-1.8272036e-08 	0.0018188124 	-0.017581576
-0.0037657658 	-0.01978308 	-1.859902e-08 	0.0018248941 	-0.017147039
-0.0037537538 	-0.01978319 	-1.897701e-08 	0.0018294745 	-0.016643105
-0.0037417417 	-0.019783299 	-1.9354999e-08 	0.0018340549 	-0.016139171
-0.0037297297 	-0.019783408 	-1.9732989e-08 	0.0018386353 	-0.015635237
-0.0037177177 	-0.019783511 	-2.0081205e-08 	0.0018427055 	-0.015115927
-0.0037057057 	-0.019783611 	-2.0412072e-08 	0.0018464784 	-0.014587657
-0.0036936937 	-0.01978371 	-2.0742939e-08 	0.0018502513 	-0.014059386
-0.0036816817 	-0.019783809 	-2.1073806e-08 	0.0018540241 	-0.013531116
-0.0036696697 	-0.019783909 	-2.1404674e-08 	0.001857797 	-0.013002845
-0.0036576577 	-0.019784008 	-2.1735541e-08 	0.0018615699 	-0.012474575
-0.0036456456 	-0.019784107 	-2.2066408e-08 	0.0018653428 	-0.011946305
-0.0036336336 	-0.019784207 	-2.2397275e-08 	0.0018691157 	-0.011418034
-0.0036216216 	-0.019784306 	-2.2728142e-08 	0.0018728885 	-0.010889764
-0.0036096096 	-0.019784406 	-2.3059009e-08 	0.0018766614 	-0.010361493
-0.0035975976 	-0.019784505 	-2.3389876e-08 	0.0018804343 	-0.0098332228
-0.0035855856 	-0.019784604 	-2.3720743e-08 	0.0018842072 	-0.0093049524
-0.0035735736 	-0.019784704 	-2.405161e-08 	0.0018879801 	-0.008776682
-0.0035615616 	-0.019784803 	-2.4382478e-08 	0.0018917529 	-0.0082484116
-0.0035495495 	-0.019784902 	-2.4713345e-08 	0.0018955258 	-0.0077201411
-0.0035375375 	-0.019785002 	-2.5044212e-08 	0.0018992987 	-0.0071918707
-0.0035255255 	-0.019785101 	-2.5375079e-08 	0.0019030716 	-0.0066636003
-0.0035135135 	-0.0197852 	-2.5705946e-08 	0.0019068445 	-0.0061353299
-0.0035015015 	-0.0197853 	-2.6036813e-08 	0.0019106173 	-0.0056070594
-0.0034894895 	-0.019785399 	-2.636768e-08 	0.0019143902 	-0.005078789
-0.0034774775 	-0.019785498 	-2.6698547e-08 	0.0019181631 	-0.0045505186
-0.0034654655 	-0.019785598 	-2.7029415e-08 	0.001921936 	-0.0040222482
-0.0034534535 	-0.019785697 	-2.7360282e-08 	0.0019257089 	-0.0034939777
-0.0034414414 	-0.019785796 	-2.7691149e-08 	0.0019294817 	-0.0029657073
-0.0034294294 	-0.019785896 	-2.8022016e-08 	0.0019332546 	-0.0024374369
-0.0034174174 	-0.019785995 	-2.8352883e-08 	0.0019370275 	-0.0019091665
-0.0034054054 	-0.019786095 	-2.868375e-08 	0.0019408004 	-0.001380896
-0.0033933934 	-0.019786194 	-2.9014617e-08 	0.0019445732 	-0.00085262562
-0.0033813814 	-0.019786293 	-2.9345484e-08 	0.0019483461 	-0.0003243552
-0.0033693694 	-0.019786393 	-2.9676351e-08 	0.001952119 	0.00020391523
-0.0033573574 	-0.019786492 	-3.0007219e-08 	0.0019558919 	0.00073218565
-0.0033453453 	-0.019786591 	-3.0338086e-08 	0.0019596648 	0.0012604561
-0.0033333333 	-0.019786691 	-3.0674445e-08 	0.001963123 	0.001798037
-0.0033213213 	-0.019786802 	-3.1263401e-08 	0.0019521095 	0.0027638383
-0.0033093093 	-0.019786913 	-3.1852358e-08 	0.0019410961 	0.0037296396
-0.0032972973 	-0.019787024 	-3.2441314e-08 	0.0019300826 	0.004695441
-0.0032852853 	-0.019787135 	-3.303027e-08 	0.0019190692 	0.0056612423
-0.0032732733 	-0.019787242 	-3.3595501e-08 	0.0019082802 	0.0066359271
-0.0032612613 	-0.019787343 	-3.412454e-08 	0.0018978337 	0.0076241638
-0.0032492492 	-0.019787444 	-3.4653578e-08 	0.0018873871 	0.0086124005
-0.0032372372 	-0.019787545 	-3.5182617e-08 	0.0018769406 	0.0096006372
-0.0032252252 	-0.019787646 	-3.5711655e-08 	0.0018664941 	0.010588874
-0.0032132132 	-0.019787747 	-3.6240694e-08 	0.0018560476 	0.011577111
-0.0032012012 	-0.019787849 	-3.6769732e-08 	0.0018456011 	0.012565347
-0.0031891892 	-0.01978795 	-3.729877e-08 	0.0018351545 	0.013553584
-0.0031771772 	-0.019788051 	-3.7827809e-08 	0.001824708 	0.014541821
-0.0031651652 	-0.019788152 	-3.8356847e-08 	0.0018142615 	0.015530057
-0.0031531532 	-0.019788253 	-3.8885886e-08 	0.001803815 	0.016518294
-0.0031411411 	-0.019788354 	-3.9414924e-08 	0.0017933684 	0.017506531
-0.0031291291 	-0.019788455 	-3.9943963e-08 	0.0017829219 	0.018494767
-0.0031171171 	-0.019788556 	-4.0473001e-08 	0.0017724754 	0.019483004
-0.0031051051 	-0.019788657 	-4.100204e-08 	0.0017620289 	0.020471241
-0.0030930931 	-0.019788758 	-4.1531078e-08 	0.0017515823 	0.021459477
-0.0030810811 	-0.019788859 	-4.2060116e-08 	0.0017411358 	0.022447714
-0.0030690691 	-0.01978896 	-4.2589155e-08 	0.0017306893 	0.023435951
-0.0030570571 	-0.019789061 	-4.3118193e-08 	0.0017202428 	0.024424187
-0.003045045 	-0.019789162 	-4.3647232e-08 	0.0017097962 	0.025412424
-0.003033033 	-0.019789263 	-4.417627e-08 	0.0016993497 	0.026400661
-0.003021021 	-0.019789364 	-4.4705309e-08 	0.0016889032 	0.027388897
-0.003009009 	-0.019789465 	-4.5234347e-08 	0.0016784567 	0.028377134
-0.002996997 	-0.019789567 	-4.5763386e-08 	0.0016680102 	0.029365371
-0.002984985 	-0.019789668 	-4.6292424e-08 	0.0016575636 	0.030353607
-0.002972973 	-0.019789769 	-4.6821462e-08 	0.0016471171 	0.031341844
-0.002960961 	-0.01978987 	-4.7350501e-08 	0.0016366706 	0.032330081
-0.0029489489 	-0.019789971 	-4.7879539e-08 	0.0016262241 	0.033318317
-0.0029369369 	-0.019790072 	-4.8408578e-08 	0.0016157775 	0.034306554
-0.0029249249 	-0.019790173 	-4.8937616e-08 	0.001605331 	0.035294791
-0.0029129129 	-0.019790274 	-4.9466655e-08 	0.0015948845 	0.036283027
-0.0029009009 	-0.019790375 	-4.9995693e-08 	0.001584438 	0.037271264
-0.0028888889 	-0.019790476 	-5.0524732e-08 	0.0015739914 	0.038259501
-0.0028768769 	-0.019790577 	-5.105377e-08 	0.0015635449 	0.039247737
-0.0028648649 	-0.019790678 	-5.1582808e-08 	0.0015530984 	0.040235974
-0.0028528529 	-0.019790779 	-5.2111847e-08 	0.0015426519 	0.041224211
-0.0028408408 	-0.01979088 	-5.2640885e-08 	0.0015322054 	0.042212447
-0.0028288288 	-0.019790923 	-5.3146091e-08 	0.0015172858 	0.043350329
-0.0028168168 	-0.01979088 	-5.3616343e-08 	0.0014958057 	0.044707691
-0.0028048048 	-0.019790837 	-5.4086594e-08 	0.0014743256 	0.046065052
-0.0027927928 	-0.019790793 	-5.4556845e-08 	0.0014528456 	0.047422413
-0.0027807808 	-0.01979075 	-5.5027097e-08 	0.0014313655 	0.048779774
-0.0027687688 	-0.019790708 	-5.5494742e-08 	0.0014101615 	0.05013563
-0.0027567568 	-0.019790673 	-5.5948587e-08 	0.0013904194 	0.051483516
-0.0027447447 	-0.019790639 	-5.6402433e-08 	0.0013706773 	0.052831401
-0.0027327327 	-0.019790604 	-5.6856278e-08 	0.0013509351 	0.054179287
-0.0027207207 	-0.019790569 	-5.7310124e-08 	0.001331193 	0.055527172
-0.0027087087 	-0.019790535 	-5.7763969e-08 	0.0013114509 	0.056875058
-0.0026966967 	-0.0197905 	-5.8217815e-08 	0.0012917087 	0.058222943
-0.0026846847 	-0.019790465 	-5.867166e-08 	0.0012719666 	0.059570829
-0.0026726727 	-0.01979043 	-5.9125505e-08 	0.0012522245 	0.060918715
-0.0026606607 	-0.019790396 	-5.9579351e-08 	0.0012324823 	0.0622666
-0.0026486486 	-0.019790361 	-6.0033196e-08 	0.0012127402 	0.063614486
-0.0026366366 	-0.019790326 	-6.0487042e-08 	0.0011929981 	0.064962371
-0.0026246246 	-0.019790291 	-6.0940887e-08 	0.001173256 	0.066310257
-0.0026126126 	-0.019790257 	-6.1394733e-08 	0.0011535138 	0.067658143
-0.0026006006 	-0.019790222 	-6.1848578e-08 	0.0011337717 	0.069006028
-0.0025885886 	-0.019790187 	-6.2302423e-08 	0.0011140296 	0.070353914
-0.0025765766 	-0.019790153 	-6.2756269e-08 	0.0010942874 	0.071701799
-0.0025645646 	-0.019790118 	-6.3210114e-08 	0.0010745453 	0.073049685
-0.0025525526 	-0.019790083 	-6.366396e-08 	0.0010548032 	0.07439757
-0.0025405405 	-0.019790048 	-6.4117805e-08 	0.001035061 	0.075745456
-0.0025285285 	-0.019790014 	-6.457165e-08 	0.0010153189 	0.077093342
-0.0025165165 	-0.019789979 	-6.5025496e-08 	0.00099557677 	0.078441227
-0.0025045045 	-0.019789944 	-6.5479341e-08 	0.00097583464 	0.079789113
-0.0024924925 	-0.019789909 	-6.5933187e-08 	0.00095609251 	0.081136998
-0.0024804805 	-0.019789875 	-6.6387032e-08 	0.00093635038 	0.082484884
-0.0024684685 	-0.01978984 	-6.6840878e-08 	0.00091660825 	0.083832769
-0.0024564565 	-0.019789805 	-6.7294723e-08 	0.00089686612 	0.085180655
-0.0024444444 	-0.019789771 	-6.7748568e-08 	0.00087712399 	0.086528541
-0.0024324324 	-0.019789736 	-6.8202414e-08 	0.00085738186 	0.087876426
-0.0024204204 	-0.019789701 	-6.8656259e-08 	0.00083763973 	0.089224312
-0.0024084084 	-0.019789666 	-6.9110105e-08 	0.0008178976 	0.090572197
-0.0023963964 	-0.019789632 	-6.956395e-08 	0.00079815547 	0.091920083
-0.0023843844 	-0.019789597 	-7.0017796e-08 	0.00077841333 	0.093267968
-0.0023723724 	-0.019789562 	-7.0471641e-08 	0.0007586712 	0.094615854
-0.0023603604 	-0.019789527 	-7.0925486e-08 	0.00073892907 	0.09596374
-0.0023483483 	-0.019789493 	-7.1379332e-08 	0.00071918694 	0.097311625
-0.0023363363 	-0.019789458 	-7.1833177e-08 	0.00069944481 	0.098659511
-0.0023243243 	-0.019789423 	-7.2287023e-08 	0.00067970268 	0.1000074
-0.0023123123 	-0.019789389 	-7.2740868e-08 	0.00065996055 	0.10135528
-0.0023003003 	-0.019789354 	-7.3194714e-08 	0.00064021842 	0.10270317
-0.0022882883 	-0.019789319 	-7.3648559e-08 	0.00062047629 	0.10405105
-0.0022762763 	-0.019789284 	-7.4102404e-08 	0.00060073416 	0.10539894
-0.0022642643 	-0.01978903 	-7.4761123e-08 	0.00055961411 	0.10822089
-0.0022522523 	-0.019787999 	-7.6334512e-08 	0.00044112099 	0.1167406
-0.0022402402 	-0.019787021 	-7.7956423e-08 	0.00032677699 	0.12515909
-0.0022282282 	-0.019786043 	-7.9578334e-08 	0.00021243299 	0.13357758
-0.0022162162 	-0.019785064 	-8.1200245e-08 	9.8088996e-05 	0.14199607
-0.0022042042 	-0.019784302 	-8.2388478e-08 	6.5470092e-06 	0.14880186
-0.0021921922 	-0.019784065 	-8.2634889e-08 	-2.9703758e-05 	0.15179221
-0.0021801802 	-0.019783838 	-8.2911042e-08 	-6.4935756e-05 	0.15475308
-0.0021681682 	-0.019783612 	-8.3187195e-08 	-0.00010016775 	0.15771394
-0.0021561562 	-0.019783385 	-8.3463348e-08 	-0.00013539975 	0.16067481
-0.0021441441 	-0.019783159 	-8.3739501e-08 	-0.00017063175 	0.16363567
-0.0021321321 	-0.019782963 	-8.3771923e-08 	-0.0002080274 	0.16684116
-0.0021201201 	-0.019782799 	-8.3838488e-08 	-0.00024320625 	0.17002749
-0.0021081081 	-0.019782634 	-8.3905054e-08 	-0.0002783851 	0.17321382
-0.0020960961 	-0.01978247 	-8.3971619e-08 	-0.00031356395 	0.17640015
-0.0020840841 	-0.019782305 	-8.4038185e-08 	-0.0003487428 	0.17958648
-0.0020720721 	-0.019782141 	-8.410475e-08 	-0.00038392165 	0.1827728
-0.0020600601 	-0.019781962 	-8.400288e-08 	-0.00042039449 	0.18613045
-0.002048048 	-0.019781778 	-8.3787862e-08 	-0.00045651989 	0.18962163
-0.002036036 	-0.019781603 	-8.3626239e-08 	-0.00049159444 	0.19306822
-0.002024024 	-0.019781427 	-8.3464617e-08 	-0.00052666899 	0.19651481
-0.002012012 	-0.019781252 	-8.3302994e-08 	-0.00056174354 	0.19996141
-0.002 	-0.019781076 	-8.3141371e-08 	-0.00059681809 	0.203408
-0.001987988 	-0.0197809 	-8.2979748e-08 	-0.00063189264 	0.20685459
-0.001975976 	-0.019780713 	-8.2697071e-08 	-0.00066742424 	0.21042941
-0.001963964 	-0.019780505 	-8.2187509e-08 	-0.00070299242 	0.21425976
-0.001951952 	-0.019780311 	-8.1783699e-08 	-0.00073692781 	0.21800093
-0.0019399399 	-0.019780117 	-8.137989e-08 	-0.00077086319 	0.2217421
-0.0019279279 	-0.019779924 	-8.097608e-08 	-0.00080479858 	0.22548328
-0.0019159159 	-0.01977973 	-8.057227e-08 	-0.00083873396 	0.22922445
-0.0019039039 	-0.019779536 	-8.016846e-08 	-0.00087266935 	0.23296562
-0.0018918919 	-0.019779342 	-7.9764651e-08 	-0.00090660473 	0.23670679
-0.0018798799 	-0.019779142 	-7.9285092e-08 	-0.00094043153 	0.2405348
-0.0018678679 	-0.01977892 	-7.8488353e-08 	-0.00097340076 	0.24473377
-0.0018558559 	-0.019778715 	-7.7843821e-08 	-0.0010046078 	0.24879448
-0.0018438438 	-0.01977851 	-7.7199289e-08 	-0.0010358148 	0.25285519
-0.0018318318 	-0.019778305 	-7.6554758e-08 	-0.0010670218 	0.2569159
-0.0018198198 	-0.0197781 	-7.5910226e-08 	-0.0010982288 	0.26097661
-0.0018078078 	-0.019777896 	-7.5265694e-08 	-0.0011294358 	0.26503732
-0.0017957958 	-0.019777691 	-7.4621163e-08 	-0.0011606428 	0.26909803
-0.0017837838 	-0.019777486 	-7.3976631e-08 	-0.0011918498 	0.27315874
-0.0017717718 	-0.019777281 	-7.3332099e-08 	-0.0012230568 	0.27721944
-0.0017597598 	-0.019777054 	-7.2322945e-08 	-0.001250636 	0.28176681
-0.0017477477 	-0.019776842 	-7.144519e-08 	-0.0012771329 	0.28617639
-0.0017357357 	-0.019776633 	-7.0595313e-08 	-0.0013034292 	0.29055628
-0.0017237237 	-0.019776425 	-6.9745437e-08 	-0.0013297256 	0.29493617
-0.0017117117 	-0.019776216 	-6.889556e-08 	-0.0013560219 	0.29931606
-0.0016996997 	-0.019776007 	-6.8045684e-08 	-0.0013823182 	0.30369595
-0.0016876877 	-0.019775798 	-6.7195807e-08 	-0.0014086146 	0.30807584
-0.0016756757 	-0.019775589 	-6.634593e-08 	-0.0014349109 	0.31245573
-0.0016636637 	-0.01977538 	-6.5496054e-08 	-0.0014612072 	0.31683562
-0.0016516517 	-0.019775171 	-6.4646177e-08 	-0.0014875036 	0.32121551
-0.0016396396 	-0.019774957 	-6.3665705e-08 	-0.0015096354 	0.32583527
-0.0016276276 	-0.019774741 	-6.260496e-08 	-0.0015282606 	0.33061433
-0.0016156156 	-0.019774536 	-6.163648e-08 	-0.0015468899 	0.33526073
-0.0016036036 	-0.019774331 	-6.0667999e-08 	-0.0015655191 	0.33990713
-0.0015915916 	-0.019774126 	-5.9699519e-08 	-0.0015841484 	0.34455352
-0.0015795796 	-0.019773921 	-5.8731039e-08 	-0.0016027776 	0.34919992
-0.0015675676 	-0.019773715 	-5.7762558e-08 	-0.0016214069 	0.35384632
-0.0015555556 	-0.01977351 	-5.6794078e-08 	-0.0016400361 	0.35849272
-0.0015435435 	-0.019773305 	-5.5825598e-08 	-0.0016586654 	0.36313911
-0.0015315315 	-0.0197731 	-5.4857118e-08 	-0.0016772947 	0.36778551
-0.0015195195 	-0.019772895 	-5.3888637e-08 	-0.0016959239 	0.37243191
-0.0015075075 	-0.01977269 	-5.2920157e-08 	-0.0017145532 	0.37707831
-0.0014954955 	-0.019772488 	-5.1931849e-08 	-0.0017248583 	0.38191677
-0.0014834835 	-0.019772289 	-5.0947478e-08 	-0.001731981 	0.38680115
-0.0014714715 	-0.019772097 	-5.000362e-08 	-0.0017400823 	0.39157173
-0.0014594595 	-0.019771905 	-4.9059762e-08 	-0.0017481837 	0.39634231
-0.0014474474 	-0.019771713 	-4.8115904e-08 	-0.001756285 	0.40111289
-0.0014354354 	-0.019771521 	-4.7172046e-08 	-0.0017643863 	0.40588347
-0.0014234234 	-0.019771329 	-4.6228188e-08 	-0.0017724876 	0.41065405
-0.0014114114 	-0.019771137 	-4.528433e-08 	-0.0017805889 	0.41542463
-0.0013993994 	-0.019770945 	-4.4340472e-08 	-0.0017886902 	0.4201952
-0.0013873874 	-0.019770753 	-4.3396614e-08 	-0.0017967916 	0.42496578
-0.0013753754 	-0.019770561 	-4.2452755e-08 	-0.0018048929 	0.42973636
-0.0013633634 	-0.019770368 	-4.1508897e-08 	-0.0018129942 	0.43450694
-0.0013513514 	-0.019770176 	-4.0565039e-08 	-0.0018210955 	0.43927752
-0.0013393393 	-0.019769991 	-3.9676989e-08 	-0.0018252454 	0.44403454
-0.0013273273 	-0.019769823 	-3.8933906e-08 	-0.0018191306 	0.44875633
-0.0013153153 	-0.019769656 	-3.8182423e-08 	-0.0018142642 	0.45342284
-0.0013033033 	-0.01976949 	-3.7425488e-08 	-0.0018102077 	0.45805347
-0.0012912913 	-0.019769324 	-3.6668554e-08 	-0.0018061513 	0.4626841
-0.0012792793 	-0.019769159 	-3.591162e-08 	-0.0018020949 	0.46731473
-0.0012672673 	-0.019768993 	-3.5154685e-08 	-0.0017980385 	0.47194537
-0.0012552553 	-0.019768827 	-3.4397751e-08 	-0.001793982 	0.476576
-0.0012432432 	-0.019768661 	-3.3640817e-08 	-0.0017899256 	0.48120663
-0.0012312312 	-0.019768496 	-3.2883882e-08 	-0.0017858692 	0.48583726
-0.0012192192 	-0.01976833 	-3.2126948e-08 	-0.0017818128 	0.4904679
-0.0012072072 	-0.019768164 	-3.1370014e-08 	-0.0017777563 	0.49509853
-0.0011951952 	-0.019767998 	-3.0613079e-08 	-0.0017736999 	0.49972916
-0.0011831832 	-0.019767833 	-2.9856145e-08 	-0.0017696435 	0.50435979
-0.0011711712 	-0.019767667 	-2.9099211e-08 	-0.0017655871 	0.50899043
-0.0011591592 	-0.019767502 	-2.8357969e-08 	-0.0017608775 	0.5135978
-0.0011471471 	-0.019767349 	-2.7934085e-08 	-0.0017429591 	0.51773488
-0.0011351351 	-0.019767196 	-2.7503353e-08 	-0.0017253261 	0.52186948
-0.0011231231 	-0.019767043 	-2.7034156e-08 	-0.0017092967 	0.5259901
-0.0011111111 	-0.01976689 	-2.6564959e-08 	-0.0016932673 	0.53011073
-0.0010990991 	-0.019766737 	-2.6095761e-08 	-0.0016772379 	0.53423136
-0.0010870871 	-0.019766584 	-2.5626564e-08 	-0.0016612084 	0.53835198
-0.0010750751 	-0.019766431 	-2.5157367e-08 	-0.001645179 	0.54247261
-0.0010630631 	-0.019766278 	-2.468817e-08 	-0.0016291496 	0.54659323
-0.0010510511 	-0.019766125 	-2.4218973e-08 	-0.0016131202 	0.55071386
-0.001039039 	-0.019765972 	-2.3749776e-08 	-0.0015970907 	0.55483448
-0.001027027 	-0.019765819 	-2.3280578e-08 	-0.0015810613 	0.55895511
-0.001015015 	-0.019765666 	-2.2811381e-08 	-0.0015650319 	0.56307573
-0.001003003 	-0.019765513 	-2.2342184e-08 	-0.0015490025 	0.56719636
-0.00099099099 	-0.01976536 	-2.1872987e-08 	-0.001532973 	0.57131698
-0.00097897898 	-0.019765207 	-2.140379e-08 	-0.0015169436 	0.57543761
-0.00096696697 	-0.019765054 	-2.0934593e-08 	-0.0015009142 	0.57955823
-0.00095495495 	-0.019764901 	-2.0465395e-08 	-0.0014848848 	0.58367886
-0.00094294294 	-0.019764873 	-2.0227514e-08 	-0.0014613772 	0.587319
-0.00093093093 	-0.019764881 	-2.0058498e-08 	-0.0014356432 	0.5908161
-0.00091891892 	-0.019764883 	-1.9863841e-08 	-0.0014103865 	0.59435574
-0.00090690691 	-0.019764882 	-1.9653463e-08 	-0.0013854223 	0.59792145
-0.00089489489 	-0.01976488 	-1.9443085e-08 	-0.0013604582 	0.60148716
-0.00088288288 	-0.019764878 	-1.9232708e-08 	-0.001335494 	0.60505287
-0.00087087087 	-0.019764877 	-1.902233e-08 	-0.0013105299 	0.60861857
-0.00085885886 	-0.019764875 	-1.8811952e-08 	-0.0012855657 	0.61218428
-0.00084684685 	-0.019764873 	-1.8601575e-08 	-0.0012606015 	0.61574999
-0.00083483483 	-0.019764872 	-1.8391197e-08 	-0.0012356374 	0.6193157
-0.00082282282 	-0.01976487 	-1.8180819e-08 	-0.0012106732 	0.62288141
-0.00081081081 	-0.019764868 	-1.7970442e-08 	-0.001185709 	0.62644712
-0.0007987988 	-0.019764867 	-1.7760064e-08 	-0.0011607449 	0.63001283
-0.00078678679 	-0.019764865 	-1.7549686e-08 	-0.0011357807 	0.63357854
-0.00077477477 	-0.019764863 	-1.7339309e-08 	-0.0011108165 	0.63714425
-0.00076276276 	-0.019764862 	-1.7128931e-08 	-0.0010858524 	0.64070996
-0.00075075075 	-0.01976486 	-1.6918553e-08 	-0.0010608882 	0.64427567
-0.00073873874 	-0.019764858 	-1.6708175e-08 	-0.0010359241 	0.64784138
-0.00072672673 	-0.019764857 	-1.6497798e-08 	-0.0010109599 	0.65140709
-0.00071471471 	-0.019764856 	-1.6311764e-08 	-0.00098729631 	0.65467882
-0.0007027027 	-0.019764861 	-1.6241618e-08 	-0.00096982399 	0.65655112
-0.00069069069 	-0.019764866 	-1.6171472e-08 	-0.00095235166 	0.65842341
-0.00067867868 	-0.019764872 	-1.6101326e-08 	-0.00093487934 	0.66029571
-0.00066666667 	-0.019764877 	-1.603118e-08 	-0.00091740702 	0.66216801
-0.00065465465 	-0.019764882 	-1.5961034e-08 	-0.0008999347 	0.6640403
-0.00064264264 	-0.019764887 	-1.5890888e-08 	-0.00088246237 	0.6659126
-0.00063063063 	-0.019764892 	-1.5820742e-08 	-0.00086499005 	0.6677849
-0.00061861862 	-0.019764897 	-1.5750596e-08 	-0.00084751773 	0.66965719
-0.00060660661 	-0.019764902 	-1.568045e-08 	-0.00083004541 	0.67152949
-0.00059459459 	-0.019764907 	-1.5610303e-08 	-0.00081257308 	0.67340179
-0.00058258258 	-0.019764912 	-1.5540157e-08 	-0.00079510076 	0.67527408
-0.00057057057 	-0.019764917 	-1.5470011e-08 	-0.00077762844 	0.67714638
-0.00055855856 	-0.019764922 	-1.5399865e-08 	-0.00076015612 	0.67901868
-0.00054654655 	-0.019764928 	-1.5329719e-08 	-0.00074268379 	0.68089097
-0.00053453453 	-0.019764933 	-1.5259573e-08 	-0.00072521147 	0.68276327
-0.00052252252 	-0.019764938 	-1.5189427e-08 	-0.00070773915 	0.68463557
-0.00051051051 	-0.019764943 	-1.5119281e-08 	-0.00069026682 	0.68650786
-0.0004984985 	-0.019764948 	-1.5049135e-08 	-0.0006727945 	0.68838016
-0.00048648649 	-0.019764953 	-1.4978989e-08 	-0.00065532218 	0.69025246
-0.00047447447 	-0.019764958 	-1.4908843e-08 	-0.00063784986 	0.69212475
-0.00046246246 	-0.019764963 	-1.4838697e-08 	-0.00062037753 	0.69399705
-0.00045045045 	-0.019764968 	-1.476855e-08 	-0.00060290521 	0.69586935
-0.00043843844 	-0.019764973 	-1.4698404e-08 	-0.00058543289 	0.69774164
-0.00042642643 	-0.019764978 	-1.4628258e-08 	-0.00056796057 	0.69961394
-0.00041441441 	-0.019764984 	-1.4558112e-08 	-0.00055048824 	0.70148624
-0.0004024024 	-0.019764989 	-1.4487966e-08 	-0.00053301592 	0.70335853
-0.00039039039 	-0.019764997 	-1.4426906e-08 	-0.00051561048 	0.70520189
-0.00037837838 	-0.019765007 	-1.4372631e-08 	-0.000498255 	0.70702362
-0.00036636637 	-0.019765017 	-1.4318356e-08 	-0.00048089951 	0.70884536
-0.00035435435 	-0.019765009 	-1.4272095e-08 	-0.00046407409 	0.71028366
-0.00034234234 	-0.019764966 	-1.4241614e-08 	-0.00044829247 	0.71096691
-0.00033033033 	-0.019764923 	-1.4211134e-08 	-0.00043251084 	0.71165016
-0.00031831832 	-0.019764879 	-1.4180653e-08 	-0.00041672922 	0.71233341
-0.00030630631 	-0.019764836 	-1.4150173e-08 	-0.00040094759 	0.71301666
-0.00029429429 	-0.019764793 	-1.4119692e-08 	-0.00038516596 	0.71369991
-0.00028228228 	-0.01976475 	-1.4089211e-08 	-0.00036938434 	0.71438316
-0.00027027027 	-0.019764707 	-1.4058731e-08 	-0.00035360271 	0.71506641
-0.00025825826 	-0.019764664 	-1.402825e-08 	-0.00033782109 	0.71574966
-0.00024624625 	-0.01976462 	-1.399777e-08 	-0.00032203946 	0.71643291
-0.00023423423 	-0.019764577 	-1.3967289e-08 	-0.00030625783 	0.71711617
-0.00022222222 	-0.019764534 	-1.3936808e-08 	-0.00029047621 	0.71779942
-0.00021021021 	-0.019764491 	-1.3906328e-08 	-0.00027469458 	0.71848267
-0.0001981982 	-0.019764448 	-1.3875847e-08 	-0.00025891296 	0.71916592
-0.00018618619 	-0.019764405 	-1.3845367e-08 	-0.00024313133 	0.71984917
-0.00017417417 	-0.019764361 	-1.3814886e-08 	-0.00022734971 	0.72053242
-0.00016216216 	-0.019764318 	-1.3784405e-08 	-0.00021156808 	0.72121567
-0.00015015015 	-0.019764275 	-1.3753925e-08 	-0.00019578645 	0.72189892
-0.00013813814 	-0.019764232 	-1.3723444e-08 	-0.00018000483 	0.72258217
-0.00012612613 	-0.019764189 	-1.3692964e-08 	-0.0001642232 	0.72326542
-0.00011411411 	-0.019764146 	-1.3662483e-08 	-0.00014844158 	0.72394867
-0.0001021021 	-0.019764102 	-1.3632002e-08 	-0.00013265995 	0.72463192
-9.009009e-05 	-0.019764059 	-1.3601522e-08 	-0.00011687832 	0.72531517
-7.8078078e-05 	-0.019764016 	-1.3571041e-08 	-0.0001010967 	0.72599843
-6.6066066e-05 	-0.019763973 	-1.3540561e-08 	-8.5315072e-05 	0.72668168
-5.4054054e-05 	-0.01976393 	-1.351008e-08 	-6.9533446e-05 	0.72736493
-4.2042042e-05 	-0.019763887 	-1.3479599e-08 	-5.3751821e-05 	0.72804818
-3.003003e-05 	-0.019763842 	-1.3452132e-08 	-3.8310398e-05 	0.72871221
-1.8018018e-05 	-0.019763796 	-1.3425747e-08 	-2.2991192e-05 	0.72936933
-6.006006e-06 	-0.019763751 	-1.3399362e-08 	-7.6719852e-06 	0.73002645
6.006006e-06 	-0.01976375 	-1.3402078e-08 	7.8784407e-06 	0.73001339
1.8018018e-05 	-0.019763793 	-1.3433895e-08 	2.3660086e-05 	0.72933014
3.003003e-05 	-0.019763836 	-1.3465712e-08 	3.9441731e-05 	0.72864688
4.2042042e-05 	-0.01976388 	-1.3497529e-08 	5.5223376e-05 	0.72796363
5.4054054e-05 	-0.019763923 	-1.3529347e-08 	7.1005022e-05 	0.72728038
6.6066066e-05 	-0.019763966 	-1.3561164e-08 	8.6786667e-05 	0.72659713
7.8078078e-05 	-0.019764009 	-1.3592981e-08 	0.00010256831 	0.72591387
9.009009e-05 	-0.019764052 	-1.3624798e-08 	0.00011834996 	0.72523062
0.0001021021 	-0.019764096 	-1.3656615e-08 	0.0001341316 	0.72454737
0.00011411411 	-0.019764139 	-1.3688432e-08 	0.00014991325 	0.72386411
0.00012612613 	-0.019764182 	-1.372025e-08 	0.00016569489 	0.72318086
0.00013813814 	-0.019764225 	-1.3752067e-08 	0.00018147654 	0.72249761
0.00015015015 	-0.019764268 	-1.3783884e-08 	0.00019725818 	0.72181436
0.00016216216 	-0.019764311 	-1.3815701e-08 	0.00021303983 	0.7211311
0.00017417417 	-0.019764355 	-1.3847518e-08 	0.00022882147 	0.72044785
0.00018618619 	-0.019764398 	-1.3879335e-08 	0.00024460312 	0.7197646
0.0001981982 	-0.019764441 	-1.3911152e-08 	0.00026038476 	0.71908135
0.00021021021 	-0.019764484 	-1.394297e-08 	0.00027616641 	0.71839809
0.00022222222 	-0.019764527 	-1.3974787e-08 	0.00029194805 	0.71771484
0.00023423423 	-0.01976457 	-1.4006604e-08 	0.0003077297 	0.71703159
0.00024624625 	-0.019764614 	-1.4038421e-08 	0.00032351135 	0.71634833
0.00025825826 	-0.019764657 	-1.4070238e-08 	0.00033929299 	0.71566508
0.00027027027 	-0.0197647 	-1.4102055e-08 	0.00035507464 	0.71498183
0.00028228228 	-0.019764743 	-1.4133873e-08 	0.00037085628 	0.71429858
0.00029429429 	-0.019764786 	-1.416569e-08 	0.00038663793 	0.71361532
0.00030630631 	-0.01976483 	-1.4197507e-08 	0.00040241957 	0.71293207
0.00031831832 	-0.019764873 	-1.4229324e-08 	0.00041820122 	0.71224882
0.00033033033 	-0.019764918 	-1.425737e-08 	0.00043356719 	0.71158905
0.00034234234 	-0.019764963 	-1.4284992e-08 	0.00044888642 	0.71093193
0.00035435435 	-0.019765008 	-1.4312614e-08 	0.00046420564 	0.7102748
0.00036636637 	-0.01976502 	-1.4369466e-08 	0.00048095281 	0.70881177
0.00037837838 	-0.019765015 	-1.4441162e-08 	0.00049842515 	0.70693947
0.00039039039 	-0.01976501 	-1.4512858e-08 	0.00051589749 	0.70506717
0.0004024024 	-0.019765005 	-1.4584554e-08 	0.00053336983 	0.70319487
0.00041441441 	-0.019765 	-1.465625e-08 	0.00055084217 	0.70132258
0.00042642643 	-0.019764995 	-1.4727946e-08 	0.00056831451 	0.69945028
0.00043843844 	-0.01976499 	-1.4799643e-08 	0.00058578685 	0.69757798
0.00045045045 	-0.019764985 	-1.4871339e-08 	0.00060325919 	0.69570568
0.00046246246 	-0.01976498 	-1.4943035e-08 	0.00062073153 	0.69383338
0.00047447447 	-0.019764974 	-1.5014731e-08 	0.00063820387 	0.69196108
0.00048648649 	-0.019764969 	-1.5086427e-08 	0.00065567621 	0.69008878
0.0004984985 	-0.019764964 	-1.5158123e-08 	0.00067314854 	0.68821648
0.00051051051 	-0.019764959 	-1.5229819e-08 	0.00069062088 	0.68634418
0.00052252252 	-0.019764954 	-1.5301515e-08 	0.00070809322 	0.68447188
0.00053453453 	-0.019764949 	-1.5373211e-08 	0.00072556556 	0.68259959
0.00054654655 	-0.019764944 	-1.5444907e-08 	0.0007430379 	0.68072729
0.00055855856 	-0.019764939 	-1.5516604e-08 	0.00076051024 	0.67885499
0.00057057057 	-0.019764934 	-1.55883e-08 	0.00077798258 	0.67698269
0.00058258258 	-0.019764929 	-1.5659996e-08 	0.00079545492 	0.67511039
0.00059459459 	-0.019764924 	-1.5731692e-08 	0.00081292726 	0.67323809
0.00060660661 	-0.019764919 	-1.5803388e-08 	0.0008303996 	0.67136579
0.00061861862 	-0.019764913 	-1.5875084e-08 	0.00084787194 	0.66949349
0.00063063063 	-0.019764908 	-1.594678e-08 	0.00086534428 	0.66762119
0.00064264264 	-0.019764903 	-1.6018476e-08 	0.00088281661 	0.6657489
0.00065465465 	-0.019764898 	-1.6090172e-08 	0.00090028895 	0.6638766
0.00066666667 	-0.019764893 	-1.6161869e-08 	0.00091776129 	0.6620043
0.00067867868 	-0.019764888 	-1.6232576e-08 	0.00093522638 	0.66013514
0.00069069069 	-0.019764878 	-1.6288348e-08 	0.00095258189 	0.6583134
0.0007027027 	-0.019764868 	-1.634412e-08 	0.0009699374 	0.65649166
0.00071471471 	-0.019764857 	-1.6399892e-08 	0.00098729291 	0.65466992
0.00072672673 	-0.019764857 	-1.6585371e-08 	0.0010109362 	0.65140696
0.00073873874 	-0.019764859 	-1.6798097e-08 	0.0010359004 	0.64784124
0.00075075075 	-0.01976486 	-1.7010823e-08 	0.0010608645 	0.64427553
0.00076276276 	-0.019764862 	-1.7223549e-08 	0.0010858287 	0.64070982
0.00077477477 	-0.019764864 	-1.7436275e-08 	0.0011107928 	0.63714411
0.00078678679 	-0.019764865 	-1.7649001e-08 	0.001135757 	0.63357839
0.0007987988 	-0.019764867 	-1.7861728e-08 	0.0011607211 	0.63001268
0.00081081081 	-0.019764869 	-1.8074454e-08 	0.0011856853 	0.62644697
0.00082282282 	-0.01976487 	-1.828718e-08 	0.0012106494 	0.62288125
0.00083483483 	-0.019764872 	-1.8499906e-08 	0.0012356136 	0.61931554
0.00084684685 	-0.019764874 	-1.8712632e-08 	0.0012605777 	0.61574983
0.00085885886 	-0.019764875 	-1.8925358e-08 	0.0012855419 	0.61218412
0.00087087087 	-0.019764877 	-1.9138084e-08 	0.001310506 	0.6086184
0.00088288288 	-0.019764879 	-1.935081e-08 	0.0013354702 	0.60505269
0.00089489489 	-0.01976488 	-1.9563536e-08 	0.0013604344 	0.60148698
0.00090690691 	-0.019764882 	-1.9776262e-08 	0.0013853985 	0.59792126
0.00091891892 	-0.019764884 	-1.9988988e-08 	0.0014103627 	0.59435555
0.00093093093 	-0.019764881 	-2.0185952e-08 	0.0014356194 	0.59081591
0.00094294294 	-0.019764873 	-2.0357205e-08 	0.0014613533 	0.58731881
0.00095495495 	-0.019764902 	-2.0597424e-08 	0.0014848609 	0.58367866
0.00096696697 	-0.019765055 	-2.1069297e-08 	0.0015008903 	0.57955803
0.00097897898 	-0.019765208 	-2.154117e-08 	0.0015169197 	0.5754374
0.00099099099 	-0.01976536 	-2.2013043e-08 	0.0015329491 	0.57131677
0.001003003 	-0.019765513 	-2.2484916e-08 	0.0015489784 	0.56719614
0.001015015 	-0.019765666 	-2.2956789e-08 	0.0015650078 	0.56307551
0.001027027 	-0.019765819 	-2.3428662e-08 	0.0015810372 	0.55895488
0.001039039 	-0.019765972 	-2.3900535e-08 	0.0015970666 	0.55483425
0.0010510511 	-0.019766125 	-2.4372408e-08 	0.0016130959 	0.55071362
0.0010630631 	-0.019766278 	-2.4844281e-08 	0.0016291253 	0.54659299
0.0010750751 	-0.019766431 	-2.5316153e-08 	0.0016451547 	0.54247236
0.0010870871 	-0.019766584 	-2.5788026e-08 	0.0016611841 	0.53835173
0.0010990991 	-0.019766737 	-2.6259899e-08 	0.0016772135 	0.5342311
0.0011111111 	-0.01976689 	-2.6731772e-08 	0.0016932428 	0.53011047
0.0011231231 	-0.019767043 	-2.7203645e-08 	0.0017092722 	0.52598984
0.0011351351 	-0.019767196 	-2.7675518e-08 	0.0017253016 	0.52186921
0.0011471471 	-0.019767349 	-2.8108631e-08 	0.0017429345 	0.51773462
0.0011591592 	-0.019767502 	-2.8534845e-08 	0.0017608528 	0.51359753
0.0011711712 	-0.019767667 	-2.9279244e-08 	0.0017655623 	0.50899015
0.0011831832 	-0.019767833 	-3.0039377e-08 	0.0017696186 	0.50435951
0.0011951952 	-0.019767998 	-3.079951e-08 	0.0017736749 	0.49972887
0.0012072072 	-0.019768164 	-3.1559644e-08 	0.0017777312 	0.49509823
0.0012192192 	-0.01976833 	-3.2319777e-08 	0.0017817875 	0.49046759
0.0012312312 	-0.019768496 	-3.307991e-08 	0.0017858438 	0.48583696
0.0012432432 	-0.019768662 	-3.3840043e-08 	0.0017899001 	0.48120632
0.0012552553 	-0.019768827 	-3.4600177e-08 	0.0017939564 	0.47657568
0.0012672673 	-0.019768993 	-3.536031e-08 	0.0017980127 	0.47194504
0.0012792793 	-0.019769159 	-3.6120443e-08 	0.001802069 	0.4673144
0.0012912913 	-0.019769325 	-3.6880577e-08 	0.0018061253 	0.46268376
0.0013033033 	-0.01976949 	-3.764071e-08 	0.0018101816 	0.45805313
0.0013153153 	-0.019769656 	-3.8400843e-08 	0.0018142379 	0.45342249
0.0013273273 	-0.019769823 	-3.9155502e-08 	0.0018191043 	0.44875597
0.0013393393 	-0.019769991 	-3.9901725e-08 	0.0018252189 	0.44403418
0.0013513514 	-0.019770177 	-4.0793135e-08 	0.0018210689 	0.43927715
0.0013633634 	-0.019770369 	-4.1740437e-08 	0.0018129674 	0.43450657
0.0013753754 	-0.019770561 	-4.2687739e-08 	0.0018048659 	0.42973598
0.0013873874 	-0.019770753 	-4.3635041e-08 	0.0017967644 	0.42496539
0.0013993994 	-0.019770945 	-4.4582344e-08 	0.0017886628 	0.42019481
0.0014114114 	-0.019771137 	-4.5529646e-08 	0.0017805613 	0.41542422
0.0014234234 	-0.019771329 	-4.6476948e-08 	0.0017724598 	0.41065363
0.0014354354 	-0.019771521 	-4.742425e-08 	0.0017643583 	0.40588305
0.0014474474 	-0.019771713 	-4.8371552e-08 	0.0017562568 	0.40111246
0.0014594595 	-0.019771906 	-4.9318854e-08 	0.0017481553 	0.39634188
0.0014714715 	-0.019772098 	-5.0266156e-08 	0.0017400537 	0.39157129
0.0014834835 	-0.01977229 	-5.1213458e-08 	0.0017319522 	0.3868007
0.0014954955 	-0.019772488 	-5.2201436e-08 	0.0017248293 	0.38191632
0.0015075075 	-0.01977269 	-5.3193288e-08 	0.001714524 	0.37707784
0.0015195195 	-0.019772895 	-5.4165043e-08 	0.0016958945 	0.37243144
0.0015315315 	-0.0197731 	-5.5136797e-08 	0.0016772649 	0.36778503
0.0015435435 	-0.019773305 	-5.6108552e-08 	0.0016586354 	0.36313863
0.0015555556 	-0.019773511 	-5.7080307e-08 	0.0016400059 	0.35849222
0.0015675676 	-0.019773716 	-5.8052062e-08 	0.0016213764 	0.35384582
0.0015795796 	-0.019773921 	-5.9023816e-08 	0.0016027469 	0.34919941
0.0015915916 	-0.019774126 	-5.9995571e-08 	0.0015841174 	0.344553
0.0016036036 	-0.019774331 	-6.0967326e-08 	0.0015654879 	0.3399066
0.0016156156 	-0.019774536 	-6.193908e-08 	0.0015468584 	0.33526019
0.0016276276 	-0.019774741 	-6.2910835e-08 	0.0015282289 	0.33061379
0.0016396396 	-0.019774957 	-6.3975112e-08 	0.0015096034 	0.32583472
0.0016516517 	-0.019775171 	-6.4958697e-08 	0.0014874713 	0.32121495
0.0016636637 	-0.01977538 	-6.581109e-08 	0.0014611747 	0.31683505
0.0016756757 	-0.019775589 	-6.6663483e-08 	0.0014348781 	0.31245515
0.0016876877 	-0.019775798 	-6.7515876e-08 	0.0014085815 	0.30807525
0.0016996997 	-0.019776007 	-6.8368269e-08 	0.0013822849 	0.30369535
0.0017117117 	-0.019776216 	-6.9220662e-08 	0.0013559882 	0.29931545
0.0017237237 	-0.019776425 	-7.0073055e-08 	0.0013296916 	0.29493555
0.0017357357 	-0.019776633 	-7.0925448e-08 	0.001303395 	0.29055565
0.0017477477 	-0.019776842 	-7.1777842e-08 	0.0012770984 	0.28617576
0.0017597598 	-0.019777054 	-7.2658257e-08 	0.0012506012 	0.28176617
0.0017717718 	-0.019777281 	-7.3670751e-08 	0.0012230218 	0.2772188
0.0017837838 	-0.019777486 	-7.431678e-08 	0.0011918145 	0.27315808
0.0017957958 	-0.019777691 	-7.4962808e-08 	0.0011606072 	0.26909736
0.0018078078 	-0.019777896 	-7.5608836e-08 	0.0011293999 	0.26503665
0.0018198198 	-0.019778101 	-7.6254864e-08 	0.0010981926 	0.26097593
0.0018318318 	-0.019778305 	-7.6900893e-08 	0.0010669854 	0.25691521
0.0018438438 	-0.01977851 	-7.7546921e-08 	0.0010357781 	0.25285449
0.0018558559 	-0.019778715 	-7.8192949e-08 	0.0010045708 	0.24879378
0.0018678679 	-0.01977892 	-7.8838978e-08 	0.00097336351 	0.24473306
0.0018798799 	-0.019779143 	-7.9638018e-08 	0.00094039398 	0.24053408
0.0018918919 	-0.019779342 	-8.0118527e-08 	0.00090656693 	0.23670606
0.0019039039 	-0.019779536 	-8.0522957e-08 	0.00087263129 	0.23296488
0.0019159159 	-0.01977973 	-8.0927387e-08 	0.00083869566 	0.2292237
0.0019279279 	-0.019779924 	-8.1331817e-08 	0.00080476003 	0.22548252
0.0019399399 	-0.019780118 	-8.1736247e-08 	0.0007708244 	0.22174134
0.001951952 	-0.019780312 	-8.2140677e-08 	0.00073688876 	0.21800016
0.001963964 	-0.019780506 	-8.2545107e-08 	0.00070295313 	0.21425898
0.001975976 	-0.019780713 	-8.305585e-08 	0.00066738468 	0.21042863
0.001987988 	-0.019780901 	-8.3338605e-08 	0.00063185284 	0.2068538
0.002 	-0.019781076 	-8.3499706e-08 	0.00059677808 	0.2034072
0.002012012 	-0.019781252 	-8.3660807e-08 	0.00056170331 	0.1999606
0.002024024 	-0.019781427 	-8.3821907e-08 	0.00052662855 	0.196514
0.002036036 	-0.019781603 	-8.3983008e-08 	0.00049155378 	0.1930674
0.002048048 	-0.019781779 	-8.4144108e-08 	0.00045647902 	0.18962081
0.0020600601 	-0.019781962 	-8.4358925e-08 	0.00042035339 	0.18612962
0.0020720721 	-0.019782141 	-8.4460186e-08 	0.00038388035 	0.18277197
0.0020840841 	-0.019782305 	-8.4392215e-08 	0.00034870132 	0.17958563
0.0020960961 	-0.01978247 	-8.4324243e-08 	0.0003135223 	0.1763993
0.0021081081 	-0.019782634 	-8.4256271e-08 	0.00027834328 	0.17321296
0.0021201201 	-0.019782799 	-8.4188299e-08 	0.00024316426 	0.17002663
0.0021321321 	-0.019782963 	-8.4120327e-08 	0.00020798524 	0.16684029
0.0021441441 	-0.019783159 	-8.4086634e-08 	0.0001705894 	0.1636348
0.0021561562 	-0.019783386 	-8.3808438e-08 	0.00013535728 	0.16067393
0.0021681682 	-0.019783612 	-8.3530242e-08 	0.00010012515 	0.15771306
0.0021801802 	-0.019783839 	-8.3252046e-08 	6.4893025e-05 	0.1547522
0.0021921922 	-0.019784066 	-8.297385e-08 	2.9660899e-05 	0.15179133
0.0022042042 	-0.019784303 	-8.2725483e-08 	-6.5900121e-06 	0.14880097
0.0022162162 	-0.019785065 	-8.1530631e-08 	-9.8132149e-05 	0.14199518
0.0022282282 	-0.019786043 	-7.9900013e-08 	-0.00021247628 	0.13357668
0.0022402402 	-0.019787022 	-7.8269394e-08 	-0.00032682042 	0.12515819
0.0022522523 	-0.019788 	-7.6638776e-08 	-0.00044116455 	0.1167397
0.0022642643 	-0.019789031 	-7.5056645e-08 	-0.00055965787 	0.10821999
0.0022762763 	-0.019789285 	-7.4394451e-08 	-0.00060077792 	0.10539804
0.0022882883 	-0.01978932 	-7.3938464e-08 	-0.00062051997 	0.10405015
0.0023003003 	-0.019789354 	-7.3482477e-08 	-0.00064026202 	0.10270227
0.0023123123 	-0.019789389 	-7.302649e-08 	-0.00066000408 	0.10135438
0.0023243243 	-0.019789424 	-7.2570503e-08 	-0.00067974613 	0.1000065
0.0023363363 	-0.019789458 	-7.2114516e-08 	-0.00069948819 	0.098658611
0.0023483483 	-0.019789493 	-7.1658529e-08 	-0.00071923024 	0.097310726
0.0023603604 	-0.019789528 	-7.1202542e-08 	-0.0007389723 	0.095962841
0.0023723724 	-0.019789563 	-7.0746555e-08 	-0.00075871435 	0.094614956
0.0023843844 	-0.019789597 	-7.0290568e-08 	-0.00077845641 	0.09326707
0.0023963964 	-0.019789632 	-6.9834581e-08 	-0.00079819846 	0.091919185
0.0024084084 	-0.019789667 	-6.9378594e-08 	-0.00081794052 	0.0905713
0.0024204204 	-0.019789702 	-6.8922607e-08 	-0.00083768257 	0.089223415
0.0024324324 	-0.019789736 	-6.846662e-08 	-0.00085742462 	0.087875529
0.0024444444 	-0.019789771 	-6.8010633e-08 	-0.00087716668 	0.086527644
0.0024564565 	-0.019789806 	-6.7554646e-08 	-0.00089690873 	0.085179759
0.0024684685 	-0.01978984 	-6.7098659e-08 	-0.00091665079 	0.083831874
0.0024804805 	-0.019789875 	-6.6642672e-08 	-0.00093639284 	0.082483988
0.0024924925 	-0.01978991 	-6.6186685e-08 	-0.0009561349 	0.081136103
0.0025045045 	-0.019789945 	-6.5730698e-08 	-0.00097587695 	0.079788218
0.0025165165 	-0.019789979 	-6.5274711e-08 	-0.00099561901 	0.078440333
0.0025285285 	-0.019790014 	-6.4818724e-08 	-0.0010153611 	0.077092447
0.0025405405 	-0.019790049 	-6.4362737e-08 	-0.0010351031 	0.075744562
0.0025525526 	-0.019790083 	-6.390675e-08 	-0.0010548452 	0.074396677
0.0025645646 	-0.019790118 	-6.3450763e-08 	-0.0010745872 	0.073048792
0.0025765766 	-0.019790153 	-6.2994776e-08 	-0.0010943293 	0.071700906
0.0025885886 	-0.019790188 	-6.2538789e-08 	-0.0011140713 	0.070353021
0.0026006006 	-0.019790222 	-6.2082802e-08 	-0.0011338134 	0.069005136
0.0026126126 	-0.019790257 	-6.1626815e-08 	-0.0011535554 	0.06765725
0.0026246246 	-0.019790292 	-6.1170828e-08 	-0.0011732975 	0.066309365
0.0026366366 	-0.019790327 	-6.0714841e-08 	-0.0011930396 	0.06496148
0.0026486486 	-0.019790361 	-6.0258854e-08 	-0.0012127816 	0.063613595
0.0026606607 	-0.019790396 	-5.9802867e-08 	-0.0012325237 	0.062265709
0.0026726727 	-0.019790431 	-5.934688e-08 	-0.0012522657 	0.060917824
0.0026846847 	-0.019790465 	-5.8890893e-08 	-0.0012720078 	0.059569939
0.0026966967 	-0.0197905 	-5.8434906e-08 	-0.0012917498 	0.058222054
0.0027087087 	-0.019790535 	-5.7978919e-08 	-0.0013114919 	0.056874168
0.0027207207 	-0.01979057 	-5.7522932e-08 	-0.0013312339 	0.055526283
0.0027327327 	-0.019790604 	-5.7066945e-08 	-0.001350976 	0.054178398
0.0027447447 	-0.019790639 	-5.6610958e-08 	-0.001370718 	0.052830513
0.0027567568 	-0.019790674 	-5.6154971e-08 	-0.0013904601 	0.051482627
0.0027687688 	-0.019790709 	-5.5698984e-08 	-0.0014102022 	0.050134742
0.0027807808 	-0.01979075 	-5.5229017e-08 	-0.0014314061 	0.048778886
0.0027927928 	-0.019790794 	-5.4756411e-08 	-0.0014528861 	0.047421525
0.0028048048 	-0.019790837 	-5.4283804e-08 	-0.0014743661 	0.046064164
0.0028168168 	-0.01979088 	-5.3811198e-08 	-0.0014958461 	0.044706803
0.0028288288 	-0.019790923 	-5.3338591e-08 	-0.0015173261 	0.043349441
0.0028408408 	-0.019790881 	-5.2831109e-08 	-0.0015322456 	0.04221156
0.0028528529 	-0.01979078 	-5.2299848e-08 	-0.0015426919 	0.041223325
0.0028648649 	-0.019790678 	-5.1768586e-08 	-0.0015531382 	0.040235089
0.0028768769 	-0.019790577 	-5.1237325e-08 	-0.0015635846 	0.039246854
0.0028888889 	-0.019790476 	-5.0706063e-08 	-0.0015740309 	0.038258619
0.0029009009 	-0.019790375 	-5.0174802e-08 	-0.0015844772 	0.037270383
0.0029129129 	-0.019790274 	-4.964354e-08 	-0.0015949235 	0.036282148
0.0029249249 	-0.019790173 	-4.9112279e-08 	-0.0016053699 	0.035293913
0.0029369369 	-0.019790072 	-4.8581017e-08 	-0.0016158162 	0.034305677
0.0029489489 	-0.019789971 	-4.8049756e-08 	-0.0016262625 	0.033317442
0.002960961 	-0.01978987 	-4.7518494e-08 	-0.0016367088 	0.032329207
0.002972973 	-0.019789769 	-4.6987233e-08 	-0.0016471552 	0.031340971
0.002984985 	-0.019789668 	-4.6455971e-08 	-0.0016576015 	0.030352736
0.002996997 	-0.019789567 	-4.592471e-08 	-0.0016680478 	0.029364501
0.003009009 	-0.019789466 	-4.5393449e-08 	-0.0016784941 	0.028376265
0.003021021 	-0.019789365 	-4.4862187e-08 	-0.0016889405 	0.02738803
0.003033033 	-0.019789264 	-4.4330926e-08 	-0.0016993868 	0.026399795
0.003045045 	-0.019789163 	-4.3799664e-08 	-0.0017098331 	0.025411559
0.0030570571 	-0.019789062 	-4.3268403e-08 	-0.0017202795 	0.024423324
0.0030690691 	-0.01978896 	-4.2737141e-08 	-0.0017307258 	0.023435089
0.0030810811 	-0.019788859 	-4.220588e-08 	-0.0017411721 	0.022446853
0.0030930931 	-0.019788758 	-4.1674618e-08 	-0.0017516184 	0.021458618
0.0031051051 	-0.019788657 	-4.1143357e-08 	-0.0017620648 	0.020470382
0.0031171171 	-0.019788556 	-4.0612095e-08 	-0.0017725111 	0.019482147
0.0031291291 	-0.019788455 	-4.0080834e-08 	-0.0017829574 	0.018493912
0.0031411411 	-0.019788354 	-3.9549573e-08 	-0.0017934037 	0.017505676
0.0031531532 	-0.019788253 	-3.9018311e-08 	-0.0018038501 	0.016517441
0.0031651652 	-0.019788152 	-3.848705e-08 	-0.0018142964 	0.015529206
0.0031771772 	-0.019788051 	-3.7955788e-08 	-0.0018247427 	0.01454097
0.0031891892 	-0.01978795 	-3.7424527e-08 	-0.001835189 	0.013552735
0.0032012012 	-0.019787849 	-3.6893265e-08 	-0.0018456354 	0.0125645
0.0032132132 	-0.019787748 	-3.6362004e-08 	-0.0018560817 	0.011576264
0.0032252252 	-0.019787647 	-3.5830742e-08 	-0.001866528 	0.010588029
0.0032372372 	-0.019787546 	-3.5299481e-08 	-0.0018769743 	0.0095997937
0.0032492492 	-0.019787445 	-3.4768219e-08 	-0.0018874207 	0.0086115583
0.0032612613 	-0.019787343 	-3.4236958e-08 	-0.001897867 	0.007623323
0.0032732733 	-0.019787242 	-3.3705697e-08 	-0.0019083133 	0.0066350876
0.0032852853 	-0.019787135 	-3.313809e-08 	-0.0019191021 	0.0056604039
0.0032972973 	-0.019787024 	-3.2546658e-08 	-0.0019301154 	0.0046946036
0.0033093093 	-0.019786913 	-3.1955227e-08 	-0.0019411286 	0.0037288033
0.0033213213 	-0.019786802 	-3.1363795e-08 	-0.0019521419 	0.002763003
0.0033333333 	-0.019786691 	-3.0772363e-08 	-0.0019631552 	0.0017972028
0.0033453453 	-0.019786592 	-3.0434751e-08 	-0.0019596967 	0.0012596241
0.0033573574 	-0.019786492 	-3.0102657e-08 	-0.0019559236 	0.00073135597
0.0033693694 	-0.019786393 	-2.9770562e-08 	-0.0019521505 	0.00020308784
0.0033813814 	-0.019786293 	-2.9438468e-08 	-0.0019483774 	-0.00032518028
0.0033933934 	-0.019786194 	-2.9106374e-08 	-0.0019446043 	-0.00085344841
0.0034054054 	-0.019786095 	-2.877428e-08 	-0.0019408312 	-0.0013817165
0.0034174174 	-0.019785995 	-2.8442186e-08 	-0.0019370581 	-0.0019099847
0.0034294294 	-0.019785896 	-2.8110092e-08 	-0.001933285 	-0.0024382528
0.0034414414 	-0.019785797 	-2.7777998e-08 	-0.0019295119 	-0.0029665209
0.0034534535 	-0.019785697 	-2.7445904e-08 	-0.0019257388 	-0.003494789
0.0034654655 	-0.019785598 	-2.711381e-08 	-0.0019219658 	-0.0040230572
0.0034774775 	-0.019785499 	-2.6781716e-08 	-0.0019181927 	-0.0045513253
0.0034894895 	-0.019785399 	-2.6449622e-08 	-0.0019144196 	-0.0050795934
0.0035015015 	-0.0197853 	-2.6117528e-08 	-0.0019106465 	-0.0056078615
0.0035135135 	-0.0197852 	-2.5785434e-08 	-0.0019068734 	-0.0061361297
0.0035255255 	-0.019785101 	-2.545334e-08 	-0.0019031003 	-0.0066643978
0.0035375375 	-0.019785002 	-2.5121246e-08 	-0.0018993272 	-0.0071926659
0.0035495495 	-0.019784902 	-2.4789152e-08 	-0.0018955541 	-0.007720934
0.0035615616 	-0.019784803 	-2.4457058e-08 	-0.001891781 	-0.0082492022
0.0035735736 	-0.019784704 	-2.4124964e-08 	-0.0018880079 	-0.0087774703
0.0035855856 	-0.019784604 	-2.379287e-08 	-0.0018842348 	-0.0093057384
0.0035975976 	-0.019784505 	-2.3460776e-08 	-0.0018804617 	-0.0098340066
0.0036096096 	-0.019784406 	-2.3128682e-08 	-0.0018766886 	-0.010362275
0.0036216216 	-0.019784306 	-2.2796587e-08 	-0.0018729155 	-0.010890543
0.0036336336 	-0.019784207 	-2.2464493e-08 	-0.0018691424 	-0.011418811
0.0036456456 	-0.019784108 	-2.2132399e-08 	-0.0018653693 	-0.011947079
0.0036576577 	-0.019784008 	-2.1800305e-08 	-0.0018615962 	-0.012475347
0.0036696697 	-0.019783909 	-2.1468211e-08 	-0.0018578231 	-0.013003615
0.0036816817 	-0.019783809 	-2.1136117e-08 	-0.00185405 	-0.013531883
0.0036936937 	-0.01978371 	-2.0804023e-08 	-0.0018502769 	-0.014060152
0.0037057057 	-0.019783611 	-2.0471929e-08 	-0.0018465038 	-0.01458842
0.0037177177 	-0.019783511 	-2.0139835e-08 	-0.0018427307 	-0.015116688
0.0037297297 	-0.019783408 	-1.9790383e-08 	-0.0018386603 	-0.015635996
0.0037417417 	-0.019783299 	-1.9411142e-08 	-0.0018340797 	-0.016139928
0.0037537538 	-0.01978319 	-1.9031901e-08 	-0.001829499 	-0.01664386
0.0037657658 	-0.01978308 	-1.8652659e-08 	-0.0018249184 	-0.017147791
0.0037777778 	-0.019782976 	-1.8324574e-08 	-0.0018188365 	-0.017582326
0.0037897898 	-0.019782882 	-1.812141e-08 	-0.0018090884 	-0.017847392
0.0038018018 	-0.019782787 	-1.7918247e-08 	-0.0017993403 	-0.018112458
0.0038138138 	-0.019782693 	-1.7715083e-08 	-0.0017895922 	-0.018377525
0.0038258258 	-0.019782599 	-1.7511919e-08 	-0.0017798442 	-0.018642591
0.0038378378 	-0.019782505 	-1.7308756e-08 	-0.0017700961 	-0.018907658
0.0038498498 	-0.019782411 	-1.7105592e-08 	-0.001760348 	-0.019172724
0.0038618619 	-0.019782317 	-1.6902428e-08 	-0.0017505999 	-0.019437791
0.0038738739 	-0.019782223 	-1.6699265e-08 	-0.0017408519 	-0.019702857
0.0038858859 	-0.019782129 	-1.6496101e-08 	-0.0017311038 	-0.019967924
0.0038978979 	-0.019782035 	-1.6292937e-08 	-0.0017213557 	-0.02023299
0.0039099099 	-0.019781941 	-1.6089773e-08 	-0.0017116076 	-0.020498056
0.0039219219 	-0.019781847 	-1.588661e-08 	-0.0017018596 	-0.020763123
0.0039339339 	-0.019781753 	-1.5683446e-08 	-0.0016921115 	-0.021028189
0.0039459459 	-0.019781659 	-1.5480282e-08 	-0.0016823634 	-0.021293256
0.003957958 	-0.019781564 	-1.5277119e-08 	-0.0016726153 	-0.021558322
0.00396997 	-0.01978147 	-1.5073955e-08 	-0.0016628673 	-0.021823389
0.003981982 	-0.019781376 	-1.4870791e-08 	-0.0016531192 	-0.022088455
0.003993994 	-0.019781282 	-1.4667627e-08 	-0.0016433711 	-0.022353522
0.004006006 	-0.019781188 	-1.4464464e-08 	-0.001633623 	-0.022618588
0.004018018 	-0.019781094 	-1.42613e-08 	-0.001623875 	-0.022883655
0.00403003 	-0.019781 	-1.4058136e-08 	-0.0016141269 	-0.023148721
0.004042042 	-0.019780906 	-1.3854973e-08 	-0.0016043788 	-0.023413787
0.0040540541 	-0.019780812 	-1.3651809e-08 	-0.0015946307 	-0.023678854
0.0040660661 	-0.019780718 	-1.3448645e-08 	-0.0015848827 	-0.02394392
0.0040780781 	-0.019780624 	-1.3245482e-08 	-0.0015751346 	-0.024208987
0.0040900901 	-0.01978053 	-1.3042318e-08 	-0.0015653865 	-0.024474053
0.0041021021 	-0.019780435 	-1.2839154e-08 	-0.0015556384 	-0.02473912
0.0041141141 	-0.019780341 	-1.263599e-08 	-0.0015458904 	-0.025004186
0.0041261261 	-0.019780242 	-1.2417895e-08 	-0.0015354994 	-0.025260064
0.0041381381 	-0.019780138 	-1.218715e-08 	-0.0015245637 	-0.025508157
0.0041501502 	-0.019780035 	-1.1956405e-08 	-0.0015136281 	-0.02575625
0.0041621622 	-0.019779931 	-1.172566e-08 	-0.0015026924 	-0.026004344
0.0041741742 	-0.019779859 	-1.158405e-08 	-0.0014902273 	-0.026101159
0.0041861862 	-0.019779789 	-1.1447473e-08 	-0.0014776757 	-0.026189431
0.0041981982 	-0.019779719 	-1.1310896e-08 	-0.0014651242 	-0.026277703
0.0042102102 	-0.019779649 	-1.1174319e-08 	-0.0014525727 	-0.026365975
0.0042222222 	-0.019779579 	-1.1037742e-08 	-0.0014400212 	-0.026454247
0.0042342342 	-0.019779509 	-1.0901166e-08 	-0.0014274697 	-0.026542519
0.0042462462 	-0.019779439 	-1.0764589e-08 	-0.0014149181 	-0.026630791
0.0042582583 	-0.019779369 	-1.0628012e-08 	-0.0014023666 	-0.026719063
0.0042702703 	-0.019779299 	-1.0491435e-08 	-0.0013898151 	-0.026807335
0.0042822823 	-0.019779229 	-1.0354858e-08 	-0.0013772636 	-0.026895607
0.0042942943 	-0.019779159 	-1.0218282e-08 	-0.0013647121 	-0.026983879
0.0043063063 	-0.019779089 	-1.0081705e-08 	-0.0013521605 	-0.027072151
0.0043183183 	-0.019779019 	-9.945128e-09 	-0.001339609 	-0.027160423
0.0043303303 	-0.019778949 	-9.8085512e-09 	-0.0013270575 	-0.027248695
0.0043423423 	-0.019778879 	-9.6719744e-09 	-0.001314506 	-0.027336967
0.0043543544 	-0.019778809 	-9.5353976e-09 	-0.0013019545 	-0.027425239
0.0043663664 	-0.019778738 	-9.3988208e-09 	-0.0012894029 	-0.027513511
0.0043783784 	-0.019778668 	-9.2622441e-09 	-0.0012768514 	-0.027601783
0.0043903904 	-0.019778598 	-9.1256673e-09 	-0.0012642999 	-0.027690055
0.0044024024 	-0.019778528 	-8.9890905e-09 	-0.0012517484 	-0.027778327
0.0044144144 	-0.019778458 	-8.8525137e-09 	-0.0012391969 	-0.027866599
0.0044264264 	-0.019778388 	-8.7159369e-09 	-0.0012266453 	-0.027954871
0.0044384384 	-0.019778318 	-8.5793601e-09 	-0.0012140938 	-0.028043142
0.0044504505 	-0.019778248 	-8.4427833e-09 	-0.0012015423 	-0.028131414
0.0044624625 	-0.019778178 	-8.3062065e-09 	-0.0011889908 	-0.028219686
0.0044744745 	-0.019778104 	-8.1614199e-09 	-0.0011756538 	-0.028302766
0.0044864865 	-0.019778027 	-8.0111948e-09 	-0.0011617964 	-0.028382407
0.0044984985 	-0.01977795 	-7.8609696e-09 	-0.001147939 	-0.028462047
0.0045105105 	-0.019777889 	-7.7318778e-09 	-0.0011343711 	-0.028489095
0.0045225225 	-0.01977785 	-7.6305312e-09 	-0.0011211834 	-0.028447097
0.0045345345 	-0.01977781 	-7.5291846e-09 	-0.0011079956 	-0.028405098
0.0045465465 	-0.01977777 	-7.4278379e-09 	-0.0010948079 	-0.0283631
0.0045585586 	-0.019777731 	-7.3264913e-09 	-0.0010816201 	-0.028321101
0.0045705706 	-0.019777691 	-7.2251447e-09 	-0.0010684324 	-0.028279103
0.0045825826 	-0.019777651 	-7.123798e-09 	-0.0010552446 	-0.028237104
0.0045945946 	-0.019777612 	-7.0224514e-09 	-0.0010420568 	-0.028195106
0.0046066066 	-0.019777572 	-6.9211048e-09 	-0.0010288691 	-0.028153107
0.0046186186 	-0.019777532 	-6.8197581e-09 	-0.0010156813 	-0.028111109
0.0046306306 	-0.019777493 	-6.7184115e-09 	-0.0010024936 	-0.02806911
0.0046426426 	-0.019777453 	-6.6170649e-09 	-0.00098930582 	-0.028027112
0.0046546547 	-0.019777414 	-6.5157182e-09 	-0.00097611806 	-0.027985113
0.0046666667 	-0.019777374 	-6.4143716e-09 	-0.00096293031 	-0.027943115
0.0046786787 	-0.019777334 	-6.3130249e-09 	-0.00094974255 	-0.027901116
0.0046906907 	-0.019777295 	-6.2116783e-09 	-0.0009365548 	-0.027859118
0.0047027027 	-0.019777255 	-6.1103317e-09 	-0.00092336704 	-0.02781712
0.0047147147 	-0.019777215 	-6.008985e-09 	-0.00091017929 	-0.027775121
0.0047267267 	-0.019777176 	-5.9076384e-09 	-0.00089699153 	-0.027733123
0.0047387387 	-0.019777136 	-5.8062918e-09 	-0.00088380378 	-0.027691124
0.0047507508 	-0.019777096 	-5.7049451e-09 	-0.00087061602 	-0.027649126
0.0047627628 	-0.019777057 	-5.6035985e-09 	-0.00085742827 	-0.027607127
0.0047747748 	-0.019777017 	-5.5017762e-09 	-0.00084412942 	-0.027565042
0.0047867868 	-0.019776974 	-5.3950492e-09 	-0.00082968517 	-0.027522063
0.0047987988 	-0.01977693 	-5.2883223e-09 	-0.00081524093 	-0.027479085
0.0048108108 	-0.019776896 	-5.1895235e-09 	-0.00080139343 	-0.02740682
0.0048228228 	-0.019776884 	-5.1097159e-09 	-0.0007889754 	-0.027264405
0.0048348348 	-0.019776872 	-5.0299083e-09 	-0.00077655736 	-0.02712199
0.0048468468 	-0.01977686 	-4.9501006e-09 	-0.00076413932 	-0.026979575
0.0048588589 	-0.019776849 	-4.870293e-09 	-0.00075172128 	-0.02683716
0.0048708709 	-0.019776837 	-4.7904854e-09 	-0.00073930324 	-0.026694745
0.0048828829 	-0.019776825 	-4.7106777e-09 	-0.0007268852 	-0.02655233
0.0048948949 	-0.019776813 	-4.6308701e-09 	-0.00071446716 	-0.026409915
0.0049069069 	-0.019776801 	-4.5510625e-09 	-0.00070204912 	-0.0262675
0.0049189189 	-0.019776789 	-4.4712549e-09 	-0.00068963108 	-0.026125085
0.0049309309 	-0.019776777 	-4.3914472e-09 	-0.00067721304 	-0.02598267
0.0049429429 	-0.019776765 	-4.3116396e-09 	-0.000664795 	-0.025840255
0.004954955 	-0.019776753 	-4.231832e-09 	-0.00065237696 	-0.02569784
0.004966967 	-0.019776741 	-4.1520243e-09 	-0.00063995892 	-0.025555425
0.004978979 	-0.019776729 	-4.0722167e-09 	-0.00062754088 	-0.02541301
0.004990991 	-0.019776718 	-3.9924091e-09 	-0.00061512284 	-0.025270595
0.005003003 	-0.019776706 	-3.9126014e-09 	-0.0006027048 	-0.02512818
0.005015015 	-0.019776694 	-3.8327938e-09 	-0.00059028676 	-0.024985764
0.005027027 	-0.019776682 	-3.7529862e-09 	-0.00057786872 	-0.024843349
0.005039039 	-0.01977667 	-3.6731785e-09 	-0.00056545068 	-0.024700934
0.0050510511 	-0.019776657 	-3.5927246e-09 	-0.00055236893 	-0.024561946
0.0050630631 	-0.019776645 	-3.511833e-09 	-0.00053883782 	-0.024425278
0.0050750751 	-0.019776635 	-3.4332002e-09 	-0.00052567166 	-0.024277294
0.0050870871 	-0.019776645 	-3.3692647e-09 	-0.00051488025 	-0.024055683
0.0050990991 	-0.019776656 	-3.3053291e-09 	-0.00050408883 	-0.023834071
0.0051111111 	-0.019776666 	-3.2413936e-09 	-0.00049329742 	-0.02361246
0.0051231231 	-0.019776677 	-3.177458e-09 	-0.00048250601 	-0.023390848
0.0051351351 	-0.019776687 	-3.1135225e-09 	-0.0004717146 	-0.023169237
0.0051471471 	-0.019776698 	-3.0495869e-09 	-0.00046092318 	-0.022947625
0.0051591592 	-0.019776708 	-2.9856513e-09 	-0.00045013177 	-0.022726014
0.0051711712 	-0.019776719 	-2.9217158e-09 	-0.00043934036 	-0.022504402
0.0051831832 	-0.019776729 	-2.8577802e-09 	-0.00042854895 	-0.022282791
0.0051951952 	-0.01977674 	-2.7938447e-09 	-0.00041775753 	-0.022061179
0.0052072072 	-0.01977675 	-2.7299091e-09 	-0.00040696612 	-0.021839568
0.0052192192 	-0.019776761 	-2.6659736e-09 	-0.00039617471 	-0.021617956
0.0052312312 	-0.019776771 	-2.602038e-09 	-0.0003853833 	-0.021396345
0.0052432432 	-0.019776781 	-2.5381025e-09 	-0.00037459188 	-0.021174733
0.0052552553 	-0.019776792 	-2.4741669e-09 	-0.00036380047 	-0.020953122
0.0052672673 	-0.019776802 	-2.4102314e-09 	-0.00035300906 	-0.02073151
0.0052792793 	-0.019776813 	-2.3462958e-09 	-0.00034221765 	-0.020509899
0.0052912913 	-0.019776824 	-2.2824706e-09 	-0.00033071782 	-0.020297191
0.0053033033 	-0.019776836 	-2.2186788e-09 	-0.00031900329 	-0.020087182
0.0053153153 	-0.019776857 	-2.1625969e-09 	-0.00030910674 	-0.019832443
0.0053273273 	-0.019776885 	-2.1117412e-09 	-0.00030044252 	-0.019547385
0.0053393393 	-0.019776913 	-2.0608854e-09 	-0.0002917783 	-0.019262327
0.0053513514 	-0.019776941 	-2.0100297e-09 	-0.00028311408 	-0.018977268
0.0053633634 	-0.019776969 	-1.959174e-09 	-0.00027444986 	-0.01869221
0.0053753754 	-0.019776997 	-1.9083183e-09 	-0.00026578564 	-0.018407151
0.0053873874 	-0.019777025 	-1.8574626e-09 	-0.00025712142 	-0.018122093
0.0053993994 	-0.019777053 	-1.8066069e-09 	-0.0002484572 	-0.017837034
0.0054114114 	-0.01977708 	-1.7557511e-09 	-0.00023979298 	-0.017551976
0.0054234234 	-0.019777108 	-1.7048954e-09 	-0.00023112876 	-0.017266917
0.0054354354 	-0.019777136 	-1.6540397e-09 	-0.00022246454 	-0.016981859
0.0054474474 	-0.019777164 	-1.603184e-09 	-0.00021380032 	-0.0166968
0.0054594595 	-0.019777192 	-1.5523283e-09 	-0.0002051361 	-0.016411742
0.0054714715 	-0.01977722 	-1.5014725e-09 	-0.00019647188 	-0.016126683
0.0054834835 	-0.019777248 	-1.4506168e-09 	-0.00018780766 	-0.015841625
0.0054954955 	-0.019777277 	-1.3994736e-09 	-0.00017893893 	-0.015561346
0.0055075075 	-0.019777307 	-1.3476141e-09 	-0.00016956079 	-0.015292971
0.0055195195 	-0.019777342 	-1.3002166e-09 	-0.00016134897 	-0.014999179
0.0055315315 	-0.019777384 	-1.2603465e-09 	-0.00015510478 	-0.014662504
0.0055435435 	-0.019777426 	-1.2204765e-09 	-0.00014886058 	-0.014325829
0.0055555556 	-0.019777468 	-1.1806064e-09 	-0.00014261638 	-0.013989155
0.0055675676 	-0.01977751 	-1.1407364e-09 	-0.00013637218 	-0.01365248
0.0055795796 	-0.019777552 	-1.1008663e-09 	-0.00013012798 	-0.013315806
0.0055915916 	-0.019777595 	-1.0609963e-09 	-0.00012388378 	-0.012979131
0.0056036036 	-0.019777637 	-1.0211262e-09 	-0.00011763958 	-0.012642457
0.0056156156 	-0.019777679 	-9.8125616e-10 	-0.00011139539 	-0.012305782
0.0056276276 	-0.019777721 	-9.4138612e-10 	-0.00010515119 	-0.011969107
0.0056396396 	-0.019777763 	-9.0151607e-10 	-9.890699e-05 	-0.011632433
0.0056516517 	-0.019777805 	-8.6164602e-10 	-9.2662791e-05 	-0.011295758
0.0056636637 	-0.019777847 	-8.2177597e-10 	-8.6418593e-05 	-0.010959084
0.0056756757 	-0.01977789 	-7.8190592e-10 	-8.0174395e-05 	-0.010622409
0.0056876877 	-0.019777935 	-7.3906947e-10 	-7.349317e-05 	-0.010304196
0.0056996997 	-0.019777981 	-6.981924e-10 	-6.7314557e-05 	-0.0099766282
0.0057117117 	-0.01977803 	-6.6761694e-10 	-6.3579075e-05 	-0.0095972299
0.0057237237 	-0.01977808 	-6.3704148e-10 	-5.9843593e-05 	-0.0092178316
0.0057357357 	-0.01977813 	-6.0646602e-10 	-5.6108111e-05 	-0.0088384333
0.0057477477 	-0.019778179 	-5.7589056e-10 	-5.2372628e-05 	-0.008459035
0.0057597598 	-0.019778229 	-5.453151e-10 	-4.8637146e-05 	-0.0080796367
0.0057717718 	-0.019778279 	-5.1473964e-10 	-4.4901664e-05 	-0.0077002384
0.0057837838 	-0.019778328 	-4.8416418e-10 	-4.1166182e-05 	-0.0073208401
0.0057957958 	-0.019778378 	-4.5358872e-10 	-3.7430699e-05 	-0.0069414418
0.0058078078 	-0.019778427 	-4.2301326e-10 	-3.3695217e-05 	-0.0065620435
0.0058198198 	-0.019778477 	-3.924378e-10 	-2.9959735e-05 	-0.0061826452
0.0058318318 	-0.019778527 	-3.6186234e-10 	-2.6224253e-05 	-0.0058032469
0.0058438438 	-0.019778577 	-3.2943689e-10 	-2.2404527e-05 	-0.0054310499
0.0058558559 	-0.019778631 	-2.9246361e-10 	-1.8377707e-05 	-0.0050765559
0.0058678679 	-0.019778664 	-2.6662394e-10 	-1.6394231e-05 	-0.0046636163
0.0058798799 	-0.019778693 	-2.435442e-10 	-1.4917284e-05 	-0.0042361885
0.0058918919 	-0.019778722 	-2.2046445e-10 	-1.3440337e-05 	-0.0038087607
0.0059039039 	-0.019778751 	-1.9738471e-10 	-1.196339e-05 	-0.0033813329
0.0059159159 	-0.019778779 	-1.7430497e-10 	-1.0486443e-05 	-0.0029539051
0.0059279279 	-0.019778808 	-1.5122522e-10 	-9.0094955e-06 	-0.0025264772
0.0059399399 	-0.019778837 	-1.2814548e-10 	-7.5325484e-06 	-0.0020990494
0.005951952 	-0.019778866 	-1.0506574e-10 	-6.0556012e-06 	-0.0016716216
0.005963964 	-0.019778894 	-8.1985992e-11 	-4.5786541e-06 	-0.0012441938
0.005975976 	-0.019778923 	-5.8906249e-11 	-3.101707e-06 	-0.00081676596
0.005987988 	-0.019778953 	-3.2797936e-11 	-1.5896403e-06 	-0.00039838807
0.006 	-0.019778983 	-2.3445862e-22 	-1.1363668e-17 	-2.8479084e-15
