-0.006 	-0.0084054418 	0 	0 	0
-0.005987988 	-0.0084054107 	-1.066229e-09 	-1.5511368e-07 	-0.00078859187
-0.005975976 	-0.0084053795 	-2.1324579e-09 	-3.1022735e-07 	-0.0015771837
-0.005963964 	-0.0084053483 	-3.1986869e-09 	-4.6534103e-07 	-0.0023657756
-0.005951952 	-0.0084053171 	-4.2649159e-09 	-6.2045471e-07 	-0.0031543675
-0.0059399399 	-0.0084052859 	-5.3311449e-09 	-7.7556839e-07 	-0.0039429594
-0.0059279279 	-0.0084052547 	-6.3973738e-09 	-9.3068206e-07 	-0.0047315512
-0.0059159159 	-0.0084052219 	-7.4956503e-09 	-1.1048102e-06 	-0.0055163819
-0.0059039039 	-0.0084051889 	-8.5970157e-09 	-1.280771e-06 	-0.00630085
-0.0058918919 	-0.0084051791 	-9.6523306e-09 	-1.5426831e-06 	-0.0070347206
-0.0058798799 	-0.0084051868 	-1.0672971e-08 	-1.869313e-06 	-0.0077304933
-0.0058678679 	-0.0084051945 	-1.1693611e-08 	-2.195943e-06 	-0.008426266
-0.0058558559 	-0.0084052022 	-1.2714252e-08 	-2.522573e-06 	-0.0091220387
-0.0058438438 	-0.0084052098 	-1.3734892e-08 	-2.8492029e-06 	-0.0098178114
-0.0058318318 	-0.0084052175 	-1.4755533e-08 	-3.1758329e-06 	-0.010513584
-0.0058198198 	-0.0084052252 	-1.5776173e-08 	-3.5024629e-06 	-0.011209357
-0.0058078078 	-0.0084052336 	-1.6819012e-08 	-3.8630438e-06 	-0.011903043
-0.0057957958 	-0.0084052424 	-1.7873041e-08 	-4.2407382e-06 	-0.012595677
-0.0057837838 	-0.0084052512 	-1.8926536e-08 	-4.6200273e-06 	-0.013287632
-0.0057717718 	-0.0084052597 	-1.9919517e-08 	-5.1803148e-06 	-0.013902533
-0.0057597598 	-0.0084052682 	-2.0912497e-08 	-5.7406024e-06 	-0.014517435
-0.0057477477 	-0.0084052768 	-2.1905478e-08 	-6.3008899e-06 	-0.015132337
-0.0057357357 	-0.0084052853 	-2.2898459e-08 	-6.8611774e-06 	-0.015747238
-0.0057237237 	-0.0084052938 	-2.3891439e-08 	-7.4214649e-06 	-0.01636214
-0.0057117117 	-0.0084053024 	-2.488442e-08 	-7.9817524e-06 	-0.016977041
-0.0056996997 	-0.0084053109 	-2.5877401e-08 	-8.5420399e-06 	-0.017591943
-0.0056876877 	-0.0084053196 	-2.6876085e-08 	-9.117235e-06 	-0.018206475
-0.0056756757 	-0.0084053291 	-2.7901539e-08 	-9.7624029e-06 	-0.018819274
-0.0056636637 	-0.0084053386 	-2.8926994e-08 	-1.0407571e-05 	-0.019432073
-0.0056516517 	-0.0084053481 	-2.9941003e-08 	-1.1086057e-05 	-0.020030028
-0.0056396396 	-0.0084053572 	-3.0896132e-08 	-1.193595e-05 	-0.02055162
-0.0056276276 	-0.0084053664 	-3.185126e-08 	-1.2785843e-05 	-0.021073212
-0.0056156156 	-0.0084053756 	-3.2806389e-08 	-1.3635736e-05 	-0.021594804
-0.0056036036 	-0.0084053847 	-3.3761518e-08 	-1.4485629e-05 	-0.022116395
-0.0055915916 	-0.0084053939 	-3.4716646e-08 	-1.5335523e-05 	-0.022637987
-0.0055795796 	-0.008405403 	-3.5671775e-08 	-1.6185416e-05 	-0.023159579
-0.0055675676 	-0.0084054122 	-3.6626904e-08 	-1.7035309e-05 	-0.02368117
-0.0055555556 	-0.0084054213 	-3.7582032e-08 	-1.7885202e-05 	-0.024202762
-0.0055435435 	-0.0084054307 	-3.854595e-08 	-1.8767842e-05 	-0.024724115
-0.0055315315 	-0.0084054407 	-3.9532744e-08 	-1.9735718e-05 	-0.025244845
-0.0055195195 	-0.0084054506 	-4.0519537e-08 	-2.0703594e-05 	-0.025765576
-0.0055075075 	-0.0084054606 	-4.1506331e-08 	-2.167147e-05 	-0.026286307
-0.0054954955 	-0.0084054706 	-4.2422577e-08 	-2.2842979e-05 	-0.026714982
-0.0054834835 	-0.0084054807 	-4.3327339e-08 	-2.4047637e-05 	-0.027128672
-0.0054714715 	-0.0084054908 	-4.4232101e-08 	-2.5252294e-05 	-0.027542362
-0.0054594595 	-0.0084055008 	-4.5136862e-08 	-2.6456952e-05 	-0.027956052
-0.0054474474 	-0.0084055109 	-4.6041624e-08 	-2.7661609e-05 	-0.028369743
-0.0054354354 	-0.0084055209 	-4.6946386e-08 	-2.8866267e-05 	-0.028783433
-0.0054234234 	-0.008405531 	-4.7851148e-08 	-3.0070924e-05 	-0.029197123
-0.0054114114 	-0.0084055411 	-4.8755909e-08 	-3.1275582e-05 	-0.029610813
-0.0053993994 	-0.0084055511 	-4.9660671e-08 	-3.2480239e-05 	-0.030024503
-0.0053873874 	-0.0084055612 	-5.0565433e-08 	-3.3684897e-05 	-0.030438193
-0.0053753754 	-0.0084055717 	-5.1494584e-08 	-3.5005247e-05 	-0.030852387
-0.0053633634 	-0.0084055824 	-5.2430557e-08 	-3.6357958e-05 	-0.031266722
-0.0053513514 	-0.008405593 	-5.336653e-08 	-3.7710669e-05 	-0.031681056
-0.0053393393 	-0.0084056037 	-5.4302503e-08 	-3.9063381e-05 	-0.032095391
-0.0053273273 	-0.0084056149 	-5.5150302e-08 	-4.0678112e-05 	-0.032395945
-0.0053153153 	-0.0084056262 	-5.598883e-08 	-4.2320396e-05 	-0.032684535
-0.0053033033 	-0.0084056375 	-5.6827358e-08 	-4.396268e-05 	-0.032973124
-0.0052912913 	-0.0084056488 	-5.7665886e-08 	-4.5604964e-05 	-0.033261714
-0.0052792793 	-0.0084056601 	-5.8504415e-08 	-4.7247248e-05 	-0.033550303
-0.0052672673 	-0.0084056713 	-5.9342943e-08 	-4.8889533e-05 	-0.033838893
-0.0052552553 	-0.0084056826 	-6.0181471e-08 	-5.0531817e-05 	-0.034127483
-0.0052432432 	-0.0084056939 	-6.1019999e-08 	-5.2174101e-05 	-0.034416072
-0.0052312312 	-0.0084057052 	-6.1858527e-08 	-5.3816385e-05 	-0.034704662
-0.0052192192 	-0.0084057165 	-6.2697055e-08 	-5.5458669e-05 	-0.034993251
-0.0052072072 	-0.0084057278 	-6.3535583e-08 	-5.7100953e-05 	-0.035281841
-0.0051951952 	-0.0084057392 	-6.4388957e-08 	-5.8825076e-05 	-0.035571608
-0.0051831832 	-0.0084057509 	-6.5258899e-08 	-6.0640532e-05 	-0.035862688
-0.0051711712 	-0.0084057625 	-6.6128841e-08 	-6.2455987e-05 	-0.036153768
-0.0051591592 	-0.0084057742 	-6.6998783e-08 	-6.4271442e-05 	-0.036444848
-0.0051471471 	-0.0084057859 	-6.7859858e-08 	-6.6114533e-05 	-0.036724778
-0.0051351351 	-0.0084057987 	-6.8612106e-08 	-6.8296775e-05 	-0.036867869
-0.0051231231 	-0.0084058114 	-6.9364353e-08 	-7.0479016e-05 	-0.03701096
-0.0051111111 	-0.0084058242 	-7.0116601e-08 	-7.2661258e-05 	-0.037154051
-0.0050990991 	-0.0084058369 	-7.0868849e-08 	-7.48435e-05 	-0.037297142
-0.0050870871 	-0.0084058497 	-7.1621097e-08 	-7.7025741e-05 	-0.037440233
-0.0050750751 	-0.0084058625 	-7.2373345e-08 	-7.9207983e-05 	-0.037583324
-0.0050630631 	-0.0084058752 	-7.3125592e-08 	-8.1390225e-05 	-0.037726415
-0.0050510511 	-0.008405888 	-7.387784e-08 	-8.3572466e-05 	-0.037869506
-0.005039039 	-0.0084059007 	-7.4630088e-08 	-8.5754708e-05 	-0.038012597
-0.005027027 	-0.0084059135 	-7.5382336e-08 	-8.793695e-05 	-0.038155688
-0.005015015 	-0.0084059263 	-7.6134584e-08 	-9.0119191e-05 	-0.038298779
-0.005003003 	-0.008405939 	-7.6886832e-08 	-9.2301433e-05 	-0.03844187
-0.004990991 	-0.0084059518 	-7.764258e-08 	-9.4504134e-05 	-0.038585475
-0.004978979 	-0.0084059647 	-7.8427368e-08 	-9.6876535e-05 	-0.038733346
-0.004966967 	-0.0084059775 	-7.9212155e-08 	-9.9248936e-05 	-0.038881216
-0.004954955 	-0.0084059904 	-7.9996943e-08 	-0.00010162134 	-0.039029086
-0.0049429429 	-0.0084060033 	-8.078173e-08 	-0.00010399374 	-0.039176956
-0.0049309309 	-0.0084060163 	-8.1549367e-08 	-0.0001064226 	-0.039303911
-0.0049189189 	-0.0084060306 	-8.219092e-08 	-0.00010926653 	-0.039277112
-0.0049069069 	-0.0084060449 	-8.2832473e-08 	-0.00011211047 	-0.039250312
-0.0048948949 	-0.0084060593 	-8.3474026e-08 	-0.0001149544 	-0.039223512
-0.0048828829 	-0.0084060736 	-8.4115579e-08 	-0.00011779834 	-0.039196713
-0.0048708709 	-0.0084060879 	-8.4757132e-08 	-0.00012064227 	-0.039169913
-0.0048588589 	-0.0084061023 	-8.5398685e-08 	-0.00012348621 	-0.039143114
-0.0048468468 	-0.0084061166 	-8.6040238e-08 	-0.00012633014 	-0.039116314
-0.0048348348 	-0.0084061309 	-8.668179e-08 	-0.00012917408 	-0.039089514
-0.0048228228 	-0.0084061453 	-8.7323343e-08 	-0.00013201801 	-0.039062715
-0.0048108108 	-0.0084061596 	-8.7964896e-08 	-0.00013486195 	-0.039035915
-0.0047987988 	-0.0084061739 	-8.8606449e-08 	-0.00013770588 	-0.039009115
-0.0047867868 	-0.0084061883 	-8.9248002e-08 	-0.00014054982 	-0.038982316
-0.0047747748 	-0.0084062026 	-8.9889555e-08 	-0.00014339375 	-0.038955516
-0.0047627628 	-0.0084062169 	-9.0531108e-08 	-0.00014623769 	-0.038928717
-0.0047507508 	-0.0084062312 	-9.1186859e-08 	-0.00014916136 	-0.038905056
-0.0047387387 	-0.0084062453 	-9.1863021e-08 	-0.00015219966 	-0.038885908
-0.0047267267 	-0.0084062594 	-9.2539183e-08 	-0.00015523795 	-0.03886676
-0.0047147147 	-0.0084062736 	-9.3215345e-08 	-0.00015827625 	-0.038847612
-0.0047027027 	-0.0084062877 	-9.3891508e-08 	-0.00016131454 	-0.038828464
-0.0046906907 	-0.0084063019 	-9.456767e-08 	-0.00016435284 	-0.038809316
-0.0046786787 	-0.0084063174 	-9.5113961e-08 	-0.00016785685 	-0.038634388
-0.0046666667 	-0.0084063335 	-9.561753e-08 	-0.00017151405 	-0.038408214
-0.0046546547 	-0.0084063495 	-9.61211e-08 	-0.00017517126 	-0.03818204
-0.0046426426 	-0.0084063655 	-9.6624669e-08 	-0.00017882846 	-0.037955867
-0.0046306306 	-0.0084063816 	-9.7128238e-08 	-0.00018248567 	-0.037729693
-0.0046186186 	-0.0084063976 	-9.7631808e-08 	-0.00018614288 	-0.03750352
-0.0046066066 	-0.0084064136 	-9.8135377e-08 	-0.00018980008 	-0.037277346
-0.0045945946 	-0.0084064297 	-9.8638946e-08 	-0.00019345729 	-0.037051173
-0.0045825826 	-0.0084064457 	-9.9142516e-08 	-0.00019711449 	-0.036824999
-0.0045705706 	-0.0084064617 	-9.9646085e-08 	-0.0002007717 	-0.036598825
-0.0045585586 	-0.0084064777 	-1.0014965e-07 	-0.0002044289 	-0.036372652
-0.0045465465 	-0.0084064938 	-1.0065322e-07 	-0.00020808611 	-0.036146478
-0.0045345345 	-0.0084065098 	-1.0115679e-07 	-0.00021174332 	-0.035920305
-0.0045225225 	-0.0084065258 	-1.0166036e-07 	-0.00021540052 	-0.035694131
-0.0045105105 	-0.0084065419 	-1.0216393e-07 	-0.00021905773 	-0.035467958
-0.0044984985 	-0.0084065579 	-1.026675e-07 	-0.00022271493 	-0.035241784
-0.0044864865 	-0.0084065739 	-1.0317357e-07 	-0.00022638425 	-0.035016372
-0.0044744745 	-0.0084065895 	-1.0371433e-07 	-0.00023022136 	-0.034801516
-0.0044624625 	-0.0084066051 	-1.042551e-07 	-0.00023405847 	-0.03458666
-0.0044504505 	-0.0084066207 	-1.0479586e-07 	-0.00023789558 	-0.034371804
-0.0044384384 	-0.0084066363 	-1.0533662e-07 	-0.00024173269 	-0.034156948
-0.0044264264 	-0.0084066518 	-1.0587738e-07 	-0.00024556981 	-0.033942092
-0.0044144144 	-0.0084066674 	-1.0641814e-07 	-0.00024940692 	-0.033727237
-0.0044024024 	-0.0084066849 	-1.0682901e-07 	-0.00025381599 	-0.033352061
-0.0043903904 	-0.0084067034 	-1.0716982e-07 	-0.00025853355 	-0.032890416
-0.0043783784 	-0.0084067219 	-1.0751063e-07 	-0.00026325112 	-0.032428771
-0.0043663664 	-0.0084067403 	-1.0785144e-07 	-0.00026796868 	-0.031967126
-0.0043543544 	-0.0084067588 	-1.0819226e-07 	-0.00027268624 	-0.031505481
-0.0043423423 	-0.0084067773 	-1.0853307e-07 	-0.00027740381 	-0.031043836
-0.0043303303 	-0.0084067958 	-1.0887388e-07 	-0.00028212137 	-0.03058219
-0.0043183183 	-0.0084068142 	-1.0921469e-07 	-0.00028683894 	-0.030120545
-0.0043063063 	-0.0084068327 	-1.095555e-07 	-0.0002915565 	-0.0296589
-0.0042942943 	-0.0084068512 	-1.0989632e-07 	-0.00029627406 	-0.029197255
-0.0042822823 	-0.0084068697 	-1.1023713e-07 	-0.00030099163 	-0.02873561
-0.0042702703 	-0.0084068881 	-1.1057794e-07 	-0.00030570919 	-0.028273965
-0.0042582583 	-0.0084069066 	-1.1091875e-07 	-0.00031042675 	-0.02781232
-0.0042462462 	-0.0084069251 	-1.1125956e-07 	-0.00031514432 	-0.027350675
-0.0042342342 	-0.0084069436 	-1.1160038e-07 	-0.00031986188 	-0.02688903
-0.0042222222 	-0.0084069621 	-1.1194119e-07 	-0.00032457945 	-0.026427385
-0.0042102102 	-0.0084069805 	-1.12282e-07 	-0.00032929701 	-0.025965739
-0.0041981982 	-0.008406999 	-1.1262281e-07 	-0.00033401457 	-0.025504094
-0.0041861862 	-0.0084070175 	-1.1296362e-07 	-0.00033873214 	-0.025042449
-0.0041741742 	-0.0084070356 	-1.1333259e-07 	-0.00034355249 	-0.024592462
-0.0041621622 	-0.0084070535 	-1.1371232e-07 	-0.00034841213 	-0.024146931
-0.0041501502 	-0.0084070715 	-1.1409204e-07 	-0.00035327177 	-0.0237014
-0.0041381381 	-0.0084070895 	-1.1447177e-07 	-0.00035813142 	-0.023255869
-0.0041261261 	-0.0084071074 	-1.148515e-07 	-0.00036299106 	-0.022810338
-0.0041141141 	-0.0084071254 	-1.1523123e-07 	-0.0003678507 	-0.022364808
-0.0041021021 	-0.0084071433 	-1.1561095e-07 	-0.00037271034 	-0.021919277
-0.0040900901 	-0.0084071616 	-1.1589741e-07 	-0.0003781584 	-0.021342263
-0.0040780781 	-0.0084071803 	-1.1606697e-07 	-0.00038434397 	-0.020600446
-0.0040660661 	-0.008407199 	-1.1623653e-07 	-0.00039052955 	-0.019858629
-0.0040540541 	-0.0084072177 	-1.1640608e-07 	-0.00039671512 	-0.019116813
-0.004042042 	-0.0084072363 	-1.1657564e-07 	-0.00040290069 	-0.018374996
-0.00403003 	-0.008407255 	-1.167452e-07 	-0.00040908627 	-0.017633179
-0.004018018 	-0.0084072737 	-1.1691475e-07 	-0.00041527184 	-0.016891363
-0.004006006 	-0.0084072924 	-1.1708431e-07 	-0.00042145742 	-0.016149546
-0.003993994 	-0.008407311 	-1.1725386e-07 	-0.00042764299 	-0.015407729
-0.003981982 	-0.0084073297 	-1.1742342e-07 	-0.00043382856 	-0.014665913
-0.00396997 	-0.0084073484 	-1.1759298e-07 	-0.00044001414 	-0.013924096
-0.003957958 	-0.0084073671 	-1.1776253e-07 	-0.00044619971 	-0.013182279
-0.0039459459 	-0.0084073857 	-1.1793209e-07 	-0.00045238529 	-0.012440462
-0.0039339339 	-0.0084074044 	-1.1810165e-07 	-0.00045857086 	-0.011698646
-0.0039219219 	-0.0084074231 	-1.182712e-07 	-0.00046475644 	-0.010956829
-0.0039099099 	-0.0084074418 	-1.1844076e-07 	-0.00047094201 	-0.010215012
-0.0038978979 	-0.0084074605 	-1.1861032e-07 	-0.00047712758 	-0.0094731957
-0.0038858859 	-0.0084074791 	-1.1877987e-07 	-0.00048331316 	-0.008731379
-0.0038738739 	-0.0084074978 	-1.1894943e-07 	-0.00048949873 	-0.0079895623
-0.0038618619 	-0.0084075165 	-1.1911898e-07 	-0.00049568431 	-0.0072477456
-0.0038498498 	-0.0084075352 	-1.1928854e-07 	-0.00050186988 	-0.0065059289
-0.0038378378 	-0.0084075538 	-1.194581e-07 	-0.00050805545 	-0.0057641123
-0.0038258258 	-0.008407572 	-1.1966383e-07 	-0.00051430966 	-0.0050443685
-0.0038138138 	-0.0084075902 	-1.1987047e-07 	-0.00052056559 	-0.0043251776
-0.0038018018 	-0.0084076084 	-1.2007711e-07 	-0.00052682151 	-0.0036059867
-0.0037897898 	-0.0084076266 	-1.2028375e-07 	-0.00053307744 	-0.0028867958
-0.0037777778 	-0.0084076448 	-1.2049039e-07 	-0.00053933336 	-0.0021676048
-0.0037657658 	-0.008407663 	-1.2069703e-07 	-0.00054558929 	-0.0014484139
-0.0037537538 	-0.0084076812 	-1.2090367e-07 	-0.00055184521 	-0.00072922298
-0.0037417417 	-0.0084076994 	-1.2111031e-07 	-0.00055810114 	-1.0032062e-05
-0.0037297297 	-0.0084077158 	-1.2119206e-07 	-0.00056368314 	0.00076075152
-0.0037177177 	-0.0084077315 	-1.2122479e-07 	-0.00056900064 	0.0015517838
-0.0037057057 	-0.0084077473 	-1.2125752e-07 	-0.00057431815 	0.002342816
-0.0036936937 	-0.008407763 	-1.2129025e-07 	-0.00057963565 	0.0031338483
-0.0036816817 	-0.0084077787 	-1.2132298e-07 	-0.00058495316 	0.0039248805
-0.0036696697 	-0.0084077944 	-1.2135571e-07 	-0.00059027067 	0.0047159128
-0.0036576577 	-0.0084078101 	-1.2138844e-07 	-0.00059558817 	0.005506945
-0.0036456456 	-0.0084078258 	-1.2142117e-07 	-0.00060090568 	0.0062979773
-0.0036336336 	-0.0084078415 	-1.214539e-07 	-0.00060622318 	0.0070890095
-0.0036216216 	-0.0084078572 	-1.2148663e-07 	-0.00061154069 	0.0078800418
-0.0036096096 	-0.008407873 	-1.2151937e-07 	-0.00061685819 	0.008671074
-0.0035975976 	-0.0084078887 	-1.215521e-07 	-0.0006221757 	0.0094621063
-0.0035855856 	-0.0084079044 	-1.2158483e-07 	-0.0006274932 	0.010253139
-0.0035735736 	-0.0084079201 	-1.2161756e-07 	-0.00063281071 	0.011044171
-0.0035615616 	-0.0084079358 	-1.2165029e-07 	-0.00063812822 	0.011835203
-0.0035495495 	-0.0084079515 	-1.2168302e-07 	-0.00064344572 	0.012626235
-0.0035375375 	-0.0084079672 	-1.2171575e-07 	-0.00064876323 	0.013417268
-0.0035255255 	-0.008407983 	-1.2174848e-07 	-0.00065408073 	0.0142083
-0.0035135135 	-0.0084079987 	-1.2178121e-07 	-0.00065939824 	0.014999332
-0.0035015015 	-0.0084080144 	-1.2181394e-07 	-0.00066471574 	0.015790364
-0.0034894895 	-0.0084080301 	-1.2184667e-07 	-0.00067003325 	0.016581397
-0.0034774775 	-0.0084080458 	-1.218794e-07 	-0.00067535076 	0.017372429
-0.0034654655 	-0.0084080615 	-1.2191213e-07 	-0.00068066826 	0.018163461
-0.0034534535 	-0.0084080772 	-1.2194486e-07 	-0.00068598577 	0.018954493
-0.0034414414 	-0.008408093 	-1.2198637e-07 	-0.0006912964 	0.019737225
-0.0034294294 	-0.0084081087 	-1.2204304e-07 	-0.00069659514 	0.020505609
-0.0034174174 	-0.0084081244 	-1.2209971e-07 	-0.00070189389 	0.021273993
-0.0034054054 	-0.0084081402 	-1.2215637e-07 	-0.00070719263 	0.022042377
-0.0033933934 	-0.0084081559 	-1.2221304e-07 	-0.00071249138 	0.02281076
-0.0033813814 	-0.0084081717 	-1.2226971e-07 	-0.00071779012 	0.023579144
-0.0033693694 	-0.0084081874 	-1.2232638e-07 	-0.00072308887 	0.024347528
-0.0033573574 	-0.0084082031 	-1.2238305e-07 	-0.00072838761 	0.025115912
-0.0033453453 	-0.0084082189 	-1.2243972e-07 	-0.00073368636 	0.025884296
-0.0033333333 	-0.0084082346 	-1.2249638e-07 	-0.0007389851 	0.02665268
-0.0033213213 	-0.0084082119 	-1.2238559e-07 	-0.00075322651 	0.029309175
-0.0033093093 	-0.0084081891 	-1.222748e-07 	-0.00076746791 	0.03196567
-0.0032972973 	-0.0084081664 	-1.22164e-07 	-0.00078170932 	0.034622166
-0.0032852853 	-0.0084081436 	-1.2205321e-07 	-0.00079595073 	0.037278661
-0.0032732733 	-0.0084081224 	-1.2196363e-07 	-0.00080998966 	0.039884492
-0.0032612613 	-0.0084081033 	-1.2190184e-07 	-0.00082376347 	0.042423986
-0.0032492492 	-0.0084081045 	-1.2176863e-07 	-0.00083311177 	0.044183153
-0.0032372372 	-0.0084081175 	-1.2159449e-07 	-0.00083992393 	0.045495139
-0.0032252252 	-0.0084081304 	-1.2142036e-07 	-0.0008467361 	0.046807126
-0.0032132132 	-0.0084081433 	-1.2124623e-07 	-0.00085354827 	0.048119112
-0.0032012012 	-0.0084081563 	-1.2107209e-07 	-0.00086036043 	0.049431098
-0.0031891892 	-0.00840817 	-1.2090449e-07 	-0.00086711789 	0.050725835
-0.0031771772 	-0.0084081847 	-1.2074469e-07 	-0.00087380991 	0.051999938
-0.0031651652 	-0.008408192 	-1.2053709e-07 	-0.00088067223 	0.053322036
-0.0031531532 	-0.0084081889 	-1.2026256e-07 	-0.00088777304 	0.054711348
-0.0031411411 	-0.0084081857 	-1.1998803e-07 	-0.00089487384 	0.056100659
-0.0031291291 	-0.0084081826 	-1.197135e-07 	-0.00090197465 	0.057489971
-0.0031171171 	-0.0084081795 	-1.1943897e-07 	-0.00090907546 	0.058879283
-0.0031051051 	-0.0084081764 	-1.1916444e-07 	-0.00091617627 	0.060268595
-0.0030930931 	-0.0084081737 	-1.1889408e-07 	-0.00092321245 	0.061637001
-0.0030810811 	-0.0084081715 	-1.1862727e-07 	-0.00093019367 	0.06298763
-0.0030690691 	-0.0084081673 	-1.1833975e-07 	-0.00093721833 	0.064367032
-0.0030570571 	-0.008408156 	-1.1798199e-07 	-0.00094439014 	0.065843931
-0.003045045 	-0.0084081448 	-1.1762424e-07 	-0.00095156195 	0.067320831
-0.003033033 	-0.0084081335 	-1.1726649e-07 	-0.00095873376 	0.06879773
-0.003021021 	-0.0084081222 	-1.1690873e-07 	-0.00096590556 	0.070274629
-0.003009009 	-0.008408111 	-1.1655098e-07 	-0.00097307737 	0.071751529
-0.002996997 	-0.0084080997 	-1.1619323e-07 	-0.00098024918 	0.073228428
-0.002984985 	-0.008408089 	-1.1583631e-07 	-0.00098734593 	0.074683018
-0.002972973 	-0.0084080786 	-1.1548005e-07 	-0.00099438428 	0.076120255
-0.002960961 	-0.0084080682 	-1.1512378e-07 	-0.0010014226 	0.077557491
-0.0029489489 	-0.0084080529 	-1.1470538e-07 	-0.0010085576 	0.07912465
-0.0029369369 	-0.0084080373 	-1.1428296e-07 	-0.0010156989 	0.080700204
-0.0029249249 	-0.0084080218 	-1.1386054e-07 	-0.0010228401 	0.082275758
-0.0029129129 	-0.0084080062 	-1.1343812e-07 	-0.0010299813 	0.083851312
-0.0029009009 	-0.0084079906 	-1.1301571e-07 	-0.0010371226 	0.085426866
-0.0028888889 	-0.008407975 	-1.1259329e-07 	-0.0010442638 	0.08700242
-0.0028768769 	-0.0084079594 	-1.1217087e-07 	-0.0010514051 	0.088577975
-0.0028648649 	-0.0084079443 	-1.1174683e-07 	-0.0010584901 	0.09013806
-0.0028528529 	-0.0084079298 	-1.1132013e-07 	-0.0010654829 	0.091672759
-0.0028408408 	-0.0084079153 	-1.1089343e-07 	-0.0010724757 	0.093207458
-0.0028288288 	-0.0084078982 	-1.1045032e-07 	-0.0010794745 	0.094802994
-0.0028168168 	-0.0084078775 	-1.0998293e-07 	-0.0010864823 	0.096488594
-0.0028048048 	-0.0084078567 	-1.0951554e-07 	-0.0010934901 	0.098174194
-0.0027927928 	-0.008407836 	-1.0904815e-07 	-0.0011004978 	0.099859793
-0.0027807808 	-0.0084078152 	-1.0858076e-07 	-0.0011075056 	0.10154539
-0.0027687688 	-0.0084077945 	-1.0811337e-07 	-0.0011145134 	0.10323099
-0.0027567568 	-0.0084077737 	-1.0764598e-07 	-0.0011215212 	0.10491659
-0.0027447447 	-0.008407753 	-1.0717859e-07 	-0.0011285289 	0.10660219
-0.0027327327 	-0.0084077322 	-1.0671119e-07 	-0.0011355367 	0.10828779
-0.0027207207 	-0.0084077126 	-1.0623617e-07 	-0.0011424122 	0.10993843
-0.0027087087 	-0.0084076931 	-1.0575956e-07 	-0.00114926 	0.11158174
-0.0026966967 	-0.0084076737 	-1.0528294e-07 	-0.0011561078 	0.11322506
-0.0026846847 	-0.0084076507 	-1.0479979e-07 	-0.0011628845 	0.11494202
-0.0026726727 	-0.0084076235 	-1.043087e-07 	-0.0011695751 	0.11674829
-0.0026606607 	-0.0084075962 	-1.0381761e-07 	-0.0011762657 	0.11855457
-0.0026486486 	-0.008407569 	-1.0332652e-07 	-0.0011829562 	0.12036085
-0.0026366366 	-0.0084075418 	-1.0283543e-07 	-0.0011896468 	0.12216712
-0.0026246246 	-0.0084075146 	-1.0234434e-07 	-0.0011963374 	0.1239734
-0.0026126126 	-0.0084074873 	-1.0185325e-07 	-0.0012030279 	0.12577967
-0.0026006006 	-0.0084074601 	-1.0136216e-07 	-0.0012097185 	0.12758595
-0.0025885886 	-0.0084074329 	-1.0087107e-07 	-0.0012164091 	0.12939223
-0.0025765766 	-0.0084074056 	-1.0037998e-07 	-0.0012230996 	0.1311985
-0.0025645646 	-0.0084073795 	-9.9879298e-08 	-0.0012296705 	0.13297298
-0.0025525526 	-0.0084073538 	-9.9374957e-08 	-0.0012361956 	0.13473533
-0.0025405405 	-0.0084073281 	-9.8870617e-08 	-0.0012427208 	0.13649768
-0.0025285285 	-0.0084073024 	-9.8366276e-08 	-0.001249246 	0.13826004
-0.0025165165 	-0.0084072686 	-9.7873753e-08 	-0.0012553615 	0.14017664
-0.0025045045 	-0.0084072339 	-9.738261e-08 	-0.0012614291 	0.14211125
-0.0024924925 	-0.0084071992 	-9.6891468e-08 	-0.0012674968 	0.14404587
-0.0024804805 	-0.0084071645 	-9.6400325e-08 	-0.0012735645 	0.14598049
-0.0024684685 	-0.0084071298 	-9.5909183e-08 	-0.0012796321 	0.14791511
-0.0024564565 	-0.0084070951 	-9.541804e-08 	-0.0012856998 	0.14984973
-0.0024444444 	-0.0084070604 	-9.4926898e-08 	-0.0012917675 	0.15178435
-0.0024324324 	-0.0084070257 	-9.4435755e-08 	-0.0012978351 	0.15371896
-0.0024204204 	-0.008406991 	-9.3944613e-08 	-0.0013039028 	0.15565358
-0.0024084084 	-0.0084069563 	-9.345347e-08 	-0.0013099705 	0.1575882
-0.0023963964 	-0.0084069216 	-9.2962327e-08 	-0.0013160381 	0.15952282
-0.0023843844 	-0.0084068884 	-9.2456672e-08 	-0.001321968 	0.16141812
-0.0023723724 	-0.0084068554 	-9.1948669e-08 	-0.0013278757 	0.16330706
-0.0023603604 	-0.0084068224 	-9.1440667e-08 	-0.0013337833 	0.165196
-0.0023483483 	-0.0084067895 	-9.0932664e-08 	-0.001339691 	0.16708494
-0.0023363363 	-0.0084067514 	-9.0446356e-08 	-0.0013451105 	0.16906432
-0.0023243243 	-0.0084067087 	-8.9980225e-08 	-0.001350076 	0.17112782
-0.0023123123 	-0.008406666 	-8.9514094e-08 	-0.0013550415 	0.17319131
-0.0023003003 	-0.0084066233 	-8.9047963e-08 	-0.001360007 	0.17525481
-0.0022882883 	-0.0084065806 	-8.8581833e-08 	-0.0013649725 	0.17731831
-0.0022762763 	-0.0084065379 	-8.8115702e-08 	-0.001369938 	0.17938181
-0.0022642643 	-0.0084064952 	-8.7649571e-08 	-0.0013749035 	0.18144531
-0.0022522523 	-0.0084064525 	-8.7183441e-08 	-0.001379869 	0.18350881
-0.0022402402 	-0.0084064098 	-8.671731e-08 	-0.0013848346 	0.18557231
-0.0022282282 	-0.0084063671 	-8.6251179e-08 	-0.0013898001 	0.18763581
-0.0022162162 	-0.0084063244 	-8.5785048e-08 	-0.0013947656 	0.1896993
-0.0022042042 	-0.0084062817 	-8.5318918e-08 	-0.0013997311 	0.1917628
-0.0021921922 	-0.0084062389 	-8.485276e-08 	-0.0014046964 	0.19382624
-0.0021801802 	-0.0084061981 	-8.4366908e-08 	-0.0014095255 	0.19584249
-0.0021681682 	-0.0084061573 	-8.3881056e-08 	-0.0014143545 	0.19785874
-0.0021561562 	-0.0084061165 	-8.3395205e-08 	-0.0014191836 	0.19987499
-0.0021441441 	-0.0084060757 	-8.2909353e-08 	-0.0014240126 	0.20189123
-0.0021321321 	-0.0084060342 	-8.2428661e-08 	-0.0014287165 	0.20391974
-0.0021201201 	-0.0084059842 	-8.2011179e-08 	-0.0014318869 	0.20609839
-0.0021081081 	-0.0084059342 	-8.1593696e-08 	-0.0014350573 	0.20827704
-0.0020960961 	-0.0084058842 	-8.1176214e-08 	-0.0014382277 	0.21045569
-0.0020840841 	-0.0084058342 	-8.0758732e-08 	-0.0014413981 	0.21263435
-0.0020720721 	-0.0084057841 	-8.0341249e-08 	-0.0014445685 	0.214813
-0.0020600601 	-0.0084057341 	-7.9923767e-08 	-0.0014477389 	0.21699165
-0.002048048 	-0.0084056841 	-7.9506284e-08 	-0.0014509093 	0.2191703
-0.002036036 	-0.0084056341 	-7.9088802e-08 	-0.0014540797 	0.22134895
-0.002024024 	-0.0084055841 	-7.867132e-08 	-0.0014572501 	0.2235276
-0.002012012 	-0.008405534 	-7.8253837e-08 	-0.0014604205 	0.22570626
-0.002 	-0.008405484 	-7.7836355e-08 	-0.0014635909 	0.22788491
-0.001987988 	-0.008405434 	-7.7418873e-08 	-0.0014667613 	0.23006356
-0.001975976 	-0.008405384 	-7.700139e-08 	-0.0014699317 	0.23224221
-0.001963964 	-0.008405334 	-7.6583908e-08 	-0.0014731021 	0.23442086
-0.001951952 	-0.0084052857 	-7.614796e-08 	-0.0014761973 	0.2365574
-0.0019399399 	-0.0084052377 	-7.5709437e-08 	-0.0014792819 	0.23868806
-0.0019279279 	-0.0084051896 	-7.5270913e-08 	-0.0014823666 	0.24081872
-0.0019159159 	-0.0084051416 	-7.4832389e-08 	-0.0014854513 	0.24294938
-0.0019039039 	-0.0084050936 	-7.4393865e-08 	-0.001488536 	0.24508003
-0.0018918919 	-0.0084050427 	-7.3980587e-08 	-0.0014908184 	0.24724705
-0.0018798799 	-0.0084049849 	-7.3629103e-08 	-0.001491137 	0.24950305
-0.0018678679 	-0.0084049271 	-7.3277619e-08 	-0.0014914557 	0.25175905
-0.0018558559 	-0.0084048693 	-7.2926135e-08 	-0.0014917744 	0.25401505
-0.0018438438 	-0.0084048115 	-7.2574651e-08 	-0.001492093 	0.25627105
-0.0018318318 	-0.0084047537 	-7.2223167e-08 	-0.0014924117 	0.25852705
-0.0018198198 	-0.0084046959 	-7.1871683e-08 	-0.0014927303 	0.26078305
-0.0018078078 	-0.008404638 	-7.15202e-08 	-0.001493049 	0.26303905
-0.0017957958 	-0.0084045802 	-7.1168716e-08 	-0.0014933676 	0.26529506
-0.0017837838 	-0.0084045224 	-7.0817232e-08 	-0.0014936863 	0.26755106
-0.0017717718 	-0.0084044646 	-7.0465748e-08 	-0.001494005 	0.26980706
-0.0017597598 	-0.0084044068 	-7.0114264e-08 	-0.0014943236 	0.27206306
-0.0017477477 	-0.008404349 	-6.976278e-08 	-0.0014946423 	0.27431906
-0.0017357357 	-0.0084042912 	-6.9411296e-08 	-0.0014949609 	0.27657506
-0.0017237237 	-0.0084042334 	-6.9059812e-08 	-0.0014952796 	0.27883106
-0.0017117117 	-0.0084041756 	-6.8708328e-08 	-0.0014955983 	0.28108706
-0.0016996997 	-0.0084041181 	-6.8353198e-08 	-0.0014959178 	0.2833344
-0.0016876877 	-0.0084040624 	-6.798203e-08 	-0.0014962413 	0.28554361
-0.0016756757 	-0.0084040066 	-6.7610863e-08 	-0.0014965649 	0.28775282
-0.0016636637 	-0.0084039508 	-6.7239695e-08 	-0.0014968884 	0.28996203
-0.0016516517 	-0.008403895 	-6.6868527e-08 	-0.0014972119 	0.29217124
-0.0016396396 	-0.0084038392 	-6.6497359e-08 	-0.0014975355 	0.29438045
-0.0016276276 	-0.0084037834 	-6.6126192e-08 	-0.001497859 	0.29658966
-0.0016156156 	-0.0084037114 	-6.577066e-08 	-0.0014936315 	0.29935388
-0.0016036036 	-0.0084036365 	-6.5417948e-08 	-0.0014885832 	0.30221819
-0.0015915916 	-0.0084035616 	-6.5065236e-08 	-0.0014835349 	0.3050825
-0.0015795796 	-0.0084034867 	-6.4712524e-08 	-0.0014784866 	0.30794682
-0.0015675676 	-0.0084034118 	-6.4359813e-08 	-0.0014734383 	0.31081113
-0.0015555556 	-0.0084033369 	-6.4007101e-08 	-0.00146839 	0.31367544
-0.0015435435 	-0.008403262 	-6.3654389e-08 	-0.0014633417 	0.31653975
-0.0015315315 	-0.0084031871 	-6.3301677e-08 	-0.0014582934 	0.31940407
-0.0015195195 	-0.0084031122 	-6.2948966e-08 	-0.0014532451 	0.32226838
-0.0015075075 	-0.0084030373 	-6.2596254e-08 	-0.0014481968 	0.32513269
-0.0014954955 	-0.0084029624 	-6.2243542e-08 	-0.0014431485 	0.32799701
-0.0014834835 	-0.0084028875 	-6.189083e-08 	-0.0014381002 	0.33086132
-0.0014714715 	-0.0084028126 	-6.1538119e-08 	-0.0014330519 	0.33372563
-0.0014594595 	-0.0084027377 	-6.1185407e-08 	-0.0014280036 	0.33658995
-0.0014474474 	-0.0084026628 	-6.0832695e-08 	-0.0014229553 	0.33945426
-0.0014354354 	-0.0084025879 	-6.0479983e-08 	-0.001417907 	0.34231857
-0.0014234234 	-0.008402513 	-6.0127272e-08 	-0.0014128587 	0.34518289
-0.0014114114 	-0.0084024381 	-5.977456e-08 	-0.0014078104 	0.3480472
-0.0013993994 	-0.0084023639 	-5.9410342e-08 	-0.0014028449 	0.35088651
-0.0013873874 	-0.0084022902 	-5.9037767e-08 	-0.0013979396 	0.35370766
-0.0013753754 	-0.0084022165 	-5.8665192e-08 	-0.0013930343 	0.35652881
-0.0013633634 	-0.0084021427 	-5.8292617e-08 	-0.001388129 	0.35934996
-0.0013513514 	-0.008402069 	-5.7920042e-08 	-0.0013832237 	0.36217111
-0.0013393393 	-0.0084019953 	-5.7547467e-08 	-0.0013783184 	0.36499225
-0.0013273273 	-0.0084019216 	-5.7174892e-08 	-0.0013734131 	0.3678134
-0.0013153153 	-0.0084018618 	-5.6872439e-08 	-0.0013669531 	0.37016034
-0.0013033033 	-0.008401824 	-5.6679665e-08 	-0.0013580614 	0.37176555
-0.0012912913 	-0.0084017862 	-5.648689e-08 	-0.0013491697 	0.37337076
-0.0012792793 	-0.0084017484 	-5.6294115e-08 	-0.0013402781 	0.37497597
-0.0012672673 	-0.0084017106 	-5.6101341e-08 	-0.0013313864 	0.37658119
-0.0012552553 	-0.0084016728 	-5.5908566e-08 	-0.0013224947 	0.3781864
-0.0012432432 	-0.0084016349 	-5.5715792e-08 	-0.001313603 	0.37979161
-0.0012312312 	-0.0084015971 	-5.5523017e-08 	-0.0013047113 	0.38139682
-0.0012192192 	-0.0084015593 	-5.5330242e-08 	-0.0012958197 	0.38300204
-0.0012072072 	-0.0084015215 	-5.5137468e-08 	-0.001286928 	0.38460725
-0.0011951952 	-0.0084014837 	-5.4944693e-08 	-0.0012780363 	0.38621246
-0.0011831832 	-0.0084014458 	-5.4751919e-08 	-0.0012691446 	0.38781767
-0.0011711712 	-0.008401408 	-5.4559144e-08 	-0.0012602529 	0.38942289
-0.0011591592 	-0.0084013702 	-5.4366369e-08 	-0.0012513612 	0.3910281
-0.0011471471 	-0.0084013324 	-5.4173595e-08 	-0.0012424696 	0.39263331
-0.0011351351 	-0.0084012946 	-5.398082e-08 	-0.0012335779 	0.39423852
-0.0011231231 	-0.0084012563 	-5.379338e-08 	-0.0012245588 	0.39586477
-0.0011111111 	-0.0084012179 	-5.3607429e-08 	-0.0012155042 	0.39749689
-0.0010990991 	-0.0084011796 	-5.3421478e-08 	-0.0012064496 	0.39912901
-0.0010870871 	-0.0084011412 	-5.3235527e-08 	-0.001197395 	0.40076112
-0.0010750751 	-0.0084011028 	-5.3049575e-08 	-0.0011883404 	0.40239324
-0.0010630631 	-0.0084010644 	-5.2863624e-08 	-0.0011792858 	0.40402536
-0.0010510511 	-0.0084010261 	-5.2677673e-08 	-0.0011702312 	0.40565748
-0.001039039 	-0.0084009877 	-5.2491722e-08 	-0.0011611766 	0.40728959
-0.001027027 	-0.0084009493 	-5.230577e-08 	-0.0011521221 	0.40892171
-0.001015015 	-0.0084009109 	-5.2119819e-08 	-0.0011430675 	0.41055383
-0.001003003 	-0.0084008726 	-5.1933868e-08 	-0.0011340129 	0.41218595
-0.00099099099 	-0.0084008342 	-5.1747917e-08 	-0.0011249583 	0.41381806
-0.00097897898 	-0.0084007958 	-5.1561965e-08 	-0.0011159037 	0.41545018
-0.00096696697 	-0.0084007575 	-5.1376014e-08 	-0.0011068491 	0.4170823
-0.00095495495 	-0.0084007191 	-5.1190063e-08 	-0.0010977945 	0.41871442
-0.00094294294 	-0.0084006807 	-5.1004112e-08 	-0.0010887399 	0.42034653
-0.00093093093 	-0.0084006423 	-5.081816e-08 	-0.0010796853 	0.42197865
-0.00091891892 	-0.008400604 	-5.0632209e-08 	-0.0010706307 	0.42361077
-0.00090690691 	-0.0084005656 	-5.0446258e-08 	-0.0010615761 	0.42524288
-0.00089489489 	-0.0084005272 	-5.0260306e-08 	-0.0010525215 	0.426875
-0.00088288288 	-0.0084004888 	-5.0074355e-08 	-0.0010434669 	0.42850712
-0.00087087087 	-0.0084004505 	-4.9888404e-08 	-0.0010344123 	0.43013924
-0.00085885886 	-0.0084004121 	-4.9702453e-08 	-0.0010253577 	0.43177135
-0.00084684685 	-0.0084003737 	-4.9516501e-08 	-0.0010163031 	0.43340347
-0.00083483483 	-0.0084003353 	-4.933055e-08 	-0.0010072485 	0.43503559
-0.00082282282 	-0.008400297 	-4.9144599e-08 	-0.00099819394 	0.43666771
-0.00081081081 	-0.0084002586 	-4.8958648e-08 	-0.00098913935 	0.43829982
-0.0007987988 	-0.0084002202 	-4.8772696e-08 	-0.00098008475 	0.43993194
-0.00078678679 	-0.0084001819 	-4.8586745e-08 	-0.00097103016 	0.44156406
-0.00077477477 	-0.0084001435 	-4.8400794e-08 	-0.00096197556 	0.44319618
-0.00076276276 	-0.0084001051 	-4.8214843e-08 	-0.00095292097 	0.44482829
-0.00075075075 	-0.0084000667 	-4.8028891e-08 	-0.00094386637 	0.44646041
-0.00073873874 	-0.0084000284 	-4.784294e-08 	-0.00093481178 	0.44809253
-0.00072672673 	-0.00839999 	-4.7656989e-08 	-0.00092575718 	0.44972465
-0.00071471471 	-0.0083999516 	-4.7471038e-08 	-0.00091670259 	0.45135676
-0.0007027027 	-0.0083999132 	-4.7285086e-08 	-0.00090764799 	0.45298888
-0.00069069069 	-0.0083998749 	-4.7099135e-08 	-0.0008985934 	0.454621
-0.00067867868 	-0.0083998365 	-4.6913184e-08 	-0.0008895388 	0.45625311
-0.00066666667 	-0.0083997981 	-4.6727233e-08 	-0.00088048421 	0.45788523
-0.00065465465 	-0.0083997674 	-4.6583702e-08 	-0.00086842295 	0.45913154
-0.00064264264 	-0.0083997462 	-4.6493078e-08 	-0.00085261181 	0.45989667
-0.00063063063 	-0.008399725 	-4.6402454e-08 	-0.00083680067 	0.46066179
-0.00061861862 	-0.0083997038 	-4.631183e-08 	-0.00082098952 	0.46142692
-0.00060660661 	-0.0083996826 	-4.6221206e-08 	-0.00080517838 	0.46219205
-0.00059459459 	-0.0083996615 	-4.6130581e-08 	-0.00078936724 	0.46295718
-0.00058258258 	-0.0083996403 	-4.6039957e-08 	-0.0007735561 	0.4637223
-0.00057057057 	-0.0083996191 	-4.5949333e-08 	-0.00075774495 	0.46448743
-0.00055855856 	-0.0083995979 	-4.5858709e-08 	-0.00074193381 	0.46525256
-0.00054654655 	-0.0083995767 	-4.5768085e-08 	-0.00072612267 	0.46601768
-0.00053453453 	-0.0083995555 	-4.5677461e-08 	-0.00071031153 	0.46678281
-0.00052252252 	-0.0083995343 	-4.5586837e-08 	-0.00069450038 	0.46754794
-0.00051051051 	-0.0083995131 	-4.5496213e-08 	-0.00067868924 	0.46831307
-0.0004984985 	-0.008399492 	-4.5405589e-08 	-0.0006628781 	0.46907819
-0.00048648649 	-0.0083994708 	-4.5314965e-08 	-0.00064706696 	0.46984332
-0.00047447447 	-0.0083994496 	-4.5224341e-08 	-0.00063125581 	0.47060845
-0.00046246246 	-0.0083994282 	-4.5135606e-08 	-0.00061530262 	0.47138189
-0.00045045045 	-0.0083994068 	-4.504724e-08 	-0.00059932174 	0.47215694
-0.00043843844 	-0.0083993853 	-4.4958874e-08 	-0.00058334086 	0.472932
-0.00042642643 	-0.0083993639 	-4.4870508e-08 	-0.00056735997 	0.47370706
-0.00041441441 	-0.0083993425 	-4.4782142e-08 	-0.00055137909 	0.47448212
-0.0004024024 	-0.0083993211 	-4.4693777e-08 	-0.00053539821 	0.47525717
-0.00039039039 	-0.0083992996 	-4.4605411e-08 	-0.00051941732 	0.47603223
-0.00037837838 	-0.0083992782 	-4.4517045e-08 	-0.00050343644 	0.47680729
-0.00036636637 	-0.0083992568 	-4.4428679e-08 	-0.00048745556 	0.47758235
-0.00035435435 	-0.0083992354 	-4.4340313e-08 	-0.00047147468 	0.47835741
-0.00034234234 	-0.0083992139 	-4.4251947e-08 	-0.00045549379 	0.47913246
-0.00033033033 	-0.0083991925 	-4.4163581e-08 	-0.00043951291 	0.47990752
-0.00031831832 	-0.0083991711 	-4.4075215e-08 	-0.00042353203 	0.48068258
-0.00030630631 	-0.0083991497 	-4.3986849e-08 	-0.00040755114 	0.48145764
-0.00029429429 	-0.0083991282 	-4.3898483e-08 	-0.00039157026 	0.48223269
-0.00028228228 	-0.0083991068 	-4.3810117e-08 	-0.00037558938 	0.48300775
-0.00027027027 	-0.0083990854 	-4.3721751e-08 	-0.00035960849 	0.48378281
-0.00025825826 	-0.008399064 	-4.3633385e-08 	-0.00034362761 	0.48455787
-0.00024624625 	-0.0083990425 	-4.3545019e-08 	-0.00032764673 	0.48533292
-0.00023423423 	-0.0083990211 	-4.3456653e-08 	-0.00031166584 	0.48610798
-0.00022222222 	-0.0083989997 	-4.3368287e-08 	-0.00029568496 	0.48688304
-0.00021021021 	-0.0083989783 	-4.3279921e-08 	-0.00027970408 	0.4876581
-0.0001981982 	-0.0083989568 	-4.3191556e-08 	-0.00026372319 	0.48843315
-0.00018618619 	-0.0083989354 	-4.310319e-08 	-0.00024774231 	0.48920821
-0.00017417417 	-0.008398914 	-4.3014824e-08 	-0.00023176143 	0.48998327
-0.00016216216 	-0.0083988926 	-4.2926458e-08 	-0.00021578054 	0.49075833
-0.00015015015 	-0.0083988711 	-4.2838092e-08 	-0.00019979966 	0.49153339
-0.00013813814 	-0.0083988497 	-4.2749726e-08 	-0.00018381878 	0.49230844
-0.00012612613 	-0.0083988283 	-4.266136e-08 	-0.00016783789 	0.4930835
-0.00011411411 	-0.0083988069 	-4.2572994e-08 	-0.00015185701 	0.49385856
-0.0001021021 	-0.0083987854 	-4.2484628e-08 	-0.00013587613 	0.49463362
-9.009009e-05 	-0.008398764 	-4.2396262e-08 	-0.00011989524 	0.49540867
-7.8078078e-05 	-0.0083987426 	-4.2307896e-08 	-0.00010391436 	0.49618373
-6.6066066e-05 	-0.0083987212 	-4.221953e-08 	-8.7933476e-05 	0.49695879
-5.4054054e-05 	-0.0083986997 	-4.2131164e-08 	-7.1952593e-05 	0.49773385
-4.2042042e-05 	-0.0083986783 	-4.2042798e-08 	-5.597171e-05 	0.4985089
-3.003003e-05 	-0.0083986569 	-4.1954432e-08 	-3.9990826e-05 	0.49928396
-1.8018018e-05 	-0.0083986355 	-4.1866066e-08 	-2.4009943e-05 	0.50005902
-6.006006e-06 	-0.008398614 	-4.17777e-08 	-8.0290597e-06 	0.50083408
6.006006e-06 	-0.0083986139 	-4.177956e-08 	7.8669866e-06 	0.50083903
1.8018018e-05 	-0.0083986351 	-4.1871645e-08 	2.3678196e-05 	0.50007388
3.003003e-05 	-0.0083986563 	-4.196373e-08 	3.9489405e-05 	0.49930873
4.2042042e-05 	-0.0083986775 	-4.2055816e-08 	5.5300615e-05 	0.49854358
5.4054054e-05 	-0.0083986986 	-4.2147901e-08 	7.1111824e-05 	0.49777843
6.6066066e-05 	-0.0083987198 	-4.2239986e-08 	8.6923034e-05 	0.49701329
7.8078078e-05 	-0.008398741 	-4.2332071e-08 	0.00010273424 	0.49624814
9.009009e-05 	-0.0083987622 	-4.2424156e-08 	0.00011854545 	0.49548299
0.0001021021 	-0.0083987833 	-4.2516241e-08 	0.00013435666 	0.49471784
0.00011411411 	-0.0083988045 	-4.2608326e-08 	0.00015016787 	0.49395269
0.00012612613 	-0.0083988257 	-4.2700412e-08 	0.00016597908 	0.49318754
0.00013813814 	-0.0083988469 	-4.2792497e-08 	0.00018179029 	0.49242239
0.00015015015 	-0.008398868 	-4.2884582e-08 	0.0001976015 	0.49165724
0.00016216216 	-0.0083988892 	-4.2976667e-08 	0.00021341271 	0.49089209
0.00017417417 	-0.0083989104 	-4.3068752e-08 	0.00022922392 	0.49012694
0.00018618619 	-0.0083989316 	-4.3160837e-08 	0.00024503513 	0.48936179
0.0001981982 	-0.008398953 	-4.325091e-08 	0.00026099772 	0.48858779
0.00021021021 	-0.0083989744 	-4.3340739e-08 	0.00027697866 	0.48781271
0.00022222222 	-0.0083989958 	-4.3430567e-08 	0.00029295961 	0.48703763
0.00023423423 	-0.0083990172 	-4.3520396e-08 	0.00030894055 	0.48626255
0.00024624625 	-0.0083990386 	-4.3610225e-08 	0.0003249215 	0.48548747
0.00025825826 	-0.00839906 	-4.3700054e-08 	0.00034090245 	0.48471239
0.00027027027 	-0.0083990814 	-4.3789882e-08 	0.00035688339 	0.48393732
0.00028228228 	-0.0083991029 	-4.3879711e-08 	0.00037286434 	0.48316224
0.00029429429 	-0.0083991243 	-4.396954e-08 	0.00038884528 	0.48238716
0.00030630631 	-0.0083991457 	-4.4059368e-08 	0.00040482623 	0.48161208
0.00031831832 	-0.0083991671 	-4.4149197e-08 	0.00042080718 	0.480837
0.00033033033 	-0.0083991885 	-4.4239026e-08 	0.00043678812 	0.48006192
0.00034234234 	-0.0083992099 	-4.4328855e-08 	0.00045276907 	0.47928684
0.00035435435 	-0.0083992313 	-4.4418683e-08 	0.00046875001 	0.47851176
0.00036636637 	-0.0083992528 	-4.4508512e-08 	0.00048473096 	0.47773669
0.00037837838 	-0.0083992742 	-4.4598341e-08 	0.00050071191 	0.47696161
0.00039039039 	-0.0083992956 	-4.4688169e-08 	0.00051669285 	0.47618653
0.0004024024 	-0.008399317 	-4.4777998e-08 	0.0005326738 	0.47541145
0.00041441441 	-0.0083993384 	-4.4867827e-08 	0.00054865475 	0.47463637
0.00042642643 	-0.0083993598 	-4.4957656e-08 	0.00056463569 	0.47386129
0.00043843844 	-0.0083993812 	-4.5047484e-08 	0.00058061664 	0.47308621
0.00045045045 	-0.0083994027 	-4.5137313e-08 	0.00059659758 	0.47231113
0.00046246246 	-0.0083994241 	-4.5227142e-08 	0.00061257853 	0.47153606
0.00047447447 	-0.0083994455 	-4.5316971e-08 	0.00062855948 	0.47076098
0.00048648649 	-0.0083994669 	-4.5406799e-08 	0.00064454042 	0.4699859
0.0004984985 	-0.0083994883 	-4.5496628e-08 	0.00066052137 	0.46921082
0.00051051051 	-0.0083995097 	-4.5586457e-08 	0.00067650231 	0.46843574
0.00052252252 	-0.0083995311 	-4.5676285e-08 	0.00069248326 	0.46766066
0.00053453453 	-0.0083995526 	-4.5766114e-08 	0.00070846421 	0.46688558
0.00054654655 	-0.008399574 	-4.5855943e-08 	0.00072444515 	0.4661105
0.00055855856 	-0.0083995954 	-4.5945772e-08 	0.0007404261 	0.46533543
0.00057057057 	-0.0083996168 	-4.60356e-08 	0.00075640704 	0.46456035
0.00058258258 	-0.0083996382 	-4.6125429e-08 	0.00077238799 	0.46378527
0.00059459459 	-0.0083996596 	-4.6215258e-08 	0.00078836894 	0.46301019
0.00060660661 	-0.008399681 	-4.6305086e-08 	0.00080434988 	0.46223511
0.00061861862 	-0.0083997025 	-4.6394915e-08 	0.00082033083 	0.46146003
0.00063063063 	-0.0083997239 	-4.6484744e-08 	0.00083631178 	0.46068495
0.00064264264 	-0.0083997453 	-4.6574573e-08 	0.00085229272 	0.45990987
0.00065465465 	-0.0083997667 	-4.6664401e-08 	0.00086827367 	0.4591348
0.00066666667 	-0.0083997972 	-4.6811901e-08 	0.00088032012 	0.45789898
0.00067867868 	-0.008399835 	-4.7005642e-08 	0.0008892119 	0.45629375
0.00069069069 	-0.0083998728 	-4.7199382e-08 	0.00089810367 	0.45468852
0.0007027027 	-0.0083999107 	-4.7393123e-08 	0.00090699545 	0.4530833
0.00071471471 	-0.0083999485 	-4.7586863e-08 	0.00091588722 	0.45147807
0.00072672673 	-0.0083999863 	-4.7780604e-08 	0.000924779 	0.44987284
0.00073873874 	-0.0084000241 	-4.7974344e-08 	0.00093367077 	0.44826761
0.00075075075 	-0.0084000619 	-4.8168085e-08 	0.00094256255 	0.44666238
0.00076276276 	-0.0084000997 	-4.8361826e-08 	0.00095145432 	0.44505715
0.00077477477 	-0.0084001375 	-4.8555566e-08 	0.00096034609 	0.44345192
0.00078678679 	-0.0084001754 	-4.8749307e-08 	0.00096923787 	0.44184669
0.0007987988 	-0.0084002132 	-4.8943047e-08 	0.00097812964 	0.44024146
0.00081081081 	-0.008400251 	-4.9136788e-08 	0.00098702142 	0.43863623
0.00082282282 	-0.0084002888 	-4.9330528e-08 	0.00099591319 	0.437031
0.00083483483 	-0.0084003266 	-4.9524269e-08 	0.001004805 	0.43542577
0.00084684685 	-0.0084003644 	-4.971801e-08 	0.0010136967 	0.43382054
0.00085885886 	-0.0084004028 	-4.9905262e-08 	0.0010227428 	0.43218984
0.00087087087 	-0.0084004411 	-5.009215e-08 	0.0010317974 	0.43055771
0.00088288288 	-0.0084004795 	-5.0279038e-08 	0.0010408521 	0.42892557
0.00089489489 	-0.0084005179 	-5.0465926e-08 	0.0010499068 	0.42729344
0.00090690691 	-0.0084005562 	-5.0652813e-08 	0.0010589615 	0.4256613
0.00091891892 	-0.0084005946 	-5.0839701e-08 	0.0010680162 	0.42402917
0.00093093093 	-0.008400633 	-5.1026589e-08 	0.0010770708 	0.42239704
0.00094294294 	-0.0084006713 	-5.1213477e-08 	0.0010861255 	0.4207649
0.00095495495 	-0.0084007097 	-5.1400365e-08 	0.0010951802 	0.41913277
0.00096696697 	-0.0084007481 	-5.1587253e-08 	0.0011042349 	0.41750064
0.00097897898 	-0.0084007864 	-5.1774141e-08 	0.0011132896 	0.4158685
0.00099099099 	-0.0084008248 	-5.1961029e-08 	0.0011223442 	0.41423637
0.001003003 	-0.0084008632 	-5.2147917e-08 	0.0011313989 	0.41260423
0.001015015 	-0.0084009015 	-5.2334805e-08 	0.0011404536 	0.4109721
0.001027027 	-0.0084009399 	-5.2521693e-08 	0.0011495083 	0.40933997
0.001039039 	-0.0084009783 	-5.2708581e-08 	0.001158563 	0.40770783
0.0010510511 	-0.0084010166 	-5.2895469e-08 	0.0011676176 	0.4060757
0.0010630631 	-0.008401055 	-5.3082357e-08 	0.0011766723 	0.40444357
0.0010750751 	-0.0084010934 	-5.3269245e-08 	0.001185727 	0.40281143
0.0010870871 	-0.0084011318 	-5.3456132e-08 	0.0011947817 	0.4011793
0.0010990991 	-0.0084011701 	-5.364302e-08 	0.0012038364 	0.39954716
0.0011111111 	-0.0084012085 	-5.3829908e-08 	0.001212891 	0.39791503
0.0011231231 	-0.0084012469 	-5.4016796e-08 	0.0012219457 	0.3962829
0.0011351351 	-0.0084012852 	-5.4203684e-08 	0.0012310004 	0.39465076
0.0011471471 	-0.0084013236 	-5.4390572e-08 	0.0012400551 	0.39301863
0.0011591592 	-0.008401362 	-5.457746e-08 	0.0012491098 	0.3913865
0.0011711712 	-0.0084014003 	-5.4764348e-08 	0.0012581644 	0.38975436
0.0011831832 	-0.0084014387 	-5.4951236e-08 	0.0012672191 	0.38812223
0.0011951952 	-0.0084014771 	-5.5138124e-08 	0.0012762738 	0.38649009
0.0012072072 	-0.0084015154 	-5.5325012e-08 	0.0012853285 	0.38485796
0.0012192192 	-0.0084015538 	-5.55119e-08 	0.0012943832 	0.38322583
0.0012312312 	-0.0084015922 	-5.5698788e-08 	0.0013034378 	0.38159369
0.0012432432 	-0.0084016305 	-5.5885676e-08 	0.0013124925 	0.37996156
0.0012552553 	-0.0084016689 	-5.6072563e-08 	0.0013215472 	0.37832943
0.0012672673 	-0.0084017073 	-5.6259451e-08 	0.0013306019 	0.37669729
0.0012792793 	-0.0084017456 	-5.6446339e-08 	0.0013396565 	0.37506516
0.0012912913 	-0.008401784 	-5.6633227e-08 	0.0013487112 	0.37343303
0.0013033033 	-0.0084018224 	-5.6820115e-08 	0.0013577659 	0.37180089
0.0013153153 	-0.0084018607 	-5.7007003e-08 	0.0013668206 	0.37016876
0.0013273273 	-0.0084019207 	-5.7307101e-08 	0.0013733442 	0.36781131
0.0013393393 	-0.0084019944 	-5.767958e-08 	0.0013782496 	0.36499014
0.0013513514 	-0.0084020681 	-5.8052059e-08 	0.001383155 	0.36216897
0.0013633634 	-0.0084021418 	-5.8424537e-08 	0.0013880604 	0.3593478
0.0013753754 	-0.0084022155 	-5.8797016e-08 	0.0013929658 	0.35652663
0.0013873874 	-0.0084022892 	-5.9169494e-08 	0.0013978712 	0.35370546
0.0013993994 	-0.008402363 	-5.9541973e-08 	0.0014027766 	0.35088429
0.0014114114 	-0.0084024372 	-5.9906094e-08 	0.0014077421 	0.34804496
0.0014234234 	-0.0084025121 	-6.0258708e-08 	0.0014127905 	0.34518063
0.0014354354 	-0.008402587 	-6.0611322e-08 	0.0014178389 	0.3423163
0.0014474474 	-0.0084026619 	-6.0963936e-08 	0.0014228873 	0.33945196
0.0014594595 	-0.0084027368 	-6.131655e-08 	0.0014279357 	0.33658763
0.0014714715 	-0.0084028117 	-6.1669164e-08 	0.001432984 	0.33372329
0.0014834835 	-0.0084028866 	-6.2021778e-08 	0.0014380324 	0.33085896
0.0014954955 	-0.0084029615 	-6.2374392e-08 	0.0014430808 	0.32799463
0.0015075075 	-0.0084030364 	-6.2727006e-08 	0.0014481292 	0.32513029
0.0015195195 	-0.0084031113 	-6.307962e-08 	0.0014531776 	0.32226596
0.0015315315 	-0.0084031862 	-6.3432234e-08 	0.001458226 	0.31940163
0.0015435435 	-0.008403261 	-6.3784848e-08 	0.0014632743 	0.31653729
0.0015555556 	-0.0084033359 	-6.4137462e-08 	0.0014683227 	0.31367296
0.0015675676 	-0.0084034108 	-6.4490076e-08 	0.0014733711 	0.31080863
0.0015795796 	-0.0084034857 	-6.484269e-08 	0.0014784195 	0.30794429
0.0015915916 	-0.0084035606 	-6.5195304e-08 	0.0014834679 	0.30507996
0.0016036036 	-0.0084036355 	-6.5547918e-08 	0.0014885162 	0.30221563
0.0016156156 	-0.0084037104 	-6.5900532e-08 	0.0014935646 	0.29935129
0.0016276276 	-0.0084037824 	-6.6255981e-08 	0.0014977922 	0.29658706
0.0016396396 	-0.0084038382 	-6.6627149e-08 	0.0014974688 	0.29437783
0.0016516517 	-0.008403894 	-6.6998317e-08 	0.0014971453 	0.29216861
0.0016636637 	-0.0084039498 	-6.7369485e-08 	0.0014968219 	0.28995938
0.0016756757 	-0.0084040055 	-6.7740653e-08 	0.0014964984 	0.28775016
0.0016876877 	-0.0084040613 	-6.811182e-08 	0.001496175 	0.28554093
0.0016996997 	-0.0084041171 	-6.8482988e-08 	0.0014958516 	0.2833317
0.0017117117 	-0.0084041745 	-6.8838118e-08 	0.0014955321 	0.28108436
0.0017237237 	-0.0084042323 	-6.9189601e-08 	0.0014952135 	0.27882834
0.0017357357 	-0.0084042902 	-6.9541085e-08 	0.001494895 	0.27657232
0.0017477477 	-0.008404348 	-6.9892569e-08 	0.0014945764 	0.27431631
0.0017597598 	-0.0084044058 	-7.0244053e-08 	0.0014942578 	0.27206029
0.0017717718 	-0.0084044636 	-7.0595537e-08 	0.0014939392 	0.26980428
0.0017837838 	-0.0084045214 	-7.0947021e-08 	0.0014936207 	0.26754826
0.0017957958 	-0.0084045792 	-7.1298504e-08 	0.0014933021 	0.26529225
0.0018078078 	-0.008404637 	-7.1649988e-08 	0.0014929835 	0.26303623
0.0018198198 	-0.0084046948 	-7.2001472e-08 	0.0014926649 	0.26078022
0.0018318318 	-0.0084047526 	-7.2352956e-08 	0.0014923464 	0.2585242
0.0018438438 	-0.0084048104 	-7.270444e-08 	0.0014920278 	0.25626819
0.0018558559 	-0.0084048682 	-7.3055923e-08 	0.0014917092 	0.25401217
0.0018678679 	-0.008404926 	-7.3407407e-08 	0.0014913906 	0.25175616
0.0018798799 	-0.0084049838 	-7.3758891e-08 	0.0014910721 	0.24950014
0.0018918919 	-0.0084050416 	-7.4110375e-08 	0.0014907535 	0.24724413
0.0019039039 	-0.0084050925 	-7.4523698e-08 	0.0014884712 	0.2450771
0.0019159159 	-0.0084051405 	-7.4962285e-08 	0.0014853866 	0.24294643
0.0019279279 	-0.0084051885 	-7.5400872e-08 	0.0014823021 	0.24081575
0.0019399399 	-0.0084052366 	-7.5839459e-08 	0.0014792175 	0.23868508
0.001951952 	-0.0084052846 	-7.6278046e-08 	0.0014761329 	0.23655441
0.001963964 	-0.0084053329 	-7.6714065e-08 	0.0014730379 	0.23441786
0.001975976 	-0.0084053829 	-7.7131674e-08 	0.0014698676 	0.2322392
0.001987988 	-0.0084054329 	-7.7549283e-08 	0.0014666973 	0.23006053
0.002 	-0.0084054829 	-7.7966892e-08 	0.001463527 	0.22788187
0.002012012 	-0.0084055329 	-7.8384501e-08 	0.0014603567 	0.2257032
0.002024024 	-0.0084055829 	-7.880211e-08 	0.0014571864 	0.22352454
0.002036036 	-0.008405633 	-7.9219719e-08 	0.0014540161 	0.22134587
0.002048048 	-0.008405683 	-7.9637328e-08 	0.0014508458 	0.21916721
0.0020600601 	-0.008405733 	-8.0054937e-08 	0.0014476755 	0.21698855
0.0020720721 	-0.008405783 	-8.0472546e-08 	0.0014445052 	0.21480988
0.0020840841 	-0.008405833 	-8.0890155e-08 	0.0014413349 	0.21263122
0.0020960961 	-0.0084058831 	-8.1307764e-08 	0.0014381646 	0.21045255
0.0021081081 	-0.0084059331 	-8.1725373e-08 	0.0014349943 	0.20827389
0.0021201201 	-0.0084059831 	-8.2142982e-08 	0.001431824 	0.20609522
0.0021321321 	-0.0084060331 	-8.256059e-08 	0.0014286537 	0.20391656
0.0021441441 	-0.0084060746 	-8.3041688e-08 	0.00142395 	0.20188804
0.0021561562 	-0.0084061154 	-8.3527969e-08 	0.001419121 	0.19987178
0.0021681682 	-0.0084061562 	-8.4014249e-08 	0.0014142921 	0.19785552
0.0021801802 	-0.008406197 	-8.4500529e-08 	0.0014094632 	0.19583926
0.0021921922 	-0.0084062378 	-8.4986809e-08 	0.0014046343 	0.193823
0.0022042042 	-0.0084062805 	-8.5453469e-08 	0.0013996691 	0.19175955
0.0022162162 	-0.0084063232 	-8.5920102e-08 	0.0013947037 	0.18969604
0.0022282282 	-0.0084063659 	-8.6386735e-08 	0.0013897383 	0.18763253
0.0022402402 	-0.0084064086 	-8.6853368e-08 	0.0013847729 	0.18556902
0.0022522523 	-0.0084064513 	-8.732e-08 	0.0013798075 	0.18350551
0.0022642643 	-0.0084064941 	-8.7786633e-08 	0.0013748421 	0.181442
0.0022762763 	-0.0084065368 	-8.8253266e-08 	0.0013698767 	0.17937849
0.0022882883 	-0.0084065795 	-8.8719899e-08 	0.0013649113 	0.17731498
0.0023003003 	-0.0084066222 	-8.9186532e-08 	0.0013599459 	0.17525147
0.0023123123 	-0.0084066649 	-8.9653165e-08 	0.0013549805 	0.17318796
0.0023243243 	-0.0084067076 	-9.0119798e-08 	0.0013500151 	0.17112445
0.0023363363 	-0.0084067503 	-9.0586431e-08 	0.0013450497 	0.16906094
0.0023483483 	-0.0084067883 	-9.1073388e-08 	0.0013396303 	0.16708155
0.0023603604 	-0.0084068213 	-9.1582199e-08 	0.0013337228 	0.1651926
0.0023723724 	-0.0084068543 	-9.209101e-08 	0.0013278153 	0.16330365
0.0023843844 	-0.0084068872 	-9.2599821e-08 	0.0013219078 	0.16141471
0.0023963964 	-0.0084069205 	-9.3106297e-08 	0.001315978 	0.1595194
0.0024084084 	-0.0084069552 	-9.3598336e-08 	0.0013099105 	0.15758477
0.0024204204 	-0.0084069899 	-9.4090376e-08 	0.0013038429 	0.15565014
0.0024324324 	-0.0084070246 	-9.4582416e-08 	0.0012977754 	0.15371551
0.0024444444 	-0.0084070593 	-9.5074456e-08 	0.0012917079 	0.15178088
0.0024564565 	-0.008407094 	-9.5566495e-08 	0.0012856403 	0.14984625
0.0024684685 	-0.0084071287 	-9.6058535e-08 	0.0012795728 	0.14791163
0.0024804805 	-0.0084071634 	-9.6550575e-08 	0.0012735052 	0.145977
0.0024924925 	-0.0084071981 	-9.7042615e-08 	0.0012674377 	0.14404237
0.0025045045 	-0.0084072328 	-9.7534655e-08 	0.0012613702 	0.14210774
0.0025165165 	-0.0084072675 	-9.8026694e-08 	0.0012553026 	0.14017311
0.0025285285 	-0.0084073012 	-9.8520107e-08 	0.0012491872 	0.1382565
0.0025405405 	-0.008407327 	-9.9025274e-08 	0.0012426622 	0.13649414
0.0025525526 	-0.0084073527 	-9.9530441e-08 	0.0012361372 	0.13473179
0.0025645646 	-0.0084073784 	-1.0003561e-07 	0.0012296122 	0.13296943
0.0025765766 	-0.0084074045 	-1.0053714e-07 	0.0012230415 	0.13119494
0.0025885886 	-0.0084074317 	-1.0102916e-07 	0.0012163511 	0.12938865
0.0026006006 	-0.008407459 	-1.0152117e-07 	0.0012096607 	0.12758237
0.0026126126 	-0.0084074862 	-1.0201318e-07 	0.0012029703 	0.12577608
0.0026246246 	-0.0084075134 	-1.025052e-07 	0.0011962798 	0.1239698
0.0026366366 	-0.0084075406 	-1.0299721e-07 	0.0011895894 	0.12216352
0.0026486486 	-0.0084075679 	-1.0348923e-07 	0.001182899 	0.12035723
0.0026606607 	-0.0084075951 	-1.0398124e-07 	0.0011762086 	0.11855095
0.0026726727 	-0.0084076223 	-1.0447325e-07 	0.0011695181 	0.11674466
0.0026846847 	-0.0084076495 	-1.0496527e-07 	0.0011628277 	0.11493838
0.0026966967 	-0.0084076725 	-1.0544924e-07 	0.0011560511 	0.11322142
0.0027087087 	-0.008407692 	-1.0592659e-07 	0.0011492035 	0.11157809
0.0027207207 	-0.0084077114 	-1.0640393e-07 	0.0011423559 	0.10993477
0.0027327327 	-0.0084077311 	-1.0687974e-07 	0.0011354806 	0.10828413
0.0027447447 	-0.0084077518 	-1.0734818e-07 	0.001128473 	0.10659852
0.0027567568 	-0.0084077726 	-1.0781662e-07 	0.0011214653 	0.10491292
0.0027687688 	-0.0084077933 	-1.0828506e-07 	0.0011144577 	0.10322731
0.0027807808 	-0.0084078141 	-1.087535e-07 	0.0011074501 	0.10154171
0.0027927928 	-0.0084078348 	-1.0922194e-07 	0.0011004425 	0.0998561
0.0028048048 	-0.0084078556 	-1.0969038e-07 	0.0010934349 	0.098170494
0.0028168168 	-0.0084078763 	-1.1015882e-07 	0.0010864273 	0.096484888
0.0028288288 	-0.0084078971 	-1.1062726e-07 	0.0010794197 	0.094799282
0.0028408408 	-0.0084079141 	-1.1107128e-07 	0.001072421 	0.093203741
0.0028528529 	-0.0084079286 	-1.1149881e-07 	0.0010654284 	0.091669038
0.0028648649 	-0.0084079431 	-1.1192633e-07 	0.0010584358 	0.090134336
0.0028768769 	-0.0084079583 	-1.1235135e-07 	0.001051351 	0.088574247
0.0028888889 	-0.0084079739 	-1.1277484e-07 	0.0010442099 	0.08699869
0.0029009009 	-0.0084079894 	-1.1319833e-07 	0.0010370689 	0.085423132
0.0029129129 	-0.008408005 	-1.1362182e-07 	0.0010299278 	0.083847574
0.0029249249 	-0.0084080206 	-1.1404531e-07 	0.0010227868 	0.082272016
0.0029369369 	-0.0084080362 	-1.1446879e-07 	0.0010156457 	0.080696459
0.0029489489 	-0.0084080518 	-1.1489228e-07 	0.0010085047 	0.079120901
0.002960961 	-0.008408067 	-1.1531175e-07 	0.0010013699 	0.077553739
0.002972973 	-0.0084080774 	-1.1566895e-07 	0.00099433178 	0.076116502
0.002984985 	-0.0084080878 	-1.1602615e-07 	0.00098729367 	0.074679265
0.002996997 	-0.0084080986 	-1.1638395e-07 	0.00098019715 	0.073224674
0.003009009 	-0.0084081098 	-1.1674251e-07 	0.00097302557 	0.071747774
0.003021021 	-0.0084081211 	-1.1710107e-07 	0.00096585399 	0.070270875
0.003033033 	-0.0084081323 	-1.1745963e-07 	0.0009586824 	0.068793975
0.003045045 	-0.0084081436 	-1.178182e-07 	0.00095151082 	0.067317075
0.0030570571 	-0.0084081548 	-1.1817676e-07 	0.00094433923 	0.065840175
0.0030690691 	-0.0084081661 	-1.1853532e-07 	0.00093716765 	0.064363275
0.0030810811 	-0.0084081704 	-1.188235e-07 	0.00093014327 	0.062983875
0.0030930931 	-0.0084081726 	-1.1909091e-07 	0.00092316233 	0.061633249
0.0031051051 	-0.0084081752 	-1.1936188e-07 	0.00091612642 	0.060264846
0.0031171171 	-0.0084081783 	-1.1963702e-07 	0.00090902589 	0.058875537
0.0031291291 	-0.0084081815 	-1.1991217e-07 	0.00090192535 	0.057486228
0.0031411411 	-0.0084081846 	-1.2018731e-07 	0.00089482482 	0.056096919
0.0031531532 	-0.0084081877 	-1.2046245e-07 	0.00088772428 	0.05470761
0.0031651652 	-0.0084081908 	-1.207376e-07 	0.00088062375 	0.053318301
0.0031771772 	-0.0084081836 	-1.2094565e-07 	0.00087376174 	0.051996209
0.0031891892 	-0.0084081689 	-1.2110579e-07 	0.00086707007 	0.050722113
0.0032012012 	-0.0084081551 	-1.2127374e-07 	0.00086031295 	0.049427383
0.0032132132 	-0.0084081422 	-1.2144822e-07 	0.00085350111 	0.048115404
0.0032252252 	-0.0084081293 	-1.216227e-07 	0.00084668927 	0.046803424
0.0032372372 	-0.0084081163 	-1.2179718e-07 	0.00083987743 	0.045491445
0.0032492492 	-0.0084081034 	-1.2197167e-07 	0.0008330656 	0.044179466
0.0032612613 	-0.0084081021 	-1.2210559e-07 	0.00082371782 	0.042420312
0.0032732733 	-0.0084081213 	-1.2216874e-07 	0.00080994484 	0.039880843
0.0032852853 	-0.0084081425 	-1.2225935e-07 	0.00079590674 	0.037275037
0.0032972973 	-0.0084081652 	-1.2237092e-07 	0.00078166616 	0.034618566
0.0033093093 	-0.008408188 	-1.2248249e-07 	0.00076742557 	0.031962095
0.0033213213 	-0.0084082107 	-1.2259407e-07 	0.00075318498 	0.029305624
0.0033333333 	-0.0084082335 	-1.2270564e-07 	0.00073894439 	0.026649153
0.0033453453 	-0.0084082177 	-1.2264921e-07 	0.00073364592 	0.025880779
0.0033573574 	-0.008408202 	-1.2259277e-07 	0.00072834745 	0.025112405
0.0033693694 	-0.0084081863 	-1.2253633e-07 	0.00072304899 	0.024344032
0.0033813814 	-0.0084081705 	-1.224799e-07 	0.00071775052 	0.023575658
0.0033933934 	-0.0084081548 	-1.2242346e-07 	0.00071245205 	0.022807284
0.0034054054 	-0.008408139 	-1.2236703e-07 	0.00070715358 	0.022038911
0.0034174174 	-0.0084081233 	-1.2231059e-07 	0.00070185511 	0.021270537
0.0034294294 	-0.0084081076 	-1.2225415e-07 	0.00069655664 	0.020502163
0.0034414414 	-0.0084080918 	-1.2219772e-07 	0.00069125818 	0.019733789
0.0034534535 	-0.0084080761 	-1.2215627e-07 	0.00068594781 	0.018951067
0.0034654655 	-0.0084080604 	-1.2212349e-07 	0.00068063057 	0.018160045
0.0034774775 	-0.0084080447 	-1.2209071e-07 	0.00067531333 	0.017369022
0.0034894895 	-0.008408029 	-1.2205794e-07 	0.00066999609 	0.016577999
0.0035015015 	-0.0084080132 	-1.2202516e-07 	0.00066467884 	0.015786976
0.0035135135 	-0.0084079975 	-1.2199238e-07 	0.0006593616 	0.014995953
0.0035255255 	-0.0084079818 	-1.219596e-07 	0.00065404436 	0.01420493
0.0035375375 	-0.0084079661 	-1.2192682e-07 	0.00064872712 	0.013413908
0.0035495495 	-0.0084079504 	-1.2189405e-07 	0.00064340987 	0.012622885
0.0035615616 	-0.0084079347 	-1.2186127e-07 	0.00063809263 	0.011831862
0.0035735736 	-0.008407919 	-1.2182849e-07 	0.00063277539 	0.011040839
0.0035855856 	-0.0084079033 	-1.2179571e-07 	0.00062745815 	0.010249816
0.0035975976 	-0.0084078876 	-1.2176293e-07 	0.0006221409 	0.0094587936
0.0036096096 	-0.0084078718 	-1.2173016e-07 	0.00061682366 	0.0086677708
0.0036216216 	-0.0084078561 	-1.2169738e-07 	0.00061150642 	0.007876748
0.0036336336 	-0.0084078404 	-1.216646e-07 	0.00060618918 	0.0070857252
0.0036456456 	-0.0084078247 	-1.2163182e-07 	0.00060087193 	0.0062947024
0.0036576577 	-0.008407809 	-1.2159905e-07 	0.00059555469 	0.0055036796
0.0036696697 	-0.0084077933 	-1.2156627e-07 	0.00059023745 	0.0047126568
0.0036816817 	-0.0084077776 	-1.2153349e-07 	0.00058492021 	0.003921634
0.0036936937 	-0.0084077619 	-1.2150071e-07 	0.00057960296 	0.0031306112
0.0037057057 	-0.0084077462 	-1.2146793e-07 	0.00057428572 	0.0023395884
0.0037177177 	-0.0084077304 	-1.2143516e-07 	0.00056896848 	0.0015485656
0.0037297297 	-0.0084077147 	-1.2140238e-07 	0.00056365124 	0.00075754279
0.0037417417 	-0.0084076983 	-1.2132061e-07 	0.00055806951 	-1.323011e-05
0.0037537538 	-0.0084076801 	-1.2111402e-07 	0.00055181387 	-0.00073240722
0.0037657658 	-0.0084076619 	-1.2090742e-07 	0.00054555823 	-0.0014515843
0.0037777778 	-0.0084076437 	-1.2070083e-07 	0.0005393026 	-0.0021707614
0.0037897898 	-0.0084076255 	-1.2049423e-07 	0.00053304696 	-0.0028899385
0.0038018018 	-0.0084076073 	-1.2028764e-07 	0.00052679133 	-0.0036091156
0.0038138138 	-0.0084075892 	-1.2008105e-07 	0.00052053569 	-0.0043282927
0.0038258258 	-0.008407571 	-1.1987445e-07 	0.00051428006 	-0.0050474699
0.0038378378 	-0.0084075528 	-1.1966875e-07 	0.00050802614 	-0.0057671998
0.0038498498 	-0.0084075341 	-1.1949886e-07 	0.00050184084 	-0.0065090037
0.0038618619 	-0.0084075154 	-1.1932896e-07 	0.00049565554 	-0.0072508075
0.0038738739 	-0.0084074967 	-1.1915907e-07 	0.00048947024 	-0.0079926114
0.0038858859 	-0.0084074781 	-1.1898917e-07 	0.00048328494 	-0.0087344153
0.0038978979 	-0.0084074594 	-1.1881928e-07 	0.00047709964 	-0.0094762192
0.0039099099 	-0.0084074407 	-1.1864938e-07 	0.00047091434 	-0.010218023
0.0039219219 	-0.008407422 	-1.1847948e-07 	0.00046472904 	-0.010959827
0.0039339339 	-0.0084074034 	-1.1830959e-07 	0.00045854374 	-0.011701631
0.0039459459 	-0.0084073847 	-1.1813969e-07 	0.00045235844 	-0.012443435
0.003957958 	-0.008407366 	-1.179698e-07 	0.00044617314 	-0.013185239
0.00396997 	-0.0084073473 	-1.177999e-07 	0.00043998784 	-0.013927042
0.003981982 	-0.0084073287 	-1.1763001e-07 	0.00043380254 	-0.014668846
0.003993994 	-0.00840731 	-1.1746011e-07 	0.00042761724 	-0.01541065
0.004006006 	-0.0084072913 	-1.1729022e-07 	0.00042143194 	-0.016152454
0.004018018 	-0.0084072726 	-1.1712032e-07 	0.00041524664 	-0.016894258
0.00403003 	-0.0084072539 	-1.1695042e-07 	0.00040906134 	-0.017636062
0.004042042 	-0.0084072353 	-1.1678053e-07 	0.00040287604 	-0.018377866
0.0040540541 	-0.0084072166 	-1.1661063e-07 	0.00039669074 	-0.01911967
0.0040660661 	-0.0084071979 	-1.1644074e-07 	0.00039050544 	-0.019861473
0.0040780781 	-0.0084071792 	-1.1627084e-07 	0.00038432014 	-0.020603277
0.0040900901 	-0.0084071606 	-1.1610095e-07 	0.00037813483 	-0.021345081
0.0041021021 	-0.0084071423 	-1.1581425e-07 	0.00037268703 	-0.021922081
0.0041141141 	-0.0084071243 	-1.1543438e-07 	0.00036782762 	-0.022367597
0.0041261261 	-0.0084071064 	-1.1505451e-07 	0.00036296821 	-0.022813112
0.0041381381 	-0.0084070884 	-1.1467464e-07 	0.0003581088 	-0.023258628
0.0041501502 	-0.0084070705 	-1.1429476e-07 	0.00035324939 	-0.023704143
0.0041621622 	-0.0084070525 	-1.1391489e-07 	0.00034838998 	-0.024149659
0.0041741742 	-0.0084070345 	-1.1353502e-07 	0.00034353057 	-0.024595174
0.0041861862 	-0.0084070164 	-1.1316584e-07 	0.00033871045 	-0.025045147
0.0041981982 	-0.008406998 	-1.1282465e-07 	0.0003339931 	-0.025506778
0.0042102102 	-0.0084069795 	-1.1248346e-07 	0.00032927576 	-0.025968409
0.0042222222 	-0.008406961 	-1.1214227e-07 	0.00032455841 	-0.026430039
0.0042342342 	-0.0084069425 	-1.1180108e-07 	0.00031984107 	-0.02689167
0.0042462462 	-0.0084069241 	-1.1145988e-07 	0.00031512372 	-0.027353301
0.0042582583 	-0.0084069056 	-1.1111869e-07 	0.00031040638 	-0.027814932
0.0042702703 	-0.0084068871 	-1.107775e-07 	0.00030568903 	-0.028276563
0.0042822823 	-0.0084068686 	-1.1043631e-07 	0.00030097168 	-0.028738194
0.0042942943 	-0.0084068501 	-1.1009511e-07 	0.00029625434 	-0.029199825
0.0043063063 	-0.0084068317 	-1.0975392e-07 	0.00029153699 	-0.029661456
0.0043183183 	-0.0084068132 	-1.0941273e-07 	0.00028681965 	-0.030123087
0.0043303303 	-0.0084067947 	-1.0907154e-07 	0.0002821023 	-0.030584717
0.0043423423 	-0.0084067762 	-1.0873035e-07 	0.00027738496 	-0.031046348
0.0043543544 	-0.0084067578 	-1.0838915e-07 	0.00027266761 	-0.031507979
0.0043663664 	-0.0084067393 	-1.0804796e-07 	0.00026795027 	-0.03196961
0.0043783784 	-0.0084067208 	-1.0770677e-07 	0.00026323292 	-0.032431241
0.0043903904 	-0.0084067023 	-1.0736558e-07 	0.00025851557 	-0.032892872
0.0044024024 	-0.0084066838 	-1.0702438e-07 	0.00025379823 	-0.033354503
0.0044144144 	-0.0084066664 	-1.0661304e-07 	0.00024938937 	-0.033729663
0.0044264264 	-0.0084066508 	-1.0607163e-07 	0.00024555246 	-0.033944502
0.0044384384 	-0.0084066352 	-1.0553022e-07 	0.00024171554 	-0.034159341
0.0044504505 	-0.0084066196 	-1.0498881e-07 	0.00023787863 	-0.03437418
0.0044624625 	-0.008406604 	-1.0444739e-07 	0.00023404172 	-0.034589019
0.0044744745 	-0.0084065884 	-1.0390598e-07 	0.0002302048 	-0.034803859
0.0044864865 	-0.0084065729 	-1.0336457e-07 	0.00022636789 	-0.035018698
0.0044984985 	-0.0084065569 	-1.0285781e-07 	0.00022269876 	-0.035244094
0.0045105105 	-0.0084065408 	-1.0235355e-07 	0.00021904174 	-0.035470251
0.0045225225 	-0.0084065248 	-1.0184929e-07 	0.00021538472 	-0.035696409
0.0045345345 	-0.0084065088 	-1.0134503e-07 	0.0002117277 	-0.035922567
0.0045465465 	-0.0084064927 	-1.0084077e-07 	0.00020807068 	-0.036148725
0.0045585586 	-0.0084064767 	-1.0033652e-07 	0.00020441366 	-0.036374883
0.0045705706 	-0.0084064607 	-9.9832257e-08 	0.00020075664 	-0.03660104
0.0045825826 	-0.0084064446 	-9.9327998e-08 	0.00019709963 	-0.036827198
0.0045945946 	-0.0084064286 	-9.8823739e-08 	0.00019344261 	-0.037053356
0.0046066066 	-0.0084064126 	-9.8319479e-08 	0.00018978559 	-0.037279514
0.0046186186 	-0.0084063965 	-9.781522e-08 	0.00018612857 	-0.037505672
0.0046306306 	-0.0084063805 	-9.7310961e-08 	0.00018247155 	-0.037731829
0.0046426426 	-0.0084063645 	-9.6806702e-08 	0.00017881453 	-0.037957987
0.0046546547 	-0.0084063485 	-9.6302443e-08 	0.00017515751 	-0.038184145
0.0046666667 	-0.0084063324 	-9.5798184e-08 	0.00017150049 	-0.038410303
0.0046786787 	-0.0084063164 	-9.5293925e-08 	0.00016784347 	-0.038636461
0.0046906907 	-0.0084063008 	-9.474683e-08 	0.00016433965 	-0.038811373
0.0047027027 	-0.0084062867 	-9.4069519e-08 	0.00016130152 	-0.038830503
0.0047147147 	-0.0084062726 	-9.3392208e-08 	0.0001582634 	-0.038849632
0.0047267267 	-0.0084062584 	-9.2714897e-08 	0.00015522528 	-0.038868762
0.0047387387 	-0.0084062443 	-9.2037586e-08 	0.00015218715 	-0.038887892
0.0047507508 	-0.0084062301 	-9.1360275e-08 	0.00014914903 	-0.038907022
0.0047627628 	-0.0084062159 	-9.0703434e-08 	0.00014622552 	-0.038930665
0.0047747748 	-0.0084062016 	-9.0060835e-08 	0.00014338175 	-0.038957448
0.0047867868 	-0.0084061872 	-8.9418235e-08 	0.00014053798 	-0.03898423
0.0047987988 	-0.0084061729 	-8.8775635e-08 	0.00013769421 	-0.039011013
0.0048108108 	-0.0084061586 	-8.8133035e-08 	0.00013485043 	-0.039037795
0.0048228228 	-0.0084061442 	-8.7490436e-08 	0.00013200666 	-0.039064578
0.0048348348 	-0.0084061299 	-8.6847836e-08 	0.00012916289 	-0.03909136
0.0048468468 	-0.0084061156 	-8.6205236e-08 	0.00012631912 	-0.039118143
0.0048588589 	-0.0084061013 	-8.5562636e-08 	0.00012347535 	-0.039144925
0.0048708709 	-0.0084060869 	-8.4920037e-08 	0.00012063157 	-0.039171708
0.0048828829 	-0.0084060726 	-8.4277437e-08 	0.0001177878 	-0.03919849
0.0048948949 	-0.0084060583 	-8.3634837e-08 	0.00011494403 	-0.039225273
0.0049069069 	-0.0084060439 	-8.2992237e-08 	0.00011210026 	-0.039252055
0.0049189189 	-0.0084060296 	-8.2349637e-08 	0.00010925649 	-0.039278838
0.0049309309 	-0.0084060153 	-8.1707038e-08 	0.00010641271 	-0.03930562
0.0049429429 	-0.0084060023 	-8.09379e-08 	0.00010398401 	-0.039178646
0.004954955 	-0.0084059894 	-8.0151549e-08 	0.00010161176 	-0.039030757
0.004966967 	-0.0084059765 	-7.9365199e-08 	9.9239509e-05 	-0.038882868
0.004978979 	-0.0084059637 	-7.8578849e-08 	9.686726e-05 	-0.038734979
0.004990991 	-0.0084059508 	-7.7792498e-08 	9.4495012e-05 	-0.03858709
0.005003003 	-0.008405938 	-7.7035355e-08 	9.2292457e-05 	-0.038443466
0.005015015 	-0.0084059253 	-7.6281733e-08 	9.011036e-05 	-0.038300357
0.005027027 	-0.0084059125 	-7.5528112e-08 	8.7928263e-05 	-0.038157248
0.005039039 	-0.0084058998 	-7.477449e-08 	8.5746165e-05 	-0.038014139
0.0050510511 	-0.008405887 	-7.4020868e-08 	8.3564068e-05 	-0.03787103
0.0050630631 	-0.0084058742 	-7.3267247e-08 	8.1381971e-05 	-0.03772792
0.0050750751 	-0.0084058615 	-7.2513625e-08 	7.9199874e-05 	-0.037584811
0.0050870871 	-0.0084058487 	-7.1760003e-08 	7.7017777e-05 	-0.037441702
0.0050990991 	-0.008405836 	-7.1006381e-08 	7.483568e-05 	-0.037298593
0.0051111111 	-0.0084058232 	-7.025276e-08 	7.2653583e-05 	-0.037155484
0.0051231231 	-0.0084058104 	-6.9499138e-08 	7.0471486e-05 	-0.037012375
0.0051351351 	-0.0084057977 	-6.8745516e-08 	6.8289389e-05 	-0.036869266
0.0051471471 	-0.0084057849 	-6.7991895e-08 	6.6107292e-05 	-0.036726157
0.0051591592 	-0.0084057732 	-6.712899e-08 	6.4264337e-05 	-0.036446207
0.0051711712 	-0.0084057615 	-6.6257181e-08 	6.2449017e-05 	-0.036155107
0.0051831832 	-0.0084057499 	-6.5385372e-08 	6.0633697e-05 	-0.035864007
0.0051951952 	-0.0084057382 	-6.4513563e-08 	5.8818376e-05 	-0.035572908
0.0052072072 	-0.0084057268 	-6.3658459e-08 	5.7094385e-05 	-0.035283122
0.0052192192 	-0.0084057155 	-6.2818324e-08 	5.545223e-05 	-0.034994514
0.0052312312 	-0.0084057042 	-6.197819e-08 	5.3810075e-05 	-0.034705905
0.0052432432 	-0.0084056929 	-6.1138055e-08 	5.2167919e-05 	-0.034417297
0.0052552553 	-0.0084056816 	-6.029792e-08 	5.0525764e-05 	-0.034128689
0.0052672673 	-0.0084056704 	-5.9457786e-08 	4.8883609e-05 	-0.03384008
0.0052792793 	-0.0084056591 	-5.8617651e-08 	4.7241454e-05 	-0.033551472
0.0052912913 	-0.0084056478 	-5.7777516e-08 	4.5599298e-05 	-0.033262864
0.0053033033 	-0.0084056365 	-5.6937382e-08 	4.3957143e-05 	-0.032974255
0.0053153153 	-0.0084056252 	-5.6097247e-08 	4.2314988e-05 	-0.032685647
0.0053273273 	-0.0084056139 	-5.5257112e-08 	4.0672833e-05 	-0.032397039
0.0053393393 	-0.0084056027 	-5.4407663e-08 	3.9058229e-05 	-0.032096466
0.0053513514 	-0.0084055921 	-5.346963e-08 	3.7705638e-05 	-0.031682111
0.0053633634 	-0.0084055814 	-5.2531597e-08 	3.6353046e-05 	-0.031267756
0.0053753754 	-0.0084055708 	-5.1593565e-08 	3.5000455e-05 	-0.030853402
0.0053873874 	-0.0084055602 	-5.0662422e-08 	3.3680223e-05 	-0.030439188
0.0053993994 	-0.0084055502 	-4.9755911e-08 	3.247568e-05 	-0.030025479
0.0054114114 	-0.0084055401 	-4.88494e-08 	3.1271137e-05 	-0.029611769
0.0054234234 	-0.00840553 	-4.794289e-08 	3.0066594e-05 	-0.02919806
0.0054354354 	-0.00840552 	-4.7036379e-08 	2.8862051e-05 	-0.028784351
0.0054474474 	-0.0084055099 	-4.6129868e-08 	2.7657509e-05 	-0.028370642
0.0054594595 	-0.0084054999 	-4.5223357e-08 	2.6452966e-05 	-0.027956933
0.0054714715 	-0.0084054898 	-4.4316847e-08 	2.5248423e-05 	-0.027543223
0.0054834835 	-0.0084054797 	-4.3410336e-08 	2.404388e-05 	-0.027129514
0.0054954955 	-0.0084054697 	-4.2503825e-08 	2.2839337e-05 	-0.026715805
0.0055075075 	-0.0084054596 	-4.1585772e-08 	2.1667941e-05 	-0.02628711
0.0055195195 	-0.0084054497 	-4.0596815e-08 	2.0700171e-05 	-0.025766359
0.0055315315 	-0.0084054397 	-3.9607859e-08 	1.97324e-05 	-0.025245608
0.0055435435 	-0.0084054298 	-3.8618902e-08 	1.8764629e-05 	-0.024724858
0.0055555556 	-0.0084054204 	-3.7653068e-08 	1.7882091e-05 	-0.024203485
0.0055675676 	-0.0084054112 	-3.6696118e-08 	1.7032299e-05 	-0.023681874
0.0055795796 	-0.0084054021 	-3.5739167e-08 	1.6182507e-05 	-0.023160263
0.0055915916 	-0.0084053929 	-3.4782217e-08 	1.5332715e-05 	-0.022638652
0.0056036036 	-0.0084053838 	-3.3825266e-08 	1.4482924e-05 	-0.022117041
0.0056156156 	-0.0084053746 	-3.2868316e-08 	1.3633132e-05 	-0.021595431
0.0056276276 	-0.0084053654 	-3.1911365e-08 	1.278334e-05 	-0.02107382
0.0056396396 	-0.0084053563 	-3.0954415e-08 	1.1933548e-05 	-0.020552209
0.0056516517 	-0.0084053471 	-2.9997465e-08 	1.1083756e-05 	-0.020030598
0.0056636637 	-0.0084053377 	-2.8981315e-08 	1.0405363e-05 	-0.019432622
0.0056756757 	-0.0084053281 	-2.7953659e-08 	9.7602866e-06 	-0.018819803
0.0056876877 	-0.0084053186 	-2.6926002e-08 	9.1152102e-06 	-0.018206984
0.0056996997 	-0.0084053099 	-2.592541e-08 	8.5401042e-06 	-0.017592432
0.0057117117 	-0.0084053014 	-2.4930584e-08 	7.9799051e-06 	-0.016977511
0.0057237237 	-0.0084052929 	-2.3935758e-08 	7.419706e-06 	-0.01636259
0.0057357357 	-0.0084052843 	-2.2940932e-08 	6.8595069e-06 	-0.015747669
0.0057477477 	-0.0084052758 	-2.1946106e-08 	6.2993079e-06 	-0.015132748
0.0057597598 	-0.0084052673 	-2.095128e-08 	5.7391088e-06 	-0.014517828
0.0057717718 	-0.0084052588 	-1.9956454e-08 	5.1789097e-06 	-0.013902907
0.0057837838 	-0.0084052502 	-1.8961628e-08 	4.6187106e-06 	-0.013287986
0.0057957958 	-0.0084052415 	-1.7905935e-08 	4.2395005e-06 	-0.01259601
0.0058078078 	-0.0084052327 	-1.6849707e-08 	3.861885e-06 	-0.011903356
0.0058198198 	-0.0084052243 	-1.5804788e-08 	3.5013821e-06 	-0.01120965
0.0058318318 	-0.0084052166 	-1.4782308e-08 	3.1748287e-06 	-0.010513859
0.0058438438 	-0.0084052089 	-1.3759827e-08 	2.8482754e-06 	-0.0098180666
0.0058558559 	-0.0084052012 	-1.2737346e-08 	2.521722e-06 	-0.0091222747
0.0058678679 	-0.0084051935 	-1.1714865e-08 	2.1951686e-06 	-0.0084264828
0.0058798799 	-0.0084051858 	-1.0692384e-08 	1.8686153e-06 	-0.0077306909
0.0058918919 	-0.0084051781 	-9.6699032e-09 	1.5420619e-06 	-0.007034899
0.0059039039 	-0.0084051879 	-8.6125827e-09 	1.2802235e-06 	-0.0063010085
0.0059159159 	-0.0084052209 	-7.508992e-09 	1.1043323e-06 	-0.0055165198
0.0059279279 	-0.0084052538 	-6.4085226e-09 	9.3027375e-07 	-0.0047316687
0.0059399399 	-0.0084052849 	-5.3404355e-09 	7.7522813e-07 	-0.0039430572
0.005951952 	-0.0084053161 	-4.2723484e-09 	6.201825e-07 	-0.0031544458
0.005963964 	-0.0084053473 	-3.2042613e-09 	4.6513688e-07 	-0.0023658343
0.005975976 	-0.0084053785 	-2.1361742e-09 	3.1009125e-07 	-0.0015772229
0.005987988 	-0.0084054097 	-1.0680871e-09 	1.5504563e-07 	-0.00078861145
0.006 	-0.0084054409 	-7.5581803e-21 	1.0971603e-18 	-5.580507e-15
