-0.006 	0.29895027 	0 	0 	0
-0.005987988 	0.29895027 	-2.2951181e-14 	1.4501974e-08 	0.00038633498
-0.005975976 	0.29895027 	-4.5902363e-14 	2.9003947e-08 	0.00077266997
-0.005963964 	0.29895027 	-6.8853544e-14 	4.3505921e-08 	0.001159005
-0.005951952 	0.29895027 	-9.1804726e-14 	5.8007894e-08 	0.0015453399
-0.0059399399 	0.29895027 	-1.1475591e-13 	7.2509868e-08 	0.0019316749
-0.0059279279 	0.29895027 	-1.3770709e-13 	8.7011841e-08 	0.0023180099
-0.0059159159 	0.29895027 	-1.6065827e-13 	1.0151381e-07 	0.0027043449
-0.0059039039 	0.29895027 	-1.8360945e-13 	1.1601579e-07 	0.0030906799
-0.0058918919 	0.29895027 	-2.0654251e-13 	1.3044111e-07 	0.0034769979
-0.0058798799 	0.29895027 	-2.291735e-13 	1.4358912e-07 	0.0038630342
-0.0058678679 	0.29895027 	-2.5180449e-13 	1.5673713e-07 	0.0042490704
-0.0058558559 	0.29895027 	-2.7443547e-13 	1.6988513e-07 	0.0046351067
-0.0058438438 	0.29895027 	-2.9706646e-13 	1.8303314e-07 	0.0050211429
-0.0058318318 	0.29895027 	-3.1777056e-13 	2.0573535e-07 	0.0053986475
-0.0058198198 	0.29895027 	-3.3555877e-13 	2.428956e-07 	0.0057632414
-0.0058078078 	0.29895027 	-3.5334697e-13 	2.8005585e-07 	0.0061278352
-0.0057957958 	0.29895027 	-3.7113517e-13 	3.172161e-07 	0.0064924291
-0.0057837838 	0.29895027 	-3.8892337e-13 	3.5437636e-07 	0.006857023
-0.0057717718 	0.29895027 	-4.0671158e-13 	3.9153661e-07 	0.0072216169
-0.0057597598 	0.29895027 	-4.2449978e-13 	4.2869686e-07 	0.0075862107
-0.0057477477 	0.29895027 	-4.4228798e-13 	4.6585711e-07 	0.0079508046
-0.0057357357 	0.29895027 	-4.6007618e-13 	5.0301737e-07 	0.0083153985
-0.0057237237 	0.29895027 	-4.7786439e-13 	5.4017762e-07 	0.0086799924
-0.0057117117 	0.29895027 	-4.9558244e-13 	5.7646211e-07 	0.0090445207
-0.0056996997 	0.29895027 	-5.1309369e-13 	6.1016484e-07 	0.0094088559
-0.0056876877 	0.29895028 	-5.3060495e-13 	6.4386756e-07 	0.0097731911
-0.0056756757 	0.29895028 	-5.4811621e-13 	6.7757029e-07 	0.010137526
-0.0056636637 	0.29895028 	-5.6562746e-13 	7.1127302e-07 	0.010501861
-0.0056516517 	0.29895028 	-5.8313872e-13 	7.4497574e-07 	0.010866197
-0.0056396396 	0.29895028 	-5.9645904e-13 	8.0704969e-07 	0.011218304
-0.0056276276 	0.29895028 	-6.0964459e-13 	8.70036e-07 	0.011570019
-0.0056156156 	0.29895028 	-6.2283014e-13 	9.3302232e-07 	0.011921733
-0.0056036036 	0.29895028 	-6.3601569e-13 	9.9600864e-07 	0.012273447
-0.0055915916 	0.29895028 	-6.4920124e-13 	1.058995e-06 	0.012625162
-0.0055795796 	0.29895028 	-6.6238679e-13 	1.1219813e-06 	0.012976876
-0.0055675676 	0.29895028 	-6.7557233e-13 	1.1849676e-06 	0.01332859
-0.0055555556 	0.29895028 	-6.8875788e-13 	1.2479539e-06 	0.013680305
-0.0055435435 	0.29895028 	-7.0194343e-13 	1.3109402e-06 	0.014032019
-0.0055315315 	0.29895028 	-7.1512898e-13 	1.3739266e-06 	0.014383733
-0.0055195195 	0.29895028 	-7.2831453e-13 	1.4369129e-06 	0.014735448
-0.0055075075 	0.29895028 	-7.4185938e-13 	1.4972082e-06 	0.01508706
-0.0054954955 	0.29895028 	-7.5582313e-13 	1.554366e-06 	0.015438554
-0.0054834835 	0.29895028 	-7.6978688e-13 	1.6115239e-06 	0.015790047
-0.0054714715 	0.29895028 	-7.8375064e-13 	1.6686817e-06 	0.016141541
-0.0054594595 	0.29895028 	-7.9771439e-13 	1.7258396e-06 	0.016493035
-0.0054474474 	0.29895028 	-8.1167814e-13 	1.7829974e-06 	0.016844528
-0.0054354354 	0.29895028 	-8.2394208e-13 	1.8549552e-06 	0.017189274
-0.0054234234 	0.29895029 	-8.3426974e-13 	1.9437716e-06 	0.017526333
-0.0054114114 	0.29895029 	-8.4459739e-13 	2.0325881e-06 	0.017863391
-0.0053993994 	0.29895029 	-8.5492505e-13 	2.1214045e-06 	0.01820045
-0.0053873874 	0.29895029 	-8.652527e-13 	2.210221e-06 	0.018537508
-0.0053753754 	0.29895029 	-8.7558036e-13 	2.2990375e-06 	0.018874567
-0.0053633634 	0.29895029 	-8.8590801e-13 	2.3878539e-06 	0.019211626
-0.0053513514 	0.29895029 	-8.9623567e-13 	2.4766704e-06 	0.019548684
-0.0053393393 	0.29895029 	-9.0656332e-13 	2.5654869e-06 	0.019885743
-0.0053273273 	0.29895029 	-9.1689098e-13 	2.6543033e-06 	0.020222801
-0.0053153153 	0.29895029 	-9.2721863e-13 	2.7431198e-06 	0.02055986
-0.0053033033 	0.29895029 	-9.3754629e-13 	2.8319362e-06 	0.020896919
-0.0052912913 	0.29895029 	-9.4787394e-13 	2.9207527e-06 	0.021233977
-0.0052792793 	0.29895029 	-9.5895878e-13 	3.0061907e-06 	0.021570964
-0.0052672673 	0.29895029 	-9.711119e-13 	3.0868621e-06 	0.021907848
-0.0052552553 	0.29895029 	-9.8326502e-13 	3.1675336e-06 	0.022244732
-0.0052432432 	0.29895029 	-9.9541813e-13 	3.248205e-06 	0.022581617
-0.0052312312 	0.29895029 	-1.0075713e-12 	3.3288764e-06 	0.022918501
-0.0052192192 	0.29895029 	-1.0197244e-12 	3.4095478e-06 	0.023255386
-0.0052072072 	0.29895029 	-1.0318775e-12 	3.4902193e-06 	0.02359227
-0.0051951952 	0.29895029 	-1.0413005e-12 	3.5906266e-06 	0.023918985
-0.0051831832 	0.29895029 	-1.0490178e-12 	3.7033644e-06 	0.024239347
-0.0051711712 	0.29895029 	-1.0567351e-12 	3.8161021e-06 	0.024559708
-0.0051591592 	0.29895029 	-1.0644524e-12 	3.9288399e-06 	0.024880069
-0.0051471471 	0.29895029 	-1.0721697e-12 	4.0415776e-06 	0.025200431
-0.0051351351 	0.29895029 	-1.079887e-12 	4.1543154e-06 	0.025520792
-0.0051231231 	0.29895029 	-1.0876043e-12 	4.2670531e-06 	0.025841153
-0.0051111111 	0.29895029 	-1.0953216e-12 	4.3797908e-06 	0.026161515
-0.0050990991 	0.29895029 	-1.1030389e-12 	4.4925286e-06 	0.026481876
-0.0050870871 	0.29895029 	-1.1107562e-12 	4.6052663e-06 	0.026802237
-0.0050750751 	0.29895029 	-1.1184735e-12 	4.7180041e-06 	0.027122599
-0.0050630631 	0.29895029 	-1.1261908e-12 	4.8307418e-06 	0.02744296
-0.0050510511 	0.29895029 	-1.1339081e-12 	4.9434795e-06 	0.027763321
-0.005039039 	0.29895029 	-1.1416254e-12 	5.0562173e-06 	0.028083683
-0.005027027 	0.29895029 	-1.1493427e-12 	5.168955e-06 	0.028404044
-0.005015015 	0.29895029 	-1.1590376e-12 	5.273445e-06 	0.028724311
-0.005003003 	0.29895029 	-1.1691976e-12 	5.3759957e-06 	0.029044556
-0.004990991 	0.2989503 	-1.1793576e-12 	5.4785464e-06 	0.029364801
-0.004978979 	0.2989503 	-1.1895176e-12 	5.5810972e-06 	0.029685046
-0.004966967 	0.2989503 	-1.1996775e-12 	5.6836479e-06 	0.03000529
-0.004954955 	0.2989503 	-1.2098375e-12 	5.7861986e-06 	0.030325535
-0.0049429429 	0.2989503 	-1.2199975e-12 	5.8887493e-06 	0.03064578
-0.0049309309 	0.2989503 	-1.2296606e-12 	5.9942228e-06 	0.030964187
-0.0049189189 	0.2989503 	-1.2347025e-12 	6.1268773e-06 	0.031265503
-0.0049069069 	0.2989503 	-1.2397444e-12 	6.2595318e-06 	0.03156682
-0.0048948949 	0.2989503 	-1.2447864e-12 	6.3921863e-06 	0.031868136
-0.0048828829 	0.2989503 	-1.2498283e-12 	6.5248408e-06 	0.032169452
-0.0048708709 	0.2989503 	-1.2548702e-12 	6.6574953e-06 	0.032470769
-0.0048588589 	0.2989503 	-1.2599122e-12 	6.7901498e-06 	0.032772085
-0.0048468468 	0.2989503 	-1.2649541e-12 	6.9228043e-06 	0.033073401
-0.0048348348 	0.2989503 	-1.2699961e-12 	7.0554588e-06 	0.033374717
-0.0048228228 	0.2989503 	-1.275038e-12 	7.1881133e-06 	0.033676034
-0.0048108108 	0.2989503 	-1.2800799e-12 	7.3207678e-06 	0.03397735
-0.0047987988 	0.2989503 	-1.2851219e-12 	7.4534223e-06 	0.034278666
-0.0047867868 	0.2989503 	-1.2901638e-12 	7.5860768e-06 	0.034579983
-0.0047747748 	0.2989503 	-1.2952057e-12 	7.7187313e-06 	0.034881299
-0.0047627628 	0.2989503 	-1.3002477e-12 	7.8513859e-06 	0.035182615
-0.0047507508 	0.2989503 	-1.3052896e-12 	7.9840404e-06 	0.035483931
-0.0047387387 	0.2989503 	-1.3103316e-12 	8.1166949e-06 	0.035785248
-0.0047267267 	0.2989503 	-1.3161586e-12 	8.2458105e-06 	0.03608655
-0.0047147147 	0.2989503 	-1.3237946e-12 	8.3667716e-06 	0.036387822
-0.0047027027 	0.2989503 	-1.3314307e-12 	8.4877328e-06 	0.036689093
-0.0046906907 	0.2989503 	-1.3390668e-12 	8.608694e-06 	0.036990364
-0.0046786787 	0.2989503 	-1.3467028e-12 	8.7296551e-06 	0.037291635
-0.0046666667 	0.2989503 	-1.3543389e-12 	8.8506163e-06 	0.037592906
-0.0046546547 	0.2989503 	-1.361975e-12 	8.9715775e-06 	0.037894177
-0.0046426426 	0.2989503 	-1.369611e-12 	9.0925386e-06 	0.038195448
-0.0046306306 	0.2989503 	-1.3772471e-12 	9.2134998e-06 	0.038496719
-0.0046186186 	0.2989503 	-1.3823254e-12 	9.3477632e-06 	0.038785968
-0.0046066066 	0.2989503 	-1.3853464e-12 	9.492727e-06 	0.039065545
-0.0045945946 	0.2989503 	-1.3883673e-12 	9.6376907e-06 	0.039345123
-0.0045825826 	0.2989503 	-1.3913882e-12 	9.7826545e-06 	0.0396247
-0.0045705706 	0.2989503 	-1.3944092e-12 	9.9276182e-06 	0.039904277
-0.0045585586 	0.2989503 	-1.3974301e-12 	1.0072582e-05 	0.040183855
-0.0045465465 	0.2989503 	-1.400451e-12 	1.0217546e-05 	0.040463432
-0.0045345345 	0.2989503 	-1.403472e-12 	1.0362509e-05 	0.04074301
-0.0045225225 	0.2989503 	-1.4064929e-12 	1.0507473e-05 	0.041022587
-0.0045105105 	0.2989503 	-1.4095138e-12 	1.0652437e-05 	0.041302164
-0.0044984985 	0.2989503 	-1.4125348e-12 	1.0797401e-05 	0.041581742
-0.0044864865 	0.2989503 	-1.4155557e-12 	1.0942364e-05 	0.041861319
-0.0044744745 	0.2989503 	-1.4185766e-12 	1.1087328e-05 	0.042140897
-0.0044624625 	0.2989503 	-1.4215976e-12 	1.1232292e-05 	0.042420474
-0.0044504505 	0.2989503 	-1.4246185e-12 	1.1377256e-05 	0.042700051
-0.0044384384 	0.29895031 	-1.4276394e-12 	1.1522219e-05 	0.042979629
-0.0044264264 	0.29895031 	-1.4306604e-12 	1.1667183e-05 	0.043259206
-0.0044144144 	0.29895031 	-1.4336813e-12 	1.1812147e-05 	0.043538784
-0.0044024024 	0.29895031 	-1.4367022e-12 	1.1957111e-05 	0.043818361
-0.0043903904 	0.29895031 	-1.4408108e-12 	1.2095902e-05 	0.044097959
-0.0043783784 	0.29895031 	-1.4459895e-12 	1.222862e-05 	0.044377578
-0.0043663664 	0.29895031 	-1.4511682e-12 	1.2361338e-05 	0.044657196
-0.0043543544 	0.29895031 	-1.4563469e-12 	1.2494056e-05 	0.044936815
-0.0043423423 	0.29895031 	-1.4615256e-12 	1.2626774e-05 	0.045216433
-0.0043303303 	0.29895031 	-1.4667044e-12 	1.2759492e-05 	0.045496052
-0.0043183183 	0.29895031 	-1.4718831e-12 	1.2892211e-05 	0.04577567
-0.0043063063 	0.29895031 	-1.4770618e-12 	1.3024929e-05 	0.046055289
-0.0042942943 	0.29895031 	-1.4822405e-12 	1.3157647e-05 	0.046334907
-0.0042822823 	0.29895031 	-1.4874192e-12 	1.3290365e-05 	0.046614526
-0.0042702703 	0.29895031 	-1.4909169e-12 	1.3429976e-05 	0.046879717
-0.0042582583 	0.29895031 	-1.4932002e-12 	1.3574566e-05 	0.047134487
-0.0042462462 	0.29895031 	-1.4954836e-12 	1.3719156e-05 	0.047389257
-0.0042342342 	0.29895031 	-1.4977669e-12 	1.3863747e-05 	0.047644027
-0.0042222222 	0.29895031 	-1.5000503e-12 	1.4008337e-05 	0.047898797
-0.0042102102 	0.29895031 	-1.5023336e-12 	1.4152928e-05 	0.048153567
-0.0041981982 	0.29895031 	-1.504617e-12 	1.4297518e-05 	0.048408337
-0.0041861862 	0.29895031 	-1.5069003e-12 	1.4442108e-05 	0.048663107
-0.0041741742 	0.29895031 	-1.5091837e-12 	1.4586699e-05 	0.048917877
-0.0041621622 	0.29895031 	-1.511467e-12 	1.4731289e-05 	0.049172647
-0.0041501502 	0.29895031 	-1.5137504e-12 	1.4875879e-05 	0.049427417
-0.0041381381 	0.29895031 	-1.5160337e-12 	1.502047e-05 	0.049682187
-0.0041261261 	0.29895031 	-1.5183171e-12 	1.516506e-05 	0.049936957
-0.0041141141 	0.29895031 	-1.5206004e-12 	1.530965e-05 	0.050191727
-0.0041021021 	0.29895031 	-1.5228837e-12 	1.5454241e-05 	0.050446497
-0.0040900901 	0.29895031 	-1.5251671e-12 	1.5598831e-05 	0.050701266
-0.0040780781 	0.29895031 	-1.5274504e-12 	1.5743421e-05 	0.050956036
-0.0040660661 	0.29895031 	-1.5297338e-12 	1.5888012e-05 	0.051210806
-0.0040540541 	0.29895031 	-1.5320171e-12 	1.6032602e-05 	0.051465576
-0.004042042 	0.29895031 	-1.5343005e-12 	1.6177193e-05 	0.051720346
-0.00403003 	0.29895031 	-1.5365838e-12 	1.6321783e-05 	0.051975116
-0.004018018 	0.29895031 	-1.5388672e-12 	1.6466373e-05 	0.052229886
-0.004006006 	0.29895031 	-1.5418893e-12 	1.6599974e-05 	0.052484792
-0.003993994 	0.29895031 	-1.5449328e-12 	1.6733255e-05 	0.052739701
-0.003981982 	0.29895032 	-1.5479764e-12 	1.6866536e-05 	0.052994611
-0.00396997 	0.29895032 	-1.5510199e-12 	1.6999817e-05 	0.05324952
-0.003957958 	0.29895032 	-1.5540635e-12 	1.7133098e-05 	0.05350443
-0.0039459459 	0.29895032 	-1.557107e-12 	1.7266379e-05 	0.05375934
-0.0039339339 	0.29895032 	-1.5601506e-12 	1.739966e-05 	0.054014249
-0.0039219219 	0.29895032 	-1.5631942e-12 	1.7532941e-05 	0.054269159
-0.0039099099 	0.29895032 	-1.5662377e-12 	1.7666222e-05 	0.054524068
-0.0038978979 	0.29895032 	-1.5692813e-12 	1.7799503e-05 	0.054778978
-0.0038858859 	0.29895032 	-1.5723248e-12 	1.7932784e-05 	0.055033887
-0.0038738739 	0.29895032 	-1.575113e-12 	1.8060586e-05 	0.055268486
-0.0038618619 	0.29895032 	-1.5777997e-12 	1.818621e-05 	0.055495007
-0.0038498498 	0.29895032 	-1.5804863e-12 	1.8311833e-05 	0.055721529
-0.0038378378 	0.29895032 	-1.5831729e-12 	1.8437457e-05 	0.05594805
-0.0038258258 	0.29895032 	-1.5858596e-12 	1.856308e-05 	0.056174571
-0.0038138138 	0.29895032 	-1.5885462e-12 	1.8688704e-05 	0.056401092
-0.0038018018 	0.29895032 	-1.5912329e-12 	1.8814328e-05 	0.056627613
-0.0037897898 	0.29895032 	-1.5939195e-12 	1.8939951e-05 	0.056854134
-0.0037777778 	0.29895032 	-1.5966061e-12 	1.9065575e-05 	0.057080656
-0.0037657658 	0.29895032 	-1.5992928e-12 	1.9191198e-05 	0.057307177
-0.0037537538 	0.29895032 	-1.6019794e-12 	1.9316822e-05 	0.057533698
-0.0037417417 	0.29895032 	-1.6046661e-12 	1.9442445e-05 	0.057760219
-0.0037297297 	0.29895032 	-1.6073527e-12 	1.9568069e-05 	0.05798674
-0.0037177177 	0.29895032 	-1.6100393e-12 	1.9693692e-05 	0.058213261
-0.0037057057 	0.29895032 	-1.612726e-12 	1.9819316e-05 	0.058439783
-0.0036936937 	0.29895032 	-1.6154126e-12 	1.9944939e-05 	0.058666304
-0.0036816817 	0.29895032 	-1.6180993e-12 	2.0070563e-05 	0.058892825
-0.0036696697 	0.29895032 	-1.6207859e-12 	2.0196187e-05 	0.059119346
-0.0036576577 	0.29895032 	-1.6234725e-12 	2.032181e-05 	0.059345867
-0.0036456456 	0.29895032 	-1.6261592e-12 	2.0447434e-05 	0.059572388
-0.0036336336 	0.29895032 	-1.6288458e-12 	2.0573057e-05 	0.05979891
-0.0036216216 	0.29895032 	-1.6315324e-12 	2.0698681e-05 	0.060025431
-0.0036096096 	0.29895032 	-1.6342191e-12 	2.0824304e-05 	0.060251952
-0.0035975976 	0.29895032 	-1.6369057e-12 	2.0949928e-05 	0.060478473
-0.0035855856 	0.29895032 	-1.6393861e-12 	2.1073836e-05 	0.060705043
-0.0035735736 	0.29895032 	-1.6410633e-12 	2.1191063e-05 	0.060931804
-0.0035615616 	0.29895032 	-1.6427404e-12 	2.1308289e-05 	0.061158565
-0.0035495495 	0.29895033 	-1.6444176e-12 	2.1425516e-05 	0.061385326
-0.0035375375 	0.29895033 	-1.6460947e-12 	2.1542742e-05 	0.061612087
-0.0035255255 	0.29895033 	-1.6477719e-12 	2.1659969e-05 	0.061838849
-0.0035135135 	0.29895033 	-1.649449e-12 	2.1777196e-05 	0.06206561
-0.0035015015 	0.29895033 	-1.6511262e-12 	2.1894422e-05 	0.062292371
-0.0034894895 	0.29895033 	-1.6528033e-12 	2.2011649e-05 	0.062519132
-0.0034774775 	0.29895033 	-1.6544805e-12 	2.2128876e-05 	0.062745893
-0.0034654655 	0.29895033 	-1.6561576e-12 	2.2246102e-05 	0.062972654
-0.0034534535 	0.29895033 	-1.6578347e-12 	2.2363329e-05 	0.063199415
-0.0034414414 	0.29895033 	-1.6595119e-12 	2.2480556e-05 	0.063426176
-0.0034294294 	0.29895033 	-1.6621378e-12 	2.2583237e-05 	0.063638882
-0.0034174174 	0.29895033 	-1.6659905e-12 	2.2667113e-05 	0.063833414
-0.0034054054 	0.29895033 	-1.6698431e-12 	2.2750989e-05 	0.064027946
-0.0033933934 	0.29895033 	-1.6736958e-12 	2.2834865e-05 	0.064222479
-0.0033813814 	0.29895033 	-1.6775484e-12 	2.291874e-05 	0.064417011
-0.0033693694 	0.29895033 	-1.6814011e-12 	2.3002616e-05 	0.064611543
-0.0033573574 	0.29895033 	-1.6852538e-12 	2.3086492e-05 	0.064806076
-0.0033453453 	0.29895033 	-1.6891064e-12 	2.3170368e-05 	0.065000608
-0.0033333333 	0.29895033 	-1.6929591e-12 	2.3254244e-05 	0.065195141
-0.0033213213 	0.29895033 	-1.6968117e-12 	2.3338119e-05 	0.065389673
-0.0033093093 	0.29895033 	-1.7006644e-12 	2.3421995e-05 	0.065584205
-0.0032972973 	0.29895033 	-1.704517e-12 	2.3505871e-05 	0.065778738
-0.0032852853 	0.29895033 	-1.7083697e-12 	2.3589747e-05 	0.06597327
-0.0032732733 	0.29895033 	-1.7122223e-12 	2.3673623e-05 	0.066167802
-0.0032612613 	0.29895033 	-1.716075e-12 	2.3757498e-05 	0.066362335
-0.0032492492 	0.29895033 	-1.7199277e-12 	2.3841374e-05 	0.066556867
-0.0032372372 	0.29895033 	-1.7237803e-12 	2.392525e-05 	0.0667514
-0.0032252252 	0.29895033 	-1.727633e-12 	2.4009126e-05 	0.066945932
-0.0032132132 	0.29895033 	-1.7314856e-12 	2.4093002e-05 	0.067140464
-0.0032012012 	0.29895033 	-1.7353383e-12 	2.4176877e-05 	0.067334997
-0.0031891892 	0.29895033 	-1.7391909e-12 	2.4260753e-05 	0.067529529
-0.0031771772 	0.29895033 	-1.7430436e-12 	2.4344629e-05 	0.067724061
-0.0031651652 	0.29895033 	-1.7468962e-12 	2.4428505e-05 	0.067918594
-0.0031531532 	0.29895033 	-1.7507489e-12 	2.4512381e-05 	0.068113126
-0.0031411411 	0.29895033 	-1.7546016e-12 	2.4596256e-05 	0.068307659
-0.0031291291 	0.29895033 	-1.7584542e-12 	2.4680132e-05 	0.068502191
-0.0031171171 	0.29895033 	-1.7623069e-12 	2.4764008e-05 	0.068696723
-0.0031051051 	0.29895034 	-1.7661595e-12 	2.4847884e-05 	0.068891256
-0.0030930931 	0.29895034 	-1.7687e-12 	2.4929554e-05 	0.069085991
-0.0030810811 	0.29895034 	-1.770479e-12 	2.5009944e-05 	0.069280844
-0.0030690691 	0.29895034 	-1.7722581e-12 	2.5090334e-05 	0.069475696
-0.0030570571 	0.29895034 	-1.7740371e-12 	2.5170724e-05 	0.069670549
-0.003045045 	0.29895034 	-1.7758162e-12 	2.5251115e-05 	0.069865402
-0.003033033 	0.29895034 	-1.7775952e-12 	2.5331505e-05 	0.070060255
-0.003021021 	0.29895034 	-1.7793743e-12 	2.5411895e-05 	0.070255107
-0.003009009 	0.29895034 	-1.7811533e-12 	2.5492285e-05 	0.07044996
-0.002996997 	0.29895034 	-1.7829324e-12 	2.5572675e-05 	0.070644813
-0.002984985 	0.29895034 	-1.7847115e-12 	2.5653066e-05 	0.070839666
-0.002972973 	0.29895034 	-1.7864905e-12 	2.5733456e-05 	0.071034518
-0.002960961 	0.29895034 	-1.7882696e-12 	2.5813846e-05 	0.071229371
-0.0029489489 	0.29895034 	-1.7900486e-12 	2.5894236e-05 	0.071424224
-0.0029369369 	0.29895034 	-1.7918277e-12 	2.5974626e-05 	0.071619077
-0.0029249249 	0.29895034 	-1.7938871e-12 	2.6045936e-05 	0.071808534
-0.0029129129 	0.29895034 	-1.7975391e-12 	2.6065671e-05 	0.071967349
-0.0029009009 	0.29895034 	-1.8011911e-12 	2.6085405e-05 	0.072126163
-0.0028888889 	0.29895034 	-1.8048431e-12 	2.610514e-05 	0.072284977
-0.0028768769 	0.29895034 	-1.8084951e-12 	2.6124875e-05 	0.072443792
-0.0028648649 	0.29895034 	-1.8121471e-12 	2.6144609e-05 	0.072602606
-0.0028528529 	0.29895034 	-1.8157991e-12 	2.6164344e-05 	0.07276142
-0.0028408408 	0.29895034 	-1.8194511e-12 	2.6184078e-05 	0.072920235
-0.0028288288 	0.29895034 	-1.8231031e-12 	2.6203813e-05 	0.073079049
-0.0028168168 	0.29895034 	-1.8267551e-12 	2.6223548e-05 	0.073237863
-0.0028048048 	0.29895034 	-1.8304071e-12 	2.6243282e-05 	0.073396678
-0.0027927928 	0.29895034 	-1.8340591e-12 	2.6263017e-05 	0.073555492
-0.0027807808 	0.29895034 	-1.8377111e-12 	2.6282751e-05 	0.073714307
-0.0027687688 	0.29895034 	-1.8413631e-12 	2.6302486e-05 	0.073873121
-0.0027567568 	0.29895034 	-1.8450151e-12 	2.632222e-05 	0.074031935
-0.0027447447 	0.29895034 	-1.8486671e-12 	2.6341955e-05 	0.07419075
-0.0027327327 	0.29895034 	-1.8523191e-12 	2.636169e-05 	0.074349564
-0.0027207207 	0.29895034 	-1.8559711e-12 	2.6381424e-05 	0.074508378
-0.0027087087 	0.29895035 	-1.8596231e-12 	2.6401159e-05 	0.074667193
-0.0026966967 	0.29895035 	-1.8632751e-12 	2.6420893e-05 	0.074826007
-0.0026846847 	0.29895035 	-1.8669271e-12 	2.6440628e-05 	0.074984821
-0.0026726727 	0.29895035 	-1.8705791e-12 	2.6460363e-05 	0.075143636
-0.0026606607 	0.29895035 	-1.8742311e-12 	2.6480097e-05 	0.07530245
-0.0026486486 	0.29895035 	-1.8778831e-12 	2.6499832e-05 	0.075461264
-0.0026366366 	0.29895035 	-1.8815351e-12 	2.6519566e-05 	0.075620079
-0.0026246246 	0.29895035 	-1.8851871e-12 	2.6539301e-05 	0.075778893
-0.0026126126 	0.29895035 	-1.8888391e-12 	2.6559036e-05 	0.075937707
-0.0026006006 	0.29895035 	-1.8924911e-12 	2.657877e-05 	0.076096522
-0.0025885886 	0.29895035 	-1.8961431e-12 	2.6598505e-05 	0.076255336
-0.0025765766 	0.29895035 	-1.8997951e-12 	2.6618239e-05 	0.076414151
-0.0025645646 	0.29895035 	-1.9034471e-12 	2.6637974e-05 	0.076572965
-0.0025525526 	0.29895035 	-1.9070991e-12 	2.6657708e-05 	0.076731779
-0.0025405405 	0.29895035 	-1.9096335e-12 	2.6678992e-05 	0.076890809
-0.0025285285 	0.29895035 	-1.9114595e-12 	2.6701257e-05 	0.077049976
-0.0025165165 	0.29895035 	-1.9132855e-12 	2.6723522e-05 	0.077209142
-0.0025045045 	0.29895035 	-1.9151115e-12 	2.6745786e-05 	0.077368309
-0.0024924925 	0.29895035 	-1.9169375e-12 	2.6768051e-05 	0.077527475
-0.0024804805 	0.29895035 	-1.9187635e-12 	2.6790316e-05 	0.077686642
-0.0024684685 	0.29895035 	-1.9205895e-12 	2.6812581e-05 	0.077845808
-0.0024564565 	0.29895035 	-1.9224155e-12 	2.6834846e-05 	0.078004975
-0.0024444444 	0.29895035 	-1.9242415e-12 	2.6857111e-05 	0.078164142
-0.0024324324 	0.29895035 	-1.9260675e-12 	2.6879376e-05 	0.078323308
-0.0024204204 	0.29895035 	-1.9278935e-12 	2.6901641e-05 	0.078482475
-0.0024084084 	0.29895035 	-1.9297195e-12 	2.6923906e-05 	0.078641641
-0.0023963964 	0.29895035 	-1.9315455e-12 	2.6946171e-05 	0.078800808
-0.0023843844 	0.29895035 	-1.9333715e-12 	2.6968436e-05 	0.078959974
-0.0023723724 	0.29895035 	-1.9351975e-12 	2.69907e-05 	0.079119141
-0.0023603604 	0.29895036 	-1.9370235e-12 	2.7012965e-05 	0.079278307
-0.0023483483 	0.29895036 	-1.9387645e-12 	2.7019182e-05 	0.079431354
-0.0023363363 	0.29895036 	-1.9401281e-12 	2.6954081e-05 	0.079557208
-0.0023243243 	0.29895036 	-1.9414917e-12 	2.688898e-05 	0.079683061
-0.0023123123 	0.29895036 	-1.9428553e-12 	2.6823879e-05 	0.079808914
-0.0023003003 	0.29895036 	-1.9442189e-12 	2.6758779e-05 	0.079934767
-0.0022882883 	0.29895036 	-1.9455825e-12 	2.6693678e-05 	0.08006062
-0.0022762763 	0.29895036 	-1.9469461e-12 	2.6628577e-05 	0.080186473
-0.0022642643 	0.29895036 	-1.9483097e-12 	2.6563476e-05 	0.080312326
-0.0022522523 	0.29895036 	-1.9496733e-12 	2.6498376e-05 	0.080438179
-0.0022402402 	0.29895036 	-1.9510369e-12 	2.6433275e-05 	0.080564032
-0.0022282282 	0.29895036 	-1.9524005e-12 	2.6368174e-05 	0.080689885
-0.0022162162 	0.29895036 	-1.9537641e-12 	2.6303073e-05 	0.080815738
-0.0022042042 	0.29895036 	-1.9551277e-12 	2.6237973e-05 	0.080941591
-0.0021921922 	0.29895036 	-1.9564913e-12 	2.6172872e-05 	0.081067444
-0.0021801802 	0.29895036 	-1.9578549e-12 	2.6107771e-05 	0.081193297
-0.0021681682 	0.29895036 	-1.9592185e-12 	2.604267e-05 	0.08131915
-0.0021561562 	0.29895036 	-1.9605821e-12 	2.597757e-05 	0.081445004
-0.0021441441 	0.29895036 	-1.9619457e-12 	2.5912469e-05 	0.081570857
-0.0021321321 	0.29895036 	-1.9633093e-12 	2.5847368e-05 	0.08169671
-0.0021201201 	0.29895036 	-1.9646729e-12 	2.5782267e-05 	0.081822563
-0.0021081081 	0.29895036 	-1.9660365e-12 	2.5717166e-05 	0.081948416
-0.0020960961 	0.29895036 	-1.9674001e-12 	2.5652066e-05 	0.082074269
-0.0020840841 	0.29895036 	-1.9687637e-12 	2.5586965e-05 	0.082200122
-0.0020720721 	0.29895036 	-1.9701273e-12 	2.5521864e-05 	0.082325975
-0.0020600601 	0.29895036 	-1.9714909e-12 	2.5456763e-05 	0.082451828
-0.002048048 	0.29895036 	-1.9728545e-12 	2.5391663e-05 	0.082577681
-0.002036036 	0.29895036 	-1.9742181e-12 	2.5326562e-05 	0.082703534
-0.002024024 	0.29895036 	-1.9755817e-12 	2.5261461e-05 	0.082829387
-0.002012012 	0.29895036 	-1.9769453e-12 	2.519636e-05 	0.08295524
-0.002 	0.29895036 	-1.9783089e-12 	2.513126e-05 	0.083081093
-0.001987988 	0.29895036 	-1.9796724e-12 	2.5066159e-05 	0.083206946
-0.001975976 	0.29895036 	-1.981036e-12 	2.5001058e-05 	0.0833328
-0.001963964 	0.29895036 	-1.9823996e-12 	2.4935957e-05 	0.083458653
-0.001951952 	0.29895036 	-1.9837632e-12 	2.4870857e-05 	0.083584506
-0.0019399399 	0.29895036 	-1.9851268e-12 	2.4805756e-05 	0.083710359
-0.0019279279 	0.29895036 	-1.9864904e-12 	2.4740655e-05 	0.083836212
-0.0019159159 	0.29895037 	-1.9874807e-12 	2.4678978e-05 	0.083962202
-0.0019039039 	0.29895037 	-1.9879341e-12 	2.4622223e-05 	0.084088389
-0.0018918919 	0.29895037 	-1.9883876e-12 	2.4565469e-05 	0.084214575
-0.0018798799 	0.29895037 	-1.988841e-12 	2.4508714e-05 	0.084340762
-0.0018678679 	0.29895037 	-1.9892944e-12 	2.445196e-05 	0.084466949
-0.0018558559 	0.29895037 	-1.9897478e-12 	2.4395205e-05 	0.084593136
-0.0018438438 	0.29895037 	-1.9902012e-12 	2.4338451e-05 	0.084719323
-0.0018318318 	0.29895037 	-1.9906547e-12 	2.4281696e-05 	0.08484551
-0.0018198198 	0.29895037 	-1.9911081e-12 	2.4224942e-05 	0.084971697
-0.0018078078 	0.29895037 	-1.9915615e-12 	2.4168187e-05 	0.085097884
-0.0017957958 	0.29895037 	-1.9920149e-12 	2.4111433e-05 	0.08522407
-0.0017837838 	0.29895037 	-1.9924683e-12 	2.4054678e-05 	0.085350257
-0.0017717718 	0.29895037 	-1.9929218e-12 	2.3997924e-05 	0.085476444
-0.0017597598 	0.29895037 	-1.9933752e-12 	2.3941169e-05 	0.085602631
-0.0017477477 	0.29895037 	-1.9938286e-12 	2.3884415e-05 	0.085728818
-0.0017357357 	0.29895037 	-1.994282e-12 	2.382766e-05 	0.085855005
-0.0017237237 	0.29895037 	-1.9947355e-12 	2.3770906e-05 	0.085981192
-0.0017117117 	0.29895037 	-1.9951889e-12 	2.3714151e-05 	0.086107379
-0.0016996997 	0.29895037 	-1.9956423e-12 	2.3657397e-05 	0.086233565
-0.0016876877 	0.29895037 	-2.0004078e-12 	2.3541877e-05 	0.086319161
-0.0016756757 	0.29895037 	-2.0064233e-12 	2.3409321e-05 	0.08639299
-0.0016636637 	0.29895037 	-2.0124389e-12 	2.3276765e-05 	0.086466818
-0.0016516517 	0.29895037 	-2.0184545e-12 	2.3144209e-05 	0.086540646
-0.0016396396 	0.29895037 	-2.0244701e-12 	2.3011653e-05 	0.086614474
-0.0016276276 	0.29895037 	-2.0304856e-12 	2.2879097e-05 	0.086688302
-0.0016156156 	0.29895037 	-2.0365012e-12 	2.2746541e-05 	0.086762131
-0.0016036036 	0.29895037 	-2.0425168e-12 	2.2613986e-05 	0.086835959
-0.0015915916 	0.29895037 	-2.0485323e-12 	2.248143e-05 	0.086909787
-0.0015795796 	0.29895037 	-2.0545479e-12 	2.2348874e-05 	0.086983615
-0.0015675676 	0.29895037 	-2.0605635e-12 	2.2216318e-05 	0.087057444
-0.0015555556 	0.29895037 	-2.0665791e-12 	2.2083762e-05 	0.087131272
-0.0015435435 	0.29895037 	-2.0725946e-12 	2.1951206e-05 	0.0872051
-0.0015315315 	0.29895037 	-2.0786102e-12 	2.181865e-05 	0.087278928
-0.0015195195 	0.29895037 	-2.0846258e-12 	2.1686094e-05 	0.087352756
-0.0015075075 	0.29895037 	-2.0906413e-12 	2.1553538e-05 	0.087426585
-0.0014954955 	0.29895037 	-2.0966569e-12 	2.1420982e-05 	0.087500413
-0.0014834835 	0.29895037 	-2.1026725e-12 	2.1288426e-05 	0.087574241
-0.0014714715 	0.29895037 	-2.1086881e-12 	2.115587e-05 	0.087648069
-0.0014594595 	0.29895037 	-2.1147036e-12 	2.1023314e-05 	0.087721898
-0.0014474474 	0.29895037 	-2.1207192e-12 	2.0890758e-05 	0.087795726
-0.0014354354 	0.29895037 	-2.1267348e-12 	2.0758202e-05 	0.087869554
-0.0014234234 	0.29895037 	-2.1327503e-12 	2.0625646e-05 	0.087943382
-0.0014114114 	0.29895037 	-2.1387659e-12 	2.049309e-05 	0.08801721
-0.0013993994 	0.29895037 	-2.1443702e-12 	2.0354624e-05 	0.088090918
-0.0013873874 	0.29895037 	-2.149679e-12 	2.021191e-05 	0.088164539
-0.0013753754 	0.29895038 	-2.1549878e-12 	2.0069196e-05 	0.088238159
-0.0013633634 	0.29895038 	-2.1602966e-12 	1.9926483e-05 	0.08831178
-0.0013513514 	0.29895038 	-2.1656054e-12 	1.9783769e-05 	0.088385401
-0.0013393393 	0.29895038 	-2.1709142e-12 	1.9641055e-05 	0.088459021
-0.0013273273 	0.29895038 	-2.176223e-12 	1.9498341e-05 	0.088532642
-0.0013153153 	0.29895038 	-2.1815317e-12 	1.9355627e-05 	0.088606262
-0.0013033033 	0.29895038 	-2.1868405e-12 	1.9212914e-05 	0.088679883
-0.0012912913 	0.29895038 	-2.1921493e-12 	1.90702e-05 	0.088753504
-0.0012792793 	0.29895038 	-2.1974581e-12 	1.8927486e-05 	0.088827124
-0.0012672673 	0.29895038 	-2.2027669e-12 	1.8784772e-05 	0.088900745
-0.0012552553 	0.29895038 	-2.2080757e-12 	1.8642059e-05 	0.088974366
-0.0012432432 	0.29895038 	-2.2133845e-12 	1.8499345e-05 	0.089047986
-0.0012312312 	0.29895038 	-2.2186932e-12 	1.8356631e-05 	0.089121607
-0.0012192192 	0.29895038 	-2.224002e-12 	1.8213917e-05 	0.089195228
-0.0012072072 	0.29895038 	-2.2293108e-12 	1.8071203e-05 	0.089268848
-0.0011951952 	0.29895038 	-2.2346196e-12 	1.792849e-05 	0.089342469
-0.0011831832 	0.29895038 	-2.2399284e-12 	1.7785776e-05 	0.08941609
-0.0011711712 	0.29895038 	-2.2452372e-12 	1.7643062e-05 	0.08948971
-0.0011591592 	0.29895038 	-2.2505459e-12 	1.7500348e-05 	0.089563331
-0.0011471471 	0.29895038 	-2.2558547e-12 	1.7357634e-05 	0.089636952
-0.0011351351 	0.29895038 	-2.2611635e-12 	1.7214921e-05 	0.089710572
-0.0011231231 	0.29895038 	-2.2664723e-12 	1.7072207e-05 	0.089784193
-0.0011111111 	0.29895038 	-2.2717811e-12 	1.6929493e-05 	0.089857814
-0.0010990991 	0.29895038 	-2.2770899e-12 	1.6786779e-05 	0.089931434
-0.0010870871 	0.29895038 	-2.2823987e-12 	1.6644065e-05 	0.090005055
-0.0010750751 	0.29895038 	-2.2877074e-12 	1.6501352e-05 	0.090078676
-0.0010630631 	0.29895038 	-2.2930162e-12 	1.6358638e-05 	0.090152296
-0.0010510511 	0.29895038 	-2.298325e-12 	1.6215924e-05 	0.090225917
-0.001039039 	0.29895038 	-2.3036338e-12 	1.607321e-05 	0.090299537
-0.001027027 	0.29895038 	-2.3089426e-12 	1.5930496e-05 	0.090373158
-0.001015015 	0.29895038 	-2.3142514e-12 	1.5787783e-05 	0.090446779
-0.001003003 	0.29895038 	-2.3195602e-12 	1.5645069e-05 	0.090520399
-0.00099099099 	0.29895038 	-2.3248689e-12 	1.5502355e-05 	0.09059402
-0.00097897898 	0.29895038 	-2.3301777e-12 	1.5359641e-05 	0.090667641
-0.00096696697 	0.29895038 	-2.3354865e-12 	1.5216927e-05 	0.090741261
-0.00095495495 	0.29895038 	-2.3407953e-12 	1.5074214e-05 	0.090814882
-0.00094294294 	0.29895038 	-2.3461041e-12 	1.49315e-05 	0.090888503
-0.00093093093 	0.29895038 	-2.3514129e-12 	1.4788786e-05 	0.090962123
-0.00091891892 	0.29895038 	-2.3567217e-12 	1.4646072e-05 	0.091035744
-0.00090690691 	0.29895038 	-2.3620304e-12 	1.4503359e-05 	0.091109365
-0.00089489489 	0.29895038 	-2.3673392e-12 	1.4360645e-05 	0.091182985
-0.00088288288 	0.29895038 	-2.372648e-12 	1.4217931e-05 	0.091256606
-0.00087087087 	0.29895038 	-2.3779568e-12 	1.4075217e-05 	0.091330227
-0.00085885886 	0.29895038 	-2.3832656e-12 	1.3932503e-05 	0.091403847
-0.00084684685 	0.29895038 	-2.3895242e-12 	1.3783496e-05 	0.091470988
-0.00083483483 	0.29895038 	-2.4017344e-12 	1.3595049e-05 	0.091497527
-0.00082282282 	0.29895038 	-2.4139446e-12 	1.3406603e-05 	0.091524065
-0.00081081081 	0.29895038 	-2.4261548e-12 	1.3218156e-05 	0.091550603
-0.0007987988 	0.29895038 	-2.438365e-12 	1.302971e-05 	0.091577142
-0.00078678679 	0.29895039 	-2.4505752e-12 	1.2841263e-05 	0.09160368
-0.00077477477 	0.29895039 	-2.4627854e-12 	1.2652817e-05 	0.091630219
-0.00076276276 	0.29895039 	-2.4749956e-12 	1.246437e-05 	0.091656757
-0.00075075075 	0.29895039 	-2.4872058e-12 	1.2275924e-05 	0.091683296
-0.00073873874 	0.29895039 	-2.499416e-12 	1.2087477e-05 	0.091709834
-0.00072672673 	0.29895039 	-2.5116262e-12 	1.1899031e-05 	0.091736372
-0.00071471471 	0.29895039 	-2.5238365e-12 	1.1710584e-05 	0.091762911
-0.0007027027 	0.29895039 	-2.5360467e-12 	1.1522138e-05 	0.091789449
-0.00069069069 	0.29895039 	-2.5482569e-12 	1.1333691e-05 	0.091815988
-0.00067867868 	0.29895039 	-2.5604671e-12 	1.1145245e-05 	0.091842526
-0.00066666667 	0.29895039 	-2.5726773e-12 	1.0956798e-05 	0.091869065
-0.00065465465 	0.29895039 	-2.5848875e-12 	1.0768352e-05 	0.091895603
-0.00064264264 	0.29895039 	-2.5970977e-12 	1.0579905e-05 	0.091922141
-0.00063063063 	0.29895039 	-2.6093079e-12 	1.0391459e-05 	0.09194868
-0.00061861862 	0.29895039 	-2.6215181e-12 	1.0203012e-05 	0.091975218
-0.00060660661 	0.29895039 	-2.6337283e-12 	1.0014566e-05 	0.092001757
-0.00059459459 	0.29895039 	-2.6459385e-12 	9.8261192e-06 	0.092028295
-0.00058258258 	0.29895039 	-2.6581487e-12 	9.6376727e-06 	0.092054834
-0.00057057057 	0.29895039 	-2.6703589e-12 	9.4492262e-06 	0.092081372
-0.00055855856 	0.29895039 	-2.6825691e-12 	9.2607797e-06 	0.09210791
-0.00054654655 	0.29895039 	-2.6934426e-12 	9.0622082e-06 	0.092134378
-0.00053453453 	0.29895039 	-2.7042371e-12 	8.8630387e-06 	0.092160842
-0.00052252252 	0.29895039 	-2.7150317e-12 	8.6638692e-06 	0.092187306
-0.00051051051 	0.29895039 	-2.7258262e-12 	8.4646997e-06 	0.09221377
-0.0004984985 	0.29895039 	-2.7366207e-12 	8.2655303e-06 	0.092240234
-0.00048648649 	0.29895039 	-2.7474153e-12 	8.0663608e-06 	0.092266697
-0.00047447447 	0.29895039 	-2.7582098e-12 	7.8671913e-06 	0.092293161
-0.00046246246 	0.29895039 	-2.7690043e-12 	7.6680218e-06 	0.092319625
-0.00045045045 	0.29895039 	-2.7797989e-12 	7.4688524e-06 	0.092346089
-0.00043843844 	0.29895039 	-2.7905934e-12 	7.2696829e-06 	0.092372552
-0.00042642643 	0.29895039 	-2.8013879e-12 	7.0705134e-06 	0.092399016
-0.00041441441 	0.29895039 	-2.8121824e-12 	6.8713439e-06 	0.09242548
-0.0004024024 	0.29895039 	-2.822977e-12 	6.6721745e-06 	0.092451944
-0.00039039039 	0.29895039 	-2.8337715e-12 	6.473005e-06 	0.092478408
-0.00037837838 	0.29895039 	-2.844566e-12 	6.2738355e-06 	0.092504871
-0.00036636637 	0.29895039 	-2.8553606e-12 	6.074666e-06 	0.092531335
-0.00035435435 	0.29895039 	-2.8661551e-12 	5.8754965e-06 	0.092557799
-0.00034234234 	0.29895039 	-2.8769496e-12 	5.6763271e-06 	0.092584263
-0.00033033033 	0.29895039 	-2.8877442e-12 	5.4771576e-06 	0.092610726
-0.00031831832 	0.29895039 	-2.8985387e-12 	5.2779881e-06 	0.09263719
-0.00030630631 	0.29895039 	-2.9093332e-12 	5.0788186e-06 	0.092663654
-0.00029429429 	0.29895039 	-2.9201278e-12 	4.8796492e-06 	0.092690118
-0.00028228228 	0.29895039 	-2.9309223e-12 	4.6804797e-06 	0.092716582
-0.00027027027 	0.29895039 	-2.9417168e-12 	4.4813102e-06 	0.092743045
-0.00025825826 	0.29895039 	-2.9525113e-12 	4.2821407e-06 	0.092769509
-0.00024624625 	0.29895039 	-2.9633059e-12 	4.0829713e-06 	0.092795973
-0.00023423423 	0.29895039 	-2.9741004e-12 	3.8838018e-06 	0.092822437
-0.00022222222 	0.29895039 	-2.9848949e-12 	3.6846323e-06 	0.0928489
-0.00021021021 	0.29895039 	-2.9956895e-12 	3.4854628e-06 	0.092875364
-0.0001981982 	0.29895039 	-3.006484e-12 	3.2862934e-06 	0.092901828
-0.00018618619 	0.29895039 	-3.0172785e-12 	3.0871239e-06 	0.092928292
-0.00017417417 	0.29895039 	-3.0280731e-12 	2.8879544e-06 	0.092954756
-0.00016216216 	0.29895039 	-3.0388676e-12 	2.6887849e-06 	0.092981219
-0.00015015015 	0.29895039 	-3.0496621e-12 	2.4896155e-06 	0.093007683
-0.00013813814 	0.29895039 	-3.0604566e-12 	2.290446e-06 	0.093034147
-0.00012612613 	0.29895039 	-3.0712512e-12 	2.0912765e-06 	0.093060611
-0.00011411411 	0.29895039 	-3.0820457e-12 	1.892107e-06 	0.093087074
-0.0001021021 	0.29895039 	-3.0928402e-12 	1.6929376e-06 	0.093113538
-9.009009e-05 	0.29895039 	-3.1036348e-12 	1.4937681e-06 	0.093140002
-7.8078078e-05 	0.29895039 	-3.1144293e-12 	1.2945986e-06 	0.093166466
-6.6066066e-05 	0.29895039 	-3.1252238e-12 	1.0954291e-06 	0.09319293
-5.4054054e-05 	0.29895039 	-3.1360184e-12 	8.9625965e-07 	0.093219393
-4.2042042e-05 	0.29895039 	-3.1468129e-12 	6.9709018e-07 	0.093245857
-3.003003e-05 	0.29895039 	-3.1576074e-12 	4.979207e-07 	0.093272321
-1.8018018e-05 	0.29895039 	-3.168402e-12 	2.9875123e-07 	0.093298785
-6.006006e-06 	0.29895039 	-3.1791965e-12 	9.9581752e-08 	0.093325248
6.006006e-06 	0.29895039 	-3.1872481e-12 	-9.4226228e-08 	0.093325211
1.8018018e-05 	0.29895039 	-3.1925569e-12 	-2.8267271e-07 	0.093298673
3.003003e-05 	0.29895039 	-3.1978657e-12 	-4.7111919e-07 	0.093272134
4.2042042e-05 	0.29895039 	-3.2031745e-12 	-6.5956568e-07 	0.093245596
5.4054054e-05 	0.29895039 	-3.2084833e-12 	-8.4801216e-07 	0.093219057
6.6066066e-05 	0.29895039 	-3.2137921e-12 	-1.0364586e-06 	0.093192519
7.8078078e-05 	0.29895039 	-3.2191009e-12 	-1.2249051e-06 	0.093165981
9.009009e-05 	0.29895039 	-3.2244096e-12 	-1.4133516e-06 	0.093139442
0.0001021021 	0.29895039 	-3.2297184e-12 	-1.6017981e-06 	0.093112904
0.00011411411 	0.29895039 	-3.2350272e-12 	-1.7902446e-06 	0.093086365
0.00012612613 	0.29895039 	-3.240336e-12 	-1.9786911e-06 	0.093059827
0.00013813814 	0.29895039 	-3.2456448e-12 	-2.1671375e-06 	0.093033288
0.00015015015 	0.29895039 	-3.2509536e-12 	-2.355584e-06 	0.09300675
0.00016216216 	0.29895039 	-3.2562624e-12 	-2.5440305e-06 	0.092980212
0.00017417417 	0.29895039 	-3.2615711e-12 	-2.732477e-06 	0.092953673
0.00018618619 	0.29895039 	-3.2668799e-12 	-2.9209235e-06 	0.092927135
0.0001981982 	0.29895039 	-3.2721887e-12 	-3.10937e-06 	0.092900596
0.00021021021 	0.29895039 	-3.2774975e-12 	-3.2978164e-06 	0.092874058
0.00022222222 	0.29895039 	-3.2828063e-12 	-3.4862629e-06 	0.092847519
0.00023423423 	0.29895039 	-3.2881151e-12 	-3.6747094e-06 	0.092820981
0.00024624625 	0.29895039 	-3.2934238e-12 	-3.8631559e-06 	0.092794443
0.00025825826 	0.29895039 	-3.2987326e-12 	-4.0516024e-06 	0.092767904
0.00027027027 	0.29895039 	-3.3040414e-12 	-4.2400489e-06 	0.092741366
0.00028228228 	0.29895039 	-3.3093502e-12 	-4.4284953e-06 	0.092714827
0.00029429429 	0.29895039 	-3.3146047e-12 	-4.6202296e-06 	0.092688312
0.00030630631 	0.29895039 	-3.3197366e-12 	-4.8193991e-06 	0.092661848
0.00031831832 	0.29895039 	-3.3248684e-12 	-5.0185686e-06 	0.092635384
0.00033033033 	0.29895039 	-3.3300002e-12 	-5.217738e-06 	0.09260892
0.00034234234 	0.29895039 	-3.335132e-12 	-5.4169075e-06 	0.092582457
0.00035435435 	0.29895039 	-3.3402639e-12 	-5.616077e-06 	0.092555993
0.00036636637 	0.29895039 	-3.3453957e-12 	-5.8152464e-06 	0.092529529
0.00037837838 	0.29895039 	-3.3505275e-12 	-6.0144159e-06 	0.092503065
0.00039039039 	0.29895039 	-3.3556593e-12 	-6.2135854e-06 	0.092476602
0.0004024024 	0.29895039 	-3.3607912e-12 	-6.4127548e-06 	0.092450138
0.00041441441 	0.29895039 	-3.365923e-12 	-6.6119243e-06 	0.092423674
0.00042642643 	0.29895039 	-3.3710548e-12 	-6.8110938e-06 	0.09239721
0.00043843844 	0.29895039 	-3.3761866e-12 	-7.0102632e-06 	0.092370746
0.00045045045 	0.29895039 	-3.3813185e-12 	-7.2094327e-06 	0.092344283
0.00046246246 	0.29895039 	-3.3864503e-12 	-7.4086022e-06 	0.092317819
0.00047447447 	0.29895039 	-3.3915821e-12 	-7.6077716e-06 	0.092291355
0.00048648649 	0.29895039 	-3.3967139e-12 	-7.8069411e-06 	0.092264891
0.0004984985 	0.29895039 	-3.4018458e-12 	-8.0061106e-06 	0.092238428
0.00051051051 	0.29895039 	-3.4069776e-12 	-8.20528e-06 	0.092211964
0.00052252252 	0.29895039 	-3.4121094e-12 	-8.4044495e-06 	0.0921855
0.00053453453 	0.29895039 	-3.4172413e-12 	-8.603619e-06 	0.092159036
0.00054654655 	0.29895039 	-3.4223731e-12 	-8.8027884e-06 	0.092132572
0.00055855856 	0.29895039 	-3.4275049e-12 	-9.0019579e-06 	0.092106109
0.00057057057 	0.29895039 	-3.4326367e-12 	-9.2011274e-06 	0.092079645
0.00058258258 	0.29895039 	-3.4377686e-12 	-9.4002968e-06 	0.092053181
0.00059459459 	0.29895039 	-3.4429004e-12 	-9.5994663e-06 	0.092026717
0.00060660661 	0.29895039 	-3.4480322e-12 	-9.7986358e-06 	0.092000254
0.00061861862 	0.29895039 	-3.453164e-12 	-9.9978052e-06 	0.09197379
0.00063063063 	0.29895039 	-3.4582959e-12 	-1.0196975e-05 	0.091947326
0.00064264264 	0.29895039 	-3.4634277e-12 	-1.0396144e-05 	0.091920862
0.00065465465 	0.29895039 	-3.4685595e-12 	-1.0595314e-05 	0.091894398
0.00066666667 	0.29895039 	-3.4736913e-12 	-1.0794483e-05 	0.091867935
0.00067867868 	0.29895039 	-3.4788232e-12 	-1.0993653e-05 	0.091841471
0.00069069069 	0.29895039 	-3.483955e-12 	-1.1192822e-05 	0.091815007
0.0007027027 	0.29895039 	-3.4890868e-12 	-1.1391992e-05 	0.091788543
0.00071471471 	0.29895039 	-3.4942186e-12 	-1.1591161e-05 	0.091762079
0.00072672673 	0.29895039 	-3.4993505e-12 	-1.179033e-05 	0.091735616
0.00073873874 	0.29895039 	-3.5044823e-12 	-1.19895e-05 	0.091709152
0.00075075075 	0.29895039 	-3.5096141e-12 	-1.2188669e-05 	0.091682688
0.00076276276 	0.29895039 	-3.5147459e-12 	-1.2387839e-05 	0.091656224
0.00077477477 	0.29895039 	-3.5198778e-12 	-1.2587008e-05 	0.091629761
0.00078678679 	0.29895039 	-3.5250096e-12 	-1.2786178e-05 	0.091603297
0.0007987988 	0.29895038 	-3.5301414e-12 	-1.2985347e-05 	0.091576833
0.00081081081 	0.29895038 	-3.5352733e-12 	-1.3184517e-05 	0.091550369
0.00082282282 	0.29895038 	-3.5404051e-12 	-1.3383686e-05 	0.091523905
0.00083483483 	0.29895038 	-3.5455369e-12 	-1.3582856e-05 	0.091497442
0.00084684685 	0.29895038 	-3.5506687e-12 	-1.3782025e-05 	0.091470978
0.00085885886 	0.29895038 	-3.5476943e-12 	-1.3923749e-05 	0.091403668
0.00087087087 	0.29895038 	-3.5434263e-12 	-1.4056305e-05 	0.09132984
0.00088288288 	0.29895038 	-3.5391582e-12 	-1.4188861e-05 	0.091256012
0.00089489489 	0.29895038 	-3.5348901e-12 	-1.4321416e-05 	0.091182184
0.00090690691 	0.29895038 	-3.5306221e-12 	-1.4453972e-05 	0.091108355
0.00091891892 	0.29895038 	-3.526354e-12 	-1.4586528e-05 	0.091034527
0.00093093093 	0.29895038 	-3.5220859e-12 	-1.4719084e-05 	0.090960699
0.00094294294 	0.29895038 	-3.5178179e-12 	-1.485164e-05 	0.090886871
0.00095495495 	0.29895038 	-3.5135498e-12 	-1.4984196e-05 	0.090813042
0.00096696697 	0.29895038 	-3.5092818e-12 	-1.5116752e-05 	0.090739214
0.00097897898 	0.29895038 	-3.5050137e-12 	-1.5249308e-05 	0.090665386
0.00099099099 	0.29895038 	-3.5007456e-12 	-1.5381864e-05 	0.090591558
0.001003003 	0.29895038 	-3.4964776e-12 	-1.551442e-05 	0.09051773
0.001015015 	0.29895038 	-3.4922095e-12 	-1.5646976e-05 	0.090443901
0.001027027 	0.29895038 	-3.4879414e-12 	-1.5779531e-05 	0.090370073
0.001039039 	0.29895038 	-3.4836734e-12 	-1.5912087e-05 	0.090296245
0.0010510511 	0.29895038 	-3.4794053e-12 	-1.6044643e-05 	0.090222417
0.0010630631 	0.29895038 	-3.4751373e-12 	-1.6177199e-05 	0.090148588
0.0010750751 	0.29895038 	-3.4708692e-12 	-1.6309755e-05 	0.09007476
0.0010870871 	0.29895038 	-3.4666011e-12 	-1.6442311e-05 	0.090000932
0.0010990991 	0.29895038 	-3.4623331e-12 	-1.6574867e-05 	0.089927104
0.0011111111 	0.29895038 	-3.458065e-12 	-1.6707423e-05 	0.089853276
0.0011231231 	0.29895038 	-3.4537969e-12 	-1.6839979e-05 	0.089779447
0.0011351351 	0.29895038 	-3.4495289e-12 	-1.6972535e-05 	0.089705619
0.0011471471 	0.29895038 	-3.4450212e-12 	-1.7111886e-05 	0.08963193
0.0011591592 	0.29895038 	-3.440395e-12 	-1.72546e-05 	0.089558309
0.0011711712 	0.29895038 	-3.4357688e-12 	-1.7397314e-05 	0.089484688
0.0011831832 	0.29895038 	-3.4311427e-12 	-1.7540027e-05 	0.089411068
0.0011951952 	0.29895038 	-3.4265165e-12 	-1.7682741e-05 	0.089337447
0.0012072072 	0.29895038 	-3.4218903e-12 	-1.7825455e-05 	0.089263826
0.0012192192 	0.29895038 	-3.4172641e-12 	-1.7968169e-05 	0.089190206
0.0012312312 	0.29895038 	-3.4126379e-12 	-1.8110882e-05 	0.089116585
0.0012432432 	0.29895038 	-3.4080117e-12 	-1.8253596e-05 	0.089042964
0.0012552553 	0.29895038 	-3.4033855e-12 	-1.839631e-05 	0.088969344
0.0012672673 	0.29895038 	-3.3987593e-12 	-1.8539024e-05 	0.088895723
0.0012792793 	0.29895038 	-3.3941331e-12 	-1.8681737e-05 	0.088822103
0.0012912913 	0.29895038 	-3.389507e-12 	-1.8824451e-05 	0.088748482
0.0013033033 	0.29895038 	-3.3848808e-12 	-1.8967165e-05 	0.088674861
0.0013153153 	0.29895038 	-3.3802546e-12 	-1.9109879e-05 	0.088601241
0.0013273273 	0.29895038 	-3.3756284e-12 	-1.9252593e-05 	0.08852762
0.0013393393 	0.29895038 	-3.3710022e-12 	-1.9395306e-05 	0.088453999
0.0013513514 	0.29895038 	-3.366376e-12 	-1.953802e-05 	0.088380379
0.0013633634 	0.29895038 	-3.3617498e-12 	-1.9680734e-05 	0.088306758
0.0013753754 	0.29895038 	-3.3571236e-12 	-1.9823448e-05 	0.088233137
0.0013873874 	0.29895037 	-3.3524974e-12 	-1.9966161e-05 	0.088159517
0.0013993994 	0.29895037 	-3.3478713e-12 	-2.0108875e-05 	0.088085896
0.0014114114 	0.29895037 	-3.3432451e-12 	-2.0251589e-05 	0.088012275
0.0014234234 	0.29895037 	-3.3386189e-12 	-2.0394303e-05 	0.087938655
0.0014354354 	0.29895037 	-3.3339927e-12 	-2.0537016e-05 	0.087865034
0.0014474474 	0.29895037 	-3.3293665e-12 	-2.067973e-05 	0.087791413
0.0014594595 	0.29895037 	-3.3247403e-12 	-2.0822444e-05 	0.087717793
0.0014714715 	0.29895037 	-3.3201141e-12 	-2.0965158e-05 	0.087644172
0.0014834835 	0.29895037 	-3.3154879e-12 	-2.1107872e-05 	0.087570551
0.0014954955 	0.29895037 	-3.3108617e-12 	-2.1250585e-05 	0.087496931
0.0015075075 	0.29895037 	-3.3062355e-12 	-2.1393299e-05 	0.08742331
0.0015195195 	0.29895037 	-3.3016094e-12 	-2.1536013e-05 	0.087349689
0.0015315315 	0.29895037 	-3.2969832e-12 	-2.1678727e-05 	0.087276069
0.0015435435 	0.29895037 	-3.292357e-12 	-2.182144e-05 	0.087202448
0.0015555556 	0.29895037 	-3.2877308e-12 	-2.1964154e-05 	0.087128828
0.0015675676 	0.29895037 	-3.2831046e-12 	-2.2106868e-05 	0.087055207
0.0015795796 	0.29895037 	-3.2784784e-12 	-2.2249582e-05 	0.086981586
0.0015915916 	0.29895037 	-3.2738522e-12 	-2.2392295e-05 	0.086907966
0.0016036036 	0.29895037 	-3.269226e-12 	-2.2535009e-05 	0.086834345
0.0016156156 	0.29895037 	-3.2645998e-12 	-2.2677723e-05 	0.086760724
0.0016276276 	0.29895037 	-3.2599737e-12 	-2.2820437e-05 	0.086687104
0.0016396396 	0.29895037 	-3.2553475e-12 	-2.296315e-05 	0.086613483
0.0016516517 	0.29895037 	-3.2507213e-12 	-2.3105864e-05 	0.086539862
0.0016636637 	0.29895037 	-3.2460951e-12 	-2.3248578e-05 	0.086466242
0.0016756757 	0.29895037 	-3.2414689e-12 	-2.3391292e-05 	0.086392621
0.0016876877 	0.29895037 	-3.2368427e-12 	-2.3534006e-05 	0.086319
0.0016996997 	0.29895037 	-3.230493e-12 	-2.36574e-05 	0.086233565
0.0017117117 	0.29895037 	-3.2181984e-12 	-2.3714154e-05 	0.086107379
0.0017237237 	0.29895037 	-3.2059038e-12 	-2.3770909e-05 	0.085981192
0.0017357357 	0.29895037 	-3.1936092e-12 	-2.3827663e-05 	0.085855005
0.0017477477 	0.29895037 	-3.1813146e-12 	-2.3884418e-05 	0.085728818
0.0017597598 	0.29895037 	-3.16902e-12 	-2.3941172e-05 	0.085602631
0.0017717718 	0.29895037 	-3.1567254e-12 	-2.3997927e-05 	0.085476444
0.0017837838 	0.29895037 	-3.1444307e-12 	-2.4054681e-05 	0.085350257
0.0017957958 	0.29895037 	-3.1321361e-12 	-2.4111436e-05 	0.08522407
0.0018078078 	0.29895037 	-3.1198415e-12 	-2.416819e-05 	0.085097884
0.0018198198 	0.29895037 	-3.1075469e-12 	-2.4224944e-05 	0.084971697
0.0018318318 	0.29895037 	-3.0952523e-12 	-2.4281699e-05 	0.08484551
0.0018438438 	0.29895037 	-3.0829577e-12 	-2.4338453e-05 	0.084719323
0.0018558559 	0.29895037 	-3.0706631e-12 	-2.4395208e-05 	0.084593136
0.0018678679 	0.29895037 	-3.0583684e-12 	-2.4451962e-05 	0.084466949
0.0018798799 	0.29895037 	-3.0460738e-12 	-2.4508717e-05 	0.084340762
0.0018918919 	0.29895037 	-3.0337792e-12 	-2.4565471e-05 	0.084214575
0.0019039039 	0.29895037 	-3.0214846e-12 	-2.4622226e-05 	0.084088389
0.0019159159 	0.29895037 	-3.00919e-12 	-2.467898e-05 	0.083962202
0.0019279279 	0.29895036 	-2.9962225e-12 	-2.4740658e-05 	0.083836212
0.0019399399 	0.29895036 	-2.9827871e-12 	-2.4805758e-05 	0.083710359
0.001951952 	0.29895036 	-2.9693517e-12 	-2.4870859e-05 	0.083584506
0.001963964 	0.29895036 	-2.9559163e-12 	-2.493596e-05 	0.083458653
0.001975976 	0.29895036 	-2.9424809e-12 	-2.500106e-05 	0.0833328
0.001987988 	0.29895036 	-2.9290455e-12 	-2.5066161e-05 	0.083206946
0.002 	0.29895036 	-2.9156101e-12 	-2.5131262e-05 	0.083081093
0.002012012 	0.29895036 	-2.9021747e-12 	-2.5196363e-05 	0.08295524
0.002024024 	0.29895036 	-2.8887393e-12 	-2.5261463e-05 	0.082829387
0.002036036 	0.29895036 	-2.8753039e-12 	-2.5326564e-05 	0.082703534
0.002048048 	0.29895036 	-2.8618685e-12 	-2.5391665e-05 	0.082577681
0.0020600601 	0.29895036 	-2.8484331e-12 	-2.5456765e-05 	0.082451828
0.0020720721 	0.29895036 	-2.8349977e-12 	-2.5521866e-05 	0.082325975
0.0020840841 	0.29895036 	-2.8215624e-12 	-2.5586967e-05 	0.082200122
0.0020960961 	0.29895036 	-2.808127e-12 	-2.5652068e-05 	0.082074269
0.0021081081 	0.29895036 	-2.7946916e-12 	-2.5717168e-05 	0.081948416
0.0021201201 	0.29895036 	-2.7812562e-12 	-2.5782269e-05 	0.081822563
0.0021321321 	0.29895036 	-2.7678208e-12 	-2.584737e-05 	0.08169671
0.0021441441 	0.29895036 	-2.7543854e-12 	-2.591247e-05 	0.081570857
0.0021561562 	0.29895036 	-2.74095e-12 	-2.5977571e-05 	0.081445004
0.0021681682 	0.29895036 	-2.7275146e-12 	-2.6042672e-05 	0.08131915
0.0021801802 	0.29895036 	-2.7140792e-12 	-2.6107773e-05 	0.081193297
0.0021921922 	0.29895036 	-2.7006438e-12 	-2.6172873e-05 	0.081067444
0.0022042042 	0.29895036 	-2.6872084e-12 	-2.6237974e-05 	0.080941591
0.0022162162 	0.29895036 	-2.673773e-12 	-2.6303075e-05 	0.080815738
0.0022282282 	0.29895036 	-2.6603376e-12 	-2.6368175e-05 	0.080689885
0.0022402402 	0.29895036 	-2.6469022e-12 	-2.6433276e-05 	0.080564032
0.0022522523 	0.29895036 	-2.6334668e-12 	-2.6498377e-05 	0.080438179
0.0022642643 	0.29895036 	-2.6200315e-12 	-2.6563478e-05 	0.080312326
0.0022762763 	0.29895036 	-2.6065961e-12 	-2.6628578e-05 	0.080186473
0.0022882883 	0.29895036 	-2.5931607e-12 	-2.6693679e-05 	0.08006062
0.0023003003 	0.29895036 	-2.5797253e-12 	-2.675878e-05 	0.079934767
0.0023123123 	0.29895036 	-2.5662899e-12 	-2.682388e-05 	0.079808914
0.0023243243 	0.29895036 	-2.5528545e-12 	-2.6888981e-05 	0.079683061
0.0023363363 	0.29895036 	-2.5394191e-12 	-2.6954082e-05 	0.079557208
0.0023483483 	0.29895036 	-2.5259837e-12 	-2.7019182e-05 	0.079431354
0.0023603604 	0.29895036 	-2.511766e-12 	-2.7012966e-05 	0.079278307
0.0023723724 	0.29895035 	-2.4973722e-12 	-2.6990701e-05 	0.079119141
0.0023843844 	0.29895035 	-2.4829785e-12 	-2.6968436e-05 	0.078959974
0.0023963964 	0.29895035 	-2.4685847e-12 	-2.6946171e-05 	0.078800808
0.0024084084 	0.29895035 	-2.4541909e-12 	-2.6923906e-05 	0.078641641
0.0024204204 	0.29895035 	-2.4397972e-12 	-2.6901642e-05 	0.078482475
0.0024324324 	0.29895035 	-2.4254034e-12 	-2.6879377e-05 	0.078323308
0.0024444444 	0.29895035 	-2.4110097e-12 	-2.6857112e-05 	0.078164142
0.0024564565 	0.29895035 	-2.3966159e-12 	-2.6834847e-05 	0.078004975
0.0024684685 	0.29895035 	-2.3822221e-12 	-2.6812582e-05 	0.077845808
0.0024804805 	0.29895035 	-2.3678284e-12 	-2.6790317e-05 	0.077686642
0.0024924925 	0.29895035 	-2.3534346e-12 	-2.6768052e-05 	0.077527475
0.0025045045 	0.29895035 	-2.3390408e-12 	-2.6745787e-05 	0.077368309
0.0025165165 	0.29895035 	-2.3246471e-12 	-2.6723522e-05 	0.077209142
0.0025285285 	0.29895035 	-2.3102533e-12 	-2.6701257e-05 	0.077049976
0.0025405405 	0.29895035 	-2.2958596e-12 	-2.6678992e-05 	0.076890809
0.0025525526 	0.29895035 	-2.281665e-12 	-2.6657709e-05 	0.076731779
0.0025645646 	0.29895035 	-2.2677846e-12 	-2.6637974e-05 	0.076572965
0.0025765766 	0.29895035 	-2.2539043e-12 	-2.661824e-05 	0.076414151
0.0025885886 	0.29895035 	-2.2400239e-12 	-2.6598505e-05 	0.076255336
0.0026006006 	0.29895035 	-2.2261436e-12 	-2.657877e-05 	0.076096522
0.0026126126 	0.29895035 	-2.2122632e-12 	-2.6559036e-05 	0.075937707
0.0026246246 	0.29895035 	-2.1983829e-12 	-2.6539301e-05 	0.075778893
0.0026366366 	0.29895035 	-2.1845025e-12 	-2.6519567e-05 	0.075620079
0.0026486486 	0.29895035 	-2.1706222e-12 	-2.6499832e-05 	0.075461264
0.0026606607 	0.29895035 	-2.1567418e-12 	-2.6480097e-05 	0.07530245
0.0026726727 	0.29895035 	-2.1428615e-12 	-2.6460363e-05 	0.075143636
0.0026846847 	0.29895035 	-2.1289811e-12 	-2.6440628e-05 	0.074984821
0.0026966967 	0.29895035 	-2.1151008e-12 	-2.6420893e-05 	0.074826007
0.0027087087 	0.29895035 	-2.1012204e-12 	-2.6401159e-05 	0.074667193
0.0027207207 	0.29895034 	-2.0873401e-12 	-2.6381424e-05 	0.074508378
0.0027327327 	0.29895034 	-2.0734597e-12 	-2.636169e-05 	0.074349564
0.0027447447 	0.29895034 	-2.0595794e-12 	-2.6341955e-05 	0.07419075
0.0027567568 	0.29895034 	-2.0456991e-12 	-2.632222e-05 	0.074031935
0.0027687688 	0.29895034 	-2.0318187e-12 	-2.6302486e-05 	0.073873121
0.0027807808 	0.29895034 	-2.0179384e-12 	-2.6282751e-05 	0.073714307
0.0027927928 	0.29895034 	-2.004058e-12 	-2.6263017e-05 	0.073555492
0.0028048048 	0.29895034 	-1.9901777e-12 	-2.6243282e-05 	0.073396678
0.0028168168 	0.29895034 	-1.9762973e-12 	-2.6223547e-05 	0.073237863
0.0028288288 	0.29895034 	-1.962417e-12 	-2.6203813e-05 	0.073079049
0.0028408408 	0.29895034 	-1.9485366e-12 	-2.6184078e-05 	0.072920235
0.0028528529 	0.29895034 	-1.9346563e-12 	-2.6164343e-05 	0.07276142
0.0028648649 	0.29895034 	-1.9207759e-12 	-2.6144609e-05 	0.072602606
0.0028768769 	0.29895034 	-1.9068956e-12 	-2.6124874e-05 	0.072443792
0.0028888889 	0.29895034 	-1.8930152e-12 	-2.610514e-05 	0.072284977
0.0029009009 	0.29895034 	-1.8791349e-12 	-2.6085405e-05 	0.072126163
0.0029129129 	0.29895034 	-1.8652545e-12 	-2.606567e-05 	0.071967349
0.0029249249 	0.29895034 	-1.8513742e-12 	-2.6045936e-05 	0.071808534
0.0029369369 	0.29895034 	-1.8404778e-12 	-2.5974626e-05 	0.071619077
0.0029489489 	0.29895034 	-1.8301069e-12 	-2.5894236e-05 	0.071424224
0.002960961 	0.29895034 	-1.8197359e-12 	-2.5813846e-05 	0.071229371
0.002972973 	0.29895034 	-1.809365e-12 	-2.5733455e-05 	0.071034518
0.002984985 	0.29895034 	-1.798994e-12 	-2.5653065e-05 	0.070839666
0.002996997 	0.29895034 	-1.7886231e-12 	-2.5572675e-05 	0.070644813
0.003009009 	0.29895034 	-1.7782521e-12 	-2.5492285e-05 	0.07044996
0.003021021 	0.29895034 	-1.7678812e-12 	-2.5411894e-05 	0.070255107
0.003033033 	0.29895034 	-1.7575102e-12 	-2.5331504e-05 	0.070060255
0.003045045 	0.29895034 	-1.7471392e-12 	-2.5251114e-05 	0.069865402
0.0030570571 	0.29895034 	-1.7367683e-12 	-2.5170724e-05 	0.069670549
0.0030690691 	0.29895034 	-1.7263973e-12 	-2.5090334e-05 	0.069475696
0.0030810811 	0.29895034 	-1.7160264e-12 	-2.5009943e-05 	0.069280844
0.0030930931 	0.29895034 	-1.7056554e-12 	-2.4929553e-05 	0.069085991
0.0031051051 	0.29895034 	-1.6957203e-12 	-2.4847883e-05 	0.068891256
0.0031171171 	0.29895033 	-1.6865364e-12 	-2.4764007e-05 	0.068696723
0.0031291291 	0.29895033 	-1.6773525e-12 	-2.4680132e-05 	0.068502191
0.0031411411 	0.29895033 	-1.6681685e-12 	-2.4596256e-05 	0.068307659
0.0031531532 	0.29895033 	-1.6589846e-12 	-2.451238e-05 	0.068113126
0.0031651652 	0.29895033 	-1.6498006e-12 	-2.4428504e-05 	0.067918594
0.0031771772 	0.29895033 	-1.6406167e-12 	-2.4344628e-05 	0.067724061
0.0031891892 	0.29895033 	-1.6314327e-12 	-2.4260753e-05 	0.067529529
0.0032012012 	0.29895033 	-1.6222488e-12 	-2.4176877e-05 	0.067334997
0.0032132132 	0.29895033 	-1.6130649e-12 	-2.4093001e-05 	0.067140464
0.0032252252 	0.29895033 	-1.6038809e-12 	-2.4009125e-05 	0.066945932
0.0032372372 	0.29895033 	-1.594697e-12 	-2.3925249e-05 	0.0667514
0.0032492492 	0.29895033 	-1.585513e-12 	-2.3841374e-05 	0.066556867
0.0032612613 	0.29895033 	-1.5763291e-12 	-2.3757498e-05 	0.066362335
0.0032732733 	0.29895033 	-1.5671451e-12 	-2.3673622e-05 	0.066167802
0.0032852853 	0.29895033 	-1.5579612e-12 	-2.3589746e-05 	0.06597327
0.0032972973 	0.29895033 	-1.5487772e-12 	-2.350587e-05 	0.065778738
0.0033093093 	0.29895033 	-1.5395933e-12 	-2.3421995e-05 	0.065584205
0.0033213213 	0.29895033 	-1.5304094e-12 	-2.3338119e-05 	0.065389673
0.0033333333 	0.29895033 	-1.5212254e-12 	-2.3254243e-05 	0.065195141
0.0033453453 	0.29895033 	-1.5120415e-12 	-2.3170367e-05 	0.065000608
0.0033573574 	0.29895033 	-1.5028575e-12 	-2.3086491e-05 	0.064806076
0.0033693694 	0.29895033 	-1.4936736e-12 	-2.3002616e-05 	0.064611543
0.0033813814 	0.29895033 	-1.4844896e-12 	-2.291874e-05 	0.064417011
0.0033933934 	0.29895033 	-1.4753057e-12 	-2.2834864e-05 	0.064222479
0.0034054054 	0.29895033 	-1.4661218e-12 	-2.2750988e-05 	0.064027946
0.0034174174 	0.29895033 	-1.4569378e-12 	-2.2667112e-05 	0.063833414
0.0034294294 	0.29895033 	-1.4477539e-12 	-2.2583237e-05 	0.063638882
0.0034414414 	0.29895033 	-1.439016e-12 	-2.2480555e-05 	0.063426176
0.0034534535 	0.29895033 	-1.4306232e-12 	-2.2363328e-05 	0.063199415
0.0034654655 	0.29895033 	-1.4222303e-12 	-2.2246102e-05 	0.062972654
0.0034774775 	0.29895033 	-1.4138374e-12 	-2.2128875e-05 	0.062745893
0.0034894895 	0.29895033 	-1.4054446e-12 	-2.2011648e-05 	0.062519132
0.0035015015 	0.29895033 	-1.3970517e-12 	-2.1894422e-05 	0.062292371
0.0035135135 	0.29895033 	-1.3886589e-12 	-2.1777195e-05 	0.06206561
0.0035255255 	0.29895033 	-1.380266e-12 	-2.1659968e-05 	0.061838849
0.0035375375 	0.29895033 	-1.3718732e-12 	-2.1542742e-05 	0.061612087
0.0035495495 	0.29895033 	-1.3634803e-12 	-2.1425515e-05 	0.061385326
0.0035615616 	0.29895032 	-1.3550875e-12 	-2.1308289e-05 	0.061158565
0.0035735736 	0.29895032 	-1.3466946e-12 	-2.1191062e-05 	0.060931804
0.0035855856 	0.29895032 	-1.3383018e-12 	-2.1073835e-05 	0.060705043
0.0035975976 	0.29895032 	-1.3301767e-12 	-2.0949927e-05 	0.060478473
0.0036096096 	0.29895032 	-1.3221203e-12 	-2.0824304e-05 	0.060251952
0.0036216216 	0.29895032 	-1.3140639e-12 	-2.069868e-05 	0.060025431
0.0036336336 	0.29895032 	-1.3060076e-12 	-2.0573057e-05 	0.05979891
0.0036456456 	0.29895032 	-1.2979512e-12 	-2.0447433e-05 	0.059572388
0.0036576577 	0.29895032 	-1.2898949e-12 	-2.032181e-05 	0.059345867
0.0036696697 	0.29895032 	-1.2818385e-12 	-2.0196186e-05 	0.059119346
0.0036816817 	0.29895032 	-1.2737822e-12 	-2.0070562e-05 	0.058892825
0.0036936937 	0.29895032 	-1.2657258e-12 	-1.9944939e-05 	0.058666304
0.0037057057 	0.29895032 	-1.2576694e-12 	-1.9819315e-05 	0.058439783
0.0037177177 	0.29895032 	-1.2496131e-12 	-1.9693692e-05 	0.058213261
0.0037297297 	0.29895032 	-1.2415567e-12 	-1.9568068e-05 	0.05798674
0.0037417417 	0.29895032 	-1.2335004e-12 	-1.9442445e-05 	0.057760219
0.0037537538 	0.29895032 	-1.225444e-12 	-1.9316821e-05 	0.057533698
0.0037657658 	0.29895032 	-1.2173877e-12 	-1.9191198e-05 	0.057307177
0.0037777778 	0.29895032 	-1.2093313e-12 	-1.9065574e-05 	0.057080656
0.0037897898 	0.29895032 	-1.201275e-12 	-1.8939951e-05 	0.056854134
0.0038018018 	0.29895032 	-1.1932186e-12 	-1.8814327e-05 	0.056627613
0.0038138138 	0.29895032 	-1.1851622e-12 	-1.8688704e-05 	0.056401092
0.0038258258 	0.29895032 	-1.1771059e-12 	-1.856308e-05 	0.056174571
0.0038378378 	0.29895032 	-1.1690495e-12 	-1.8437456e-05 	0.05594805
0.0038498498 	0.29895032 	-1.1609932e-12 	-1.8311833e-05 	0.055721529
0.0038618619 	0.29895032 	-1.1529368e-12 	-1.8186209e-05 	0.055495007
0.0038738739 	0.29895032 	-1.1448805e-12 	-1.8060586e-05 	0.055268486
0.0038858859 	0.29895032 	-1.1368424e-12 	-1.7932783e-05 	0.055033887
0.0038978979 	0.29895032 	-1.1288502e-12 	-1.7799502e-05 	0.054778978
0.0039099099 	0.29895032 	-1.120858e-12 	-1.7666221e-05 	0.054524068
0.0039219219 	0.29895032 	-1.1128659e-12 	-1.753294e-05 	0.054269159
0.0039339339 	0.29895032 	-1.1048737e-12 	-1.7399659e-05 	0.054014249
0.0039459459 	0.29895032 	-1.0968815e-12 	-1.7266378e-05 	0.05375934
0.003957958 	0.29895032 	-1.0888894e-12 	-1.7133097e-05 	0.05350443
0.00396997 	0.29895032 	-1.0808972e-12 	-1.6999816e-05 	0.05324952
0.003981982 	0.29895032 	-1.072905e-12 	-1.6866535e-05 	0.052994611
0.003993994 	0.29895031 	-1.0649129e-12 	-1.6733254e-05 	0.052739701
0.004006006 	0.29895031 	-1.0569207e-12 	-1.6599973e-05 	0.052484792
0.004018018 	0.29895031 	-1.0489285e-12 	-1.6466373e-05 	0.052229886
0.00403003 	0.29895031 	-1.0409364e-12 	-1.6321783e-05 	0.051975116
0.004042042 	0.29895031 	-1.0329442e-12 	-1.6177192e-05 	0.051720346
0.0040540541 	0.29895031 	-1.024952e-12 	-1.6032602e-05 	0.051465576
0.0040660661 	0.29895031 	-1.0169599e-12 	-1.5888011e-05 	0.051210806
0.0040780781 	0.29895031 	-1.0089677e-12 	-1.5743421e-05 	0.050956036
0.0040900901 	0.29895031 	-1.0009756e-12 	-1.5598831e-05 	0.050701266
0.0041021021 	0.29895031 	-9.9298339e-13 	-1.545424e-05 	0.050446497
0.0041141141 	0.29895031 	-9.8499122e-13 	-1.530965e-05 	0.050191727
0.0041261261 	0.29895031 	-9.7699905e-13 	-1.516506e-05 	0.049936957
0.0041381381 	0.29895031 	-9.6900689e-13 	-1.5020469e-05 	0.049682187
0.0041501502 	0.29895031 	-9.6101472e-13 	-1.4875879e-05 	0.049427417
0.0041621622 	0.29895031 	-9.5302256e-13 	-1.4731289e-05 	0.049172647
0.0041741742 	0.29895031 	-9.4503039e-13 	-1.4586698e-05 	0.048917877
0.0041861862 	0.29895031 	-9.3703823e-13 	-1.4442108e-05 	0.048663107
0.0041981982 	0.29895031 	-9.2904606e-13 	-1.4297518e-05 	0.048408337
0.0042102102 	0.29895031 	-9.2105389e-13 	-1.4152927e-05 	0.048153567
0.0042222222 	0.29895031 	-9.1306173e-13 	-1.4008337e-05 	0.047898797
0.0042342342 	0.29895031 	-9.0506956e-13 	-1.3863747e-05 	0.047644027
0.0042462462 	0.29895031 	-8.970774e-13 	-1.3719156e-05 	0.047389257
0.0042582583 	0.29895031 	-8.8908523e-13 	-1.3574566e-05 	0.047134487
0.0042702703 	0.29895031 	-8.8109307e-13 	-1.3429976e-05 	0.046879717
0.0042822823 	0.29895031 	-8.7337561e-13 	-1.3290365e-05 	0.046614526
0.0042942943 	0.29895031 	-8.6603842e-13 	-1.3157647e-05 	0.046334907
0.0043063063 	0.29895031 	-8.5870123e-13 	-1.3024929e-05 	0.046055289
0.0043183183 	0.29895031 	-8.5136404e-13 	-1.289221e-05 	0.04577567
0.0043303303 	0.29895031 	-8.4402685e-13 	-1.2759492e-05 	0.045496052
0.0043423423 	0.29895031 	-8.3668966e-13 	-1.2626774e-05 	0.045216433
0.0043543544 	0.29895031 	-8.2935247e-13 	-1.2494056e-05 	0.044936815
0.0043663664 	0.29895031 	-8.2201528e-13 	-1.2361338e-05 	0.044657196
0.0043783784 	0.29895031 	-8.1467809e-13 	-1.222862e-05 	0.044377578
0.0043903904 	0.29895031 	-8.073409e-13 	-1.2095902e-05 	0.044097959
0.0044024024 	0.29895031 	-7.9978973e-13 	-1.1957111e-05 	0.043818361
0.0044144144 	0.29895031 	-7.9202108e-13 	-1.1812147e-05 	0.043538784
0.0044264264 	0.29895031 	-7.8425243e-13 	-1.1667183e-05 	0.043259206
0.0044384384 	0.29895031 	-7.7648378e-13 	-1.1522219e-05 	0.042979629
0.0044504505 	0.2989503 	-7.6871513e-13 	-1.1377256e-05 	0.042700051
0.0044624625 	0.2989503 	-7.6094647e-13 	-1.1232292e-05 	0.042420474
0.0044744745 	0.2989503 	-7.5317782e-13 	-1.1087328e-05 	0.042140897
0.0044864865 	0.2989503 	-7.4540917e-13 	-1.0942364e-05 	0.041861319
0.0044984985 	0.2989503 	-7.3764052e-13 	-1.0797401e-05 	0.041581742
0.0045105105 	0.2989503 	-7.2987187e-13 	-1.0652437e-05 	0.041302164
0.0045225225 	0.2989503 	-7.2210322e-13 	-1.0507473e-05 	0.041022587
0.0045345345 	0.2989503 	-7.1433457e-13 	-1.036251e-05 	0.04074301
0.0045465465 	0.2989503 	-7.0656592e-13 	-1.0217546e-05 	0.040463432
0.0045585586 	0.2989503 	-6.9879727e-13 	-1.0072582e-05 	0.040183855
0.0045705706 	0.2989503 	-6.9102862e-13 	-9.9276184e-06 	0.039904277
0.0045825826 	0.2989503 	-6.8325997e-13 	-9.7826547e-06 	0.0396247
0.0045945946 	0.2989503 	-6.7549132e-13 	-9.6376909e-06 	0.039345123
0.0046066066 	0.2989503 	-6.6772266e-13 	-9.4927272e-06 	0.039065545
0.0046186186 	0.2989503 	-6.5995401e-13 	-9.3477635e-06 	0.038785968
0.0046306306 	0.2989503 	-6.5289928e-13 	-9.2135e-06 	0.038496719
0.0046426426 	0.2989503 	-6.4673208e-13 	-9.0925389e-06 	0.038195448
0.0046546547 	0.2989503 	-6.4056487e-13 	-8.9715777e-06 	0.037894177
0.0046666667 	0.2989503 	-6.3439766e-13 	-8.8506165e-06 	0.037592906
0.0046786787 	0.2989503 	-6.2823046e-13 	-8.7296554e-06 	0.037291635
0.0046906907 	0.2989503 	-6.2206325e-13 	-8.6086942e-06 	0.036990364
0.0047027027 	0.2989503 	-6.1589605e-13 	-8.4877331e-06 	0.036689093
0.0047147147 	0.2989503 	-6.0972884e-13 	-8.3667719e-06 	0.036387822
0.0047267267 	0.2989503 	-6.0356163e-13 	-8.2458107e-06 	0.03608655
0.0047387387 	0.2989503 	-5.9619958e-13 	-8.1166951e-06 	0.035785248
0.0047507508 	0.2989503 	-5.88319e-13 	-7.9840406e-06 	0.035483931
0.0047627628 	0.2989503 	-5.8043841e-13 	-7.8513861e-06 	0.035182615
0.0047747748 	0.2989503 	-5.7255782e-13 	-7.7187316e-06 	0.034881299
0.0047867868 	0.2989503 	-5.6467723e-13 	-7.5860771e-06 	0.034579983
0.0047987988 	0.2989503 	-5.5679664e-13 	-7.4534226e-06 	0.034278666
0.0048108108 	0.2989503 	-5.4891606e-13 	-7.3207681e-06 	0.03397735
0.0048228228 	0.2989503 	-5.4103547e-13 	-7.1881136e-06 	0.033676034
0.0048348348 	0.2989503 	-5.3315488e-13 	-7.0554591e-06 	0.033374717
0.0048468468 	0.2989503 	-5.2527429e-13 	-6.9228046e-06 	0.033073401
0.0048588589 	0.2989503 	-5.173937e-13 	-6.7901501e-06 	0.032772085
0.0048708709 	0.2989503 	-5.0951311e-13 	-6.6574956e-06 	0.032470769
0.0048828829 	0.2989503 	-5.0163253e-13 	-6.5248411e-06 	0.032169452
0.0048948949 	0.2989503 	-4.9375194e-13 	-6.3921866e-06 	0.031868136
0.0049069069 	0.2989503 	-4.8587135e-13 	-6.2595321e-06 	0.03156682
0.0049189189 	0.2989503 	-4.7799076e-13 	-6.1268776e-06 	0.031265503
0.0049309309 	0.2989503 	-4.7011017e-13 	-5.9942231e-06 	0.030964187
0.0049429429 	0.2989503 	-4.646337e-13 	-5.8887496e-06 	0.03064578
0.004954955 	0.2989503 	-4.5941573e-13 	-5.7861989e-06 	0.030325535
0.004966967 	0.2989503 	-4.5419777e-13 	-5.6836482e-06 	0.03000529
0.004978979 	0.2989503 	-4.489798e-13 	-5.5810975e-06 	0.029685046
0.004990991 	0.2989503 	-4.4376184e-13 	-5.4785467e-06 	0.029364801
0.005003003 	0.29895029 	-4.3854387e-13 	-5.375996e-06 	0.029044556
0.005015015 	0.29895029 	-4.3332591e-13 	-5.2734453e-06 	0.028724311
0.005027027 	0.29895029 	-4.278016e-13 	-5.1689553e-06 	0.028404044
0.005039039 	0.29895029 	-4.2097437e-13 	-5.0562176e-06 	0.028083683
0.0050510511 	0.29895029 	-4.1414714e-13 	-4.9434798e-06 	0.027763321
0.0050630631 	0.29895029 	-4.0731991e-13 	-4.8307421e-06 	0.02744296
0.0050750751 	0.29895029 	-4.0049269e-13 	-4.7180044e-06 	0.027122599
0.0050870871 	0.29895029 	-3.9366546e-13 	-4.6052666e-06 	0.026802237
0.0050990991 	0.29895029 	-3.8683823e-13 	-4.4925289e-06 	0.026481876
0.0051111111 	0.29895029 	-3.80011e-13 	-4.3797911e-06 	0.026161515
0.0051231231 	0.29895029 	-3.7318378e-13 	-4.2670534e-06 	0.025841153
0.0051351351 	0.29895029 	-3.6635655e-13 	-4.1543157e-06 	0.025520792
0.0051471471 	0.29895029 	-3.5952932e-13 	-4.0415779e-06 	0.025200431
0.0051591592 	0.29895029 	-3.5270209e-13 	-3.9288402e-06 	0.024880069
0.0051711712 	0.29895029 	-3.4587486e-13 	-3.8161024e-06 	0.024559708
0.0051831832 	0.29895029 	-3.3904764e-13 	-3.7033647e-06 	0.024239347
0.0051951952 	0.29895029 	-3.3222041e-13 	-3.590627e-06 	0.023918985
0.0052072072 	0.29895029 	-3.2629937e-13 	-3.4902196e-06 	0.02359227
0.0052192192 	0.29895029 	-3.2182877e-13 	-3.4095482e-06 	0.023255386
0.0052312312 	0.29895029 	-3.1735817e-13 	-3.3288767e-06 	0.022918501
0.0052432432 	0.29895029 	-3.1288756e-13 	-3.2482053e-06 	0.022581617
0.0052552553 	0.29895029 	-3.0841696e-13 	-3.1675339e-06 	0.022244732
0.0052672673 	0.29895029 	-3.0394636e-13 	-3.0868624e-06 	0.021907848
0.0052792793 	0.29895029 	-2.9947576e-13 	-3.006191e-06 	0.021570964
0.0052912913 	0.29895029 	-2.9511604e-13 	-2.920753e-06 	0.021233977
0.0053033033 	0.29895029 	-2.908349e-13 	-2.8319365e-06 	0.020896919
0.0053153153 	0.29895029 	-2.8655377e-13 	-2.7431201e-06 	0.02055986
0.0053273273 	0.29895029 	-2.8227264e-13 	-2.6543036e-06 	0.020222801
0.0053393393 	0.29895029 	-2.779915e-13 	-2.5654871e-06 	0.019885743
0.0053513514 	0.29895029 	-2.7371037e-13 	-2.4766707e-06 	0.019548684
0.0053633634 	0.29895029 	-2.6942923e-13 	-2.3878542e-06 	0.019211626
0.0053753754 	0.29895029 	-2.651481e-13 	-2.2990377e-06 	0.018874567
0.0053873874 	0.29895029 	-2.6086697e-13 	-2.2102213e-06 	0.018537508
0.0053993994 	0.29895029 	-2.5658583e-13 	-2.1214048e-06 	0.01820045
0.0054114114 	0.29895029 	-2.523047e-13 	-2.0325883e-06 	0.017863391
0.0054234234 	0.29895029 	-2.4802357e-13 	-1.9437719e-06 	0.017526333
0.0054354354 	0.29895028 	-2.4374243e-13 	-1.8549554e-06 	0.017189274
0.0054474474 	0.29895028 	-2.3897571e-13 	-1.7829977e-06 	0.016844528
0.0054594595 	0.29895028 	-2.3378271e-13 	-1.7258398e-06 	0.016493035
0.0054714715 	0.29895028 	-2.2858971e-13 	-1.668682e-06 	0.016141541
0.0054834835 	0.29895028 	-2.233967e-13 	-1.6115241e-06 	0.015790047
0.0054954955 	0.29895028 	-2.182037e-13 	-1.5543663e-06 	0.015438554
0.0055075075 	0.29895028 	-2.130107e-13 	-1.4972084e-06 	0.01508706
0.0055195195 	0.29895028 	-2.0916024e-13 	-1.4369131e-06 	0.014735448
0.0055315315 	0.29895028 	-2.0646129e-13 	-1.3739268e-06 	0.014383733
0.0055435435 	0.29895028 	-2.0376234e-13 	-1.3109404e-06 	0.014032019
0.0055555556 	0.29895028 	-2.0106339e-13 	-1.2479541e-06 	0.013680305
0.0055675676 	0.29895028 	-1.9836444e-13 	-1.1849678e-06 	0.01332859
0.0055795796 	0.29895028 	-1.9566549e-13 	-1.1219815e-06 	0.012976876
0.0055915916 	0.29895028 	-1.9296654e-13 	-1.0589951e-06 	0.012625162
0.0056036036 	0.29895028 	-1.9026759e-13 	-9.9600882e-07 	0.012273447
0.0056156156 	0.29895028 	-1.8756864e-13 	-9.330225e-07 	0.011921733
0.0056276276 	0.29895028 	-1.8486969e-13 	-8.7003617e-07 	0.011570019
0.0056396396 	0.29895028 	-1.8217075e-13 	-8.0704985e-07 	0.011218304
0.0056516517 	0.29895028 	-1.7930584e-13 	-7.449759e-07 	0.010866197
0.0056636637 	0.29895028 	-1.7128057e-13 	-7.1127317e-07 	0.010501861
0.0056756757 	0.29895028 	-1.6325529e-13 	-6.7757044e-07 	0.010137526
0.0056876877 	0.29895028 	-1.5523001e-13 	-6.438677e-07 	0.0097731911
0.0056996997 	0.29895027 	-1.4720473e-13 	-6.1016497e-07 	0.0094088559
0.0057117117 	0.29895027 	-1.3917945e-13 	-5.7646224e-07 	0.0090445207
0.0057237237 	0.29895027 	-1.347375e-13 	-5.4017774e-07 	0.0086799924
0.0057357357 	0.29895027 	-1.3151105e-13 	-5.0301748e-07 	0.0083153985
0.0057477477 	0.29895027 	-1.282846e-13 	-4.6585723e-07 	0.0079508046
0.0057597598 	0.29895027 	-1.2505816e-13 	-4.2869697e-07 	0.0075862107
0.0057717718 	0.29895027 	-1.2183171e-13 	-3.9153671e-07 	0.0072216169
0.0057837838 	0.29895027 	-1.1860526e-13 	-3.5437645e-07 	0.006857023
0.0057957958 	0.29895027 	-1.1537881e-13 	-3.172162e-07 	0.0064924291
0.0058078078 	0.29895027 	-1.1215237e-13 	-2.8005594e-07 	0.0061278352
0.0058198198 	0.29895027 	-1.0892592e-13 	-2.4289568e-07 	0.0057632414
0.0058318318 	0.29895027 	-1.0569947e-13 	-2.0573543e-07 	0.0053986475
0.0058438438 	0.29895027 	-9.6270436e-14 	-1.8303321e-07 	0.0050211429
0.0058558559 	0.29895027 	-8.2742596e-14 	-1.698852e-07 	0.0046351067
0.0058678679 	0.29895027 	-6.9214755e-14 	-1.5673719e-07 	0.0042490704
0.0058798799 	0.29895027 	-5.5686914e-14 	-1.4358918e-07 	0.0038630342
0.0058918919 	0.29895027 	-4.2159073e-14 	-1.3044116e-07 	0.0034769979
0.0059039039 	0.29895027 	-3.7026896e-14 	-1.1601583e-07 	0.0030906799
0.0059159159 	0.29895027 	-3.2398534e-14 	-1.0151385e-07 	0.0027043449
0.0059279279 	0.29895027 	-2.7770172e-14 	-8.7011875e-08 	0.0023180099
0.0059399399 	0.29895027 	-2.314181e-14 	-7.2509896e-08 	0.0019316749
0.005951952 	0.29895027 	-1.8513448e-14 	-5.8007917e-08 	0.0015453399
0.005963964 	0.29895027 	-1.3885086e-14 	-4.3505938e-08 	0.001159005
0.005975976 	0.29895027 	-9.256724e-15 	-2.9003958e-08 	0.00077266997
0.005987988 	0.29895027 	-4.628362e-15 	-1.4501979e-08 	0.00038633498
0.006 	0.29895027 	-3.3420414e-26 	-1.047157e-19 	2.7896424e-15
