-0.006 	-0.015104871 	0 	0 	0
-0.005987988 	-0.015104853 	-4.3829745e-10 	2.9027269e-07 	-0.00074759335
-0.005975976 	-0.015104835 	-8.765949e-10 	5.8054538e-07 	-0.0014951867
-0.005963964 	-0.015104817 	-1.3148924e-09 	8.7081807e-07 	-0.00224278
-0.005951952 	-0.015104799 	-1.7531898e-09 	1.1610908e-06 	-0.0029903734
-0.0059399399 	-0.015104781 	-2.1914873e-09 	1.4513635e-06 	-0.0037379667
-0.0059279279 	-0.015104763 	-2.6297847e-09 	1.7416361e-06 	-0.0044855601
-0.0059159159 	-0.015104745 	-3.0680822e-09 	2.0319088e-06 	-0.0052331534
-0.0059039039 	-0.015104727 	-3.5068624e-09 	2.3216884e-06 	-0.0059808555
-0.0058918919 	-0.015104708 	-3.9836447e-09 	2.5726536e-06 	-0.006737117
-0.0058798799 	-0.01510469 	-4.460427e-09 	2.8236187e-06 	-0.0074933786
-0.0058678679 	-0.015104679 	-4.893249e-09 	3.5274084e-06 	-0.0081602154
-0.0058558559 	-0.015104668 	-5.3203336e-09 	4.2902967e-06 	-0.0088153813
-0.0058438438 	-0.015104657 	-5.7474183e-09 	5.0531849e-06 	-0.0094705473
-0.0058318318 	-0.015104647 	-6.1745029e-09 	5.8160731e-06 	-0.010125713
-0.0058198198 	-0.015104636 	-6.6015876e-09 	6.5789614e-06 	-0.010780879
-0.0058078078 	-0.015104625 	-7.0286722e-09 	7.3418496e-06 	-0.011436045
-0.0057957958 	-0.015104615 	-7.4557569e-09 	8.1047379e-06 	-0.012091211
-0.0057837838 	-0.015104604 	-7.8828415e-09 	8.8676261e-06 	-0.012746377
-0.0057717718 	-0.015104593 	-8.3099262e-09 	9.6305144e-06 	-0.013401543
-0.0057597598 	-0.015104584 	-8.7670014e-09 	1.0313634e-05 	-0.014063056
-0.0057477477 	-0.015104575 	-9.2304699e-09 	1.097975e-05 	-0.014725921
-0.0057357357 	-0.015104566 	-9.6768427e-09 	1.1885031e-05 	-0.015351755
-0.0057237237 	-0.015104558 	-1.0098663e-08 	1.3133792e-05 	-0.015924405
-0.0057117117 	-0.01510455 	-1.0520484e-08 	1.4382554e-05 	-0.016497054
-0.0056996997 	-0.015104542 	-1.0942304e-08 	1.5631316e-05 	-0.017069704
-0.0056876877 	-0.015104534 	-1.1364125e-08 	1.6880077e-05 	-0.017642354
-0.0056756757 	-0.015104526 	-1.1785946e-08 	1.8128839e-05 	-0.018215003
-0.0056636637 	-0.015104518 	-1.2207766e-08 	1.9377601e-05 	-0.018787653
-0.0056516517 	-0.01510451 	-1.2629587e-08 	2.0626363e-05 	-0.019360303
-0.0056396396 	-0.015104502 	-1.3051407e-08 	2.1875124e-05 	-0.019932952
-0.0056276276 	-0.015104494 	-1.3473228e-08 	2.3123886e-05 	-0.020505602
-0.0056156156 	-0.015104487 	-1.3899692e-08 	2.4351202e-05 	-0.021079175
-0.0056036036 	-0.01510448 	-1.4356349e-08 	2.5439081e-05 	-0.021658752
-0.0055915916 	-0.015104473 	-1.4813006e-08 	2.652696e-05 	-0.022238329
-0.0055795796 	-0.015104468 	-1.5251053e-08 	2.7841048e-05 	-0.022777127
-0.0055675676 	-0.015104464 	-1.5660632e-08 	2.9501182e-05 	-0.023253543
-0.0055555556 	-0.015104461 	-1.607021e-08 	3.1161316e-05 	-0.023729959
-0.0055435435 	-0.015104457 	-1.6479789e-08 	3.282145e-05 	-0.024206376
-0.0055315315 	-0.015104453 	-1.6889368e-08 	3.4481585e-05 	-0.024682792
-0.0055195195 	-0.01510445 	-1.7298946e-08 	3.6141719e-05 	-0.025159208
-0.0055075075 	-0.015104446 	-1.7708525e-08 	3.7801853e-05 	-0.025635624
-0.0054954955 	-0.015104443 	-1.8118104e-08 	3.9461987e-05 	-0.02611204
-0.0054834835 	-0.015104439 	-1.8527682e-08 	4.1122122e-05 	-0.026588456
-0.0054714715 	-0.015104435 	-1.8937261e-08 	4.2782256e-05 	-0.027064872
-0.0054594595 	-0.015104432 	-1.934684e-08 	4.444239e-05 	-0.027541288
-0.0054474474 	-0.015104428 	-1.9756418e-08 	4.6102524e-05 	-0.028017705
-0.0054354354 	-0.015104425 	-2.0190195e-08 	4.7598001e-05 	-0.028498636
-0.0054234234 	-0.015104423 	-2.0632572e-08 	4.903495e-05 	-0.028981172
-0.0054114114 	-0.01510442 	-2.1074949e-08 	5.04719e-05 	-0.029463709
-0.0053993994 	-0.01510442 	-2.1482374e-08 	5.222406e-05 	-0.029871037
-0.0053873874 	-0.015104422 	-2.1869446e-08 	5.4159758e-05 	-0.030234575
-0.0053753754 	-0.015104423 	-2.2256519e-08 	5.6095456e-05 	-0.030598112
-0.0053633634 	-0.015104425 	-2.2643591e-08 	5.8031153e-05 	-0.03096165
-0.0053513514 	-0.015104426 	-2.3030663e-08 	5.9966851e-05 	-0.031325187
-0.0053393393 	-0.015104427 	-2.3417736e-08 	6.1902549e-05 	-0.031688725
-0.0053273273 	-0.015104429 	-2.3804808e-08 	6.3838247e-05 	-0.032052262
-0.0053153153 	-0.01510443 	-2.4191881e-08 	6.5773944e-05 	-0.0324158
-0.0053033033 	-0.015104432 	-2.4578953e-08 	6.7709642e-05 	-0.032779338
-0.0052912913 	-0.015104433 	-2.4966026e-08 	6.964534e-05 	-0.033142875
-0.0052792793 	-0.015104435 	-2.5353098e-08 	7.1581037e-05 	-0.033506413
-0.0052672673 	-0.015104436 	-2.5740171e-08 	7.3516735e-05 	-0.03386995
-0.0052552553 	-0.015104438 	-2.6127243e-08 	7.5452433e-05 	-0.034233488
-0.0052432432 	-0.015104439 	-2.6526662e-08 	7.7274139e-05 	-0.0345992
-0.0052312312 	-0.015104441 	-2.6943942e-08 	7.8930939e-05 	-0.034968058
-0.0052192192 	-0.015104443 	-2.7361222e-08 	8.0587739e-05 	-0.035336916
-0.0052072072 	-0.015104445 	-2.7778502e-08 	8.2244539e-05 	-0.035705773
-0.0051951952 	-0.015104452 	-2.8136371e-08 	8.4215817e-05 	-0.035951922
-0.0051831832 	-0.01510446 	-2.8486582e-08 	8.6227631e-05 	-0.036182253
-0.0051711712 	-0.015104467 	-2.8836793e-08 	8.8239444e-05 	-0.036412584
-0.0051591592 	-0.015104475 	-2.9187004e-08 	9.0251258e-05 	-0.036642915
-0.0051471471 	-0.015104482 	-2.9537215e-08 	9.2263071e-05 	-0.036873247
-0.0051351351 	-0.01510449 	-2.9887426e-08 	9.4274885e-05 	-0.037103578
-0.0051231231 	-0.015104497 	-3.0237637e-08 	9.6286699e-05 	-0.037333909
-0.0051111111 	-0.015104505 	-3.0587848e-08 	9.8298512e-05 	-0.03756424
-0.0050990991 	-0.015104512 	-3.093806e-08 	0.00010031033 	-0.037794572
-0.0050870871 	-0.01510452 	-3.1288271e-08 	0.00010232214 	-0.038024903
-0.0050750751 	-0.015104527 	-3.1638482e-08 	0.00010433395 	-0.038255234
-0.0050630631 	-0.015104534 	-3.1988693e-08 	0.00010634577 	-0.038485565
-0.0050510511 	-0.015104542 	-3.2338904e-08 	0.00010835758 	-0.038715897
-0.005039039 	-0.015104549 	-3.2689115e-08 	0.00011036939 	-0.038946228
-0.005027027 	-0.015104557 	-3.3039326e-08 	0.00011238121 	-0.039176559
-0.005015015 	-0.015104564 	-3.3413392e-08 	0.00011410615 	-0.039410959
-0.005003003 	-0.015104572 	-3.3790513e-08 	0.00011579436 	-0.039645881
-0.004990991 	-0.01510458 	-3.4167634e-08 	0.00011748256 	-0.039880802
-0.004978979 	-0.015104587 	-3.4544755e-08 	0.00011917077 	-0.040115723
-0.004966967 	-0.015104601 	-3.4848888e-08 	0.0001209517 	-0.040205636
-0.004954955 	-0.015104615 	-3.5144038e-08 	0.00012274404 	-0.040277701
-0.0049429429 	-0.01510463 	-3.5439188e-08 	0.00012453638 	-0.040349767
-0.0049309309 	-0.015104644 	-3.5734339e-08 	0.00012632872 	-0.040421833
-0.0049189189 	-0.015104659 	-3.6029489e-08 	0.00012812106 	-0.040493899
-0.0049069069 	-0.015104673 	-3.6324639e-08 	0.0001299134 	-0.040565964
-0.0048948949 	-0.015104688 	-3.6619789e-08 	0.00013170574 	-0.04063803
-0.0048828829 	-0.015104702 	-3.691494e-08 	0.00013349808 	-0.040710096
-0.0048708709 	-0.015104717 	-3.721009e-08 	0.00013529042 	-0.040782162
-0.0048588589 	-0.015104731 	-3.750524e-08 	0.00013708276 	-0.040854228
-0.0048468468 	-0.015104746 	-3.780039e-08 	0.0001388751 	-0.040926293
-0.0048348348 	-0.01510476 	-3.8095541e-08 	0.00014066745 	-0.040998359
-0.0048228228 	-0.015104775 	-3.8390691e-08 	0.00014245979 	-0.041070425
-0.0048108108 	-0.015104789 	-3.8685841e-08 	0.00014425213 	-0.041142491
-0.0047987988 	-0.015104804 	-3.8980991e-08 	0.00014604447 	-0.041214556
-0.0047867868 	-0.015104818 	-3.9276142e-08 	0.00014783681 	-0.041286622
-0.0047747748 	-0.015104833 	-3.9571292e-08 	0.00014962915 	-0.041358688
-0.0047627628 	-0.015104847 	-3.9886339e-08 	0.0001511149 	-0.041434282
-0.0047507508 	-0.015104861 	-4.020419e-08 	0.00015255745 	-0.041510373
-0.0047387387 	-0.015104875 	-4.0522041e-08 	0.000154 	-0.041586464
-0.0047267267 	-0.015104889 	-4.0839892e-08 	0.00015544254 	-0.041662555
-0.0047147147 	-0.015104906 	-4.1124291e-08 	0.00015678224 	-0.041672068
-0.0047027027 	-0.015104928 	-4.1344806e-08 	0.00015792553 	-0.04155444
-0.0046906907 	-0.01510495 	-4.1565322e-08 	0.00015906882 	-0.041436812
-0.0046786787 	-0.015104972 	-4.1785838e-08 	0.0001602121 	-0.041319184
-0.0046666667 	-0.015104994 	-4.2006353e-08 	0.00016135539 	-0.041201556
-0.0046546547 	-0.015105015 	-4.2226869e-08 	0.00016249868 	-0.041083927
-0.0046426426 	-0.015105037 	-4.2447384e-08 	0.00016364197 	-0.040966299
-0.0046306306 	-0.015105059 	-4.26679e-08 	0.00016478526 	-0.040848671
-0.0046186186 	-0.015105081 	-4.2888416e-08 	0.00016592854 	-0.040731043
-0.0046066066 	-0.015105103 	-4.3108931e-08 	0.00016707183 	-0.040613415
-0.0045945946 	-0.015105125 	-4.3329447e-08 	0.00016821512 	-0.040495787
-0.0045825826 	-0.015105147 	-4.3549962e-08 	0.00016935841 	-0.040378159
-0.0045705706 	-0.015105169 	-4.3770478e-08 	0.00017050169 	-0.040260531
-0.0045585586 	-0.015105191 	-4.3990994e-08 	0.00017164498 	-0.040142903
-0.0045465465 	-0.015105213 	-4.4211509e-08 	0.00017278827 	-0.040025275
-0.0045345345 	-0.015105235 	-4.4432025e-08 	0.00017393156 	-0.039907647
-0.0045225225 	-0.015105257 	-4.4652541e-08 	0.00017507485 	-0.039790019
-0.0045105105 	-0.015105279 	-4.4873056e-08 	0.00017621813 	-0.039672391
-0.0044984985 	-0.015105301 	-4.5093572e-08 	0.00017736142 	-0.039554763
-0.0044864865 	-0.015105323 	-4.5314856e-08 	0.00017848929 	-0.039437304
-0.0044744745 	-0.015105344 	-4.5552617e-08 	0.00017928651 	-0.03932347
-0.0044624625 	-0.015105365 	-4.5790378e-08 	0.00018008374 	-0.039209637
-0.0044504505 	-0.015105386 	-4.6028139e-08 	0.00018088096 	-0.039095804
-0.0044384384 	-0.015105407 	-4.62659e-08 	0.00018167819 	-0.03898197
-0.0044264264 	-0.015105428 	-4.6503661e-08 	0.00018247541 	-0.038868137
-0.0044144144 	-0.015105456 	-4.664547e-08 	0.0001824457 	-0.038542818
-0.0044024024 	-0.015105484 	-4.6776968e-08 	0.00018232712 	-0.038194771
-0.0043903904 	-0.015105513 	-4.6908466e-08 	0.00018220854 	-0.037846725
-0.0043783784 	-0.015105542 	-4.7039964e-08 	0.00018208996 	-0.037498678
-0.0043663664 	-0.01510557 	-4.7171462e-08 	0.00018197138 	-0.037150632
-0.0043543544 	-0.015105599 	-4.7302961e-08 	0.0001818528 	-0.036802585
-0.0043423423 	-0.015105627 	-4.7434459e-08 	0.00018173422 	-0.036454538
-0.0043303303 	-0.015105656 	-4.7565957e-08 	0.00018161565 	-0.036106492
-0.0043183183 	-0.015105685 	-4.7697455e-08 	0.00018149707 	-0.035758445
-0.0043063063 	-0.015105713 	-4.7828953e-08 	0.00018137849 	-0.035410399
-0.0042942943 	-0.015105742 	-4.7960451e-08 	0.00018125991 	-0.035062352
-0.0042822823 	-0.015105771 	-4.8091949e-08 	0.00018114133 	-0.034714306
-0.0042702703 	-0.015105799 	-4.8223447e-08 	0.00018102275 	-0.034366259
-0.0042582583 	-0.015105828 	-4.8354945e-08 	0.00018090417 	-0.034018213
-0.0042462462 	-0.015105856 	-4.8486443e-08 	0.00018078559 	-0.033670166
-0.0042342342 	-0.015105885 	-4.8617942e-08 	0.00018066701 	-0.03332212
-0.0042222222 	-0.015105914 	-4.874944e-08 	0.00018054843 	-0.032974073
-0.0042102102 	-0.015105942 	-4.8880938e-08 	0.00018042985 	-0.032626027
-0.0041981982 	-0.015105971 	-4.9012436e-08 	0.00018031128 	-0.03227798
-0.0041861862 	-0.015105999 	-4.9143934e-08 	0.0001801927 	-0.031929933
-0.0041741742 	-0.015106028 	-4.9275432e-08 	0.00018007412 	-0.031581887
-0.0041621622 	-0.015106057 	-4.9407048e-08 	0.00017995205 	-0.03123389
-0.0041501502 	-0.015106084 	-4.9548611e-08 	0.00017953644 	-0.030890091
-0.0041381381 	-0.015106111 	-4.9690174e-08 	0.00017912083 	-0.030546292
-0.0041261261 	-0.015106138 	-4.9831738e-08 	0.00017870522 	-0.030202492
-0.0041141141 	-0.015106165 	-4.9973301e-08 	0.0001782896 	-0.029858693
-0.0041021021 	-0.015106193 	-5.0114864e-08 	0.00017787399 	-0.029514894
-0.0040900901 	-0.015106221 	-5.0239229e-08 	0.00017712992 	-0.029118932
-0.0040780781 	-0.015106253 	-5.0285005e-08 	0.00017488492 	-0.028484608
-0.0040660661 	-0.015106285 	-5.0330781e-08 	0.00017263993 	-0.027850284
-0.0040540541 	-0.015106318 	-5.0376557e-08 	0.00017039493 	-0.02721596
-0.004042042 	-0.01510635 	-5.0422332e-08 	0.00016814993 	-0.026581636
-0.00403003 	-0.015106382 	-5.0468108e-08 	0.00016590493 	-0.025947312
-0.004018018 	-0.015106415 	-5.0513884e-08 	0.00016365993 	-0.025312988
-0.004006006 	-0.015106447 	-5.055966e-08 	0.00016141494 	-0.024678664
-0.003993994 	-0.015106479 	-5.0605436e-08 	0.00015916994 	-0.02404434
-0.003981982 	-0.015106512 	-5.0651212e-08 	0.00015692494 	-0.023410016
-0.00396997 	-0.015106544 	-5.0696988e-08 	0.00015467994 	-0.022775692
-0.003957958 	-0.015106576 	-5.0742764e-08 	0.00015243495 	-0.022141368
-0.0039459459 	-0.015106609 	-5.078854e-08 	0.00015018995 	-0.021507044
-0.0039339339 	-0.015106641 	-5.0834316e-08 	0.00014794495 	-0.02087272
-0.0039219219 	-0.015106673 	-5.0880091e-08 	0.00014569995 	-0.020238396
-0.0039099099 	-0.015106706 	-5.0925867e-08 	0.00014345495 	-0.019604072
-0.0038978979 	-0.015106738 	-5.0971643e-08 	0.00014120996 	-0.018969748
-0.0038858859 	-0.01510677 	-5.1017419e-08 	0.00013896496 	-0.018335424
-0.0038738739 	-0.015106803 	-5.1063195e-08 	0.00013671996 	-0.0177011
-0.0038618619 	-0.015106835 	-5.1108971e-08 	0.00013447496 	-0.017066776
-0.0038498498 	-0.015106867 	-5.1154747e-08 	0.00013222996 	-0.016432451
-0.0038378378 	-0.0151069 	-5.1200523e-08 	0.00012998497 	-0.015798127
-0.0038258258 	-0.015106932 	-5.1246299e-08 	0.00012773997 	-0.015163803
-0.0038138138 	-0.015106964 	-5.1292075e-08 	0.00012549497 	-0.014529479
-0.0038018018 	-0.015106997 	-5.1337851e-08 	0.00012324997 	-0.013895155
-0.0037897898 	-0.015107029 	-5.1383934e-08 	0.00012094008 	-0.013263003
-0.0037777778 	-0.015107059 	-5.1430594e-08 	0.00011850862 	-0.012634918
-0.0037657658 	-0.01510709 	-5.1477254e-08 	0.00011607717 	-0.012006833
-0.0037537538 	-0.015107121 	-5.1523914e-08 	0.00011364571 	-0.011378748
-0.0037417417 	-0.015107152 	-5.1570574e-08 	0.00011121425 	-0.010750662
-0.0037297297 	-0.015107183 	-5.1617234e-08 	0.0001087828 	-0.010122577
-0.0037177177 	-0.015107214 	-5.1663894e-08 	0.00010635134 	-0.0094944923
-0.0037057057 	-0.015107245 	-5.167569e-08 	0.00010143315 	-0.0085909405
-0.0036936937 	-0.015107277 	-5.1674757e-08 	9.5606965e-05 	-0.0075868047
-0.0036816817 	-0.015107308 	-5.1673823e-08 	8.9780774e-05 	-0.0065826689
-0.0036696697 	-0.01510734 	-5.1672889e-08 	8.3954584e-05 	-0.0055785331
-0.0036576577 	-0.015107371 	-5.1671956e-08 	7.8128394e-05 	-0.0045743973
-0.0036456456 	-0.015107403 	-5.1671022e-08 	7.2302203e-05 	-0.0035702615
-0.0036336336 	-0.015107434 	-5.1670088e-08 	6.6476013e-05 	-0.0025661258
-0.0036216216 	-0.015107466 	-5.1669155e-08 	6.0649823e-05 	-0.00156199
-0.0036096096 	-0.015107497 	-5.1668221e-08 	5.4823632e-05 	-0.00055785415
-0.0035975976 	-0.015107529 	-5.1667287e-08 	4.8997442e-05 	0.00044628165
-0.0035855856 	-0.01510756 	-5.1666353e-08 	4.3171252e-05 	0.0014504174
-0.0035735736 	-0.015107592 	-5.166542e-08 	3.7345061e-05 	0.0024545532
-0.0035615616 	-0.015107623 	-5.1664486e-08 	3.1518871e-05 	0.003458689
-0.0035495495 	-0.015107655 	-5.1663552e-08 	2.5692681e-05 	0.0044628248
-0.0035375375 	-0.015107686 	-5.1662619e-08 	1.986649e-05 	0.0054669606
-0.0035255255 	-0.015107718 	-5.1661685e-08 	1.40403e-05 	0.0064710964
-0.0035135135 	-0.015107749 	-5.1660751e-08 	8.2141096e-06 	0.0074752322
-0.0035015015 	-0.015107781 	-5.1659818e-08 	2.3879193e-06 	0.008479368
-0.0034894895 	-0.015107812 	-5.1658884e-08 	-3.4382711e-06 	0.0094835038
-0.0034774775 	-0.015107844 	-5.165795e-08 	-9.2644614e-06 	0.01048764
-0.0034654655 	-0.015107875 	-5.1657017e-08 	-1.5090652e-05 	0.011491775
-0.0034534535 	-0.015107907 	-5.1656083e-08 	-2.0916842e-05 	0.012495911
-0.0034414414 	-0.015107938 	-5.1655149e-08 	-2.6743032e-05 	0.013500047
-0.0034294294 	-0.01510797 	-5.1654216e-08 	-3.2569223e-05 	0.014504183
-0.0034174174 	-0.015108001 	-5.1653282e-08 	-3.8395413e-05 	0.015508319
-0.0034054054 	-0.015108033 	-5.1652348e-08 	-4.4221603e-05 	0.016512454
-0.0033933934 	-0.015108064 	-5.1651415e-08 	-5.0047794e-05 	0.01751659
-0.0033813814 	-0.015108096 	-5.1650481e-08 	-5.5873984e-05 	0.018520726
-0.0033693694 	-0.015108127 	-5.1644045e-08 	-6.1673746e-05 	0.019518095
-0.0033573574 	-0.015108157 	-5.1633386e-08 	-6.7453232e-05 	0.020510273
-0.0033453453 	-0.015108187 	-5.1622727e-08 	-7.3232717e-05 	0.02150245
-0.0033333333 	-0.015108217 	-5.1612069e-08 	-7.9012202e-05 	0.022494628
-0.0033213213 	-0.015108247 	-5.160141e-08 	-8.4791687e-05 	0.023486805
-0.0033093093 	-0.015108277 	-5.1590751e-08 	-9.0571172e-05 	0.024478983
-0.0032972973 	-0.015108307 	-5.1580093e-08 	-9.6350657e-05 	0.02547116
-0.0032852853 	-0.015108336 	-5.1571148e-08 	-0.00010220755 	0.02646929
-0.0032732733 	-0.015108348 	-5.158824e-08 	-0.0001092401 	0.027557816
-0.0032612613 	-0.01510836 	-5.1605331e-08 	-0.00011627264 	0.028646343
-0.0032492492 	-0.015108372 	-5.1622423e-08 	-0.00012330519 	0.029734869
-0.0032372372 	-0.015108384 	-5.1639515e-08 	-0.00013033774 	0.030823395
-0.0032252252 	-0.015108397 	-5.1656606e-08 	-0.00013737028 	0.031911922
-0.0032132132 	-0.015108409 	-5.1673698e-08 	-0.00014440283 	0.033000448
-0.0032012012 	-0.015108421 	-5.1690789e-08 	-0.00015143537 	0.034088975
-0.0031891892 	-0.015108433 	-5.1707881e-08 	-0.00015846792 	0.035177501
-0.0031771772 	-0.015108445 	-5.1724972e-08 	-0.00016550046 	0.036266027
-0.0031651652 	-0.015108457 	-5.1742064e-08 	-0.00017253301 	0.037354554
-0.0031531532 	-0.015108469 	-5.1759155e-08 	-0.00017956556 	0.03844308
-0.0031411411 	-0.015108481 	-5.1776247e-08 	-0.0001865981 	0.039531607
-0.0031291291 	-0.015108493 	-5.1793338e-08 	-0.00019363065 	0.040620133
-0.0031171171 	-0.015108505 	-5.181043e-08 	-0.00020066319 	0.041708659
-0.0031051051 	-0.015108517 	-5.1827521e-08 	-0.00020769574 	0.042797186
-0.0030930931 	-0.01510853 	-5.1844613e-08 	-0.00021472829 	0.043885712
-0.0030810811 	-0.015108542 	-5.1861704e-08 	-0.00022176083 	0.044974238
-0.0030690691 	-0.015108554 	-5.1878796e-08 	-0.00022879338 	0.046062765
-0.0030570571 	-0.015108566 	-5.1895887e-08 	-0.00023582592 	0.047151291
-0.003045045 	-0.015108578 	-5.1912979e-08 	-0.00024285847 	0.048239818
-0.003033033 	-0.01510859 	-5.1930071e-08 	-0.00024989102 	0.049328344
-0.003021021 	-0.015108602 	-5.1947162e-08 	-0.00025692356 	0.05041687
-0.003009009 	-0.015108614 	-5.1964254e-08 	-0.00026395611 	0.051505397
-0.002996997 	-0.015108626 	-5.1981345e-08 	-0.00027098865 	0.052593923
-0.002984985 	-0.015108638 	-5.1998437e-08 	-0.0002780212 	0.053682449
-0.002972973 	-0.015108651 	-5.2015528e-08 	-0.00028505374 	0.054770976
-0.002960961 	-0.015108663 	-5.203262e-08 	-0.00029208629 	0.055859502
-0.0029489489 	-0.015108675 	-5.2049711e-08 	-0.00029911884 	0.056948029
-0.0029369369 	-0.015108687 	-5.2066803e-08 	-0.00030615138 	0.058036555
-0.0029249249 	-0.015108699 	-5.2083894e-08 	-0.00031318393 	0.059125081
-0.0029129129 	-0.015108711 	-5.2100986e-08 	-0.00032021647 	0.060213608
-0.0029009009 	-0.015108723 	-5.2116446e-08 	-0.00032722212 	0.061300179
-0.0028888889 	-0.015108736 	-5.2118969e-08 	-0.00033401438 	0.062371243
-0.0028768769 	-0.015108749 	-5.2121492e-08 	-0.00034080665 	0.063442307
-0.0028648649 	-0.015108761 	-5.2124015e-08 	-0.00034759892 	0.06451337
-0.0028528529 	-0.015108774 	-5.2126538e-08 	-0.00035439118 	0.065584434
-0.0028408408 	-0.015108787 	-5.2129061e-08 	-0.00036118345 	0.066655498
-0.0028288288 	-0.015108799 	-5.2131584e-08 	-0.00036797571 	0.067726562
-0.0028168168 	-0.015108812 	-5.2134107e-08 	-0.00037476798 	0.068797626
-0.0028048048 	-0.015108825 	-5.213663e-08 	-0.00038156024 	0.069868689
-0.0027927928 	-0.01510876 	-5.2245662e-08 	-0.00040185946 	0.073102276
-0.0027807808 	-0.015108644 	-5.2425701e-08 	-0.0004311633 	0.077777545
-0.0027687688 	-0.015108528 	-5.260574e-08 	-0.00046046715 	0.082452814
-0.0027567568 	-0.015108412 	-5.2785778e-08 	-0.00048977099 	0.087128083
-0.0027447447 	-0.015108298 	-5.2953973e-08 	-0.00051878468 	0.091777282
-0.0027327327 	-0.015108194 	-5.3064331e-08 	-0.0005463815 	0.096299177
-0.0027207207 	-0.015108166 	-5.309639e-08 	-0.0005583024 	0.098278499
-0.0027087087 	-0.015108141 	-5.3125879e-08 	-0.00056970888 	0.10017438
-0.0026966967 	-0.015108116 	-5.3155369e-08 	-0.00058111537 	0.10207027
-0.0026846847 	-0.015108091 	-5.3184858e-08 	-0.00059252185 	0.10396615
-0.0026726727 	-0.015108066 	-5.3214347e-08 	-0.00060392833 	0.10586204
-0.0026606607 	-0.015108044 	-5.3217568e-08 	-0.00061484183 	0.10771855
-0.0026486486 	-0.015108019 	-5.32141e-08 	-0.00062622556 	0.10965628
-0.0026366366 	-0.015107991 	-5.3206933e-08 	-0.00063797125 	0.11165453
-0.0026246246 	-0.015107963 	-5.3199767e-08 	-0.00064971694 	0.11365279
-0.0026126126 	-0.015107935 	-5.3192601e-08 	-0.00066146263 	0.11565104
-0.0026006006 	-0.015107907 	-5.3185435e-08 	-0.00067320833 	0.11764929
-0.0025885886 	-0.015107878 	-5.3178268e-08 	-0.00068495402 	0.11964755
-0.0025765766 	-0.015107853 	-5.3146256e-08 	-0.00069623612 	0.1216066
-0.0025645646 	-0.015107824 	-5.3110806e-08 	-0.00070772382 	0.12361456
-0.0025525526 	-0.015107787 	-5.3075252e-08 	-0.00071974785 	0.12573076
-0.0025405405 	-0.015107751 	-5.3039698e-08 	-0.00073177189 	0.12784697
-0.0025285285 	-0.015107715 	-5.3004144e-08 	-0.00074379593 	0.12996317
-0.0025165165 	-0.015107678 	-5.296859e-08 	-0.00075581996 	0.13207938
-0.0025045045 	-0.015107642 	-5.2933036e-08 	-0.000767844 	0.13419558
-0.0024924925 	-0.015107606 	-5.2897482e-08 	-0.00077986803 	0.13631179
-0.0024804805 	-0.015107572 	-5.2837631e-08 	-0.00079142402 	0.13838641
-0.0024684685 	-0.015107537 	-5.2774659e-08 	-0.00080298569 	0.14047566
-0.0024564565 	-0.015107493 	-5.271606e-08 	-0.0008151411 	0.14272695
-0.0024444444 	-0.015107448 	-5.2657461e-08 	-0.00082729651 	0.14497825
-0.0024324324 	-0.015107403 	-5.2598861e-08 	-0.00083945191 	0.14722954
-0.0024204204 	-0.015107359 	-5.2540262e-08 	-0.00085160732 	0.14948083
-0.0024084084 	-0.015107314 	-5.2481663e-08 	-0.00086376273 	0.15173213
-0.0023963964 	-0.015107269 	-5.2423063e-08 	-0.00087591814 	0.15398342
-0.0023843844 	-0.015107225 	-5.2364464e-08 	-0.00088807355 	0.15623472
-0.0023723724 	-0.015107182 	-5.2285323e-08 	-0.00089980574 	0.15844556
-0.0023603604 	-0.015107141 	-5.2200402e-08 	-0.00091141887 	0.16064502
-0.0023483483 	-0.01510709 	-5.2120718e-08 	-0.00092337304 	0.16300625
-0.0023363363 	-0.015107036 	-5.2042418e-08 	-0.00093541735 	0.16541025
-0.0023243243 	-0.015106982 	-5.1964117e-08 	-0.00094746167 	0.16781424
-0.0023123123 	-0.015106928 	-5.1885817e-08 	-0.00095950599 	0.17021824
-0.0023003003 	-0.015106875 	-5.1807517e-08 	-0.00097155031 	0.17262224
-0.0022882883 	-0.015106821 	-5.1729217e-08 	-0.00098359463 	0.17502623
-0.0022762763 	-0.015106767 	-5.1650916e-08 	-0.00099563895 	0.17743023
-0.0022642643 	-0.015106714 	-5.1572616e-08 	-0.0010076833 	0.17983422
-0.0022522523 	-0.015106662 	-5.1483242e-08 	-0.0010194786 	0.18221162
-0.0022402402 	-0.015106611 	-5.1381477e-08 	-0.0010309952 	0.18455925
-0.0022282282 	-0.015106558 	-5.1280577e-08 	-0.0010425144 	0.18695524
-0.0022162162 	-0.015106495 	-5.1182832e-08 	-0.0010540428 	0.18952754
-0.0022042042 	-0.015106431 	-5.1085086e-08 	-0.0010655711 	0.19209984
-0.0021921922 	-0.015106368 	-5.0987341e-08 	-0.0010770995 	0.19467214
-0.0021801802 	-0.015106304 	-5.0889595e-08 	-0.0010886279 	0.19724444
-0.0021681682 	-0.015106241 	-5.0791849e-08 	-0.0011001562 	0.19981674
-0.0021561562 	-0.015106177 	-5.0694104e-08 	-0.0011116846 	0.20238904
-0.0021441441 	-0.015106113 	-5.0596358e-08 	-0.001123213 	0.20496134
-0.0021321321 	-0.01510605 	-5.0498613e-08 	-0.0011347413 	0.20753364
-0.0021201201 	-0.015105986 	-5.0400867e-08 	-0.0011462697 	0.21010594
-0.0021081081 	-0.015105926 	-5.0288476e-08 	-0.0011574194 	0.21263052
-0.0020960961 	-0.015105866 	-5.0171929e-08 	-0.0011684617 	0.21514156
-0.0020840841 	-0.015105803 	-5.0054469e-08 	-0.0011793545 	0.21770473
-0.0020720721 	-0.015105729 	-4.9933758e-08 	-0.001189715 	0.22045368
-0.0020600601 	-0.015105655 	-4.9813047e-08 	-0.0012000754 	0.22320264
-0.002048048 	-0.015105581 	-4.9692337e-08 	-0.0012104358 	0.22595159
-0.002036036 	-0.015105508 	-4.9571626e-08 	-0.0012207963 	0.22870054
-0.002024024 	-0.015105434 	-4.9450915e-08 	-0.0012311567 	0.23144949
-0.002012012 	-0.01510536 	-4.9330204e-08 	-0.0012415171 	0.23419845
-0.002 	-0.015105286 	-4.9209494e-08 	-0.0012518776 	0.2369474
-0.001987988 	-0.015105213 	-4.9088783e-08 	-0.001262238 	0.23969635
-0.001975976 	-0.015105139 	-4.8968072e-08 	-0.0012725984 	0.2424453
-0.001963964 	-0.015105065 	-4.8847362e-08 	-0.0012829589 	0.24519425
-0.001951952 	-0.015104993 	-4.8720179e-08 	-0.0012931107 	0.24790922
-0.0019399399 	-0.015104923 	-4.8586911e-08 	-0.0013030663 	0.25059223
-0.0019279279 	-0.015104853 	-4.8453643e-08 	-0.001313022 	0.25327524
-0.0019159159 	-0.015104775 	-4.8309418e-08 	-0.0013219032 	0.25610121
-0.0019039039 	-0.015104692 	-4.8158238e-08 	-0.0013301023 	0.25901791
-0.0018918919 	-0.015104608 	-4.8007058e-08 	-0.0013383015 	0.26193461
-0.0018798799 	-0.015104525 	-4.7855878e-08 	-0.0013465006 	0.26485132
-0.0018678679 	-0.015104442 	-4.7704698e-08 	-0.0013546997 	0.26776802
-0.0018558559 	-0.015104359 	-4.7553518e-08 	-0.0013628989 	0.27068472
-0.0018438438 	-0.015104275 	-4.7402338e-08 	-0.001371098 	0.27360143
-0.0018318318 	-0.015104192 	-4.7251158e-08 	-0.0013792971 	0.27651813
-0.0018198198 	-0.015104109 	-4.7099978e-08 	-0.0013874963 	0.27943483
-0.0018078078 	-0.015104025 	-4.6948798e-08 	-0.0013956954 	0.28235154
-0.0017957958 	-0.015103942 	-4.6797618e-08 	-0.0014038946 	0.28526824
-0.0017837838 	-0.015103859 	-4.6646438e-08 	-0.0014120937 	0.28818495
-0.0017717718 	-0.015103777 	-4.6492984e-08 	-0.0014201665 	0.29106911
-0.0017597598 	-0.015103698 	-4.6336971e-08 	-0.0014280972 	0.29391662
-0.0017477477 	-0.015103618 	-4.6180958e-08 	-0.0014360278 	0.29676414
-0.0017357357 	-0.015103537 	-4.6019011e-08 	-0.0014433834 	0.29964593
-0.0017237237 	-0.015103447 	-4.5829417e-08 	-0.0014480599 	0.30268744
-0.0017117117 	-0.015103358 	-4.5639824e-08 	-0.0014527364 	0.30572895
-0.0016996997 	-0.015103269 	-4.5450231e-08 	-0.0014574129 	0.30877045
-0.0016876877 	-0.015103179 	-4.5260637e-08 	-0.0014620894 	0.31181196
-0.0016756757 	-0.01510309 	-4.5071044e-08 	-0.001466766 	0.31485347
-0.0016636637 	-0.015103 	-4.4881451e-08 	-0.0014714425 	0.31789498
-0.0016516517 	-0.015102911 	-4.4691857e-08 	-0.001476119 	0.32093648
-0.0016396396 	-0.015102822 	-4.4502264e-08 	-0.0014807955 	0.32397799
-0.0016276276 	-0.015102732 	-4.431267e-08 	-0.001485472 	0.3270195
-0.0016156156 	-0.015102643 	-4.4123077e-08 	-0.0014901485 	0.330061
-0.0016036036 	-0.015102553 	-4.3933484e-08 	-0.001494825 	0.33310251
-0.0015915916 	-0.015102464 	-4.374389e-08 	-0.0014995015 	0.33614402
-0.0015795796 	-0.015102375 	-4.3554297e-08 	-0.0015041781 	0.33918553
-0.0015675676 	-0.015102286 	-4.3366004e-08 	-0.0015088268 	0.34219921
-0.0015555556 	-0.0151022 	-4.3179624e-08 	-0.0015134348 	0.34517196
-0.0015435435 	-0.015102114 	-4.2993244e-08 	-0.0015180428 	0.34814471
-0.0015315315 	-0.015102028 	-4.2806864e-08 	-0.0015226507 	0.35111746
-0.0015195195 	-0.015101936 	-4.2592705e-08 	-0.001523694 	0.35415398
-0.0015075075 	-0.015101841 	-4.2364777e-08 	-0.0015229703 	0.35722211
-0.0014954955 	-0.015101746 	-4.2136848e-08 	-0.0015222466 	0.36029024
-0.0014834835 	-0.015101651 	-4.1908919e-08 	-0.0015215228 	0.36335837
-0.0014714715 	-0.015101556 	-4.1680991e-08 	-0.0015207991 	0.3664265
-0.0014594595 	-0.015101461 	-4.1453062e-08 	-0.0015200754 	0.36949463
-0.0014474474 	-0.015101366 	-4.1225134e-08 	-0.0015193517 	0.37256276
-0.0014354354 	-0.015101271 	-4.0997205e-08 	-0.0015186279 	0.37563089
-0.0014234234 	-0.015101176 	-4.0769276e-08 	-0.0015179042 	0.37869902
-0.0014114114 	-0.015101081 	-4.0541348e-08 	-0.0015171805 	0.38176715
-0.0013993994 	-0.015100985 	-4.0313419e-08 	-0.0015164568 	0.38483528
-0.0013873874 	-0.01510089 	-4.008549e-08 	-0.001515733 	0.38790341
-0.0013753754 	-0.015100795 	-3.9857562e-08 	-0.0015150093 	0.39097154
-0.0013633634 	-0.0151007 	-3.9629633e-08 	-0.0015142856 	0.39403967
-0.0013513514 	-0.015100605 	-3.9401705e-08 	-0.0015135619 	0.3971078
-0.0013393393 	-0.01510051 	-3.9174197e-08 	-0.0015128474 	0.40017306
-0.0013273273 	-0.015100418 	-3.8955276e-08 	-0.0015123212 	0.40317976
-0.0013153153 	-0.015100326 	-3.8736354e-08 	-0.0015117951 	0.40618646
-0.0013033033 	-0.015100234 	-3.8517433e-08 	-0.001511269 	0.40919316
-0.0012912913 	-0.015100142 	-3.8298512e-08 	-0.0015107428 	0.41219986
-0.0012792793 	-0.015100055 	-3.8007957e-08 	-0.0015030771 	0.41560435
-0.0012672673 	-0.015099969 	-3.7700479e-08 	-0.0014937246 	0.41910282
-0.0012552553 	-0.015099883 	-3.7393e-08 	-0.0014843721 	0.4226013
-0.0012432432 	-0.015099796 	-3.7085522e-08 	-0.0014750196 	0.42609977
-0.0012312312 	-0.01509971 	-3.6778043e-08 	-0.0014656671 	0.42959824
-0.0012192192 	-0.015099624 	-3.6470565e-08 	-0.0014563146 	0.43309671
-0.0012072072 	-0.015099538 	-3.6163086e-08 	-0.0014469621 	0.43659518
-0.0011951952 	-0.015099452 	-3.5855608e-08 	-0.0014376096 	0.44009366
-0.0011831832 	-0.015099366 	-3.5548129e-08 	-0.0014282571 	0.44359213
-0.0011711712 	-0.01509928 	-3.5240651e-08 	-0.0014189046 	0.4470906
-0.0011591592 	-0.015099194 	-3.4933172e-08 	-0.0014095521 	0.45058907
-0.0011471471 	-0.015099108 	-3.4625694e-08 	-0.0014001996 	0.45408754
-0.0011351351 	-0.015099022 	-3.4318215e-08 	-0.0013908471 	0.45758602
-0.0011231231 	-0.015098936 	-3.4010737e-08 	-0.0013814946 	0.46108449
-0.0011111111 	-0.015098849 	-3.3703258e-08 	-0.0013721421 	0.46458296
-0.0010990991 	-0.015098763 	-3.3395779e-08 	-0.0013627896 	0.46808143
-0.0010870871 	-0.015098677 	-3.3088301e-08 	-0.0013534371 	0.4715799
-0.0010750751 	-0.015098591 	-3.2781762e-08 	-0.0013441278 	0.47507495
-0.0010630631 	-0.015098505 	-3.2484864e-08 	-0.001335262 	0.47853483
-0.0010510511 	-0.015098419 	-3.2187966e-08 	-0.0013263962 	0.48199471
-0.001039039 	-0.015098333 	-3.1891067e-08 	-0.0013175303 	0.48545459
-0.001027027 	-0.015098246 	-3.1594169e-08 	-0.0013086645 	0.48891447
-0.001015015 	-0.015098173 	-3.1327449e-08 	-0.0012988462 	0.4919589
-0.001003003 	-0.015098131 	-3.1137644e-08 	-0.0012866005 	0.49394452
-0.00099099099 	-0.015098089 	-3.0947838e-08 	-0.0012743547 	0.49593013
-0.00097897898 	-0.015098047 	-3.0758033e-08 	-0.0012621089 	0.49791574
-0.00096696697 	-0.015098005 	-3.0568227e-08 	-0.0012498631 	0.49990136
-0.00095495495 	-0.015097964 	-3.0378422e-08 	-0.0012376173 	0.50188697
-0.00094294294 	-0.015097922 	-3.0188616e-08 	-0.0012253716 	0.50387259
-0.00093093093 	-0.01509788 	-2.9998811e-08 	-0.0012131258 	0.5058582
-0.00091891892 	-0.015097838 	-2.9809005e-08 	-0.00120088 	0.50784382
-0.00090690691 	-0.015097796 	-2.9618422e-08 	-0.0011885837 	0.50983273
-0.00089489489 	-0.015097755 	-2.9423884e-08 	-0.0011760308 	0.5118384
-0.00088288288 	-0.015097713 	-2.9229347e-08 	-0.001163478 	0.51384407
-0.00087087087 	-0.015097672 	-2.903481e-08 	-0.0011509251 	0.51584974
-0.00085885886 	-0.01509763 	-2.8840273e-08 	-0.0011383723 	0.51785541
-0.00084684685 	-0.015097589 	-2.8645736e-08 	-0.0011258194 	0.51986108
-0.00083483483 	-0.015097547 	-2.8451199e-08 	-0.0011132666 	0.52186676
-0.00082282282 	-0.015097505 	-2.8256662e-08 	-0.0011007137 	0.52387243
-0.00081081081 	-0.015097464 	-2.8062125e-08 	-0.0010881608 	0.5258781
-0.0007987988 	-0.015097422 	-2.7867588e-08 	-0.001075608 	0.52788377
-0.00078678679 	-0.015097381 	-2.7673051e-08 	-0.0010630551 	0.52988944
-0.00077477477 	-0.015097339 	-2.7478514e-08 	-0.0010505023 	0.53189511
-0.00076276276 	-0.015097298 	-2.7283976e-08 	-0.0010379494 	0.53390078
-0.00075075075 	-0.015097256 	-2.7089439e-08 	-0.0010253965 	0.53590645
-0.00073873874 	-0.015097215 	-2.6894902e-08 	-0.0010128437 	0.53791212
-0.00072672673 	-0.015097173 	-2.6700365e-08 	-0.0010002908 	0.53991779
-0.00071471471 	-0.015097132 	-2.6505828e-08 	-0.00098773796 	0.54192347
-0.0007027027 	-0.01509709 	-2.6311291e-08 	-0.0009751851 	0.54392914
-0.00069069069 	-0.015097049 	-2.6116754e-08 	-0.00096263224 	0.54593481
-0.00067867868 	-0.015097007 	-2.5922217e-08 	-0.00095007938 	0.54794048
-0.00066666667 	-0.015096966 	-2.572768e-08 	-0.00093752652 	0.54994615
-0.00065465465 	-0.015096924 	-2.5533143e-08 	-0.00092497366 	0.55195182
-0.00064264264 	-0.015096883 	-2.5338606e-08 	-0.0009124208 	0.55395749
-0.00063063063 	-0.015096841 	-2.5144068e-08 	-0.00089986794 	0.55596316
-0.00061861862 	-0.0150968 	-2.4949531e-08 	-0.00088731508 	0.55796883
-0.00060660661 	-0.015096758 	-2.4754994e-08 	-0.00087476222 	0.5599745
-0.00059459459 	-0.015096716 	-2.4560457e-08 	-0.00086220936 	0.56198018
-0.00058258258 	-0.015096675 	-2.436592e-08 	-0.0008496565 	0.56398585
-0.00057057057 	-0.015096633 	-2.4171383e-08 	-0.00083710364 	0.56599152
-0.00055855856 	-0.015096592 	-2.3976846e-08 	-0.00082455078 	0.56799719
-0.00054654655 	-0.01509655 	-2.3782309e-08 	-0.00081199792 	0.57000286
-0.00053453453 	-0.015096509 	-2.3587772e-08 	-0.00079944506 	0.57200853
-0.00052252252 	-0.015096467 	-2.3393235e-08 	-0.0007868922 	0.5740142
-0.00051051051 	-0.015096426 	-2.3198698e-08 	-0.00077433934 	0.57601987
-0.0004984985 	-0.0150964 	-2.3098655e-08 	-0.00075679925 	0.57702067
-0.00048648649 	-0.015096377 	-2.3010184e-08 	-0.00073864843 	0.57789842
-0.00047447447 	-0.015096354 	-2.2921713e-08 	-0.0007204976 	0.57877616
-0.00046246246 	-0.01509633 	-2.2833241e-08 	-0.00070234678 	0.5796539
-0.00045045045 	-0.015096307 	-2.274477e-08 	-0.00068419595 	0.58053165
-0.00043843844 	-0.015096284 	-2.2656299e-08 	-0.00066604513 	0.58140939
-0.00042642643 	-0.01509626 	-2.2567828e-08 	-0.0006478943 	0.58228714
-0.00041441441 	-0.015096237 	-2.2479357e-08 	-0.00062974348 	0.58316488
-0.0004024024 	-0.015096214 	-2.2390886e-08 	-0.00061159265 	0.58404262
-0.00039039039 	-0.01509619 	-2.2301797e-08 	-0.00059335994 	0.58492243
-0.00037837838 	-0.015096167 	-2.2212526e-08 	-0.00057510327 	0.58580285
-0.00036636637 	-0.015096143 	-2.2123255e-08 	-0.00055684659 	0.58668326
-0.00035435435 	-0.01509612 	-2.2033984e-08 	-0.00053858991 	0.58756367
-0.00034234234 	-0.015096096 	-2.1944713e-08 	-0.00052033324 	0.58844409
-0.00033033033 	-0.015096073 	-2.1855442e-08 	-0.00050207656 	0.5893245
-0.00031831832 	-0.015096049 	-2.1766172e-08 	-0.00048381988 	0.59020491
-0.00030630631 	-0.015096026 	-2.1676901e-08 	-0.00046556321 	0.59108533
-0.00029429429 	-0.015096002 	-2.158763e-08 	-0.00044730653 	0.59196574
-0.00028228228 	-0.015095979 	-2.1498359e-08 	-0.00042904985 	0.59284615
-0.00027027027 	-0.015095955 	-2.1409088e-08 	-0.00041079318 	0.59372657
-0.00025825826 	-0.015095932 	-2.1319818e-08 	-0.0003925365 	0.59460698
-0.00024624625 	-0.015095908 	-2.1230547e-08 	-0.00037427982 	0.59548739
-0.00023423423 	-0.015095885 	-2.1141276e-08 	-0.00035602315 	0.59636781
-0.00022222222 	-0.015095861 	-2.1052005e-08 	-0.00033776647 	0.59724822
-0.00021021021 	-0.015095838 	-2.0962734e-08 	-0.0003195098 	0.59812863
-0.0001981982 	-0.015095814 	-2.0873464e-08 	-0.00030125312 	0.59900905
-0.00018618619 	-0.015095791 	-2.0784193e-08 	-0.00028299644 	0.59988946
-0.00017417417 	-0.015095767 	-2.0694922e-08 	-0.00026473977 	0.60076987
-0.00016216216 	-0.015095744 	-2.0605651e-08 	-0.00024648309 	0.60165029
-0.00015015015 	-0.01509572 	-2.051638e-08 	-0.00022822641 	0.6025307
-0.00013813814 	-0.015095697 	-2.042711e-08 	-0.00020996974 	0.60341111
-0.00012612613 	-0.015095673 	-2.0337839e-08 	-0.00019171306 	0.60429153
-0.00011411411 	-0.01509565 	-2.0248568e-08 	-0.00017345638 	0.60517194
-0.0001021021 	-0.015095626 	-2.0159297e-08 	-0.00015519971 	0.60605235
-9.009009e-05 	-0.015095603 	-2.0070026e-08 	-0.00013694303 	0.60693277
-7.8078078e-05 	-0.015095579 	-1.9980755e-08 	-0.00011868636 	0.60781318
-6.6066066e-05 	-0.015095556 	-1.9891485e-08 	-0.00010042968 	0.60869359
-5.4054054e-05 	-0.015095532 	-1.9802214e-08 	-8.2173002e-05 	0.60957401
-4.2042042e-05 	-0.015095509 	-1.9712943e-08 	-6.3916326e-05 	0.61045442
-3.003003e-05 	-0.015095485 	-1.9623672e-08 	-4.565965e-05 	0.61133483
-1.8018018e-05 	-0.015095462 	-1.9534401e-08 	-2.7402973e-05 	0.61221525
-6.006006e-06 	-0.015095438 	-1.9445131e-08 	-9.1462968e-06 	0.61309566
6.006006e-06 	-0.015095438 	-1.9445618e-08 	9.05746e-06 	0.61309699
1.8018018e-05 	-0.015095462 	-1.9535863e-08 	2.7208297e-05 	0.61221923
3.003003e-05 	-0.015095485 	-1.9626108e-08 	4.5359135e-05 	0.61134148
4.2042042e-05 	-0.015095508 	-1.9716353e-08 	6.3509972e-05 	0.61046372
5.4054054e-05 	-0.015095532 	-1.9806598e-08 	8.1660809e-05 	0.60958597
6.6066066e-05 	-0.015095555 	-1.9896843e-08 	9.9811646e-05 	0.60870821
7.8078078e-05 	-0.015095578 	-1.9987088e-08 	0.00011796248 	0.60783046
9.009009e-05 	-0.015095602 	-2.0077333e-08 	0.00013611332 	0.6069527
0.0001021021 	-0.015095625 	-2.0167578e-08 	0.00015426416 	0.60607495
0.00011411411 	-0.015095649 	-2.0258141e-08 	0.0001724555 	0.60519617
0.00012612613 	-0.015095672 	-2.0349217e-08 	0.00019071219 	0.60431575
0.00013813814 	-0.015095696 	-2.0440293e-08 	0.00020896887 	0.60343533
0.00015015015 	-0.015095719 	-2.0531369e-08 	0.00022722556 	0.6025549
0.00016216216 	-0.015095742 	-2.0622445e-08 	0.00024548225 	0.60167448
0.00017417417 	-0.015095766 	-2.0713521e-08 	0.00026373893 	0.60079406
0.00018618619 	-0.015095789 	-2.0804597e-08 	0.00028199562 	0.59991363
0.0001981982 	-0.015095813 	-2.0895673e-08 	0.0003002523 	0.59903321
0.00021021021 	-0.015095836 	-2.0986749e-08 	0.00031850899 	0.59815278
0.00022222222 	-0.01509586 	-2.1077825e-08 	0.00033676568 	0.59727236
0.00023423423 	-0.015095883 	-2.1168901e-08 	0.00035502236 	0.59639194
0.00024624625 	-0.015095907 	-2.1259978e-08 	0.00037327905 	0.59551151
0.00025825826 	-0.01509593 	-2.1351054e-08 	0.00039153573 	0.59463109
0.00027027027 	-0.015095954 	-2.144213e-08 	0.00040979242 	0.59375067
0.00028228228 	-0.015095977 	-2.1533206e-08 	0.00042804911 	0.59287024
0.00029429429 	-0.015096001 	-2.1624282e-08 	0.00044630579 	0.59198982
0.00030630631 	-0.015096024 	-2.1715358e-08 	0.00046456248 	0.5911094
0.00031831832 	-0.015096048 	-2.1806434e-08 	0.00048281916 	0.59022897
0.00033033033 	-0.015096071 	-2.189751e-08 	0.00050107585 	0.58934855
0.00034234234 	-0.015096095 	-2.1988586e-08 	0.00051933254 	0.58846812
0.00035435435 	-0.015096118 	-2.2079662e-08 	0.00053758922 	0.5875877
0.00036636637 	-0.015096142 	-2.2170738e-08 	0.00055584591 	0.58670728
0.00037837838 	-0.015096165 	-2.2261815e-08 	0.00057410259 	0.58582685
0.00039039039 	-0.015096189 	-2.2352891e-08 	0.00059235928 	0.58494643
0.0004024024 	-0.015096212 	-2.2443967e-08 	0.00061061597 	0.58406601
0.00041441441 	-0.015096236 	-2.2535043e-08 	0.00062887265 	0.58318558
0.00042642643 	-0.015096259 	-2.2626119e-08 	0.00064712934 	0.58230516
0.00043843844 	-0.015096283 	-2.2717195e-08 	0.00066538603 	0.58142473
0.00045045045 	-0.015096306 	-2.2808271e-08 	0.00068364271 	0.58054431
0.00046246246 	-0.01509633 	-2.2899347e-08 	0.0007018994 	0.57966389
0.00047447447 	-0.015096353 	-2.2990423e-08 	0.00072015608 	0.57878346
0.00048648649 	-0.015096376 	-2.3081499e-08 	0.00073841277 	0.57790304
0.0004984985 	-0.0150964 	-2.3172575e-08 	0.00075666946 	0.57702262
0.00051051051 	-0.015096425 	-2.3274569e-08 	0.00077427035 	0.57602162
0.00052252252 	-0.015096467 	-2.3465714e-08 	0.00078651613 	0.57403599
0.00053453453 	-0.015096509 	-2.365686e-08 	0.0007987619 	0.57205037
0.00054654655 	-0.015096551 	-2.3848005e-08 	0.00081100768 	0.57006474
0.00055855856 	-0.015096593 	-2.403915e-08 	0.00082325346 	0.56807912
0.00057057057 	-0.015096635 	-2.4230296e-08 	0.00083549923 	0.56609349
0.00058258258 	-0.015096677 	-2.4421441e-08 	0.00084774501 	0.56410787
0.00059459459 	-0.015096718 	-2.4612586e-08 	0.00085999079 	0.56212224
0.00060660661 	-0.01509676 	-2.4803732e-08 	0.00087223656 	0.56013662
0.00061861862 	-0.015096802 	-2.4994877e-08 	0.00088448234 	0.55815099
0.00063063063 	-0.015096844 	-2.5190709e-08 	0.00089703266 	0.55614548
0.00064264264 	-0.015096885 	-2.538658e-08 	0.00090958551 	0.55413979
0.00065465465 	-0.015096927 	-2.5582451e-08 	0.00092213836 	0.55213411
0.00066666667 	-0.015096968 	-2.5778322e-08 	0.00093469121 	0.55012843
0.00067867868 	-0.01509701 	-2.5974193e-08 	0.00094724406 	0.54812275
0.00069069069 	-0.015097051 	-2.6170064e-08 	0.00095979691 	0.54611707
0.0007027027 	-0.015097093 	-2.6365935e-08 	0.00097234976 	0.54411139
0.00071471471 	-0.015097134 	-2.6561806e-08 	0.00098490261 	0.54210571
0.00072672673 	-0.015097176 	-2.6757678e-08 	0.00099745546 	0.54010003
0.00073873874 	-0.015097217 	-2.6953549e-08 	0.0010100083 	0.53809435
0.00075075075 	-0.015097259 	-2.714942e-08 	0.0010225612 	0.53608867
0.00076276276 	-0.0150973 	-2.7345291e-08 	0.001035114 	0.53408298
0.00077477477 	-0.015097342 	-2.7541162e-08 	0.0010476669 	0.5320773
0.00078678679 	-0.015097383 	-2.7737033e-08 	0.0010602197 	0.53007162
0.0007987988 	-0.015097425 	-2.7932904e-08 	0.0010727726 	0.52806594
0.00081081081 	-0.015097466 	-2.8128775e-08 	0.0010853254 	0.52606026
0.00082282282 	-0.015097508 	-2.8324646e-08 	0.0010978783 	0.52405458
0.00083483483 	-0.01509755 	-2.8520517e-08 	0.0011104311 	0.5220489
0.00084684685 	-0.015097591 	-2.8716388e-08 	0.001122984 	0.52004322
0.00085885886 	-0.015097633 	-2.8912259e-08 	0.0011355368 	0.51803754
0.00087087087 	-0.015097674 	-2.910813e-08 	0.0011480897 	0.51603185
0.00088288288 	-0.015097716 	-2.9304001e-08 	0.0011606425 	0.51402617
0.00089489489 	-0.015097757 	-2.9499872e-08 	0.0011731954 	0.51202049
0.00090690691 	-0.015097799 	-2.9695743e-08 	0.0011857482 	0.51001481
0.00091891892 	-0.01509784 	-2.9891614e-08 	0.0011983011 	0.50800913
0.00093093093 	-0.015097882 	-3.0087486e-08 	0.0012108539 	0.50600345
0.00094294294 	-0.015097923 	-3.0283357e-08 	0.0012234068 	0.50399777
0.00095495495 	-0.015097965 	-3.0479228e-08 	0.0012359596 	0.50199209
0.00096696697 	-0.015098006 	-3.0675099e-08 	0.0012485125 	0.49998641
0.00097897898 	-0.015098048 	-3.087097e-08 	0.0012610653 	0.49798073
0.00099099099 	-0.015098089 	-3.1066841e-08 	0.0012736181 	0.49597504
0.001003003 	-0.015098131 	-3.1262712e-08 	0.001286171 	0.49396936
0.001015015 	-0.015098172 	-3.1458583e-08 	0.0012987238 	0.49196368
0.001027027 	-0.015098246 	-3.1727404e-08 	0.0013086286 	0.48891358
0.001039039 	-0.015098332 	-3.2024849e-08 	0.0013174944 	0.48545369
0.0010510511 	-0.015098418 	-3.2322294e-08 	0.0013263602 	0.48199379
0.0010630631 	-0.015098505 	-3.2619739e-08 	0.0013352259 	0.4785339
0.0010750751 	-0.015098591 	-3.2917184e-08 	0.0013440917 	0.47507401
0.0010870871 	-0.015098677 	-3.3224325e-08 	0.0013534009 	0.47157895
0.0010990991 	-0.015098763 	-3.3532411e-08 	0.0013627534 	0.46808046
0.0011111111 	-0.015098849 	-3.3840497e-08 	0.0013721058 	0.46458197
0.0011231231 	-0.015098935 	-3.4148583e-08 	0.0013814583 	0.46108349
0.0011351351 	-0.015099021 	-3.4456669e-08 	0.0013908107 	0.457585
0.0011471471 	-0.015099107 	-3.4764755e-08 	0.0014001632 	0.45408652
0.0011591592 	-0.015099194 	-3.5072841e-08 	0.0014095156 	0.45058803
0.0011711712 	-0.01509928 	-3.5380927e-08 	0.0014188681 	0.44708954
0.0011831832 	-0.015099366 	-3.5689012e-08 	0.0014282205 	0.44359106
0.0011951952 	-0.015099452 	-3.5997098e-08 	0.0014375729 	0.44009257
0.0012072072 	-0.015099538 	-3.6305184e-08 	0.0014469254 	0.43659408
0.0012192192 	-0.015099624 	-3.661327e-08 	0.0014562778 	0.4330956
0.0012312312 	-0.01509971 	-3.6921356e-08 	0.0014656303 	0.42959711
0.0012432432 	-0.015099796 	-3.7229442e-08 	0.0014749827 	0.42609863
0.0012552553 	-0.015099882 	-3.7537528e-08 	0.0014843352 	0.42260014
0.0012672673 	-0.015099969 	-3.7845614e-08 	0.0014936876 	0.41910165
0.0012792793 	-0.015100055 	-3.81537e-08 	0.0015030401 	0.41560317
0.0012912913 	-0.015100142 	-3.8444723e-08 	0.0015107057 	0.41219866
0.0013033033 	-0.015100234 	-3.866352e-08 	0.0015112319 	0.40919195
0.0013153153 	-0.015100326 	-3.8882318e-08 	0.001511758 	0.40618524
0.0013273273 	-0.015100418 	-3.9101116e-08 	0.0015122841 	0.40317852
0.0013393393 	-0.01510051 	-3.9319914e-08 	0.0015128102 	0.40017181
0.0013513514 	-0.015100605 	-3.9547598e-08 	0.0015135247 	0.39710654
0.0013633634 	-0.0151007 	-3.9775718e-08 	0.0015142483 	0.3940384
0.0013753754 	-0.015100795 	-4.0003839e-08 	0.001514972 	0.39097026
0.0013873874 	-0.01510089 	-4.0231959e-08 	0.0015156957 	0.38790212
0.0013993994 	-0.015100985 	-4.0460079e-08 	0.0015164194 	0.38483397
0.0014114114 	-0.01510108 	-4.0688199e-08 	0.0015171431 	0.38176583
0.0014234234 	-0.015101176 	-4.0916319e-08 	0.0015178668 	0.37869769
0.0014354354 	-0.015101271 	-4.1144439e-08 	0.0015185905 	0.37562955
0.0014474474 	-0.015101366 	-4.137256e-08 	0.0015193142 	0.37256141
0.0014594595 	-0.015101461 	-4.160068e-08 	0.0015200379 	0.36949327
0.0014714715 	-0.015101556 	-4.18288e-08 	0.0015207616 	0.36642513
0.0014834835 	-0.015101651 	-4.205692e-08 	0.0015214853 	0.36335699
0.0014954955 	-0.015101746 	-4.228504e-08 	0.001522209 	0.36028884
0.0015075075 	-0.015101841 	-4.251316e-08 	0.0015229326 	0.3572207
0.0015195195 	-0.015101936 	-4.274128e-08 	0.0015236563 	0.35415256
0.0015315315 	-0.015102028 	-4.2955403e-08 	0.001522613 	0.35111603
0.0015435435 	-0.015102114 	-4.3141286e-08 	0.0015180051 	0.34814327
0.0015555556 	-0.0151022 	-4.332717e-08 	0.0015133971 	0.34517051
0.0015675676 	-0.015102286 	-4.3513054e-08 	0.0015087891 	0.34219775
0.0015795796 	-0.015102374 	-4.3700934e-08 	0.0015041403 	0.33918405
0.0015915916 	-0.015102464 	-4.389017e-08 	0.0014994638 	0.33614253
0.0016036036 	-0.015102553 	-4.4079407e-08 	0.0014947873 	0.33310102
0.0016156156 	-0.015102643 	-4.4268643e-08 	0.0014901107 	0.3300595
0.0016276276 	-0.015102732 	-4.445788e-08 	0.0014854342 	0.32701798
0.0016396396 	-0.015102821 	-4.4647116e-08 	0.0014807577 	0.32397646
0.0016516517 	-0.015102911 	-4.4836353e-08 	0.0014760812 	0.32093495
0.0016636637 	-0.015103 	-4.502559e-08 	0.0014714046 	0.31789343
0.0016756757 	-0.01510309 	-4.5214826e-08 	0.0014667281 	0.31485191
0.0016876877 	-0.015103179 	-4.5404063e-08 	0.0014620516 	0.31181039
0.0016996997 	-0.015103268 	-4.5593299e-08 	0.001457375 	0.30876888
0.0017117117 	-0.015103358 	-4.5782536e-08 	0.0014526985 	0.30572736
0.0017237237 	-0.015103447 	-4.5971772e-08 	0.001448022 	0.30268584
0.0017357357 	-0.015103537 	-4.6161009e-08 	0.0014433455 	0.29964432
0.0017477477 	-0.015103618 	-4.6322496e-08 	0.0014359899 	0.29676252
0.0017597598 	-0.015103698 	-4.6478028e-08 	0.0014280593 	0.29391499
0.0017717718 	-0.015103777 	-4.6633559e-08 	0.0014201286 	0.29106747
0.0017837838 	-0.015103859 	-4.6786527e-08 	0.0014120558 	0.2881833
0.0017957958 	-0.015103942 	-4.6937219e-08 	0.0014038567 	0.28526658
0.0018078078 	-0.015104025 	-4.708791e-08 	0.0013956575 	0.28234987
0.0018198198 	-0.015104109 	-4.7238602e-08 	0.0013874584 	0.27943316
0.0018318318 	-0.015104192 	-4.7389293e-08 	0.0013792592 	0.27651645
0.0018438438 	-0.015104275 	-4.7539984e-08 	0.0013710601 	0.27359973
0.0018558559 	-0.015104358 	-4.7690676e-08 	0.001362861 	0.27068302
0.0018678679 	-0.015104442 	-4.7841367e-08 	0.0013546618 	0.26776631
0.0018798799 	-0.015104525 	-4.7992059e-08 	0.0013464627 	0.26484959
0.0018918919 	-0.015104608 	-4.814275e-08 	0.0013382636 	0.26193288
0.0019039039 	-0.015104691 	-4.8293441e-08 	0.0013300644 	0.25901617
0.0019159159 	-0.015104775 	-4.8444133e-08 	0.0013218653 	0.25609946
0.0019279279 	-0.015104853 	-4.8587881e-08 	0.0013129841 	0.25327348
0.0019399399 	-0.015104923 	-4.8720692e-08 	0.0013030285 	0.25059046
0.001951952 	-0.015104993 	-4.8853502e-08 	0.0012930729 	0.24790745
0.001963964 	-0.015105065 	-4.8980181e-08 	0.0012829211 	0.24519247
0.001975976 	-0.015105139 	-4.910034e-08 	0.0012725606 	0.24244351
0.001987988 	-0.015105212 	-4.9220499e-08 	0.0012622002 	0.23969455
0.002 	-0.015105286 	-4.9340658e-08 	0.0012518398 	0.23694559
0.002012012 	-0.01510536 	-4.9460816e-08 	0.0012414794 	0.23419663
0.002024024 	-0.015105434 	-4.9580975e-08 	0.001231119 	0.23144767
0.002036036 	-0.015105508 	-4.9701134e-08 	0.0012207586 	0.22869871
0.002048048 	-0.015105581 	-4.9821293e-08 	0.0012103982 	0.22594975
0.0020600601 	-0.015105655 	-4.9941451e-08 	0.0012000378 	0.2232008
0.0020720721 	-0.015105729 	-5.006161e-08 	0.0011896774 	0.22045184
0.0020840841 	-0.015105803 	-5.0181769e-08 	0.001179317 	0.21770288
0.0020960961 	-0.015105866 	-5.0298621e-08 	0.0011684241 	0.2151397
0.0021081081 	-0.015105926 	-5.0414546e-08 	0.0011573819 	0.21262865
0.0021201201 	-0.015105986 	-5.0526291e-08 	0.0011462323 	0.21010406
0.0021321321 	-0.01510605 	-5.0623307e-08 	0.0011347039 	0.20753176
0.0021441441 	-0.015106113 	-5.0720322e-08 	0.0011231756 	0.20495945
0.0021561562 	-0.015106177 	-5.0817337e-08 	0.0011116473 	0.20238715
0.0021681682 	-0.01510624 	-5.0914353e-08 	0.001100119 	0.19981484
0.0021801802 	-0.015106304 	-5.1011368e-08 	0.0010885906 	0.19724254
0.0021921922 	-0.015106368 	-5.1108384e-08 	0.0010770623 	0.19467023
0.0022042042 	-0.015106431 	-5.1205399e-08 	0.001065534 	0.19209792
0.0022162162 	-0.015106495 	-5.1302415e-08 	0.0010540057 	0.18952562
0.0022282282 	-0.015106558 	-5.139943e-08 	0.0010424773 	0.18695331
0.0022402402 	-0.015106611 	-5.1499804e-08 	0.0010309582 	0.18455732
0.0022522523 	-0.015106662 	-5.1601099e-08 	0.0010194416 	0.18220968
0.0022642643 	-0.015106714 	-5.1689938e-08 	0.0010076464 	0.17983228
0.0022762763 	-0.015106767 	-5.1767646e-08 	0.00099560215 	0.17742828
0.0022882883 	-0.015106821 	-5.1845353e-08 	0.0009835579 	0.17502428
0.0023003003 	-0.015106875 	-5.192306e-08 	0.00097151365 	0.17262028
0.0023123123 	-0.015106928 	-5.2000767e-08 	0.00095946939 	0.17021628
0.0023243243 	-0.015106982 	-5.2078474e-08 	0.00094742514 	0.16781227
0.0023363363 	-0.015107036 	-5.2156181e-08 	0.00093538089 	0.16540827
0.0023483483 	-0.015107089 	-5.2233888e-08 	0.00092333663 	0.16300427
0.0023603604 	-0.015107141 	-5.2313047e-08 	0.00091138254 	0.16064303
0.0023723724 	-0.015107182 	-5.2397699e-08 	0.0008997695 	0.15844357
0.0023843844 	-0.015107224 	-5.2476513e-08 	0.00088803741 	0.15623273
0.0023963964 	-0.015107269 	-5.2534576e-08 	0.00087588209 	0.15398143
0.0024084084 	-0.015107314 	-5.2592638e-08 	0.00086372677 	0.15173014
0.0024204204 	-0.015107358 	-5.26507e-08 	0.00085157146 	0.14947884
0.0024324324 	-0.015107403 	-5.2708763e-08 	0.00083941614 	0.14722754
0.0024444444 	-0.015107448 	-5.2766825e-08 	0.00082726082 	0.14497625
0.0024564565 	-0.015107492 	-5.2824887e-08 	0.0008151055 	0.14272495
0.0024684685 	-0.015107537 	-5.288295e-08 	0.00080295018 	0.14047365
0.0024804805 	-0.015107572 	-5.2945593e-08 	0.00079138864 	0.13838441
0.0024924925 	-0.015107606 	-5.3005162e-08 	0.00077983277 	0.13630978
0.0025045045 	-0.015107642 	-5.3040564e-08 	0.00076780886 	0.13419358
0.0025165165 	-0.015107678 	-5.3075967e-08 	0.00075578494 	0.13207737
0.0025285285 	-0.015107715 	-5.311137e-08 	0.00074376102 	0.12996117
0.0025405405 	-0.015107751 	-5.3146772e-08 	0.0007317371 	0.12784496
0.0025525526 	-0.015107787 	-5.3182175e-08 	0.00071971319 	0.12572875
0.0025645646 	-0.015107823 	-5.3217577e-08 	0.00070768927 	0.12361255
0.0025765766 	-0.015107853 	-5.325275e-08 	0.00069620171 	0.12160459
0.0025885886 	-0.015107878 	-5.32844e-08 	0.00068491977 	0.11964554
0.0026006006 	-0.015107907 	-5.3291044e-08 	0.00067317423 	0.11764729
0.0026126126 	-0.015107935 	-5.3297687e-08 	0.00066142869 	0.11564904
0.0026246246 	-0.015107963 	-5.3304331e-08 	0.00064968314 	0.11365078
0.0026366366 	-0.015107991 	-5.3310975e-08 	0.0006379376 	0.11165253
0.0026486486 	-0.015108019 	-5.3317618e-08 	0.00062619206 	0.10965428
0.0026606607 	-0.015108044 	-5.3320538e-08 	0.0006148085 	0.10771655
0.0026726727 	-0.015108066 	-5.331671e-08 	0.00060389519 	0.10586004
0.0026846847 	-0.015108091 	-5.3286239e-08 	0.0005924889 	0.10396416
0.0026966967 	-0.015108116 	-5.3255769e-08 	0.00058108261 	0.10206828
0.0027087087 	-0.015108141 	-5.3225299e-08 	0.00056967631 	0.1001724
0.0027207207 	-0.015108166 	-5.3194829e-08 	0.00055827002 	0.098276522
0.0027327327 	-0.015108194 	-5.3161762e-08 	0.00054634931 	0.096297205
0.0027447447 	-0.015108298 	-5.3049543e-08 	0.00051875308 	0.091775326
0.0027567568 	-0.015108412 	-5.2879555e-08 	0.00048973999 	0.087126144
0.0027687688 	-0.015108528 	-5.2697736e-08 	0.00046043673 	0.082450891
0.0027807808 	-0.015108644 	-5.2515917e-08 	0.00043113347 	0.077775639
0.0027927928 	-0.01510876 	-5.2334098e-08 	0.00040183021 	0.073100386
0.0028048048 	-0.015108824 	-5.222386e-08 	0.00038153141 	0.06986681
0.0028168168 	-0.015108812 	-5.2220993e-08 	0.0003747393 	0.068795751
0.0028288288 	-0.015108799 	-5.2218126e-08 	0.00036794719 	0.067724692
0.0028408408 	-0.015108786 	-5.2215259e-08 	0.00036115508 	0.066653633
0.0028528529 	-0.015108774 	-5.2212392e-08 	0.00035436296 	0.065582574
0.0028648649 	-0.015108761 	-5.2209525e-08 	0.00034757085 	0.064511514
0.0028768769 	-0.015108748 	-5.2206658e-08 	0.00034077874 	0.063440455
0.0028888889 	-0.015108736 	-5.2203791e-08 	0.00033398663 	0.062369396
0.0029009009 	-0.015108723 	-5.2200924e-08 	0.00032719452 	0.061298337
0.0029129129 	-0.015108711 	-5.2185091e-08 	0.00032018903 	0.06021177
0.0029249249 	-0.015108699 	-5.2167624e-08 	0.00031315663 	0.059123248
0.0029369369 	-0.015108687 	-5.2150157e-08 	0.00030612424 	0.058034726
0.0029489489 	-0.015108674 	-5.213269e-08 	0.00029909184 	0.056946204
0.002960961 	-0.015108662 	-5.2115223e-08 	0.00029205945 	0.055857682
0.002972973 	-0.01510865 	-5.2097756e-08 	0.00028502705 	0.05476916
0.002984985 	-0.015108638 	-5.2080289e-08 	0.00027799466 	0.053680638
0.002996997 	-0.015108626 	-5.2062822e-08 	0.00027096227 	0.052592116
0.003009009 	-0.015108614 	-5.2045355e-08 	0.00026392987 	0.051503594
0.003021021 	-0.015108602 	-5.2027888e-08 	0.00025689748 	0.050415072
0.003033033 	-0.01510859 	-5.2010421e-08 	0.00024986508 	0.04932655
0.003045045 	-0.015108578 	-5.1992954e-08 	0.00024283269 	0.048238028
0.0030570571 	-0.015108565 	-5.1975487e-08 	0.00023580029 	0.047149506
0.0030690691 	-0.015108553 	-5.1958021e-08 	0.0002287679 	0.046060984
0.0030810811 	-0.015108541 	-5.1940554e-08 	0.0002217355 	0.044972462
0.0030930931 	-0.015108529 	-5.1923087e-08 	0.00021470311 	0.04388394
0.0031051051 	-0.015108517 	-5.190562e-08 	0.00020767072 	0.042795418
0.0031171171 	-0.015108505 	-5.1888153e-08 	0.00020063832 	0.041706896
0.0031291291 	-0.015108493 	-5.1870686e-08 	0.00019360593 	0.040618374
0.0031411411 	-0.015108481 	-5.1853219e-08 	0.00018657353 	0.039529852
0.0031531532 	-0.015108469 	-5.1835752e-08 	0.00017954114 	0.03844133
0.0031651652 	-0.015108457 	-5.1818285e-08 	0.00017250874 	0.037352808
0.0031771772 	-0.015108444 	-5.1800818e-08 	0.00016547635 	0.036264286
0.0031891892 	-0.015108432 	-5.1783351e-08 	0.00015844396 	0.035175764
0.0032012012 	-0.01510842 	-5.1765884e-08 	0.00015141156 	0.034087242
0.0032132132 	-0.015108408 	-5.1748417e-08 	0.00014437917 	0.03299872
0.0032252252 	-0.015108396 	-5.173095e-08 	0.00013734677 	0.031910198
0.0032372372 	-0.015108384 	-5.1713483e-08 	0.00013031438 	0.030821676
0.0032492492 	-0.015108372 	-5.1696016e-08 	0.00012328198 	0.029733154
0.0032612613 	-0.01510836 	-5.1678549e-08 	0.00011624959 	0.028644632
0.0032732733 	-0.015108348 	-5.1661082e-08 	0.00010921719 	0.02755611
0.0032852853 	-0.015108336 	-5.1643615e-08 	0.0001021848 	0.026467588
0.0032972973 	-0.015108307 	-5.1652381e-08 	9.6328063e-05 	0.025469464
0.0033093093 	-0.015108277 	-5.1662873e-08 	9.0548735e-05 	0.024477292
0.0033213213 	-0.015108246 	-5.1673366e-08 	8.4769408e-05 	0.02348512
0.0033333333 	-0.015108216 	-5.1683859e-08 	7.899008e-05 	0.022492948
0.0033453453 	-0.015108186 	-5.1694351e-08 	7.3210753e-05 	0.021500776
0.0033573574 	-0.015108156 	-5.1704844e-08 	6.7431425e-05 	0.020508604
0.0033693694 	-0.015108126 	-5.1715337e-08 	6.1652098e-05 	0.019516432
0.0033813814 	-0.015108096 	-5.1721562e-08 	5.5852493e-05 	0.018519068
0.0033933934 	-0.015108064 	-5.1722227e-08 	5.0026458e-05 	0.017514938
0.0034054054 	-0.015108033 	-5.1722891e-08 	4.4200423e-05 	0.016510807
0.0034174174 	-0.015108001 	-5.1723556e-08 	3.8374389e-05 	0.015506676
0.0034294294 	-0.015107969 	-5.172422e-08 	3.2548354e-05 	0.014502546
0.0034414414 	-0.015107938 	-5.1724885e-08 	2.672232e-05 	0.013498415
0.0034534535 	-0.015107906 	-5.1725549e-08 	2.0896285e-05 	0.012494285
0.0034654655 	-0.015107875 	-5.1726214e-08 	1.5070251e-05 	0.011490154
0.0034774775 	-0.015107843 	-5.1726878e-08 	9.2442164e-06 	0.010486023
0.0034894895 	-0.015107812 	-5.1727543e-08 	3.4181819e-06 	0.0094818929
0.0035015015 	-0.01510778 	-5.1728207e-08 	-2.4078526e-06 	0.0084777623
0.0035135135 	-0.015107749 	-5.1728872e-08 	-8.2338871e-06 	0.0074736317
0.0035255255 	-0.015107717 	-5.1729537e-08 	-1.4059922e-05 	0.0064695011
0.0035375375 	-0.015107686 	-5.1730201e-08 	-1.9885956e-05 	0.0054653706
0.0035495495 	-0.015107654 	-5.1730866e-08 	-2.5711991e-05 	0.00446124
0.0035615616 	-0.015107623 	-5.173153e-08 	-3.1538025e-05 	0.0034571094
0.0035735736 	-0.015107591 	-5.1732195e-08 	-3.736406e-05 	0.0024529788
0.0035855856 	-0.01510756 	-5.1732859e-08 	-4.3190094e-05 	0.0014488482
0.0035975976 	-0.015107528 	-5.1733524e-08 	-4.9016129e-05 	0.00044471766
0.0036096096 	-0.015107497 	-5.1734188e-08 	-5.4842163e-05 	-0.00055941292
0.0036216216 	-0.015107465 	-5.1734853e-08 	-6.0668198e-05 	-0.0015635435
0.0036336336 	-0.015107434 	-5.1735517e-08 	-6.6494232e-05 	-0.0025676741
0.0036456456 	-0.015107402 	-5.1736182e-08 	-7.2320267e-05 	-0.0035718047
0.0036576577 	-0.015107371 	-5.1736846e-08 	-7.8146301e-05 	-0.0045759352
0.0036696697 	-0.015107339 	-5.1737511e-08 	-8.3972336e-05 	-0.0055800658
0.0036816817 	-0.015107308 	-5.1738175e-08 	-8.979837e-05 	-0.0065841964
0.0036936937 	-0.015107276 	-5.173884e-08 	-9.5624405e-05 	-0.007588327
0.0037057057 	-0.015107245 	-5.1739504e-08 	-0.00010145044 	-0.0085924576
0.0037177177 	-0.015107213 	-5.1727501e-08 	-0.00010636848 	-0.009496004
0.0037297297 	-0.015107183 	-5.1680803e-08 	-0.00010879981 	-0.010124083
0.0037417417 	-0.015107152 	-5.1634105e-08 	-0.00011123114 	-0.010752162
0.0037537538 	-0.015107121 	-5.1587408e-08 	-0.00011366247 	-0.011380241
0.0037657658 	-0.01510709 	-5.154071e-08 	-0.00011609381 	-0.012008321
0.0037777778 	-0.015107059 	-5.1494012e-08 	-0.00011852514 	-0.0126364
0.0037897898 	-0.015107028 	-5.1447315e-08 	-0.00012095647 	-0.013264479
0.0038018018 	-0.015106996 	-5.1401143e-08 	-0.00012326624 	-0.013896626
0.0038138138 	-0.015106964 	-5.1355251e-08 	-0.00012551111 	-0.014530944
0.0038258258 	-0.015106932 	-5.130936e-08 	-0.00012775599 	-0.015165263
0.0038378378 	-0.015106899 	-5.1263469e-08 	-0.00013000086 	-0.015799581
0.0038498498 	-0.015106867 	-5.1217577e-08 	-0.00013224574 	-0.016433899
0.0038618619 	-0.015106835 	-5.1171686e-08 	-0.00013449061 	-0.017068218
0.0038738739 	-0.015106802 	-5.1125795e-08 	-0.00013673549 	-0.017702536
0.0038858859 	-0.01510677 	-5.1079903e-08 	-0.00013898036 	-0.018336855
0.0038978979 	-0.015106738 	-5.1034012e-08 	-0.00014122523 	-0.018971173
0.0039099099 	-0.015106706 	-5.0988121e-08 	-0.00014347011 	-0.019605492
0.0039219219 	-0.015106673 	-5.0942229e-08 	-0.00014571498 	-0.02023981
0.0039339339 	-0.015106641 	-5.0896338e-08 	-0.00014795986 	-0.020874128
0.0039459459 	-0.015106609 	-5.0850446e-08 	-0.00015020473 	-0.021508447
0.003957958 	-0.015106576 	-5.0804555e-08 	-0.00015244961 	-0.022142765
0.00396997 	-0.015106544 	-5.0758664e-08 	-0.00015469448 	-0.022777084
0.003981982 	-0.015106512 	-5.0712772e-08 	-0.00015693936 	-0.023411402
0.003993994 	-0.015106479 	-5.0666881e-08 	-0.00015918423 	-0.02404572
0.004006006 	-0.015106447 	-5.062099e-08 	-0.0001614291 	-0.024680039
0.004018018 	-0.015106415 	-5.0575098e-08 	-0.00016367398 	-0.025314357
0.00403003 	-0.015106382 	-5.0529207e-08 	-0.00016591885 	-0.025948676
0.004042042 	-0.01510635 	-5.0483316e-08 	-0.00016816373 	-0.026582994
0.0040540541 	-0.015106318 	-5.0437424e-08 	-0.0001704086 	-0.027217313
0.0040660661 	-0.015106285 	-5.0391533e-08 	-0.00017265348 	-0.027851631
0.0040780781 	-0.015106253 	-5.0345642e-08 	-0.00017489835 	-0.028485949
0.0040900901 	-0.015106221 	-5.029975e-08 	-0.00017714323 	-0.029120268
0.0041021021 	-0.015106193 	-5.0175264e-08 	-0.00017788718 	-0.029516223
0.0041141141 	-0.015106165 	-5.0033578e-08 	-0.00017830268 	-0.029860015
0.0041261261 	-0.015106138 	-4.9891892e-08 	-0.00017871818 	-0.030203808
0.0041381381 	-0.015106111 	-4.9750206e-08 	-0.00017913368 	-0.0305476
0.0041501502 	-0.015106084 	-4.9608521e-08 	-0.00017954918 	-0.030891392
0.0041621622 	-0.015106056 	-4.9466835e-08 	-0.00017996468 	-0.031235185
0.0041741742 	-0.015106028 	-4.9335079e-08 	-0.00018008663 	-0.031583175
0.0041861862 	-0.015105999 	-4.9203442e-08 	-0.00018020509 	-0.031931215
0.0041981982 	-0.015105971 	-4.9071804e-08 	-0.00018032356 	-0.032279255
0.0042102102 	-0.015105942 	-4.8940167e-08 	-0.00018044202 	-0.032627295
0.0042222222 	-0.015105913 	-4.8808529e-08 	-0.00018056049 	-0.032975335
0.0042342342 	-0.015105885 	-4.8676891e-08 	-0.00018067896 	-0.033323375
0.0042462462 	-0.015105856 	-4.8545254e-08 	-0.00018079742 	-0.033671415
0.0042582583 	-0.015105828 	-4.8413616e-08 	-0.00018091589 	-0.034019455
0.0042702703 	-0.015105799 	-4.8281979e-08 	-0.00018103436 	-0.034367495
0.0042822823 	-0.01510577 	-4.8150341e-08 	-0.00018115282 	-0.034715535
0.0042942943 	-0.015105742 	-4.8018703e-08 	-0.00018127129 	-0.035063575
0.0043063063 	-0.015105713 	-4.7887066e-08 	-0.00018138976 	-0.035411615
0.0043183183 	-0.015105684 	-4.7755428e-08 	-0.00018150822 	-0.035759655
0.0043303303 	-0.015105656 	-4.7623791e-08 	-0.00018162669 	-0.036107695
0.0043423423 	-0.015105627 	-4.7492153e-08 	-0.00018174515 	-0.036455735
0.0043543544 	-0.015105599 	-4.7360516e-08 	-0.00018186362 	-0.036803775
0.0043663664 	-0.01510557 	-4.7228878e-08 	-0.00018198209 	-0.037151815
0.0043783784 	-0.015105541 	-4.709724e-08 	-0.00018210055 	-0.037499855
0.0043903904 	-0.015105513 	-4.6965603e-08 	-0.00018221902 	-0.037847895
0.0044024024 	-0.015105484 	-4.6833965e-08 	-0.00018233749 	-0.038195935
0.0044144144 	-0.015105456 	-4.6702328e-08 	-0.00018245595 	-0.038543975
0.0044264264 	-0.015105428 	-4.6560366e-08 	-0.00018248555 	-0.038869287
0.0044384384 	-0.015105407 	-4.6322332e-08 	-0.00018168822 	-0.038983113
0.0044504505 	-0.015105386 	-4.6084297e-08 	-0.00018089089 	-0.039096938
0.0044624625 	-0.015105365 	-4.5846263e-08 	-0.00018009356 	-0.039210764
0.0044744745 	-0.015105344 	-4.5608229e-08 	-0.00017929623 	-0.039324589
0.0044864865 	-0.015105323 	-4.5370195e-08 	-0.0001784989 	-0.039438415
0.0044984985 	-0.015105301 	-4.514866e-08 	-0.00017737093 	-0.039555866
0.0045105105 	-0.015105279 	-4.4927894e-08 	-0.00017622754 	-0.039673487
0.0045225225 	-0.015105257 	-4.4707129e-08 	-0.00017508414 	-0.039791107
0.0045345345 	-0.015105235 	-4.4486363e-08 	-0.00017394075 	-0.039908728
0.0045465465 	-0.015105213 	-4.4265597e-08 	-0.00017279736 	-0.040026348
0.0045585586 	-0.015105191 	-4.4044832e-08 	-0.00017165396 	-0.040143969
0.0045705706 	-0.015105169 	-4.3824066e-08 	-0.00017051057 	-0.040261589
0.0045825826 	-0.015105147 	-4.36033e-08 	-0.00016936718 	-0.04037921
0.0045945946 	-0.015105125 	-4.3382535e-08 	-0.00016822378 	-0.04049683
0.0046066066 	-0.015105103 	-4.3161769e-08 	-0.00016708039 	-0.040614451
0.0046186186 	-0.015105081 	-4.2941003e-08 	-0.000165937 	-0.040732071
0.0046306306 	-0.015105059 	-4.2720238e-08 	-0.0001647936 	-0.040849692
0.0046426426 	-0.015105037 	-4.2499472e-08 	-0.00016365021 	-0.040967312
0.0046546547 	-0.015105015 	-4.2278706e-08 	-0.00016250682 	-0.041084933
0.0046666667 	-0.015104993 	-4.2057941e-08 	-0.00016136342 	-0.041202554
0.0046786787 	-0.015104971 	-4.1837175e-08 	-0.00016022003 	-0.041320174
0.0046906907 	-0.015104949 	-4.1616409e-08 	-0.00015907664 	-0.041437795
0.0047027027 	-0.015104927 	-4.1395644e-08 	-0.00015793324 	-0.041555415
0.0047147147 	-0.015104905 	-4.1174878e-08 	-0.00015678985 	-0.041673036
0.0047267267 	-0.015104888 	-4.0890114e-08 	-0.00015545006 	-0.041663515
0.0047387387 	-0.015104874 	-4.0571836e-08 	-0.00015400741 	-0.041587415
0.0047507508 	-0.01510486 	-4.0253558e-08 	-0.00015256477 	-0.041511315
0.0047627628 	-0.015104846 	-3.993528e-08 	-0.00015112212 	-0.041435216
0.0047747748 	-0.015104832 	-3.9619812e-08 	-0.00014963627 	-0.041359613
0.0047867868 	-0.015104818 	-3.9324286e-08 	-0.00014784383 	-0.041287539
0.0047987988 	-0.015104803 	-3.9028759e-08 	-0.00014605139 	-0.041215465
0.0048108108 	-0.015104789 	-3.8733233e-08 	-0.00014425896 	-0.041143391
0.0048228228 	-0.015104774 	-3.8437706e-08 	-0.00014246652 	-0.041071317
0.0048348348 	-0.01510476 	-3.814218e-08 	-0.00014067408 	-0.040999243
0.0048468468 	-0.015104745 	-3.7846653e-08 	-0.00013888164 	-0.040927169
0.0048588589 	-0.015104731 	-3.7551127e-08 	-0.00013708921 	-0.040855095
0.0048708709 	-0.015104716 	-3.7255601e-08 	-0.00013529677 	-0.040783021
0.0048828829 	-0.015104702 	-3.6960074e-08 	-0.00013350433 	-0.040710947
0.0048948949 	-0.015104687 	-3.6664548e-08 	-0.00013171189 	-0.040638873
0.0049069069 	-0.015104673 	-3.6369021e-08 	-0.00012991946 	-0.040566799
0.0049189189 	-0.015104658 	-3.6073495e-08 	-0.00012812702 	-0.040494725
0.0049309309 	-0.015104644 	-3.5777968e-08 	-0.00012633458 	-0.040422651
0.0049429429 	-0.015104629 	-3.5482442e-08 	-0.00012454214 	-0.040350577
0.004954955 	-0.015104615 	-3.5186915e-08 	-0.00012274971 	-0.040278502
0.004966967 	-0.015104601 	-3.4891389e-08 	-0.00012095727 	-0.040206428
0.004978979 	-0.015104587 	-3.4586864e-08 	-0.00011917624 	-0.040116508
0.004990991 	-0.015104579 	-3.4209226e-08 	-0.00011748795 	-0.039881577
0.005003003 	-0.015104572 	-3.3831588e-08 	-0.00011579965 	-0.039646647
0.005015015 	-0.015104564 	-3.3453949e-08 	-0.00011411136 	-0.039411716
0.005027027 	-0.015104556 	-3.3079373e-08 	-0.00011238633 	-0.039177307
0.005039039 	-0.015104549 	-3.2728709e-08 	-0.00011037443 	-0.038946967
0.0050510511 	-0.015104542 	-3.2378045e-08 	-0.00010836252 	-0.038716627
0.0050630631 	-0.015104534 	-3.2027381e-08 	-0.00010635062 	-0.038486287
0.0050750751 	-0.015104527 	-3.1676717e-08 	-0.00010433872 	-0.038255947
0.0050870871 	-0.015104519 	-3.1326053e-08 	-0.00010232682 	-0.038025607
0.0050990991 	-0.015104512 	-3.0975389e-08 	-0.00010031492 	-0.037795267
0.0051111111 	-0.015104504 	-3.0624725e-08 	-9.830302e-05 	-0.037564926
0.0051231231 	-0.015104497 	-3.0274061e-08 	-9.6291119e-05 	-0.037334586
0.0051351351 	-0.015104489 	-2.9923397e-08 	-9.4279218e-05 	-0.037104246
0.0051471471 	-0.015104482 	-2.9572733e-08 	-9.2267317e-05 	-0.036873906
0.0051591592 	-0.015104474 	-2.9222069e-08 	-9.0255416e-05 	-0.036643566
0.0051711712 	-0.015104467 	-2.8871405e-08 	-8.8243515e-05 	-0.036413226
0.0051831832 	-0.015104459 	-2.8520741e-08 	-8.6231614e-05 	-0.036182886
0.0051951952 	-0.015104452 	-2.8170077e-08 	-8.4219713e-05 	-0.035952546
0.0052072072 	-0.015104445 	-2.7811741e-08 	-8.2248348e-05 	-0.035706389
0.0052192192 	-0.015104443 	-2.7393894e-08 	-8.059147e-05 	-0.035337522
0.0052312312 	-0.015104441 	-2.6976047e-08 	-7.8934592e-05 	-0.034968654
0.0052432432 	-0.015104439 	-2.65582e-08 	-7.7277714e-05 	-0.034599787
0.0052552553 	-0.015104437 	-2.615826e-08 	-7.5455931e-05 	-0.034234065
0.0052672673 	-0.015104436 	-2.5770699e-08 	-7.3520156e-05 	-0.033870519
0.0052792793 	-0.015104434 	-2.5383138e-08 	-7.1584382e-05 	-0.033506972
0.0052912913 	-0.015104433 	-2.4995577e-08 	-6.9648607e-05 	-0.033143425
0.0053033033 	-0.015104431 	-2.4608016e-08 	-6.7712833e-05 	-0.032779879
0.0053153153 	-0.01510443 	-2.4220455e-08 	-6.5777058e-05 	-0.032416332
0.0053273273 	-0.015104429 	-2.3832894e-08 	-6.3841284e-05 	-0.032052786
0.0053393393 	-0.015104427 	-2.3445333e-08 	-6.1905509e-05 	-0.031689239
0.0053513514 	-0.015104426 	-2.3057772e-08 	-5.9969735e-05 	-0.031325692
0.0053633634 	-0.015104424 	-2.2670211e-08 	-5.803396e-05 	-0.030962146
0.0053753754 	-0.015104423 	-2.2282651e-08 	-5.6098186e-05 	-0.030598599
0.0053873874 	-0.015104421 	-2.189509e-08 	-5.4162411e-05 	-0.030235052
0.0053993994 	-0.01510442 	-2.1507529e-08 	-5.2226637e-05 	-0.029871506
0.0054114114 	-0.01510442 	-2.1099577e-08 	-5.0474403e-05 	-0.029464168
0.0054234234 	-0.015104423 	-2.0656607e-08 	-4.9037386e-05 	-0.028981622
0.0054354354 	-0.015104425 	-2.0213637e-08 	-4.760037e-05 	-0.028499076
0.0054474474 	-0.015104428 	-1.9779291e-08 	-4.6104826e-05 	-0.028018135
0.0054594595 	-0.015104432 	-1.936921e-08 	-4.4444626e-05 	-0.027541709
0.0054714715 	-0.015104435 	-1.8959128e-08 	-4.2784426e-05 	-0.027065284
0.0054834835 	-0.015104439 	-1.8549047e-08 	-4.1124227e-05 	-0.026588859
0.0054954955 	-0.015104442 	-1.8138966e-08 	-3.9464027e-05 	-0.026112433
0.0055075075 	-0.015104446 	-1.7728885e-08 	-3.7803827e-05 	-0.025636008
0.0055195195 	-0.01510445 	-1.7318803e-08 	-3.6143627e-05 	-0.025159583
0.0055315315 	-0.015104453 	-1.6908722e-08 	-3.4483428e-05 	-0.024683157
0.0055435435 	-0.015104457 	-1.6498641e-08 	-3.2823228e-05 	-0.024206732
0.0055555556 	-0.01510446 	-1.6088559e-08 	-3.1163028e-05 	-0.023730307
0.0055675676 	-0.015104464 	-1.5678478e-08 	-2.9502828e-05 	-0.023253881
0.0055795796 	-0.015104468 	-1.5268397e-08 	-2.7842628e-05 	-0.022777456
0.0055915916 	-0.015104473 	-1.4829804e-08 	-2.6528481e-05 	-0.022238648
0.0056036036 	-0.01510448 	-1.4372573e-08 	-2.5440546e-05 	-0.021659062
0.0056156156 	-0.015104486 	-1.3915342e-08 	-2.4352611e-05 	-0.021079475
0.0056276276 	-0.015104494 	-1.3488373e-08 	-2.3125241e-05 	-0.020505892
0.0056396396 	-0.015104502 	-1.3066058e-08 	-2.1876425e-05 	-0.019933234
0.0056516517 	-0.01510451 	-1.2643743e-08 	-2.0627609e-05 	-0.019360575
0.0056636637 	-0.015104518 	-1.2221428e-08 	-1.9378794e-05 	-0.018787916
0.0056756757 	-0.015104526 	-1.1799113e-08 	-1.8129978e-05 	-0.018215257
0.0056876877 	-0.015104534 	-1.1376798e-08 	-1.6881162e-05 	-0.017642598
0.0056996997 	-0.015104542 	-1.0954483e-08 	-1.5632346e-05 	-0.017069939
0.0057117117 	-0.01510455 	-1.0532168e-08 	-1.438353e-05 	-0.01649728
0.0057237237 	-0.015104558 	-1.0109853e-08 	-1.3134715e-05 	-0.015924621
0.0057357357 	-0.015104566 	-9.6875378e-09 	-1.1885899e-05 	-0.015351962
0.0057477477 	-0.015104574 	-9.2406344e-09 	-1.098057e-05 	-0.014726119
0.0057597598 	-0.015104584 	-8.7766101e-09 	-1.0314409e-05 	-0.014063243
0.0057717718 	-0.015104593 	-8.3189928e-09 	-9.6312444e-06 	-0.013401721
0.0057837838 	-0.015104604 	-7.8914307e-09 	-8.8683132e-06 	-0.012746546
0.0057957958 	-0.015104614 	-7.4638685e-09 	-8.105382e-06 	-0.012091371
0.0058078078 	-0.015104625 	-7.0363064e-09 	-7.3424508e-06 	-0.011436195
0.0058198198 	-0.015104636 	-6.6087443e-09 	-6.5795196e-06 	-0.01078102
0.0058318318 	-0.015104646 	-6.1811821e-09 	-5.8165884e-06 	-0.010125845
0.0058438438 	-0.015104657 	-5.75362e-09 	-5.0536572e-06 	-0.0094706699
0.0058558559 	-0.015104668 	-5.3260579e-09 	-4.290726e-06 	-0.0088154947
0.0058678679 	-0.015104678 	-4.8984957e-09 	-3.5277948e-06 	-0.0081603195
0.0058798799 	-0.01510469 	-4.4651893e-09 	-2.823963e-06 	-0.0074934734
0.0058918919 	-0.015104708 	-3.9878693e-09 	-2.5729616e-06 	-0.006737202
0.0059039039 	-0.015104726 	-3.5105492e-09 	-2.3219602e-06 	-0.0059809306
0.0059159159 	-0.015104745 	-3.0713072e-09 	-2.0321466e-06 	-0.0052332192
0.0059279279 	-0.015104763 	-2.6325491e-09 	-1.74184e-06 	-0.0044856164
0.0059399399 	-0.015104781 	-2.1937909e-09 	-1.4515333e-06 	-0.0037380137
0.005951952 	-0.015104799 	-1.7550327e-09 	-1.1612266e-06 	-0.0029904109
0.005963964 	-0.015104817 	-1.3162745e-09 	-8.7091999e-07 	-0.0022428082
0.005975976 	-0.015104835 	-8.7751635e-10 	-5.8061332e-07 	-0.0014952055
0.005987988 	-0.015104853 	-4.3875818e-10 	-2.9030666e-07 	-0.00074760274
0.006 	-0.015104871 	-3.1998609e-21 	-2.1172048e-18 	-5.4522625e-15
