-0.006 	0.29806727 	0 	0 	0
-0.005987988 	0.29806728 	2.0486674e-14 	1.5736921e-06 	0.00035723796
-0.005975976 	0.2980673 	4.0973348e-14 	3.1473842e-06 	0.00071447592
-0.005963964 	0.29806731 	6.1460022e-14 	4.7210763e-06 	0.0010717139
-0.005951952 	0.29806733 	8.1946696e-14 	6.2947685e-06 	0.0014289518
-0.0059399399 	0.29806734 	1.0243337e-13 	7.8684606e-06 	0.0017861898
-0.0059279279 	0.29806735 	1.2292004e-13 	9.4421527e-06 	0.0021434278
-0.0059159159 	0.29806737 	1.4340672e-13 	1.1015845e-05 	0.0025006657
-0.0059039039 	0.29806738 	1.6389339e-13 	1.2589537e-05 	0.0028579037
-0.0058918919 	0.29806738 	1.838234e-13 	1.5712122e-05 	0.0032142941
-0.0058798799 	0.29806719 	1.9447702e-13 	4.4645724e-05 	0.0035565606
-0.0058678679 	0.298067 	2.0513064e-13 	7.3579325e-05 	0.0038988271
-0.0058558559 	0.29806682 	2.1578427e-13 	0.00010251293 	0.0042410936
-0.0058438438 	0.29806663 	2.2643789e-13 	0.00013144653 	0.0045833601
-0.0058318318 	0.29806652 	2.3630313e-13 	0.00014989585 	0.0049272731
-0.0058198198 	0.29806654 	2.4497532e-13 	0.00015247965 	0.0052736776
-0.0058078078 	0.29806655 	2.5364752e-13 	0.00015506346 	0.005620082
-0.0057957958 	0.29806657 	2.6231971e-13 	0.00015764726 	0.0059664865
-0.0057837838 	0.29806659 	2.7099191e-13 	0.00016023107 	0.006312891
-0.0057717718 	0.2980666 	2.796641e-13 	0.00016281487 	0.0066592955
-0.0057597598 	0.29806662 	2.883363e-13 	0.00016539868 	0.0070057
-0.0057477477 	0.29806664 	2.9700849e-13 	0.00016798248 	0.0073521044
-0.0057357357 	0.29806665 	3.0568069e-13 	0.00017056629 	0.0076985089
-0.0057237237 	0.29806667 	3.1435288e-13 	0.00017315009 	0.0080449134
-0.0057117117 	0.29806659 	3.2183098e-13 	0.00017990521 	0.0083898209
-0.0056996997 	0.29806622 	3.2578886e-13 	0.00019895747 	0.0087303155
-0.0056876877 	0.29806585 	3.2974674e-13 	0.00021800973 	0.00907081
-0.0056756757 	0.29806547 	3.3370463e-13 	0.00023706199 	0.0094113045
-0.0056636637 	0.2980651 	3.3766251e-13 	0.00025611425 	0.009751799
-0.0056516517 	0.29806473 	3.4162039e-13 	0.00027516651 	0.010092293
-0.0056396396 	0.29806472 	3.5211806e-13 	0.0002789954 	0.010434295
-0.0056276276 	0.29806471 	3.6282603e-13 	0.00028233472 	0.010776344
-0.0056156156 	0.29806471 	3.7353401e-13 	0.00028567404 	0.011118393
-0.0056036036 	0.2980647 	3.8424199e-13 	0.00028901336 	0.011460443
-0.0055915916 	0.2980647 	3.9494997e-13 	0.00029235268 	0.011802492
-0.0055795796 	0.2980647 	4.0565795e-13 	0.00029569201 	0.012144542
-0.0055675676 	0.29806469 	4.1636592e-13 	0.00029903133 	0.012486591
-0.0055555556 	0.29806469 	4.270739e-13 	0.00030237065 	0.012828641
-0.0055435435 	0.29806468 	4.3778188e-13 	0.00030570997 	0.01317069
-0.0055315315 	0.29806468 	4.4848986e-13 	0.00030904929 	0.01351274
-0.0055195195 	0.29806468 	4.5919784e-13 	0.00031238862 	0.013854789
-0.0055075075 	0.2980645 	5.0532062e-13 	0.00031903285 	0.014196175
-0.0054954955 	0.29806414 	5.927339e-13 	0.0003295303 	0.014536788
-0.0054834835 	0.29806378 	6.8014717e-13 	0.00034002775 	0.0148774
-0.0054714715 	0.29806341 	7.6756045e-13 	0.0003505252 	0.015218013
-0.0054594595 	0.29806305 	8.5497372e-13 	0.00036102266 	0.015558625
-0.0054474474 	0.29806269 	9.42387e-13 	0.00037152011 	0.015899238
-0.0054354354 	0.29806248 	9.9247129e-13 	0.00037883462 	0.016236875
-0.0054234234 	0.29806245 	1.0000338e-12 	0.00038252342 	0.016571123
-0.0054114114 	0.29806242 	1.0075962e-12 	0.00038621221 	0.016905371
-0.0053993994 	0.29806239 	1.0151587e-12 	0.000389901 	0.017239619
-0.0053873874 	0.29806236 	1.0227212e-12 	0.0003935898 	0.017573867
-0.0053753754 	0.29806233 	1.0302836e-12 	0.00039727859 	0.017908115
-0.0053633634 	0.2980623 	1.0378461e-12 	0.00040096739 	0.018242363
-0.0053513514 	0.29806227 	1.0454086e-12 	0.00040465618 	0.018576611
-0.0053393393 	0.29806224 	1.052971e-12 	0.00040834498 	0.018910859
-0.0053273273 	0.29806221 	1.0605335e-12 	0.00041203377 	0.019245106
-0.0053153153 	0.29806218 	1.068096e-12 	0.00041572257 	0.019579354
-0.0053033033 	0.29806216 	1.0756584e-12 	0.00041941136 	0.019913602
-0.0052912913 	0.29806213 	1.0832209e-12 	0.00042310015 	0.02024785
-0.0052792793 	0.29806195 	1.0904419e-12 	0.0004274966 	0.020582748
-0.0052672673 	0.29806156 	1.0971811e-12 	0.00043289144 	0.020918561
-0.0052552553 	0.29806118 	1.1039202e-12 	0.00043828628 	0.021254375
-0.0052432432 	0.29806079 	1.1106594e-12 	0.00044368112 	0.021590188
-0.0052312312 	0.29806041 	1.1173986e-12 	0.00044907597 	0.021926002
-0.0052192192 	0.29806002 	1.1241378e-12 	0.00045447081 	0.022261815
-0.0052072072 	0.29805964 	1.130877e-12 	0.00045986565 	0.022597629
-0.0051951952 	0.29805946 	1.1300536e-12 	0.00046415783 	0.022925185
-0.0051831832 	0.2980594 	1.1245054e-12 	0.00046776111 	0.023247583
-0.0051711712 	0.29805934 	1.1189572e-12 	0.00047136439 	0.02356998
-0.0051591592 	0.29805929 	1.1134089e-12 	0.00047496767 	0.023892378
-0.0051471471 	0.29805923 	1.1078607e-12 	0.00047857095 	0.024214776
-0.0051351351 	0.29805917 	1.1023125e-12 	0.00048217423 	0.024537173
-0.0051231231 	0.29805912 	1.0967643e-12 	0.00048577751 	0.024859571
-0.0051111111 	0.29805906 	1.091216e-12 	0.00048938079 	0.025181969
-0.0050990991 	0.298059 	1.0856678e-12 	0.00049298407 	0.025504366
-0.0050870871 	0.29805895 	1.0801196e-12 	0.00049658735 	0.025826764
-0.0050750751 	0.29805889 	1.0745714e-12 	0.00050019063 	0.026149162
-0.0050630631 	0.29805883 	1.0690231e-12 	0.00050379391 	0.026471559
-0.0050510511 	0.29805878 	1.0634749e-12 	0.00050739719 	0.026793957
-0.005039039 	0.29805872 	1.0579267e-12 	0.00051100047 	0.027116355
-0.005027027 	0.29805866 	1.0523785e-12 	0.00051460375 	0.027438752
-0.005015015 	0.2980583 	9.9934432e-13 	0.00051771166 	0.027764648
-0.005003003 	0.29805786 	9.351451e-13 	0.00052070311 	0.028091366
-0.004990991 	0.29805743 	8.7094588e-13 	0.00052369455 	0.028418084
-0.004978979 	0.29805699 	8.0674665e-13 	0.000526686 	0.028744802
-0.004966967 	0.29805656 	7.4254743e-13 	0.00052967744 	0.02907152
-0.004954955 	0.29805612 	6.7834821e-13 	0.00053266889 	0.029398238
-0.0049429429 	0.29805568 	6.1414899e-13 	0.00053566033 	0.029724957
-0.0049309309 	0.29805528 	5.5570741e-13 	0.00053866174 	0.03004969
-0.0049189189 	0.2980552 	5.5081122e-13 	0.00054175576 	0.030355964
-0.0049069069 	0.29805511 	5.4591502e-13 	0.00054484979 	0.030662238
-0.0048948949 	0.29805503 	5.4101883e-13 	0.00054794382 	0.030968511
-0.0048828829 	0.29805494 	5.3612263e-13 	0.00055103784 	0.031274785
-0.0048708709 	0.29805486 	5.3122644e-13 	0.00055413187 	0.031581059
-0.0048588589 	0.29805477 	5.2633024e-13 	0.0005572259 	0.031887333
-0.0048468468 	0.29805469 	5.2143405e-13 	0.00056031992 	0.032193607
-0.0048348348 	0.2980546 	5.1653785e-13 	0.00056341395 	0.032499881
-0.0048228228 	0.29805452 	5.1164166e-13 	0.00056650797 	0.032806155
-0.0048108108 	0.29805443 	5.0674547e-13 	0.000569602 	0.033112429
-0.0047987988 	0.29805435 	5.0184927e-13 	0.00057269603 	0.033418703
-0.0047867868 	0.29805426 	4.9695308e-13 	0.00057579005 	0.033724977
-0.0047747748 	0.29805418 	4.9205688e-13 	0.00057888408 	0.034031251
-0.0047627628 	0.29805409 	4.8716069e-13 	0.0005819781 	0.034337525
-0.0047507508 	0.29805401 	4.8226449e-13 	0.00058507213 	0.034643799
-0.0047387387 	0.29805392 	4.773683e-13 	0.00058816616 	0.034950073
-0.0047267267 	0.29805371 	4.9093088e-13 	0.00059088967 	0.035258275
-0.0047147147 	0.29805322 	5.4702698e-13 	0.00059275945 	0.035570922
-0.0047027027 	0.29805272 	6.0312308e-13 	0.00059462923 	0.035883569
-0.0046906907 	0.29805223 	6.5921917e-13 	0.00059649901 	0.036196216
-0.0046786787 	0.29805173 	7.1531527e-13 	0.00059836879 	0.036508863
-0.0046666667 	0.29805124 	7.7141137e-13 	0.00060023857 	0.03682151
-0.0046546547 	0.29805074 	8.2750747e-13 	0.00060210835 	0.037134157
-0.0046426426 	0.29805025 	8.8360356e-13 	0.00060397813 	0.037446803
-0.0046306306 	0.29804976 	9.3969966e-13 	0.00060584791 	0.03775945
-0.0046186186 	0.29804947 	9.599222e-13 	0.0006079338 	0.03805734
-0.0046066066 	0.29804936 	9.5128827e-13 	0.00061019351 	0.03834336
-0.0045945946 	0.29804925 	9.4265435e-13 	0.00061245323 	0.038629379
-0.0045825826 	0.29804913 	9.3402043e-13 	0.00061471295 	0.038915399
-0.0045705706 	0.29804902 	9.2538651e-13 	0.00061697267 	0.039201418
-0.0045585586 	0.29804891 	9.1675259e-13 	0.00061923238 	0.039487438
-0.0045465465 	0.2980488 	9.0811866e-13 	0.0006214921 	0.039773457
-0.0045345345 	0.29804868 	8.9948474e-13 	0.00062375182 	0.040059476
-0.0045225225 	0.29804857 	8.9085082e-13 	0.00062601153 	0.040345496
-0.0045105105 	0.29804846 	8.822169e-13 	0.00062827125 	0.040631515
-0.0044984985 	0.29804834 	8.7358298e-13 	0.00063053097 	0.040917535
-0.0044864865 	0.29804823 	8.6494906e-13 	0.00063279069 	0.041203554
-0.0044744745 	0.29804812 	8.5631513e-13 	0.0006350504 	0.041489574
-0.0044624625 	0.29804801 	8.4768121e-13 	0.00063731012 	0.041775593
-0.0044504505 	0.29804789 	8.3904729e-13 	0.00063956984 	0.042061613
-0.0044384384 	0.29804778 	8.3041337e-13 	0.00064182956 	0.042347632
-0.0044264264 	0.29804767 	8.2177945e-13 	0.00064408927 	0.042633652
-0.0044144144 	0.29804756 	8.1314553e-13 	0.00064634899 	0.042919671
-0.0044024024 	0.29804744 	8.045116e-13 	0.00064860871 	0.043205691
-0.0043903904 	0.29804711 	7.9726905e-13 	0.00065023742 	0.043495251
-0.0043783784 	0.29804657 	7.9139549e-13 	0.00065124526 	0.043788296
-0.0043663664 	0.29804602 	7.8552193e-13 	0.00065225311 	0.04408134
-0.0043543544 	0.29804548 	7.7964837e-13 	0.00065326096 	0.044374385
-0.0043423423 	0.29804493 	7.7377481e-13 	0.0006542688 	0.044667429
-0.0043303303 	0.29804439 	7.6790125e-13 	0.00065527665 	0.044960473
-0.0043183183 	0.29804384 	7.620277e-13 	0.00065628449 	0.045253518
-0.0043063063 	0.2980433 	7.5615414e-13 	0.00065729234 	0.045546562
-0.0042942943 	0.29804275 	7.5028058e-13 	0.00065830018 	0.045839607
-0.0042822823 	0.29804221 	7.4440702e-13 	0.00065930803 	0.046132651
-0.0042702703 	0.2980419 	7.3752989e-13 	0.0006604739 	0.046407603
-0.0042582583 	0.29804176 	7.2992779e-13 	0.00066175392 	0.046669484
-0.0042462462 	0.29804162 	7.2232568e-13 	0.00066303393 	0.046931365
-0.0042342342 	0.29804148 	7.1472358e-13 	0.00066431395 	0.047193246
-0.0042222222 	0.29804134 	7.0712147e-13 	0.00066559397 	0.047455127
-0.0042102102 	0.29804121 	6.9951937e-13 	0.00066687399 	0.047717008
-0.0041981982 	0.29804107 	6.9191726e-13 	0.00066815401 	0.047978889
-0.0041861862 	0.29804093 	6.8431516e-13 	0.00066943403 	0.04824077
-0.0041741742 	0.29804079 	6.7671305e-13 	0.00067071405 	0.048502651
-0.0041621622 	0.29804065 	6.6911095e-13 	0.00067199407 	0.048764533
-0.0041501502 	0.29804052 	6.6150884e-13 	0.00067327408 	0.049026414
-0.0041381381 	0.29804038 	6.5390674e-13 	0.0006745541 	0.049288295
-0.0041261261 	0.29804024 	6.4630463e-13 	0.00067583412 	0.049550176
-0.0041141141 	0.2980401 	6.3870253e-13 	0.00067711414 	0.049812057
-0.0041021021 	0.29803996 	6.3110042e-13 	0.00067839416 	0.050073938
-0.0040900901 	0.29803983 	6.2349832e-13 	0.00067967418 	0.050335819
-0.0040780781 	0.29803969 	6.1589621e-13 	0.0006809542 	0.0505977
-0.0040660661 	0.29803955 	6.0829411e-13 	0.00068223422 	0.050859581
-0.0040540541 	0.29803941 	6.00692e-13 	0.00068351423 	0.051121462
-0.004042042 	0.29803927 	5.930899e-13 	0.00068479425 	0.051383343
-0.00403003 	0.29803913 	5.8548779e-13 	0.00068607427 	0.051645225
-0.004018018 	0.298039 	5.7788569e-13 	0.00068735429 	0.051907106
-0.004006006 	0.29803843 	5.2780043e-13 	0.00068739485 	0.052175188
-0.003993994 	0.29803785 	4.7648067e-13 	0.00068739939 	0.05244345
-0.003981982 	0.29803727 	4.2516092e-13 	0.00068740393 	0.052711713
-0.00396997 	0.29803669 	3.7384116e-13 	0.00068740848 	0.052979976
-0.003957958 	0.29803611 	3.225214e-13 	0.00068741302 	0.053248238
-0.0039459459 	0.29803553 	2.7120164e-13 	0.00068741756 	0.053516501
-0.0039339339 	0.29803495 	2.1988188e-13 	0.0006874221 	0.053784763
-0.0039219219 	0.29803437 	1.6856213e-13 	0.00068742664 	0.054053026
-0.0039099099 	0.29803379 	1.1724237e-13 	0.00068743118 	0.054321288
-0.0038978979 	0.29803321 	6.592261e-14 	0.00068743573 	0.054589551
-0.0038858859 	0.29803263 	1.4602852e-14 	0.00068744027 	0.054857813
-0.0038738739 	0.29803235 	-2.407487e-15 	0.00068766789 	0.055101501
-0.0038618619 	0.29803219 	-5.7724606e-15 	0.00068798424 	0.055335415
-0.0038498498 	0.29803203 	-9.1374341e-15 	0.00068830059 	0.055569329
-0.0038378378 	0.29803188 	-1.2502408e-14 	0.00068861694 	0.055803243
-0.0038258258 	0.29803172 	-1.5867381e-14 	0.00068893328 	0.056037157
-0.0038138138 	0.29803156 	-1.9232355e-14 	0.00068924963 	0.05627107
-0.0038018018 	0.2980314 	-2.2597328e-14 	0.00068956598 	0.056504984
-0.0037897898 	0.29803124 	-2.5962302e-14 	0.00068988233 	0.056738898
-0.0037777778 	0.29803109 	-2.9327275e-14 	0.00069019867 	0.056972812
-0.0037657658 	0.29803093 	-3.2692249e-14 	0.00069051502 	0.057206726
-0.0037537538 	0.29803077 	-3.6057222e-14 	0.00069083137 	0.05744064
-0.0037417417 	0.29803061 	-3.9422196e-14 	0.00069114772 	0.057674554
-0.0037297297 	0.29803045 	-4.2787169e-14 	0.00069146406 	0.057908468
-0.0037177177 	0.2980303 	-4.6152143e-14 	0.00069178041 	0.058142382
-0.0037057057 	0.29803014 	-4.9517116e-14 	0.00069209676 	0.058376296
-0.0036936937 	0.29802998 	-5.288209e-14 	0.00069241311 	0.05861021
-0.0036816817 	0.29802982 	-5.6247063e-14 	0.00069272946 	0.058844123
-0.0036696697 	0.29802966 	-5.9612037e-14 	0.0006930458 	0.059078037
-0.0036576577 	0.29802951 	-6.2977011e-14 	0.00069336215 	0.059311951
-0.0036456456 	0.29802935 	-6.6341984e-14 	0.0006936785 	0.059545865
-0.0036336336 	0.29802919 	-6.9706958e-14 	0.00069399485 	0.059779779
-0.0036216216 	0.29802903 	-7.3071931e-14 	0.00069431119 	0.060013693
-0.0036096096 	0.29802887 	-7.6436905e-14 	0.00069462754 	0.060247607
-0.0035975976 	0.29802872 	-7.9801878e-14 	0.00069494389 	0.060481521
-0.0035855856 	0.29802847 	-8.2479416e-14 	0.00069496823 	0.060716485
-0.0035735736 	0.29802787 	-8.2479418e-14 	0.00069385523 	0.060955542
-0.0035615616 	0.29802728 	-8.247942e-14 	0.00069274223 	0.061194599
-0.0035495495 	0.29802669 	-8.2479422e-14 	0.00069162923 	0.061433655
-0.0035375375 	0.29802609 	-8.2479424e-14 	0.00069051623 	0.061672712
-0.0035255255 	0.2980255 	-8.2479426e-14 	0.00068940323 	0.061911768
-0.0035135135 	0.2980249 	-8.2479428e-14 	0.00068829023 	0.062150825
-0.0035015015 	0.29802431 	-8.247943e-14 	0.00068717723 	0.062389882
-0.0034894895 	0.29802371 	-8.2479432e-14 	0.00068606423 	0.062628938
-0.0034774775 	0.29802312 	-8.2479434e-14 	0.00068495123 	0.062867995
-0.0034654655 	0.29802252 	-8.2479436e-14 	0.00068383823 	0.063107051
-0.0034534535 	0.29802193 	-8.2479438e-14 	0.00068272523 	0.063346108
-0.0034414414 	0.29802134 	-8.247944e-14 	0.00068161223 	0.063585165
-0.0034294294 	0.29802093 	-8.3764048e-14 	0.00068074647 	0.063808025
-0.0034174174 	0.29802076 	-8.6709584e-14 	0.00068020038 	0.064009945
-0.0034054054 	0.29802059 	-8.9655119e-14 	0.00067965429 	0.064211865
-0.0033933934 	0.29802042 	-9.2600655e-14 	0.0006791082 	0.064413785
-0.0033813814 	0.29802025 	-9.5546191e-14 	0.00067856211 	0.064615705
-0.0033693694 	0.29802008 	-9.8491727e-14 	0.00067801602 	0.064817624
-0.0033573574 	0.29801992 	-1.0143726e-13 	0.00067746993 	0.065019544
-0.0033453453 	0.29801975 	-1.043828e-13 	0.00067692384 	0.065221464
-0.0033333333 	0.29801958 	-1.0732833e-13 	0.00067637775 	0.065423384
-0.0033213213 	0.29801941 	-1.1027387e-13 	0.00067583166 	0.065625304
-0.0033093093 	0.29801924 	-1.132194e-13 	0.00067528557 	0.065827224
-0.0032972973 	0.29801907 	-1.1616494e-13 	0.00067473949 	0.066029144
-0.0032852853 	0.29801891 	-1.1911048e-13 	0.0006741934 	0.066231063
-0.0032732733 	0.29801874 	-1.2205601e-13 	0.00067364731 	0.066432983
-0.0032612613 	0.29801857 	-1.2500155e-13 	0.00067310122 	0.066634903
-0.0032492492 	0.2980184 	-1.2794708e-13 	0.00067255513 	0.066836823
-0.0032372372 	0.29801823 	-1.3089262e-13 	0.00067200904 	0.067038743
-0.0032252252 	0.29801806 	-1.3383815e-13 	0.00067146295 	0.067240663
-0.0032132132 	0.29801789 	-1.3678369e-13 	0.00067091686 	0.067442582
-0.0032012012 	0.29801773 	-1.3972923e-13 	0.00067037077 	0.067644502
-0.0031891892 	0.29801756 	-1.4267476e-13 	0.00066982468 	0.067846422
-0.0031771772 	0.29801739 	-1.456203e-13 	0.00066927859 	0.068048342
-0.0031651652 	0.29801722 	-1.4856583e-13 	0.0006687325 	0.068250262
-0.0031531532 	0.29801705 	-1.5151137e-13 	0.00066818641 	0.068452182
-0.0031411411 	0.29801688 	-1.544569e-13 	0.00066764032 	0.068654102
-0.0031291291 	0.29801672 	-1.5740244e-13 	0.00066709423 	0.068856021
-0.0031171171 	0.29801655 	-1.6034798e-13 	0.00066654814 	0.069057941
-0.0031051051 	0.29801638 	-1.6329351e-13 	0.00066600205 	0.069259861
-0.0030930931 	0.29801595 	-1.6437511e-13 	0.00066437461 	0.069464279
-0.0030810811 	0.29801536 	-1.6437512e-13 	0.00066211969 	0.069670145
-0.0030690691 	0.29801478 	-1.6437514e-13 	0.00065986477 	0.069876012
-0.0030570571 	0.29801419 	-1.6437515e-13 	0.00065760985 	0.070081879
-0.003045045 	0.29801361 	-1.6437516e-13 	0.00065535493 	0.070287746
-0.003033033 	0.29801302 	-1.6437517e-13 	0.00065310001 	0.070493613
-0.003021021 	0.29801244 	-1.6437518e-13 	0.00065084509 	0.070699479
-0.003009009 	0.29801185 	-1.6437519e-13 	0.00064859017 	0.070905346
-0.002996997 	0.29801127 	-1.6437521e-13 	0.00064633525 	0.071111213
-0.002984985 	0.29801069 	-1.6437522e-13 	0.00064408033 	0.07131708
-0.002972973 	0.2980101 	-1.6437523e-13 	0.00064182541 	0.071522947
-0.002960961 	0.29800952 	-1.6437524e-13 	0.00063957049 	0.071728813
-0.0029489489 	0.29800893 	-1.6437525e-13 	0.00063731557 	0.07193468
-0.0029369369 	0.29800835 	-1.6437526e-13 	0.00063506065 	0.072140547
-0.0029249249 	0.29800783 	-1.6398093e-13 	0.00063295073 	0.072340408
-0.0029129129 	0.29800766 	-1.6134682e-13 	0.00063166432 	0.072506159
-0.0029009009 	0.2980075 	-1.587127e-13 	0.0006303779 	0.072671909
-0.0028888889 	0.29800733 	-1.5607859e-13 	0.00062909149 	0.07283766
-0.0028768769 	0.29800717 	-1.5344448e-13 	0.00062780508 	0.07300341
-0.0028648649 	0.29800701 	-1.5081036e-13 	0.00062651867 	0.073169161
-0.0028528529 	0.29800684 	-1.4817625e-13 	0.00062523226 	0.073334911
-0.0028408408 	0.29800668 	-1.4554213e-13 	0.00062394585 	0.073500662
-0.0028288288 	0.29800651 	-1.4290802e-13 	0.00062265944 	0.073666412
-0.0028168168 	0.29800635 	-1.4027391e-13 	0.00062137303 	0.073832163
-0.0028048048 	0.29800619 	-1.3763979e-13 	0.00062008662 	0.073997913
-0.0027927928 	0.29800602 	-1.3500568e-13 	0.00061880021 	0.074163664
-0.0027807808 	0.29800586 	-1.3237156e-13 	0.0006175138 	0.074329414
-0.0027687688 	0.29800569 	-1.2973745e-13 	0.00061622739 	0.074495165
-0.0027567568 	0.29800553 	-1.2710334e-13 	0.00061494098 	0.074660916
-0.0027447447 	0.29800537 	-1.2446922e-13 	0.00061365457 	0.074826666
-0.0027327327 	0.2980052 	-1.2183511e-13 	0.00061236816 	0.074992417
-0.0027207207 	0.29800504 	-1.19201e-13 	0.00061108174 	0.075158167
-0.0027087087 	0.29800487 	-1.1656688e-13 	0.00060979533 	0.075323918
-0.0026966967 	0.29800471 	-1.1393277e-13 	0.00060850892 	0.075489668
-0.0026846847 	0.29800455 	-1.1129865e-13 	0.00060722251 	0.075655419
-0.0026726727 	0.29800438 	-1.0866454e-13 	0.0006059361 	0.075821169
-0.0026606607 	0.29800422 	-1.0603043e-13 	0.00060464969 	0.07598692
-0.0026486486 	0.29800405 	-1.0339631e-13 	0.00060336328 	0.07615267
-0.0026366366 	0.29800389 	-1.007622e-13 	0.00060207687 	0.076318421
-0.0026246246 	0.29800373 	-9.8128084e-14 	0.00060079046 	0.076484171
-0.0026126126 	0.29800356 	-9.5493971e-14 	0.00059950405 	0.076649922
-0.0026006006 	0.2980034 	-9.2859857e-14 	0.00059821764 	0.076815672
-0.0025885886 	0.29800323 	-9.0225744e-14 	0.00059693123 	0.076981423
-0.0025765766 	0.29800307 	-8.759163e-14 	0.00059564482 	0.077147173
-0.0025645646 	0.29800291 	-8.4957516e-14 	0.00059435841 	0.077312924
-0.0025525526 	0.29800274 	-8.2323403e-14 	0.000593072 	0.077478674
-0.0025405405 	0.29800235 	-8.1301512e-14 	0.00059044394 	0.077646293
-0.0025285285 	0.2980018 	-8.1301518e-14 	0.00058696549 	0.077815095
-0.0025165165 	0.29800126 	-8.1301524e-14 	0.00058348704 	0.077983897
-0.0025045045 	0.29800071 	-8.130153e-14 	0.00058000859 	0.0781527
-0.0024924925 	0.29800017 	-8.1301536e-14 	0.00057653014 	0.078321502
-0.0024804805 	0.29799963 	-8.1301541e-14 	0.00057305169 	0.078490304
-0.0024684685 	0.29799908 	-8.1301547e-14 	0.00056957324 	0.078659107
-0.0024564565 	0.29799854 	-8.1301553e-14 	0.00056609479 	0.078827909
-0.0024444444 	0.29799799 	-8.1301559e-14 	0.00056261634 	0.078996711
-0.0024324324 	0.29799745 	-8.1301565e-14 	0.00055913789 	0.079165514
-0.0024204204 	0.29799691 	-8.1301571e-14 	0.00055565944 	0.079334316
-0.0024084084 	0.29799636 	-8.1301576e-14 	0.00055218099 	0.079503118
-0.0023963964 	0.29799582 	-8.1301582e-14 	0.00054870254 	0.079671921
-0.0023843844 	0.29799527 	-8.1301588e-14 	0.00054522409 	0.079840723
-0.0023723724 	0.29799473 	-8.1301594e-14 	0.00054174564 	0.080009525
-0.0023603604 	0.29799419 	-8.13016e-14 	0.00053826719 	0.080178328
-0.0023483483 	0.29799372 	-7.62694e-14 	0.00053511845 	0.080340359
-0.0023363363 	0.29799357 	-4.8875122e-14 	0.00053343491 	0.080472301
-0.0023243243 	0.29799343 	-2.1480843e-14 	0.00053175138 	0.080604243
-0.0023123123 	0.29799328 	5.9134352e-15 	0.00053006784 	0.080736184
-0.0023003003 	0.29799314 	3.3307713e-14 	0.0005283843 	0.080868126
-0.0022882883 	0.297993 	6.0701992e-14 	0.00052670076 	0.081000068
-0.0022762763 	0.29799285 	8.809627e-14 	0.00052501722 	0.08113201
-0.0022642643 	0.29799271 	1.1549055e-13 	0.00052333369 	0.081263952
-0.0022522523 	0.29799257 	1.4288483e-13 	0.00052165015 	0.081395894
-0.0022402402 	0.29799242 	1.7027911e-13 	0.00051996661 	0.081527836
-0.0022282282 	0.29799228 	1.9767338e-13 	0.00051828307 	0.081659778
-0.0022162162 	0.29799214 	2.2506766e-13 	0.00051659953 	0.08179172
-0.0022042042 	0.29799199 	2.5246194e-13 	0.000514916 	0.081923662
-0.0021921922 	0.29799185 	2.7985622e-13 	0.00051323246 	0.082055603
-0.0021801802 	0.2979917 	3.072505e-13 	0.00051154892 	0.082187545
-0.0021681682 	0.29799156 	3.3464478e-13 	0.00050986538 	0.082319487
-0.0021561562 	0.29799142 	3.6203905e-13 	0.00050818184 	0.082451429
-0.0021441441 	0.29799127 	3.8943333e-13 	0.00050649831 	0.082583371
-0.0021321321 	0.29799113 	4.1682761e-13 	0.00050481477 	0.082715313
-0.0021201201 	0.29799099 	4.4422189e-13 	0.00050313123 	0.082847255
-0.0021081081 	0.29799084 	4.7161617e-13 	0.00050144769 	0.082979197
-0.0020960961 	0.2979907 	4.9901045e-13 	0.00049976416 	0.083111139
-0.0020840841 	0.29799055 	5.2640472e-13 	0.00049808062 	0.083243081
-0.0020720721 	0.29799041 	5.53799e-13 	0.00049639708 	0.083375022
-0.0020600601 	0.29799027 	5.8119328e-13 	0.00049471354 	0.083506964
-0.002048048 	0.29799012 	6.0858756e-13 	0.00049303 	0.083638906
-0.002036036 	0.29798998 	6.3598184e-13 	0.00049134647 	0.083770848
-0.002024024 	0.29798984 	6.6337612e-13 	0.00048966293 	0.08390279
-0.002012012 	0.29798969 	6.9077039e-13 	0.00048797939 	0.084034732
-0.002 	0.29798955 	7.1816467e-13 	0.00048629585 	0.084166674
-0.001987988 	0.2979894 	7.4555895e-13 	0.00048461231 	0.084298616
-0.001975976 	0.29798926 	7.7295323e-13 	0.00048292878 	0.084430558
-0.001963964 	0.29798912 	8.0034751e-13 	0.00048124524 	0.0845625
-0.001951952 	0.29798897 	8.2774179e-13 	0.0004795617 	0.084694441
-0.0019399399 	0.29798883 	8.5513606e-13 	0.00047787816 	0.084826383
-0.0019279279 	0.29798869 	8.8253034e-13 	0.00047619462 	0.084958325
-0.0019159159 	0.29798843 	9.0591956e-13 	0.00047362838 	0.085090467
-0.0019039039 	0.297988 	9.2354879e-13 	0.00046979264 	0.085222895
-0.0018918919 	0.29798758 	9.4117803e-13 	0.0004659569 	0.085355323
-0.0018798799 	0.29798716 	9.5880726e-13 	0.00046212117 	0.085487751
-0.0018678679 	0.29798673 	9.764365e-13 	0.00045828543 	0.085620179
-0.0018558559 	0.29798631 	9.9406573e-13 	0.0004544497 	0.085752607
-0.0018438438 	0.29798589 	1.011695e-12 	0.00045061396 	0.085885035
-0.0018318318 	0.29798546 	1.0293242e-12 	0.00044677822 	0.086017464
-0.0018198198 	0.29798504 	1.0469534e-12 	0.00044294249 	0.086149892
-0.0018078078 	0.29798462 	1.0645827e-12 	0.00043910675 	0.08628232
-0.0017957958 	0.29798419 	1.0822119e-12 	0.00043527102 	0.086414748
-0.0017837838 	0.29798377 	1.0998411e-12 	0.00043143528 	0.086547176
-0.0017717718 	0.29798335 	1.1174704e-12 	0.00042759954 	0.086679604
-0.0017597598 	0.29798292 	1.1350996e-12 	0.00042376381 	0.086812032
-0.0017477477 	0.2979825 	1.1527288e-12 	0.00041992807 	0.086944461
-0.0017357357 	0.29798207 	1.1703581e-12 	0.00041609234 	0.087076889
-0.0017237237 	0.29798165 	1.1879873e-12 	0.0004122566 	0.087209317
-0.0017117117 	0.29798123 	1.2056166e-12 	0.00040842086 	0.087341745
-0.0016996997 	0.2979808 	1.2232458e-12 	0.00040458513 	0.087474173
-0.0016876877 	0.29798052 	1.2380444e-12 	0.00040075052 	0.087564761
-0.0016756757 	0.29798027 	1.2520223e-12 	0.00039691623 	0.087643218
-0.0016636637 	0.29798003 	1.2660003e-12 	0.00039308195 	0.087721675
-0.0016516517 	0.29797978 	1.2799783e-12 	0.00038924766 	0.087800133
-0.0016396396 	0.29797953 	1.2939562e-12 	0.00038541338 	0.08787859
-0.0016276276 	0.29797929 	1.3079342e-12 	0.0003815791 	0.087957048
-0.0016156156 	0.29797904 	1.3219121e-12 	0.00037774481 	0.088035505
-0.0016036036 	0.29797879 	1.3358901e-12 	0.00037391053 	0.088113963
-0.0015915916 	0.29797855 	1.3498681e-12 	0.00037007624 	0.08819242
-0.0015795796 	0.2979783 	1.363846e-12 	0.00036624196 	0.088270877
-0.0015675676 	0.29797806 	1.377824e-12 	0.00036240767 	0.088349335
-0.0015555556 	0.29797781 	1.391802e-12 	0.00035857339 	0.088427792
-0.0015435435 	0.29797756 	1.4057799e-12 	0.00035473911 	0.08850625
-0.0015315315 	0.29797732 	1.4197579e-12 	0.00035090482 	0.088584707
-0.0015195195 	0.29797707 	1.4337358e-12 	0.00034707054 	0.088663165
-0.0015075075 	0.29797683 	1.4477138e-12 	0.00034323625 	0.088741622
-0.0014954955 	0.29797658 	1.4616918e-12 	0.00033940197 	0.08882008
-0.0014834835 	0.29797633 	1.4756697e-12 	0.00033556769 	0.088898537
-0.0014714715 	0.29797609 	1.4896477e-12 	0.0003317334 	0.088976994
-0.0014594595 	0.29797584 	1.5036257e-12 	0.00032789912 	0.089055452
-0.0014474474 	0.29797559 	1.5176036e-12 	0.00032406483 	0.089133909
-0.0014354354 	0.29797535 	1.5315816e-12 	0.00032023055 	0.089212367
-0.0014234234 	0.2979751 	1.5455595e-12 	0.00031639627 	0.089290824
-0.0014114114 	0.29797486 	1.5595375e-12 	0.00031256198 	0.089369282
-0.0013993994 	0.2979747 	1.5757461e-12 	0.0003098824 	0.089447176
-0.0013873874 	0.29797461 	1.5935578e-12 	0.0003080326 	0.089524665
-0.0013753754 	0.29797452 	1.6113694e-12 	0.0003061828 	0.089602155
-0.0013633634 	0.29797442 	1.6291811e-12 	0.000304333 	0.089679644
-0.0013513514 	0.29797433 	1.6469927e-12 	0.00030248321 	0.089757133
-0.0013393393 	0.29797424 	1.6648044e-12 	0.00030063341 	0.089834623
-0.0013273273 	0.29797415 	1.682616e-12 	0.00029878361 	0.089912112
-0.0013153153 	0.29797406 	1.7004277e-12 	0.00029693381 	0.089989602
-0.0013033033 	0.29797397 	1.7182393e-12 	0.00029508401 	0.090067091
-0.0012912913 	0.29797387 	1.736051e-12 	0.00029323422 	0.09014458
-0.0012792793 	0.29797378 	1.7538626e-12 	0.00029138442 	0.09022207
-0.0012672673 	0.29797369 	1.7716743e-12 	0.00028953462 	0.090299559
-0.0012552553 	0.2979736 	1.7894859e-12 	0.00028768482 	0.090377049
-0.0012432432 	0.29797351 	1.8072975e-12 	0.00028583503 	0.090454538
-0.0012312312 	0.29797342 	1.8251092e-12 	0.00028398523 	0.090532028
-0.0012192192 	0.29797333 	1.8429208e-12 	0.00028213543 	0.090609517
-0.0012072072 	0.29797323 	1.8607325e-12 	0.00028028563 	0.090687006
-0.0011951952 	0.29797314 	1.8785441e-12 	0.00027843583 	0.090764496
-0.0011831832 	0.29797305 	1.8963558e-12 	0.00027658604 	0.090841985
-0.0011711712 	0.29797296 	1.9141674e-12 	0.00027473624 	0.090919475
-0.0011591592 	0.29797287 	1.9319791e-12 	0.00027288644 	0.090996964
-0.0011471471 	0.29797278 	1.9497907e-12 	0.00027103664 	0.091074453
-0.0011351351 	0.29797268 	1.9676024e-12 	0.00026918685 	0.091151943
-0.0011231231 	0.29797259 	1.985414e-12 	0.00026733705 	0.091229432
-0.0011111111 	0.2979725 	2.0032257e-12 	0.00026548725 	0.091306922
-0.0010990991 	0.29797241 	2.0210373e-12 	0.00026363745 	0.091384411
-0.0010870871 	0.29797232 	2.038849e-12 	0.00026178765 	0.0914619
-0.0010750751 	0.29797223 	2.0566606e-12 	0.00025993786 	0.09153939
-0.0010630631 	0.29797213 	2.0744722e-12 	0.00025808806 	0.091616879
-0.0010510511 	0.29797204 	2.0922839e-12 	0.00025623826 	0.091694369
-0.001039039 	0.29797195 	2.1100955e-12 	0.00025438846 	0.091771858
-0.001027027 	0.29797186 	2.1279072e-12 	0.00025253867 	0.091849348
-0.001015015 	0.29797177 	2.1457188e-12 	0.00025068887 	0.091926837
-0.001003003 	0.29797168 	2.1635305e-12 	0.00024883907 	0.092004326
-0.00099099099 	0.29797158 	2.1813421e-12 	0.00024698927 	0.092081816
-0.00097897898 	0.29797149 	2.1991538e-12 	0.00024513948 	0.092159305
-0.00096696697 	0.2979714 	2.2169654e-12 	0.00024328968 	0.092236795
-0.00095495495 	0.29797131 	2.2347771e-12 	0.00024143988 	0.092314284
-0.00094294294 	0.29797122 	2.2525887e-12 	0.00023959008 	0.092391773
-0.00093093093 	0.29797113 	2.2704004e-12 	0.00023774028 	0.092469263
-0.00091891892 	0.29797104 	2.288212e-12 	0.00023589049 	0.092546752
-0.00090690691 	0.29797094 	2.3060236e-12 	0.00023404069 	0.092624242
-0.00089489489 	0.29797085 	2.3238353e-12 	0.00023219089 	0.092701731
-0.00088288288 	0.29797076 	2.3416469e-12 	0.00023034109 	0.09277922
-0.00087087087 	0.29797067 	2.3594586e-12 	0.0002284913 	0.09285671
-0.00085885886 	0.29797058 	2.3772702e-12 	0.0002266415 	0.092934199
-0.00084684685 	0.29797048 	2.3956051e-12 	0.00022438468 	0.093004907
-0.00083483483 	0.29797039 	2.4172185e-12 	0.00021957741 	0.093033118
-0.00082282282 	0.29797029 	2.438832e-12 	0.00021477015 	0.093061329
-0.00081081081 	0.29797019 	2.4604454e-12 	0.00020996288 	0.09308954
-0.0007987988 	0.29797009 	2.4820589e-12 	0.00020515562 	0.093117752
-0.00078678679 	0.29797 	2.5036723e-12 	0.00020034835 	0.093145963
-0.00077477477 	0.2979699 	2.5252857e-12 	0.00019554109 	0.093174174
-0.00076276276 	0.2979698 	2.5468992e-12 	0.00019073382 	0.093202385
-0.00075075075 	0.2979697 	2.5685126e-12 	0.00018592656 	0.093230597
-0.00073873874 	0.2979696 	2.5901261e-12 	0.00018111929 	0.093258808
-0.00072672673 	0.29796951 	2.6117395e-12 	0.00017631203 	0.093287019
-0.00071471471 	0.29796941 	2.6333529e-12 	0.00017150476 	0.09331523
-0.0007027027 	0.29796931 	2.6549664e-12 	0.0001666975 	0.093343441
-0.00069069069 	0.29796921 	2.6765798e-12 	0.00016189023 	0.093371653
-0.00067867868 	0.29796911 	2.6981933e-12 	0.00015708297 	0.093399864
-0.00066666667 	0.29796902 	2.7198067e-12 	0.0001522757 	0.093428075
-0.00065465465 	0.29796892 	2.7414201e-12 	0.00014746844 	0.093456286
-0.00064264264 	0.29796882 	2.7630336e-12 	0.00014266117 	0.093484497
-0.00063063063 	0.29796872 	2.784647e-12 	0.00013785391 	0.093512709
-0.00061861862 	0.29796862 	2.8062605e-12 	0.00013304664 	0.09354092
-0.00060660661 	0.29796853 	2.8278739e-12 	0.00012823938 	0.093569131
-0.00059459459 	0.29796843 	2.8494873e-12 	0.00012343212 	0.093597342
-0.00058258258 	0.29796833 	2.8711008e-12 	0.00011862485 	0.093625554
-0.00057057057 	0.29796823 	2.8927142e-12 	0.00011381759 	0.093653765
-0.00055855856 	0.29796814 	2.9143277e-12 	0.00010901032 	0.093681976
-0.00054654655 	0.2979681 	2.9138619e-12 	0.00010653147 	0.093709955
-0.00053453453 	0.29796806 	2.9120923e-12 	0.00010419012 	0.09373792
-0.00052252252 	0.29796802 	2.9103227e-12 	0.00010184876 	0.093765885
-0.00051051051 	0.29796799 	2.9085531e-12 	9.9507414e-05 	0.09379385
-0.0004984985 	0.29796795 	2.9067836e-12 	9.7166063e-05 	0.093821815
-0.00048648649 	0.29796791 	2.905014e-12 	9.4824712e-05 	0.09384978
-0.00047447447 	0.29796788 	2.9032444e-12 	9.2483361e-05 	0.093877745
-0.00046246246 	0.29796784 	2.9014748e-12 	9.0142011e-05 	0.09390571
-0.00045045045 	0.2979678 	2.8997052e-12 	8.780066e-05 	0.093933675
-0.00043843844 	0.29796777 	2.8979356e-12 	8.5459309e-05 	0.09396164
-0.00042642643 	0.29796773 	2.896166e-12 	8.3117958e-05 	0.093989605
-0.00041441441 	0.29796769 	2.8943964e-12 	8.0776607e-05 	0.09401757
-0.0004024024 	0.29796766 	2.8926268e-12 	7.8435256e-05 	0.094045535
-0.00039039039 	0.29796762 	2.8908572e-12 	7.6093906e-05 	0.0940735
-0.00037837838 	0.29796758 	2.8890876e-12 	7.3752555e-05 	0.094101465
-0.00036636637 	0.29796755 	2.887318e-12 	7.1411204e-05 	0.09412943
-0.00035435435 	0.29796751 	2.8855484e-12 	6.9069853e-05 	0.094157395
-0.00034234234 	0.29796747 	2.8837788e-12 	6.6728502e-05 	0.09418536
-0.00033033033 	0.29796744 	2.8820092e-12 	6.4387151e-05 	0.094213325
-0.00031831832 	0.2979674 	2.8802396e-12 	6.2045801e-05 	0.09424129
-0.00030630631 	0.29796736 	2.87847e-12 	5.970445e-05 	0.094269255
-0.00029429429 	0.29796733 	2.8767004e-12 	5.7363099e-05 	0.09429722
-0.00028228228 	0.29796729 	2.8749308e-12 	5.5021748e-05 	0.094325185
-0.00027027027 	0.29796726 	2.8731612e-12 	5.2680397e-05 	0.09435315
-0.00025825826 	0.29796722 	2.8713916e-12 	5.0339046e-05 	0.094381115
-0.00024624625 	0.29796718 	2.869622e-12 	4.7997696e-05 	0.09440908
-0.00023423423 	0.29796715 	2.8678524e-12 	4.5656345e-05 	0.094437045
-0.00022222222 	0.29796711 	2.8660828e-12 	4.3314994e-05 	0.09446501
-0.00021021021 	0.29796707 	2.8643132e-12 	4.0973643e-05 	0.094492975
-0.0001981982 	0.29796704 	2.8625436e-12 	3.8632292e-05 	0.09452094
-0.00018618619 	0.297967 	2.860774e-12 	3.6290941e-05 	0.094548905
-0.00017417417 	0.29796696 	2.8590044e-12 	3.3949591e-05 	0.09457687
-0.00016216216 	0.29796693 	2.8572348e-12 	3.160824e-05 	0.094604835
-0.00015015015 	0.29796689 	2.8554652e-12 	2.9266889e-05 	0.0946328
-0.00013813814 	0.29796685 	2.8536956e-12 	2.6925538e-05 	0.094660765
-0.00012612613 	0.29796682 	2.851926e-12 	2.4584187e-05 	0.09468873
-0.00011411411 	0.29796678 	2.8501564e-12 	2.2242836e-05 	0.094716695
-0.0001021021 	0.29796674 	2.8483868e-12 	1.9901486e-05 	0.09474466
-9.009009e-05 	0.29796671 	2.8466172e-12 	1.7560135e-05 	0.094772625
-7.8078078e-05 	0.29796667 	2.8448476e-12 	1.5218784e-05 	0.09480059
-6.6066066e-05 	0.29796663 	2.843078e-12 	1.2877433e-05 	0.094828555
-5.4054054e-05 	0.2979666 	2.8413085e-12 	1.0536082e-05 	0.09485652
-4.2042042e-05 	0.29796656 	2.8395389e-12 	8.1947314e-06 	0.094884485
-3.003003e-05 	0.29796652 	2.8377693e-12 	5.8533805e-06 	0.09491245
-1.8018018e-05 	0.29796649 	2.8359997e-12 	3.5120297e-06 	0.094940415
-6.006006e-06 	0.29796645 	2.8342301e-12 	1.1706789e-06 	0.09496838
6.006006e-06 	0.29796648 	2.8332536e-12 	-2.4036291e-06 	0.094968257
1.8018018e-05 	0.29796658 	2.8330701e-12 	-7.210894e-06 	0.094940045
3.003003e-05 	0.29796668 	2.8328867e-12 	-1.2018159e-05 	0.094911834
4.2042042e-05 	0.29796678 	2.8327033e-12 	-1.6825424e-05 	0.094883623
5.4054054e-05 	0.29796687 	2.8325199e-12 	-2.1632689e-05 	0.094855412
6.6066066e-05 	0.29796697 	2.8323365e-12 	-2.6439954e-05 	0.094827201
7.8078078e-05 	0.29796707 	2.832153e-12 	-3.1247219e-05 	0.094798989
9.009009e-05 	0.29796717 	2.8319696e-12 	-3.6054484e-05 	0.094770778
0.0001021021 	0.29796727 	2.8317862e-12 	-4.0861749e-05 	0.094742567
0.00011411411 	0.29796736 	2.8316028e-12 	-4.5669014e-05 	0.094714356
0.00012612613 	0.29796746 	2.8314194e-12 	-5.0476279e-05 	0.094686144
0.00013813814 	0.29796756 	2.831236e-12 	-5.5283544e-05 	0.094657933
0.00015015015 	0.29796766 	2.8310525e-12 	-6.0090809e-05 	0.094629722
0.00016216216 	0.29796776 	2.8308691e-12 	-6.4898074e-05 	0.094601511
0.00017417417 	0.29796785 	2.8306857e-12 	-6.9705339e-05 	0.0945733
0.00018618619 	0.29796795 	2.8305023e-12 	-7.4512604e-05 	0.094545088
0.0001981982 	0.29796805 	2.8303189e-12 	-7.9319869e-05 	0.094516877
0.00021021021 	0.29796815 	2.8301355e-12 	-8.4127134e-05 	0.094488666
0.00022222222 	0.29796824 	2.829952e-12 	-8.8934399e-05 	0.094460455
0.00023423423 	0.29796834 	2.8297686e-12 	-9.3741664e-05 	0.094432244
0.00024624625 	0.29796844 	2.8295852e-12 	-9.8548929e-05 	0.094404032
0.00025825826 	0.29796854 	2.8294018e-12 	-0.00010335619 	0.094375821
0.00027027027 	0.29796864 	2.8292184e-12 	-0.00010816346 	0.09434761
0.00028228228 	0.29796873 	2.8290349e-12 	-0.00011297072 	0.094319399
0.00029429429 	0.29796881 	2.8294503e-12 	-0.00011702191 	0.094291263
0.00030630631 	0.29796885 	2.8312199e-12 	-0.00011936326 	0.094263298
0.00031831832 	0.29796889 	2.8329895e-12 	-0.00012170461 	0.094235333
0.00033033033 	0.29796892 	2.8347591e-12 	-0.00012404596 	0.094207368
0.00034234234 	0.29796896 	2.8365287e-12 	-0.00012638731 	0.094179403
0.00035435435 	0.297969 	2.8382983e-12 	-0.00012872866 	0.094151438
0.00036636637 	0.29796903 	2.8400679e-12 	-0.00013107001 	0.094123473
0.00037837838 	0.29796907 	2.8418375e-12 	-0.00013341136 	0.094095508
0.00039039039 	0.29796911 	2.8436071e-12 	-0.00013575271 	0.094067543
0.0004024024 	0.29796914 	2.8453767e-12 	-0.00013809406 	0.094039578
0.00041441441 	0.29796918 	2.8471463e-12 	-0.00014043541 	0.094011613
0.00042642643 	0.29796921 	2.8489159e-12 	-0.00014277677 	0.093983648
0.00043843844 	0.29796925 	2.8506855e-12 	-0.00014511812 	0.093955683
0.00045045045 	0.29796929 	2.8524551e-12 	-0.00014745947 	0.093927718
0.00046246246 	0.29796932 	2.8542247e-12 	-0.00014980082 	0.093899753
0.00047447447 	0.29796936 	2.8559942e-12 	-0.00015214217 	0.093871788
0.00048648649 	0.2979694 	2.8577638e-12 	-0.00015448352 	0.093843823
0.0004984985 	0.29796943 	2.8595334e-12 	-0.00015682487 	0.093815858
0.00051051051 	0.29796947 	2.861303e-12 	-0.00015916622 	0.093787893
0.00052252252 	0.29796951 	2.8630726e-12 	-0.00016150757 	0.093759928
0.00053453453 	0.29796954 	2.8648422e-12 	-0.00016384892 	0.093731963
0.00054654655 	0.29796958 	2.8666118e-12 	-0.00016619027 	0.093703998
0.00055855856 	0.29796962 	2.8683814e-12 	-0.00016853163 	0.093676033
0.00057057057 	0.29796965 	2.870151e-12 	-0.00017087298 	0.093648068
0.00058258258 	0.29796969 	2.8719206e-12 	-0.00017321433 	0.093620103
0.00059459459 	0.29796973 	2.8736902e-12 	-0.00017555568 	0.093592138
0.00060660661 	0.29796976 	2.8754598e-12 	-0.00017789703 	0.093564173
0.00061861862 	0.2979698 	2.8772294e-12 	-0.00018023838 	0.093536208
0.00063063063 	0.29796984 	2.878999e-12 	-0.00018257973 	0.093508243
0.00064264264 	0.29796987 	2.8807686e-12 	-0.00018492108 	0.093480278
0.00065465465 	0.29796991 	2.8825381e-12 	-0.00018726243 	0.093452313
0.00066666667 	0.29796995 	2.8843077e-12 	-0.00018960378 	0.093424348
0.00067867868 	0.29796998 	2.8860773e-12 	-0.00019194513 	0.093396383
0.00069069069 	0.29797002 	2.8878469e-12 	-0.00019428648 	0.093368418
0.0007027027 	0.29797005 	2.8896165e-12 	-0.00019662784 	0.093340453
0.00071471471 	0.29797009 	2.8913861e-12 	-0.00019896919 	0.093312488
0.00072672673 	0.29797013 	2.8931557e-12 	-0.00020131054 	0.093284523
0.00073873874 	0.29797016 	2.8949253e-12 	-0.00020365189 	0.093256558
0.00075075075 	0.2979702 	2.8966949e-12 	-0.00020599324 	0.093228593
0.00076276276 	0.29797024 	2.8984645e-12 	-0.00020833459 	0.093200628
0.00077477477 	0.29797027 	2.9002341e-12 	-0.00021067594 	0.093172663
0.00078678679 	0.29797031 	2.9020037e-12 	-0.00021301729 	0.093144698
0.0007987988 	0.29797035 	2.9037733e-12 	-0.00021535864 	0.093116733
0.00081081081 	0.29797038 	2.9055429e-12 	-0.00021769999 	0.093088768
0.00082282282 	0.29797042 	2.9073125e-12 	-0.00022004134 	0.093060803
0.00083483483 	0.29797046 	2.909082e-12 	-0.0002223827 	0.093032838
0.00084684685 	0.29797049 	2.9108516e-12 	-0.00022472405 	0.093004873
0.00085885886 	0.29797071 	2.8805602e-12 	-0.00022835287 	0.092933365
0.00087087087 	0.29797096 	2.8451523e-12 	-0.00023218715 	0.092854907
0.00088288288 	0.2979712 	2.8097443e-12 	-0.00023602143 	0.09277645
0.00089489489 	0.29797145 	2.7743363e-12 	-0.00023985572 	0.092697992
0.00090690691 	0.2979717 	2.7389283e-12 	-0.00024369 	0.092619535
0.00091891892 	0.29797194 	2.7035204e-12 	-0.00024752429 	0.092541077
0.00093093093 	0.29797219 	2.6681124e-12 	-0.00025135857 	0.09246262
0.00094294294 	0.29797243 	2.6327044e-12 	-0.00025519285 	0.092384162
0.00095495495 	0.29797268 	2.5972964e-12 	-0.00025902714 	0.092305705
0.00096696697 	0.29797293 	2.5618885e-12 	-0.00026286142 	0.092227248
0.00097897898 	0.29797317 	2.5264805e-12 	-0.00026669571 	0.09214879
0.00099099099 	0.29797342 	2.4910725e-12 	-0.00027052999 	0.092070333
0.001003003 	0.29797366 	2.4556645e-12 	-0.00027436428 	0.091991875
0.001015015 	0.29797391 	2.4202566e-12 	-0.00027819856 	0.091913418
0.001027027 	0.29797416 	2.3848486e-12 	-0.00028203284 	0.09183496
0.001039039 	0.2979744 	2.3494406e-12 	-0.00028586713 	0.091756503
0.0010510511 	0.29797465 	2.3140326e-12 	-0.00028970141 	0.091678046
0.0010630631 	0.2979749 	2.2786247e-12 	-0.0002935357 	0.091599588
0.0010750751 	0.29797514 	2.2432167e-12 	-0.00029736998 	0.091521131
0.0010870871 	0.29797539 	2.2078087e-12 	-0.00030120427 	0.091442673
0.0010990991 	0.29797563 	2.1724007e-12 	-0.00030503855 	0.091364216
0.0011111111 	0.29797588 	2.1369928e-12 	-0.00030887283 	0.091285758
0.0011231231 	0.29797613 	2.1015848e-12 	-0.00031270712 	0.091207301
0.0011351351 	0.29797637 	2.0661768e-12 	-0.0003165414 	0.091128844
0.0011471471 	0.29797652 	2.0425406e-12 	-0.00031904809 	0.091051034
0.0011591592 	0.29797661 	2.0247289e-12 	-0.00032089789 	0.090973544
0.0011711712 	0.2979767 	2.0069173e-12 	-0.00032274768 	0.090896055
0.0011831832 	0.29797679 	1.9891057e-12 	-0.00032459748 	0.090818565
0.0011951952 	0.29797688 	1.971294e-12 	-0.00032644728 	0.090741076
0.0012072072 	0.29797697 	1.9534824e-12 	-0.00032829708 	0.090663587
0.0012192192 	0.29797707 	1.9356707e-12 	-0.00033014687 	0.090586097
0.0012312312 	0.29797716 	1.9178591e-12 	-0.00033199667 	0.090508608
0.0012432432 	0.29797725 	1.9000475e-12 	-0.00033384647 	0.090431118
0.0012552553 	0.29797734 	1.8822358e-12 	-0.00033569627 	0.090353629
0.0012672673 	0.29797743 	1.8644242e-12 	-0.00033754607 	0.09027614
0.0012792793 	0.29797752 	1.8466125e-12 	-0.00033939586 	0.09019865
0.0012912913 	0.29797762 	1.8288009e-12 	-0.00034124566 	0.090121161
0.0013033033 	0.29797771 	1.8109892e-12 	-0.00034309546 	0.090043671
0.0013153153 	0.2979778 	1.7931776e-12 	-0.00034494526 	0.089966182
0.0013273273 	0.29797789 	1.775366e-12 	-0.00034679506 	0.089888693
0.0013393393 	0.29797798 	1.7575543e-12 	-0.00034864485 	0.089811203
0.0013513514 	0.29797807 	1.7397427e-12 	-0.00035049465 	0.089733714
0.0013633634 	0.29797816 	1.721931e-12 	-0.00035234445 	0.089656224
0.0013753754 	0.29797826 	1.7041194e-12 	-0.00035419425 	0.089578735
0.0013873874 	0.29797835 	1.6863078e-12 	-0.00035604404 	0.089501245
0.0013993994 	0.29797844 	1.6684961e-12 	-0.00035789384 	0.089423756
0.0014114114 	0.29797853 	1.6506845e-12 	-0.00035974364 	0.089346267
0.0014234234 	0.29797862 	1.6328728e-12 	-0.00036159344 	0.089268777
0.0014354354 	0.29797871 	1.6150612e-12 	-0.00036344324 	0.089191288
0.0014474474 	0.29797881 	1.5972496e-12 	-0.00036529303 	0.089113798
0.0014594595 	0.2979789 	1.5794379e-12 	-0.00036714283 	0.089036309
0.0014714715 	0.29797899 	1.5616263e-12 	-0.00036899263 	0.08895882
0.0014834835 	0.29797908 	1.5438146e-12 	-0.00037084243 	0.08888133
0.0014954955 	0.29797917 	1.526003e-12 	-0.00037269222 	0.088803841
0.0015075075 	0.29797926 	1.5081914e-12 	-0.00037454202 	0.088726351
0.0015195195 	0.29797936 	1.4903797e-12 	-0.00037639182 	0.088648862
0.0015315315 	0.29797945 	1.4725681e-12 	-0.00037824162 	0.088571372
0.0015435435 	0.29797954 	1.4547564e-12 	-0.00038009142 	0.088493883
0.0015555556 	0.29797963 	1.4369448e-12 	-0.00038194121 	0.088416394
0.0015675676 	0.29797972 	1.4191332e-12 	-0.00038379101 	0.088338904
0.0015795796 	0.29797981 	1.4013215e-12 	-0.00038564081 	0.088261415
0.0015915916 	0.29797991 	1.3835099e-12 	-0.00038749061 	0.088183925
0.0016036036 	0.29798 	1.3656982e-12 	-0.0003893404 	0.088106436
0.0016156156 	0.29798009 	1.3478866e-12 	-0.0003911902 	0.088028947
0.0016276276 	0.29798018 	1.3300749e-12 	-0.00039304 	0.087951457
0.0016396396 	0.29798027 	1.3122633e-12 	-0.0003948898 	0.087873968
0.0016516517 	0.29798036 	1.2944517e-12 	-0.0003967396 	0.087796478
0.0016636637 	0.29798045 	1.27664e-12 	-0.00039858939 	0.087718989
0.0016756757 	0.29798055 	1.2588284e-12 	-0.00040043919 	0.0876415
0.0016876877 	0.29798064 	1.2410167e-12 	-0.00040228899 	0.08756401
0.0016996997 	0.2979808 	1.2232461e-12 	-0.00040458513 	0.087474173
0.0017117117 	0.29798123 	1.2056169e-12 	-0.00040842086 	0.087341745
0.0017237237 	0.29798165 	1.1879877e-12 	-0.0004122566 	0.087209317
0.0017357357 	0.29798207 	1.1703584e-12 	-0.00041609234 	0.087076889
0.0017477477 	0.2979825 	1.1527292e-12 	-0.00041992807 	0.086944461
0.0017597598 	0.29798292 	1.1351e-12 	-0.00042376381 	0.086812032
0.0017717718 	0.29798335 	1.1174708e-12 	-0.00042759954 	0.086679604
0.0017837838 	0.29798377 	1.0998415e-12 	-0.00043143528 	0.086547176
0.0017957958 	0.29798419 	1.0822123e-12 	-0.00043527102 	0.086414748
0.0018078078 	0.29798462 	1.0645831e-12 	-0.00043910675 	0.08628232
0.0018198198 	0.29798504 	1.0469539e-12 	-0.00044294249 	0.086149892
0.0018318318 	0.29798546 	1.0293247e-12 	-0.00044677822 	0.086017464
0.0018438438 	0.29798589 	1.0116954e-12 	-0.00045061396 	0.085885035
0.0018558559 	0.29798631 	9.9406622e-13 	-0.0004544497 	0.085752607
0.0018678679 	0.29798673 	9.7643699e-13 	-0.00045828543 	0.085620179
0.0018798799 	0.29798716 	9.5880777e-13 	-0.00046212117 	0.085487751
0.0018918919 	0.29798758 	9.4117855e-13 	-0.0004659569 	0.085355323
0.0019039039 	0.297988 	9.2354933e-13 	-0.00046979264 	0.085222895
0.0019159159 	0.29798843 	9.0592011e-13 	-0.00047362838 	0.085090467
0.0019279279 	0.29798869 	8.8521199e-13 	-0.00047619462 	0.084958325
0.0019399399 	0.29798883 	8.6236304e-13 	-0.00047787816 	0.084826383
0.001951952 	0.29798897 	8.395141e-13 	-0.0004795617 	0.084694441
0.001963964 	0.29798912 	8.1666515e-13 	-0.00048124524 	0.0845625
0.001975976 	0.29798926 	7.938162e-13 	-0.00048292878 	0.084430558
0.001987988 	0.2979894 	7.7096726e-13 	-0.00048461231 	0.084298616
0.002 	0.29798955 	7.4811831e-13 	-0.00048629585 	0.084166674
0.002012012 	0.29798969 	7.2526936e-13 	-0.00048797939 	0.084034732
0.002024024 	0.29798984 	7.0242042e-13 	-0.00048966293 	0.08390279
0.002036036 	0.29798998 	6.7957147e-13 	-0.00049134647 	0.083770848
0.002048048 	0.29799012 	6.5672252e-13 	-0.00049303 	0.083638906
0.0020600601 	0.29799027 	6.3387357e-13 	-0.00049471354 	0.083506964
0.0020720721 	0.29799041 	6.1102463e-13 	-0.00049639708 	0.083375022
0.0020840841 	0.29799055 	5.8817568e-13 	-0.00049808062 	0.083243081
0.0020960961 	0.2979907 	5.6532673e-13 	-0.00049976416 	0.083111139
0.0021081081 	0.29799084 	5.4247779e-13 	-0.00050144769 	0.082979197
0.0021201201 	0.29799099 	5.1962884e-13 	-0.00050313123 	0.082847255
0.0021321321 	0.29799113 	4.9677989e-13 	-0.00050481477 	0.082715313
0.0021441441 	0.29799127 	4.7393095e-13 	-0.00050649831 	0.082583371
0.0021561562 	0.29799142 	4.51082e-13 	-0.00050818184 	0.082451429
0.0021681682 	0.29799156 	4.2823305e-13 	-0.00050986538 	0.082319487
0.0021801802 	0.2979917 	4.053841e-13 	-0.00051154892 	0.082187545
0.0021921922 	0.29799185 	3.8253516e-13 	-0.00051323246 	0.082055603
0.0022042042 	0.29799199 	3.5968621e-13 	-0.000514916 	0.081923662
0.0022162162 	0.29799214 	3.3683726e-13 	-0.00051659953 	0.08179172
0.0022282282 	0.29799228 	3.1398832e-13 	-0.00051828307 	0.081659778
0.0022402402 	0.29799242 	2.9113937e-13 	-0.00051996661 	0.081527836
0.0022522523 	0.29799257 	2.6829042e-13 	-0.00052165015 	0.081395894
0.0022642643 	0.29799271 	2.4544148e-13 	-0.00052333369 	0.081263952
0.0022762763 	0.29799285 	2.2259253e-13 	-0.00052501722 	0.08113201
0.0022882883 	0.297993 	1.9974358e-13 	-0.00052670076 	0.081000068
0.0023003003 	0.29799314 	1.7689464e-13 	-0.0005283843 	0.080868126
0.0023123123 	0.29799328 	1.5404569e-13 	-0.00053006784 	0.080736184
0.0023243243 	0.29799343 	1.3119674e-13 	-0.00053175138 	0.080604243
0.0023363363 	0.29799357 	1.0834779e-13 	-0.00053343491 	0.080472301
0.0023483483 	0.29799372 	8.5498848e-14 	-0.00053511845 	0.080340359
0.0023603604 	0.29799419 	8.1301594e-14 	-0.00053826719 	0.080178328
0.0023723724 	0.29799473 	8.1301589e-14 	-0.00054174564 	0.080009525
0.0023843844 	0.29799527 	8.1301583e-14 	-0.00054522409 	0.079840723
0.0023963964 	0.29799582 	8.1301577e-14 	-0.00054870254 	0.079671921
0.0024084084 	0.29799636 	8.1301572e-14 	-0.00055218099 	0.079503118
0.0024204204 	0.29799691 	8.1301566e-14 	-0.00055565944 	0.079334316
0.0024324324 	0.29799745 	8.130156e-14 	-0.00055913789 	0.079165514
0.0024444444 	0.29799799 	8.1301555e-14 	-0.00056261634 	0.078996711
0.0024564565 	0.29799854 	8.1301549e-14 	-0.00056609479 	0.078827909
0.0024684685 	0.29799908 	8.1301543e-14 	-0.00056957324 	0.078659107
0.0024804805 	0.29799963 	8.1301538e-14 	-0.00057305169 	0.078490304
0.0024924925 	0.29800017 	8.1301532e-14 	-0.00057653014 	0.078321502
0.0025045045 	0.29800071 	8.1301527e-14 	-0.00058000859 	0.0781527
0.0025165165 	0.29800126 	8.1301521e-14 	-0.00058348704 	0.077983897
0.0025285285 	0.2980018 	8.1301515e-14 	-0.00058696549 	0.077815095
0.0025405405 	0.29800235 	8.130151e-14 	-0.00059044394 	0.077646293
0.0025525526 	0.29800274 	8.23234e-14 	-0.000593072 	0.077478674
0.0025645646 	0.29800291 	8.4957514e-14 	-0.00059435841 	0.077312924
0.0025765766 	0.29800307 	8.7591628e-14 	-0.00059564482 	0.077147173
0.0025885886 	0.29800323 	9.0225742e-14 	-0.00059693123 	0.076981423
0.0026006006 	0.2980034 	9.2859856e-14 	-0.00059821764 	0.076815672
0.0026126126 	0.29800356 	9.549397e-14 	-0.00059950405 	0.076649922
0.0026246246 	0.29800373 	9.8128084e-14 	-0.00060079046 	0.076484171
0.0026366366 	0.29800389 	1.007622e-13 	-0.00060207687 	0.076318421
0.0026486486 	0.29800405 	1.0339631e-13 	-0.00060336328 	0.07615267
0.0026606607 	0.29800422 	1.0603043e-13 	-0.00060464969 	0.07598692
0.0026726727 	0.29800438 	1.0866454e-13 	-0.0006059361 	0.075821169
0.0026846847 	0.29800455 	1.1129865e-13 	-0.00060722251 	0.075655419
0.0026966967 	0.29800471 	1.1393277e-13 	-0.00060850892 	0.075489668
0.0027087087 	0.29800487 	1.1656688e-13 	-0.00060979533 	0.075323918
0.0027207207 	0.29800504 	1.1920099e-13 	-0.00061108174 	0.075158167
0.0027327327 	0.2980052 	1.2183511e-13 	-0.00061236816 	0.074992417
0.0027447447 	0.29800537 	1.2446922e-13 	-0.00061365457 	0.074826666
0.0027567568 	0.29800553 	1.2710333e-13 	-0.00061494098 	0.074660916
0.0027687688 	0.29800569 	1.2973745e-13 	-0.00061622739 	0.074495165
0.0027807808 	0.29800586 	1.3237156e-13 	-0.0006175138 	0.074329414
0.0027927928 	0.29800602 	1.3500567e-13 	-0.00061880021 	0.074163664
0.0028048048 	0.29800619 	1.3763979e-13 	-0.00062008662 	0.073997913
0.0028168168 	0.29800635 	1.402739e-13 	-0.00062137303 	0.073832163
0.0028288288 	0.29800651 	1.4290802e-13 	-0.00062265944 	0.073666412
0.0028408408 	0.29800668 	1.4554213e-13 	-0.00062394585 	0.073500662
0.0028528529 	0.29800684 	1.4817624e-13 	-0.00062523226 	0.073334911
0.0028648649 	0.29800701 	1.5081036e-13 	-0.00062651867 	0.073169161
0.0028768769 	0.29800717 	1.5344447e-13 	-0.00062780508 	0.07300341
0.0028888889 	0.29800733 	1.5607858e-13 	-0.00062909149 	0.07283766
0.0029009009 	0.2980075 	1.587127e-13 	-0.0006303779 	0.072671909
0.0029129129 	0.29800766 	1.6134681e-13 	-0.00063166432 	0.072506159
0.0029249249 	0.29800783 	1.6398092e-13 	-0.00063295073 	0.072340408
0.0029369369 	0.29800835 	1.6437526e-13 	-0.00063506065 	0.072140547
0.0029489489 	0.29800893 	1.6437524e-13 	-0.00063731557 	0.07193468
0.002960961 	0.29800952 	1.6437523e-13 	-0.00063957049 	0.071728813
0.002972973 	0.2980101 	1.6437522e-13 	-0.00064182541 	0.071522947
0.002984985 	0.29801069 	1.6437521e-13 	-0.00064408033 	0.07131708
0.002996997 	0.29801127 	1.643752e-13 	-0.00064633525 	0.071111213
0.003009009 	0.29801185 	1.6437519e-13 	-0.00064859017 	0.070905346
0.003021021 	0.29801244 	1.6437518e-13 	-0.00065084509 	0.070699479
0.003033033 	0.29801302 	1.6437517e-13 	-0.00065310001 	0.070493613
0.003045045 	0.29801361 	1.6437515e-13 	-0.00065535493 	0.070287746
0.0030570571 	0.29801419 	1.6437514e-13 	-0.00065760985 	0.070081879
0.0030690691 	0.29801478 	1.6437513e-13 	-0.00065986477 	0.069876012
0.0030810811 	0.29801536 	1.6437512e-13 	-0.00066211969 	0.069670145
0.0030930931 	0.29801595 	1.6437511e-13 	-0.00066437461 	0.069464279
0.0031051051 	0.29801638 	1.6329351e-13 	-0.00066600205 	0.069259861
0.0031171171 	0.29801655 	1.6034797e-13 	-0.00066654814 	0.069057941
0.0031291291 	0.29801672 	1.5740244e-13 	-0.00066709423 	0.068856021
0.0031411411 	0.29801688 	1.544569e-13 	-0.00066764032 	0.068654102
0.0031531532 	0.29801705 	1.5151137e-13 	-0.00066818641 	0.068452182
0.0031651652 	0.29801722 	1.4856583e-13 	-0.0006687325 	0.068250262
0.0031771772 	0.29801739 	1.4562029e-13 	-0.00066927859 	0.068048342
0.0031891892 	0.29801756 	1.4267476e-13 	-0.00066982468 	0.067846422
0.0032012012 	0.29801773 	1.3972922e-13 	-0.00067037077 	0.067644502
0.0032132132 	0.29801789 	1.3678369e-13 	-0.00067091686 	0.067442582
0.0032252252 	0.29801806 	1.3383815e-13 	-0.00067146295 	0.067240663
0.0032372372 	0.29801823 	1.3089262e-13 	-0.00067200904 	0.067038743
0.0032492492 	0.2980184 	1.2794708e-13 	-0.00067255513 	0.066836823
0.0032612613 	0.29801857 	1.2500155e-13 	-0.00067310122 	0.066634903
0.0032732733 	0.29801874 	1.2205601e-13 	-0.00067364731 	0.066432983
0.0032852853 	0.29801891 	1.1911047e-13 	-0.0006741934 	0.066231063
0.0032972973 	0.29801907 	1.1616494e-13 	-0.00067473949 	0.066029144
0.0033093093 	0.29801924 	1.132194e-13 	-0.00067528558 	0.065827224
0.0033213213 	0.29801941 	1.1027387e-13 	-0.00067583166 	0.065625304
0.0033333333 	0.29801958 	1.0732833e-13 	-0.00067637775 	0.065423384
0.0033453453 	0.29801975 	1.043828e-13 	-0.00067692384 	0.065221464
0.0033573574 	0.29801992 	1.0143726e-13 	-0.00067746993 	0.065019544
0.0033693694 	0.29802008 	9.8491726e-14 	-0.00067801602 	0.064817624
0.0033813814 	0.29802025 	9.554619e-14 	-0.00067856211 	0.064615705
0.0033933934 	0.29802042 	9.2600655e-14 	-0.0006791082 	0.064413785
0.0034054054 	0.29802059 	8.9655119e-14 	-0.00067965429 	0.064211865
0.0034174174 	0.29802076 	8.6709584e-14 	-0.00068020038 	0.064009945
0.0034294294 	0.29802093 	8.3764048e-14 	-0.00068074647 	0.063808025
0.0034414414 	0.29802134 	8.247944e-14 	-0.00068161223 	0.063585165
0.0034534535 	0.29802193 	8.2479438e-14 	-0.00068272523 	0.063346108
0.0034654655 	0.29802252 	8.2479436e-14 	-0.00068383823 	0.063107051
0.0034774775 	0.29802312 	8.2479434e-14 	-0.00068495123 	0.062867995
0.0034894895 	0.29802371 	8.2479432e-14 	-0.00068606423 	0.062628938
0.0035015015 	0.29802431 	8.247943e-14 	-0.00068717723 	0.062389882
0.0035135135 	0.2980249 	8.2479428e-14 	-0.00068829023 	0.062150825
0.0035255255 	0.2980255 	8.2479426e-14 	-0.00068940323 	0.061911768
0.0035375375 	0.29802609 	8.2479424e-14 	-0.00069051623 	0.061672712
0.0035495495 	0.29802669 	8.2479422e-14 	-0.00069162923 	0.061433655
0.0035615616 	0.29802728 	8.247942e-14 	-0.00069274223 	0.061194599
0.0035735736 	0.29802787 	8.2479418e-14 	-0.00069385523 	0.060955542
0.0035855856 	0.29802847 	8.2479416e-14 	-0.00069496823 	0.060716485
0.0035975976 	0.29802872 	7.7138504e-14 	-0.00069494389 	0.060481521
0.0036096096 	0.29802887 	7.0426355e-14 	-0.00069462754 	0.060247607
0.0036216216 	0.29802903 	6.3714207e-14 	-0.00069431119 	0.060013693
0.0036336336 	0.29802919 	5.7002059e-14 	-0.00069399485 	0.059779779
0.0036456456 	0.29802935 	5.028991e-14 	-0.0006936785 	0.059545865
0.0036576577 	0.29802951 	4.3577762e-14 	-0.00069336215 	0.059311951
0.0036696697 	0.29802966 	3.6865614e-14 	-0.0006930458 	0.059078037
0.0036816817 	0.29802982 	3.0153465e-14 	-0.00069272946 	0.058844123
0.0036936937 	0.29802998 	2.3441317e-14 	-0.00069241311 	0.05861021
0.0037057057 	0.29803014 	1.6729169e-14 	-0.00069209676 	0.058376296
0.0037177177 	0.2980303 	1.001702e-14 	-0.00069178041 	0.058142382
0.0037297297 	0.29803045 	3.3048721e-15 	-0.00069146407 	0.057908468
0.0037417417 	0.29803061 	-3.4072762e-15 	-0.00069114772 	0.057674554
0.0037537538 	0.29803077 	-1.0119425e-14 	-0.00069083137 	0.05744064
0.0037657658 	0.29803093 	-1.6831573e-14 	-0.00069051502 	0.057206726
0.0037777778 	0.29803109 	-2.3543721e-14 	-0.00069019867 	0.056972812
0.0037897898 	0.29803124 	-3.0255869e-14 	-0.00068988233 	0.056738898
0.0038018018 	0.2980314 	-3.6968018e-14 	-0.00068956598 	0.056504984
0.0038138138 	0.29803156 	-4.3680166e-14 	-0.00068924963 	0.05627107
0.0038258258 	0.29803172 	-5.0392314e-14 	-0.00068893328 	0.056037157
0.0038378378 	0.29803188 	-5.7104463e-14 	-0.00068861694 	0.055803243
0.0038498498 	0.29803203 	-6.3816611e-14 	-0.00068830059 	0.055569329
0.0038618619 	0.29803219 	-7.0528759e-14 	-0.00068798424 	0.055335415
0.0038738739 	0.29803235 	-7.7240908e-14 	-0.00068766789 	0.055101501
0.0038858859 	0.29803263 	-8.2043139e-14 	-0.00068744027 	0.054857813
0.0038978979 	0.29803321 	-8.2043142e-14 	-0.00068743573 	0.054589551
0.0039099099 	0.29803379 	-8.2043145e-14 	-0.00068743119 	0.054321288
0.0039219219 	0.29803437 	-8.2043148e-14 	-0.00068742664 	0.054053026
0.0039339339 	0.29803495 	-8.204315e-14 	-0.0006874221 	0.053784763
0.0039459459 	0.29803553 	-8.2043153e-14 	-0.00068741756 	0.053516501
0.003957958 	0.29803611 	-8.2043156e-14 	-0.00068741302 	0.053248238
0.00396997 	0.29803669 	-8.2043159e-14 	-0.00068740848 	0.052979976
0.003981982 	0.29803727 	-8.2043162e-14 	-0.00068740393 	0.052711713
0.003993994 	0.29803785 	-8.2043165e-14 	-0.00068739939 	0.05244345
0.004006006 	0.29803843 	-8.2043168e-14 	-0.00068739485 	0.052175188
0.004018018 	0.298039 	-8.2150761e-14 	-0.00068735429 	0.051907106
0.00403003 	0.29803913 	-8.5960865e-14 	-0.00068607427 	0.051645225
0.004042042 	0.29803927 	-8.9770968e-14 	-0.00068479425 	0.051383343
0.0040540541 	0.29803941 	-9.3581072e-14 	-0.00068351423 	0.051121462
0.0040660661 	0.29803955 	-9.7391176e-14 	-0.00068223422 	0.050859581
0.0040780781 	0.29803969 	-1.0120128e-13 	-0.0006809542 	0.0505977
0.0040900901 	0.29803983 	-1.0501138e-13 	-0.00067967418 	0.050335819
0.0041021021 	0.29803996 	-1.0882149e-13 	-0.00067839416 	0.050073938
0.0041141141 	0.2980401 	-1.1263159e-13 	-0.00067711414 	0.049812057
0.0041261261 	0.29804024 	-1.164417e-13 	-0.00067583412 	0.049550176
0.0041381381 	0.29804038 	-1.202518e-13 	-0.0006745541 	0.049288295
0.0041501502 	0.29804052 	-1.240619e-13 	-0.00067327408 	0.049026414
0.0041621622 	0.29804065 	-1.2787201e-13 	-0.00067199407 	0.048764533
0.0041741742 	0.29804079 	-1.3168211e-13 	-0.00067071405 	0.048502651
0.0041861862 	0.29804093 	-1.3549221e-13 	-0.00066943403 	0.04824077
0.0041981982 	0.29804107 	-1.3930232e-13 	-0.00066815401 	0.047978889
0.0042102102 	0.29804121 	-1.4311242e-13 	-0.00066687399 	0.047717008
0.0042222222 	0.29804134 	-1.4692253e-13 	-0.00066559397 	0.047455127
0.0042342342 	0.29804148 	-1.5073263e-13 	-0.00066431395 	0.047193246
0.0042462462 	0.29804162 	-1.5454273e-13 	-0.00066303393 	0.046931365
0.0042582583 	0.29804176 	-1.5835284e-13 	-0.00066175392 	0.046669484
0.0042702703 	0.2980419 	-1.6216294e-13 	-0.0006604739 	0.046407603
0.0042822823 	0.29804221 	-1.658932e-13 	-0.00065930803 	0.046132651
0.0042942943 	0.29804275 	-1.6951292e-13 	-0.00065830018 	0.045839607
0.0043063063 	0.2980433 	-1.7313264e-13 	-0.00065729234 	0.045546562
0.0043183183 	0.29804384 	-1.7675237e-13 	-0.00065628449 	0.045253518
0.0043303303 	0.29804439 	-1.8037209e-13 	-0.00065527665 	0.044960473
0.0043423423 	0.29804493 	-1.8399181e-13 	-0.0006542688 	0.044667429
0.0043543544 	0.29804548 	-1.8761154e-13 	-0.00065326096 	0.044374385
0.0043663664 	0.29804602 	-1.9123126e-13 	-0.00065225311 	0.04408134
0.0043783784 	0.29804657 	-1.9485098e-13 	-0.00065124526 	0.043788296
0.0043903904 	0.29804711 	-1.984707e-13 	-0.00065023742 	0.043495251
0.0044024024 	0.29804744 	-2.0243506e-13 	-0.00064860871 	0.043205691
0.0044144144 	0.29804756 	-2.0674968e-13 	-0.00064634899 	0.042919671
0.0044264264 	0.29804767 	-2.110643e-13 	-0.00064408927 	0.042633652
0.0044384384 	0.29804778 	-2.1537892e-13 	-0.00064182956 	0.042347632
0.0044504505 	0.29804789 	-2.1969353e-13 	-0.00063956984 	0.042061613
0.0044624625 	0.29804801 	-2.2400815e-13 	-0.00063731012 	0.041775593
0.0044744745 	0.29804812 	-2.2832277e-13 	-0.0006350504 	0.041489574
0.0044864865 	0.29804823 	-2.3263739e-13 	-0.00063279069 	0.041203554
0.0044984985 	0.29804834 	-2.3695201e-13 	-0.00063053097 	0.040917535
0.0045105105 	0.29804846 	-2.4126662e-13 	-0.00062827125 	0.040631515
0.0045225225 	0.29804857 	-2.4558124e-13 	-0.00062601153 	0.040345496
0.0045345345 	0.29804868 	-2.4989586e-13 	-0.00062375182 	0.040059476
0.0045465465 	0.2980488 	-2.5421048e-13 	-0.0006214921 	0.039773457
0.0045585586 	0.29804891 	-2.585251e-13 	-0.00061923238 	0.039487438
0.0045705706 	0.29804902 	-2.6283971e-13 	-0.00061697267 	0.039201418
0.0045825826 	0.29804913 	-2.6715433e-13 	-0.00061471295 	0.038915399
0.0045945946 	0.29804925 	-2.7146895e-13 	-0.00061245323 	0.038629379
0.0046066066 	0.29804936 	-2.7578357e-13 	-0.00061019351 	0.03834336
0.0046186186 	0.29804947 	-2.8009819e-13 	-0.0006079338 	0.03805734
0.0046306306 	0.29804976 	-2.8250783e-13 	-0.00060584791 	0.03775945
0.0046426426 	0.29805025 	-2.8254925e-13 	-0.00060397813 	0.037446803
0.0046546547 	0.29805074 	-2.8259068e-13 	-0.00060210835 	0.037134157
0.0046666667 	0.29805124 	-2.826321e-13 	-0.00060023857 	0.03682151
0.0046786787 	0.29805173 	-2.8267353e-13 	-0.00059836879 	0.036508863
0.0046906907 	0.29805223 	-2.8271495e-13 	-0.00059649901 	0.036196216
0.0047027027 	0.29805272 	-2.8275638e-13 	-0.00059462923 	0.035883569
0.0047147147 	0.29805322 	-2.827978e-13 	-0.00059275945 	0.035570922
0.0047267267 	0.29805371 	-2.8283923e-13 	-0.00059088967 	0.035258275
0.0047387387 	0.29805392 	-2.8284978e-13 	-0.00058816616 	0.034950073
0.0047507508 	0.29805401 	-2.8284692e-13 	-0.00058507213 	0.034643799
0.0047627628 	0.29805409 	-2.8284407e-13 	-0.0005819781 	0.034337525
0.0047747748 	0.29805418 	-2.8284122e-13 	-0.00057888408 	0.034031251
0.0047867868 	0.29805426 	-2.8283837e-13 	-0.00057579005 	0.033724977
0.0047987988 	0.29805435 	-2.8283551e-13 	-0.00057269603 	0.033418703
0.0048108108 	0.29805443 	-2.8283266e-13 	-0.000569602 	0.033112429
0.0048228228 	0.29805452 	-2.8282981e-13 	-0.00056650797 	0.032806155
0.0048348348 	0.2980546 	-2.8282696e-13 	-0.00056341395 	0.032499881
0.0048468468 	0.29805469 	-2.8282411e-13 	-0.00056031992 	0.032193607
0.0048588589 	0.29805477 	-2.8282125e-13 	-0.0005572259 	0.031887333
0.0048708709 	0.29805486 	-2.828184e-13 	-0.00055413187 	0.031581059
0.0048828829 	0.29805494 	-2.8281555e-13 	-0.00055103784 	0.031274785
0.0048948949 	0.29805503 	-2.828127e-13 	-0.00054794382 	0.030968511
0.0049069069 	0.29805511 	-2.8280985e-13 	-0.00054484979 	0.030662238
0.0049189189 	0.2980552 	-2.8280699e-13 	-0.00054175576 	0.030355964
0.0049309309 	0.29805528 	-2.8280414e-13 	-0.00053866174 	0.03004969
0.0049429429 	0.29805568 	-2.7855624e-13 	-0.00053566033 	0.029724957
0.004954955 	0.29805612 	-2.7385187e-13 	-0.00053266889 	0.029398238
0.004966967 	0.29805656 	-2.6914751e-13 	-0.00052967744 	0.02907152
0.004978979 	0.29805699 	-2.6444314e-13 	-0.000526686 	0.028744802
0.004990991 	0.29805743 	-2.5973878e-13 	-0.00052369455 	0.028418084
0.005003003 	0.29805786 	-2.5503441e-13 	-0.00052070311 	0.028091366
0.005015015 	0.2980583 	-2.5033004e-13 	-0.00051771166 	0.027764648
0.005027027 	0.29805866 	-2.4546504e-13 	-0.00051460375 	0.027438752
0.005039039 	0.29805872 	-2.3991681e-13 	-0.00051100047 	0.027116355
0.0050510511 	0.29805878 	-2.3436858e-13 	-0.00050739719 	0.026793957
0.0050630631 	0.29805883 	-2.2882035e-13 	-0.00050379391 	0.026471559
0.0050750751 	0.29805889 	-2.2327213e-13 	-0.00050019063 	0.026149162
0.0050870871 	0.29805895 	-2.177239e-13 	-0.00049658735 	0.025826764
0.0050990991 	0.298059 	-2.1217567e-13 	-0.00049298407 	0.025504366
0.0051111111 	0.29805906 	-2.0662744e-13 	-0.00048938079 	0.025181969
0.0051231231 	0.29805912 	-2.0107921e-13 	-0.00048577751 	0.024859571
0.0051351351 	0.29805917 	-1.9553099e-13 	-0.00048217423 	0.024537173
0.0051471471 	0.29805923 	-1.8998276e-13 	-0.00047857095 	0.024214776
0.0051591592 	0.29805929 	-1.8443453e-13 	-0.00047496767 	0.023892378
0.0051711712 	0.29805934 	-1.788863e-13 	-0.00047136439 	0.02356998
0.0051831832 	0.2980594 	-1.7333808e-13 	-0.00046776111 	0.023247583
0.0051951952 	0.29805946 	-1.6778985e-13 	-0.00046415783 	0.022925185
0.0052072072 	0.29805964 	-1.6437507e-13 	-0.00045986565 	0.022597629
0.0052192192 	0.29806002 	-1.6437507e-13 	-0.00045447081 	0.022261815
0.0052312312 	0.29806041 	-1.6437508e-13 	-0.00044907597 	0.021926002
0.0052432432 	0.29806079 	-1.6437508e-13 	-0.00044368112 	0.021590188
0.0052552553 	0.29806118 	-1.6437509e-13 	-0.00043828628 	0.021254375
0.0052672673 	0.29806156 	-1.6437509e-13 	-0.00043289144 	0.020918561
0.0052792793 	0.29806195 	-1.643751e-13 	-0.0004274966 	0.020582748
0.0052912913 	0.29806213 	-1.6068706e-13 	-0.00042310015 	0.02024785
0.0053033033 	0.29806216 	-1.54385e-13 	-0.00041941136 	0.019913602
0.0053153153 	0.29806218 	-1.4808295e-13 	-0.00041572257 	0.019579354
0.0053273273 	0.29806221 	-1.4178089e-13 	-0.00041203377 	0.019245106
0.0053393393 	0.29806224 	-1.3547883e-13 	-0.00040834498 	0.018910859
0.0053513514 	0.29806227 	-1.2917678e-13 	-0.00040465618 	0.018576611
0.0053633634 	0.2980623 	-1.2287472e-13 	-0.00040096739 	0.018242363
0.0053753754 	0.29806233 	-1.1657267e-13 	-0.00039727859 	0.017908115
0.0053873874 	0.29806236 	-1.1027061e-13 	-0.0003935898 	0.017573867
0.0053993994 	0.29806239 	-1.0396855e-13 	-0.000389901 	0.017239619
0.0054114114 	0.29806242 	-9.7666498e-14 	-0.00038621221 	0.016905371
0.0054234234 	0.29806245 	-9.1364442e-14 	-0.00038252342 	0.016571123
0.0054354354 	0.29806248 	-8.5062386e-14 	-0.00037883462 	0.016236875
0.0054474474 	0.29806269 	-8.1786096e-14 	-0.00037152011 	0.015899238
0.0054594595 	0.29806305 	-8.1166058e-14 	-0.00036102266 	0.015558625
0.0054714715 	0.29806341 	-8.0546021e-14 	-0.0003505252 	0.015218013
0.0054834835 	0.29806378 	-7.9925984e-14 	-0.00034002775 	0.0148774
0.0054954955 	0.29806414 	-7.9305947e-14 	-0.0003295303 	0.014536788
0.0055075075 	0.2980645 	-7.8685909e-14 	-0.00031903285 	0.014196175
0.0055195195 	0.29806468 	-7.3788626e-14 	-0.00031238862 	0.013854789
0.0055315315 	0.29806468 	-6.5222752e-14 	-0.0003090493 	0.01351274
0.0055435435 	0.29806468 	-5.6656879e-14 	-0.00030570997 	0.01317069
0.0055555556 	0.29806469 	-4.8091006e-14 	-0.00030237065 	0.012828641
0.0055675676 	0.29806469 	-3.9525133e-14 	-0.00029903133 	0.012486591
0.0055795796 	0.2980647 	-3.0959259e-14 	-0.00029569201 	0.012144542
0.0055915916 	0.2980647 	-2.2393386e-14 	-0.00029235268 	0.011802492
0.0056036036 	0.2980647 	-1.3827513e-14 	-0.00028901336 	0.011460443
0.0056156156 	0.29806471 	-5.2616396e-15 	-0.00028567404 	0.011118393
0.0056276276 	0.29806471 	3.3042337e-15 	-0.00028233472 	0.010776344
0.0056396396 	0.29806472 	1.1870107e-14 	-0.0002789954 	0.010434295
0.0056516517 	0.29806473 	2.0184594e-14 	-0.00027516651 	0.010092293
0.0056636637 	0.2980651 	2.0681987e-14 	-0.00025611425 	0.009751799
0.0056756757 	0.29806547 	2.117938e-14 	-0.00023706199 	0.0094113045
0.0056876877 	0.29806585 	2.1676773e-14 	-0.00021800973 	0.00907081
0.0056996997 	0.29806622 	2.2174165e-14 	-0.00019895747 	0.0087303155
0.0057117117 	0.29806659 	2.2671558e-14 	-0.00017990521 	0.0083898209
0.0057237237 	0.29806667 	2.3824693e-14 	-0.00017315009 	0.0080449134
0.0057357357 	0.29806665 	2.5200262e-14 	-0.00017056629 	0.0076985089
0.0057477477 	0.29806664 	2.6575831e-14 	-0.00016798248 	0.0073521044
0.0057597598 	0.29806662 	2.79514e-14 	-0.00016539868 	0.0070057
0.0057717718 	0.2980666 	2.9326968e-14 	-0.00016281487 	0.0066592955
0.0057837838 	0.29806659 	3.0702537e-14 	-0.00016023107 	0.006312891
0.0057957958 	0.29806657 	3.2078106e-14 	-0.00015764726 	0.0059664865
0.0058078078 	0.29806655 	3.3453675e-14 	-0.00015506346 	0.005620082
0.0058198198 	0.29806654 	3.4829244e-14 	-0.00015247965 	0.0052736776
0.0058318318 	0.29806652 	3.6204813e-14 	-0.00014989585 	0.0049272731
0.0058438438 	0.29806663 	3.5932082e-14 	-0.00013144653 	0.0045833601
0.0058558559 	0.29806682 	3.4570117e-14 	-0.00010251293 	0.0042410936
0.0058678679 	0.298067 	3.3208153e-14 	-7.3579325e-05 	0.0038988271
0.0058798799 	0.29806719 	3.1846188e-14 	-4.4645724e-05 	0.0035565606
0.0058918919 	0.29806738 	3.0484224e-14 	-1.5712122e-05 	0.0032142941
0.0059039039 	0.29806738 	2.7199643e-14 	-1.2589537e-05 	0.0028579037
0.0059159159 	0.29806737 	2.3799687e-14 	-1.1015845e-05 	0.0025006657
0.0059279279 	0.29806735 	2.0399732e-14 	-9.4421527e-06 	0.0021434278
0.0059399399 	0.29806734 	1.6999777e-14 	-7.8684606e-06 	0.0017861898
0.005951952 	0.29806733 	1.3599821e-14 	-6.2947685e-06 	0.0014289518
0.005963964 	0.29806731 	1.0199866e-14 	-4.7210763e-06 	0.0010717139
0.005975976 	0.2980673 	6.7999106e-15 	-3.1473842e-06 	0.00071447592
0.005987988 	0.29806728 	3.3999553e-15 	-1.5736921e-06 	0.00035723796
0.006 	0.29806727 	2.4550351e-26 	-1.1363295e-17 	2.579539e-15
