0.122685 	-0.020442406 	0 	0 	0
0.12280512 	-0.020441783 	-1.1032676e-37 	4.704185e-37 	8.0721399e-36
0.12292524 	-0.02044116 	0 	0 	0
0.12304536 	-0.020440538 	0 	0 	0
0.12316548 	-0.020439915 	0 	0 	0
0.1232856 	-0.020439293 	1.5187788e-36 	-6.475869e-36 	-1.1112259e-34
0.12833065 	-0.020373345 	-8.2221395e-23 	-3.6293792e-19 	-2.6582087e-17
0.14863095 	-0.018700066 	-3.9632486e-38 	6.9549348e-36 	3.4116718e-33
0.14875107 	-0.018684183 	-6.7968112e-24 	-6.817259e-20 	-4.1348578e-17
0.14887119 	-0.0186683 	-1.4325217e-39 	2.5138708e-37 	1.2331535e-34
0.14899131 	-0.018652417 	-1.4325217e-39 	2.5138708e-37 	1.2331535e-34
0.14911143 	-0.018636533 	-1.4325217e-39 	2.5138708e-37 	1.2331535e-34
0.14923155 	-0.01862065 	-1.4325217e-39 	2.5138708e-37 	1.2331535e-34
0.14935167 	-0.018604767 	-1.4325217e-39 	2.5138708e-37 	1.2331535e-34
0.14947179 	-0.018588884 	-1.4325217e-39 	2.5138708e-37 	1.2331535e-34
0.14959191 	-0.018573001 	-1.4325217e-39 	2.5138708e-37 	1.2331535e-34
0.14971203 	-0.018557117 	-1.4325217e-39 	2.5138708e-37 	1.2331535e-34
0.14983215 	-0.018541234 	6.7968112e-24 	6.817259e-20 	4.1348578e-17
0.14995227 	-0.018525351 	-3.9632486e-38 	6.9549348e-36 	3.4116718e-33
0.15007239 	-0.018509468 	-6.7968112e-24 	-6.817259e-20 	-4.1348578e-17
0.15019251 	-0.018493585 	6.7968112e-24 	6.817259e-20 	4.1348578e-17
0.15031263 	-0.018477572 	-8.358999e-24 	-6.3033644e-20 	-4.2792105e-17
0.15043275 	-0.018460954 	-2.2031132e-39 	3.116505e-37 	1.7134544e-34
0.15055287 	-0.018444336 	-2.2031132e-39 	3.116505e-37 	1.7134544e-34
0.15067299 	-0.018427718 	-8.358999e-24 	-6.3033644e-20 	-4.2792105e-17
0.15559791 	-0.017714077 	5.2795326e-53 	-2.2493816e-52 	-9.4010009e-49
0.15571803 	-0.01769542 	0 	0 	0
0.15583815 	-0.017676762 	0 	0 	0
0.15595827 	-0.017658104 	0 	0 	0
0.15607839 	-0.017639447 	0 	0 	0
0.15619851 	-0.017620789 	0 	0 	0
0.15631863 	-0.017602131 	0 	0 	0
0.15643875 	-0.017583474 	-2.7208041e-23 	-9.8397414e-20 	-9.3335235e-17
0.1590814 	-0.017163375 	1.2309525e-38 	-6.8355893e-37 	-6.6190107e-34
0.15920152 	-0.017143492 	1.7498858e-23 	4.1100647e-20 	4.8893625e-17
0.15932164 	-0.017123608 	-3.4997716e-23 	-8.2201294e-20 	-9.7787249e-17
0.1608832 	-0.016865057 	-7.9473263e-38 	3.7475401e-36 	4.0789273e-33
0.16100332 	-0.016844601 	-7.9473263e-38 	3.7475401e-36 	4.0789273e-33
0.16112344 	-0.016824144 	-7.9473263e-38 	3.7475401e-36 	4.0789273e-33
0.16124356 	-0.016803687 	-7.9473263e-38 	3.7475401e-36 	4.0789273e-33
0.16136368 	-0.016783231 	-7.9473263e-38 	3.7475401e-36 	4.0789273e-33
0.1614838 	-0.016762774 	-7.9473263e-38 	3.7475401e-36 	4.0789273e-33
0.16160392 	-0.016742318 	-7.9473263e-38 	3.7475401e-36 	4.0789273e-33
0.16172404 	-0.016721861 	-7.9473263e-38 	3.7475401e-36 	4.0789273e-33
0.16184416 	-0.016701404 	-7.9473263e-38 	3.7475401e-36 	4.0789273e-33
0.16196428 	-0.016680948 	-7.9473263e-38 	3.7475401e-36 	4.0789273e-33
0.1620844 	-0.016660491 	-7.9473263e-38 	3.7475401e-36 	4.0789273e-33
0.16220452 	-0.016640034 	-7.9473263e-38 	3.7475401e-36 	4.0789273e-33
0.16232464 	-0.016619578 	-7.9473263e-38 	3.7475401e-36 	4.0789273e-33
0.16244476 	-0.016599121 	-7.9473263e-38 	3.7475401e-36 	4.0789273e-33
0.16256488 	-0.016578664 	-7.9473263e-38 	3.7475401e-36 	4.0789273e-33
0.162685 	-0.016558208 	-7.9473263e-38 	3.7475401e-36 	4.0789273e-33
0.16280512 	-0.0165373 	-2.1757982e-23 	-3.3763491e-20 	-5.0848951e-17
0.16292524 	-0.016516296 	2.1757982e-23 	3.3763491e-20 	5.0848951e-17
0.16304536 	-0.016495293 	-4.3515963e-23 	-6.7526981e-20 	-1.016979e-16
0.16460692 	-0.016222062 	-2.4054413e-23 	-3.0347696e-20 	-5.1728322e-17
0.16472704 	-0.016200538 	1.9843309e-53 	-6.8025188e-52 	-9.4490269e-49
0.16484716 	-0.016179014 	-1.3228872e-54 	4.5350125e-53 	6.2993513e-50
0.16496728 	-0.01615749 	2.4054413e-23 	3.0347696e-20 	5.1728322e-17
0.1650874 	-0.016135966 	-2.4054413e-23 	-3.0347696e-20 	-5.1728322e-17
0.16520752 	-0.016114442 	3.0426407e-53 	-1.0430529e-51 	-1.4488508e-48
0.16532764 	-0.016092918 	-2.4054413e-23 	-3.0347696e-20 	-5.1728322e-17
0.16652884 	-0.015877332 	-1.3337462e-37 	1.6571656e-37 	1.6969201e-33
0.16664896 	-0.015855313 	-8.2789124e-53 	1.0286461e-52 	1.0533228e-48
0.16676908 	-0.015833295 	5.1743202e-54 	-6.4290382e-54 	-6.5832674e-50
0.1668892 	-0.015811277 	-5.1743202e-54 	6.4290382e-54 	6.5832674e-50
0.16700932 	-0.015789258 	5.1743202e-54 	-6.4290382e-54 	-6.5832674e-50
0.16712944 	-0.01576724 	-5.1743202e-54 	6.4290382e-54 	6.5832674e-50
0.16724956 	-0.015745222 	5.1743202e-54 	-6.4290382e-54 	-6.5832674e-50
0.16736968 	-0.015723203 	-5.1743202e-54 	6.4290382e-54 	6.5832674e-50
0.1674898 	-0.015701185 	5.1743202e-54 	-6.4290382e-54 	-6.5832674e-50
0.16760992 	-0.015679167 	-5.1743202e-54 	6.4290382e-54 	6.5832674e-50
0.16773005 	-0.015657148 	5.1743202e-54 	-6.4290382e-54 	-6.5832674e-50
0.16785017 	-0.01563513 	-5.1743202e-54 	6.4290382e-54 	6.5832674e-50
0.16797029 	-0.015613112 	5.1743202e-54 	-6.4290382e-54 	-6.5832674e-50
0.16809041 	-0.015591093 	-5.1743202e-54 	6.4290382e-54 	6.5832674e-50
0.16821053 	-0.015569075 	5.1743202e-54 	-6.4290382e-54 	-6.5832674e-50
0.16833065 	-0.015547057 	-5.1743202e-54 	6.4290382e-54 	6.5832674e-50
0.16845077 	-0.015524634 	-1.5916431e-39 	1.5581553e-39 	1.9470308e-35
0.16857089 	-0.015502148 	-1.5916431e-39 	1.5581553e-39 	1.9470308e-35
0.16869101 	-0.015479661 	-1.5916431e-39 	1.5581553e-39 	1.9470308e-35
0.16881113 	-0.015457175 	-1.5916431e-39 	1.5581553e-39 	1.9470308e-35
0.16893125 	-0.015434689 	-1.5916431e-39 	1.5581553e-39 	1.9470308e-35
0.16905137 	-0.015412202 	-1.5916431e-39 	1.5581553e-39 	1.9470308e-35
0.16917149 	-0.015389716 	-1.5916431e-39 	1.5581553e-39 	1.9470308e-35
0.16929161 	-0.01536723 	-1.5916431e-39 	1.5581553e-39 	1.9470308e-35
0.16941173 	-0.015344743 	-1.5916431e-39 	1.5581553e-39 	1.9470308e-35
0.16953185 	-0.015322257 	-2.9022468e-23 	-2.3950501e-20 	-5.3294712e-17
0.17229461 	-0.01479738 	5.9697627e-22 	-7.7538627e-21 	-2.9235531e-17
0.17421653 	-0.0144238 	0 	0 	0
0.17433665 	-0.014400066 	3.7390735e-23 	1.5411041e-20 	5.5173587e-17
0.17445677 	-0.014376332 	-7.4781471e-23 	-3.0822081e-20 	-1.1034717e-16
0.17830062 	-0.013610124 	2.5677053e-22 	-7.7379264e-21 	-4.5154504e-17
0.18034266 	-0.013194435 	-9.2850765e-23 	-1.5630309e-20 	-1.1299675e-16
0.18875107 	-0.01143303 	-5.9221588e-23 	8.0936234e-22 	-5.7409434e-17
0.19307539 	-0.010503446 	0 	0 	0
0.19319551 	-0.010477393 	0 	0 	0
0.19331563 	-0.010451341 	0 	0 	0
0.19343575 	-0.010425288 	0 	0 	0
0.19355587 	-0.010399235 	0 	0 	0
0.19367599 	-0.010373182 	0 	0 	0
0.19379611 	-0.01034713 	0 	0 	0
0.19391623 	-0.010321077 	0 	0 	0
0.19403635 	-0.010295024 	0 	0 	0
0.19415647 	-0.010268971 	0 	0 	0
0.19427659 	-0.010242919 	0 	0 	0
0.19439671 	-0.010216866 	0 	0 	0
0.19451683 	-0.010190813 	0 	0 	0
0.19463695 	-0.01016476 	0 	0 	0
0.19475707 	-0.010138708 	0 	0 	0
0.19487719 	-0.010112655 	-8.0829783e-21 	-3.9267914e-21 	5.8210173e-17
0.19499731 	-0.010086602 	-6.5257221e-23 	4.6137307e-21 	-5.7498063e-17
0.19511743 	-0.010060549 	-6.5257221e-23 	4.6137307e-21 	-5.7498063e-17
0.19535767 	-0.010008308 	0 	0 	0
0.19547779 	-0.0099821327 	0 	0 	0
0.19559791 	-0.0099559571 	0 	0 	0
0.19571803 	-0.0099297815 	-8.5041636e-21 	-4.4429219e-21 	5.8115974e-17
0.19583815 	-0.0099036059 	0 	0 	0
0.19595827 	-0.0098774303 	-6.8226973e-23 	6.3410413e-21 	-5.7451035e-17
0.19607839 	-0.0098512547 	0 	0 	0
0.19619851 	-0.009825079 	0 	0 	0
0.19631863 	-0.0097989034 	0 	0 	0
0.19643875 	-0.0097727278 	0 	0 	0
0.19655887 	-0.0097465522 	0 	0 	0
0.19667899 	-0.0097203766 	0 	0 	0
0.19679911 	-0.009694201 	0 	0 	0
0.19691923 	-0.0096680254 	0 	0 	0
0.19703935 	-0.0096418498 	0 	0 	0
0.19715947 	-0.0096156742 	0 	0 	0
0.19727959 	-0.0095894986 	0 	0 	0
0.19739971 	-0.009563323 	0 	0 	0
0.19751983 	-0.0095371051 	0 	0 	0
0.19763995 	-0.009510832 	0 	0 	0
0.19776008 	-0.0094845588 	0 	0 	0
0.1978802 	-0.0094582856 	0 	0 	0
0.19800032 	-0.0094320125 	0 	0 	0
0.19812044 	-0.0094057393 	0 	0 	0
0.19824056 	-0.0093794662 	0 	0 	0
0.19836068 	-0.009353193 	0 	0 	0
0.1984808 	-0.0093269199 	0 	0 	0
0.19860092 	-0.0093006467 	0 	0 	0
0.19872104 	-0.0092743735 	0 	0 	0
0.19884116 	-0.0092481004 	0 	0 	0
0.19896128 	-0.0092218272 	0 	0 	0
0.1990814 	-0.0091955541 	-8.9058026e-21 	-4.9477312e-21 	5.7960556e-17
0.19920152 	-0.0091692809 	-1.4260476e-22 	1.5991497e-20 	-1.146888e-16
0.21157389 	-0.006454756 	-4.264311e-38 	-3.0498466e-38 	2.2753588e-34
0.21169401 	-0.0064285298 	-8.5360905e-23 	1.6683733e-20 	-5.5357556e-17
0.21181413 	-0.0064023037 	-2.0856175e-39 	-1.4916392e-39 	1.1128476e-35
0.21193425 	-0.0063760776 	-2.0856175e-39 	-1.4916392e-39 	1.1128476e-35
0.21205437 	-0.0063498515 	-1.7072181e-22 	3.3367466e-20 	-1.1071511e-16
0.21890122 	-0.0048630277 	-8.8315449e-39 	-9.4526232e-38 	2.2827379e-34
0.21902134 	-0.0048372226 	-2.5348475e-54 	-2.7131106e-53 	6.5519594e-50
0.21914146 	-0.0048114174 	0 	0 	0
0.21926158 	-0.0047856123 	0 	0 	0
0.2193817 	-0.0047598071 	0 	0 	0
0.21950182 	-0.004734002 	0 	0 	0
0.21962194 	-0.0047081968 	0 	0 	0
0.21974206 	-0.0046823917 	-8.7054689e-23 	1.9828275e-20 	-5.3482289e-17
0.22406638 	-0.0037600255 	0 	0 	0
0.2241865 	-0.0037345732 	0 	0 	0
0.22430662 	-0.0037091209 	0 	0 	0
0.22442674 	-0.0036836686 	0 	0 	0
0.22454686 	-0.0036582164 	0 	0 	0
0.22466698 	-0.0036327641 	8.4676483e-23 	-2.1370376e-20 	5.1922677e-17
0.2247871 	-0.0036073118 	-8.4676483e-23 	2.1370376e-20 	-5.1922677e-17
0.22490722 	-0.0035818595 	0 	0 	0
0.22502734 	-0.0035564072 	0 	0 	0
0.22514746 	-0.0035309549 	0 	0 	0
0.22526758 	-0.0035055026 	0 	0 	0
0.2253877 	-0.0034800503 	8.4676483e-23 	-2.1370376e-20 	5.1922677e-17
0.22550782 	-0.003454598 	-1.6935297e-22 	4.2740751e-20 	-1.0384535e-16
0.22923155 	-0.0026801813 	-1.0413292e-37 	-6.2431334e-38 	5.4871014e-34
0.22935167 	-0.0026549805 	-7.8569674e-23 	2.1806532e-20 	-5.0145246e-17
0.23727959 	-0.001044153 	-7.0672213e-23 	2.3899739e-20 	-4.7381652e-17
0.23992224 	-0.00050095655 	-7.8398635e-13 	5.2657692e-10 	-3.3781995e-06
0.24004236 	-0.00048340518 	-1.2614206e-11 	8.4725322e-09 	-5.4354649e-05
0.24016248 	-0.00046585382 	-2.4444425e-11 	1.6418487e-08 	-0.0001053311
0.2402826 	-0.00044830246 	-3.6274644e-11 	2.4364443e-08 	-0.00015630755
0.24040272 	-0.00043075109 	-4.8104863e-11 	3.2310398e-08 	-0.000207284
0.24052284 	-0.00041319973 	-5.9935082e-11 	4.0256353e-08 	-0.00025826045
0.24064296 	-0.00039564837 	-7.1765301e-11 	4.8202308e-08 	-0.0003092369
0.24076308 	-0.000378097 	-8.3595521e-11 	5.6148264e-08 	-0.00036021335
0.2408832 	-0.00036054564 	-9.542574e-11 	6.4094219e-08 	-0.0004111898
0.24100332 	-0.00034299428 	-1.0725596e-10 	7.2040174e-08 	-0.00046216625
0.24112344 	-0.00032544291 	-1.1908618e-10 	7.9986129e-08 	-0.0005131427
0.24124356 	-0.00030789155 	-1.309164e-10 	8.7932084e-08 	-0.00056411915
0.24136368 	-0.00029034019 	-1.4274662e-10 	9.587804e-08 	-0.0006150956
0.2414838 	-0.00027278882 	-1.5457684e-10 	1.0382399e-07 	-0.00066607205
0.24160392 	-0.00025523746 	-1.6640705e-10 	1.1176995e-07 	-0.0007170485
0.24172404 	-0.0002376861 	-1.7823727e-10 	1.1971591e-07 	-0.00076802495
0.24184416 	-0.00022013473 	-1.9006749e-10 	1.2766186e-07 	-0.0008190014
0.242685 	-9.7275192e-05 	-2.7287903e-10 	1.8328355e-07 	-0.0011758365
