0 	0.28336914 	0 	0 	0.04604
0.00024292793 	0.28335603 	0 	0 	0.046391564
0.00048585586 	0.28334291 	0 	0 	0.046743127
0.00072878378 	0.2833298 	0 	0 	0.047094691
0.00097171171 	0.28331668 	0 	0 	0.047446255
0.0012146396 	0.28330357 	0 	0 	0.047797819
0.0014575676 	0.28329045 	0 	0 	0.048149382
0.0017004955 	0.28327734 	0 	0 	0.048500946
0.0019434234 	0.28326422 	0 	0 	0.04885251
0.0021863514 	0.28323946 	0 	0 	0.04931923
0.0024292793 	0.28321117 	0 	0 	0.049820911
0.0026722072 	0.28318287 	0 	0 	0.050322593
0.0029151351 	0.28315458 	0 	0 	0.050824274
0.0031580631 	0.28312628 	0 	0 	0.051325955
0.003400991 	0.28309798 	0 	0 	0.051827637
0.0036439189 	0.28306969 	0 	0 	0.052329318
0.0038868468 	0.28304139 	0 	0 	0.052831
0.0041297748 	0.28301482 	9.6732689e-21 	-2.1984702e-21 	0.053301779
0.0043727027 	0.28298977 	2.7780849e-20 	-6.3138294e-21 	0.053745615
0.0046156306 	0.28296471 	4.588843e-20 	-1.0429189e-20 	0.054189451
0.0048585586 	0.28293965 	6.399601e-20 	-1.4544548e-20 	0.054633287
0.0051014865 	0.28291459 	8.210359e-20 	-1.8659907e-20 	0.055077123
0.0053444144 	0.28288953 	1.0021117e-19 	-2.2775266e-20 	0.055520958
0.0055873423 	0.28286448 	1.1831875e-19 	-2.6890625e-20 	0.055964794
0.0058302703 	0.28283942 	1.3642633e-19 	-3.1005984e-20 	0.05640863
0.0060731982 	0.28281627 	1.3816557e-19 	-3.0657251e-20 	0.056826122
0.0063161261 	0.28279754 	1.0195041e-19 	-1.9957317e-20 	0.057182529
0.0065590541 	0.28277882 	6.5735251e-20 	-9.2573833e-21 	0.057538937
0.006801982 	0.2827601 	2.952009e-20 	1.4425505e-21 	0.057895344
0.0070449099 	0.28274137 	-6.6950705e-21 	1.2142484e-20 	0.058251751
0.0072878378 	0.28272265 	-4.2910231e-20 	2.2842418e-20 	0.058608159
0.0075307658 	0.28270392 	-7.9125392e-20 	3.3542352e-20 	0.058964566
0.0077736937 	0.2826852 	-1.1534055e-19 	4.4242286e-20 	0.059320973
0.0080166216 	0.28266656 	-1.4783884e-19 	5.3759579e-20 	0.059674237
0.0082595495 	0.28264909 	-1.2973126e-19 	4.7175004e-20 	0.059984708
0.0085024775 	0.28263162 	-1.1162368e-19 	4.0590429e-20 	0.060295178
0.0087454054 	0.28261414 	-9.35161e-20 	3.4005855e-20 	0.060605648
0.0089883333 	0.28259667 	-7.540852e-20 	2.742128e-20 	0.060916118
0.0092312613 	0.2825792 	-5.7300939e-20 	2.0836705e-20 	0.061226588
0.0094741892 	0.28256173 	-3.9193359e-20 	1.4252131e-20 	0.061537058
0.0097171171 	0.28254426 	-2.1085779e-20 	7.6675559e-21 	0.061847529
0.009960045 	0.28252678 	-2.9781984e-21 	1.0829812e-21 	0.062157999
0.010202973 	0.28251031 	0 	5.5015935e-21 	0.062437882
0.010445901 	0.28249403 	0 	1.2086168e-20 	0.062711745
0.010688829 	0.28247776 	0 	1.8670743e-20 	0.062985608
0.010931757 	0.28246148 	0 	2.5255317e-20 	0.063259471
0.011174685 	0.28244521 	0 	3.1839892e-20 	0.063533334
0.011417613 	0.28242893 	0 	3.8424467e-20 	0.063807196
0.011660541 	0.28241265 	0 	4.5009042e-20 	0.064081059
0.011903468 	0.28239638 	0 	5.1593616e-20 	0.064354922
0.012146396 	0.28238106 	1.9840411e-21 	4.2305862e-20 	0.064609437
0.012389324 	0.28236637 	5.2763285e-21 	2.2552138e-20 	0.064851194
0.012632252 	0.28235169 	8.5686158e-21 	2.7984137e-21 	0.065092951
0.01287518 	0.282337 	1.1860903e-20 	-1.695531e-20 	0.065334708
0.013118108 	0.28232231 	1.515319e-20 	-3.6709034e-20 	0.065576465
0.013361036 	0.28230763 	1.8445478e-20 	-5.6462758e-20 	0.065818223
0.013603964 	0.28229294 	2.1737765e-20 	-7.6216482e-20 	0.06605998
0.013846892 	0.28227826 	2.5030053e-20 	-9.5970206e-20 	0.066301737
0.01408982 	0.28226391 	2.4822644e-20 	-1.0781157e-19 	0.066534828
0.014332748 	0.28225015 	1.8649605e-20 	-1.0616543e-19 	0.066753146
0.014575676 	0.28223639 	1.2476566e-20 	-1.0451929e-19 	0.066971465
0.014818604 	0.28222263 	6.3035276e-21 	-1.0287314e-19 	0.067189784
0.015061532 	0.28220887 	1.3048886e-22 	-1.01227e-19 	0.067408102
0.015304459 	0.28219511 	-6.0425499e-21 	-9.9580856e-20 	0.067626421
0.015547387 	0.28218135 	-1.2215589e-20 	-9.7934712e-20 	0.067844739
0.015790315 	0.28216759 	-1.8388627e-20 	-9.6288569e-20 	0.068063058
0.016033243 	0.28215391 	-2.4280085e-20 	-9.4079263e-20 	0.068278863
0.016276171 	0.28214074 	-2.8395444e-20 	-8.831776e-20 	0.068478814
0.016519099 	0.28212756 	-3.2510803e-20 	-8.2556257e-20 	0.068678764
0.016762027 	0.28211439 	-3.6626162e-20 	-7.6794754e-20 	0.068878715
0.017004955 	0.28210122 	-4.0741522e-20 	-7.1033251e-20 	0.069078665
0.017247883 	0.28208805 	-4.4856881e-20 	-6.5271748e-20 	0.069278616
0.017490811 	0.28207487 	-4.897224e-20 	-5.9510246e-20 	0.069478567
0.017733739 	0.2820617 	-5.3087599e-20 	-5.3748743e-20 	0.069678517
0.017976667 	0.28204853 	-5.7202958e-20 	-4.798724e-20 	0.069878468
0.018219595 	0.28203584 	-4.5693994e-20 	-3.4785583e-20 	0.070063856
0.018462523 	0.28202319 	-3.2524844e-20 	-2.0793362e-20 	0.070247697
0.01870545 	0.28201055 	-1.9355695e-20 	-6.8011404e-21 	0.070431537
0.018948378 	0.2819979 	-6.1865455e-21 	7.1910808e-21 	0.070615378
0.019191306 	0.28198526 	6.9826039e-21 	2.1183302e-20 	0.070799219
0.019434234 	0.28197262 	2.0151753e-20 	3.5175523e-20 	0.07098306
0.019677162 	0.28195997 	3.3320903e-20 	4.9167744e-20 	0.071166901
0.01992009 	0.28194733 	4.6490052e-20 	6.3159966e-20 	0.071350741
0.020163018 	0.28193498 	4.6679528e-20 	6.3344024e-20 	0.071524951
0.020405946 	0.28192278 	4.0506489e-20 	5.6759449e-20 	0.071694439
0.020648874 	0.28191058 	3.433345e-20 	5.0174874e-20 	0.071863926
0.020891802 	0.28189838 	2.8160412e-20 	4.35903e-20 	0.072033414
0.02113473 	0.28188618 	2.1987373e-20 	3.7005725e-20 	0.072202902
0.021377658 	0.28187397 	1.5814334e-20 	3.042115e-20 	0.07237239
0.021620586 	0.28186177 	9.6412953e-21 	2.3836575e-20 	0.072541878
0.021863514 	0.28184957 	3.4682565e-21 	1.7252001e-20 	0.072711366
0.022106441 	0.28183753 	-1.983507e-21 	6.7004122e-21 	0.072875203
0.022349369 	0.28182568 	-6.5104021e-21 	-8.9379527e-21 	0.073031795
0.022592297 	0.28181384 	-1.1037297e-20 	-2.4576318e-20 	0.073188387
0.022835225 	0.28180199 	-1.5564192e-20 	-4.0214682e-20 	0.073344979
0.023078153 	0.28179015 	-2.0091087e-20 	-5.5853047e-20 	0.073501571
0.023321081 	0.2817783 	-2.4617982e-20 	-7.1491412e-20 	0.073658163
0.023564009 	0.28176646 	-2.9144878e-20 	-8.7129777e-20 	0.073814755
0.023806937 	0.28175461 	-3.3671773e-20 	-1.0276814e-19 	0.073971347
0.024049865 	0.28174283 	-6.2331116e-14 	-6.2331189e-14 	0.074125521
0.024292793 	0.28173129 	-3.6599102e-13 	-3.6599106e-13 	0.074270329
0.024535721 	0.28171975 	-6.6965092e-13 	-6.6965093e-13 	0.074415137
0.024778649 	0.28170821 	-9.7331082e-13 	-9.733108e-13 	0.074559945
0.025021577 	0.28169668 	-1.2769707e-12 	-1.2769707e-12 	0.074704754
0.025264505 	0.28168514 	-1.5806306e-12 	-1.5806305e-12 	0.074849562
0.025507432 	0.2816736 	-1.8842905e-12 	-1.8842904e-12 	0.07499437
0.02575036 	0.28166206 	-2.1879504e-12 	-2.1879503e-12 	0.075139178
0.025993288 	0.28165052 	-2.4916103e-12 	-2.4916102e-12 	0.075283987
0.026236216 	0.28163924 	-2.5e-12 	-2.4999998e-12 	0.075418247
0.026479144 	0.28162797 	-2.5e-12 	-2.4999999e-12 	0.075552207
0.026722072 	0.2816167 	-2.5e-12 	-2.4999999e-12 	0.075686168
0.026965 	0.28160542 	-2.5e-12 	-2.4999999e-12 	0.075820128
0.027207928 	0.28159415 	-2.5e-12 	-2.4999999e-12 	0.075954089
0.027450856 	0.28158288 	-2.5e-12 	-2.4999999e-12 	0.076088049
0.027693784 	0.28157161 	-2.5e-12 	-2.5e-12 	0.07622201
0.027936712 	0.28156034 	-2.5e-12 	-2.5e-12 	0.07635597
0.02817964 	0.28154924 	-2.2754505e-12 	-2.2754505e-12 	0.076482538
0.028422568 	0.2815382 	-1.9717905e-12 	-1.9717906e-12 	0.076606502
0.028665495 	0.28152716 	-1.6681306e-12 	-1.6681307e-12 	0.076730465
0.028908423 	0.28151612 	-1.3644707e-12 	-1.3644708e-12 	0.076854428
0.029151351 	0.28150509 	-1.0608108e-12 	-1.0608109e-12 	0.076978392
0.029394279 	0.28149405 	-7.571509e-13 	-7.5715099e-13 	0.077102355
0.029637207 	0.28148301 	-4.5349099e-13 	-4.534911e-13 	0.077226319
0.029880135 	0.28147197 	-1.4983108e-13 	-1.498312e-13 	0.077350282
0.030123063 	0.28146104 	0 	-1.1957602e-19 	0.077469576
0.030365991 	0.28145021 	0 	-1.0146844e-19 	0.077584321
0.030608919 	0.28143937 	0 	-8.3360862e-20 	0.077699065
0.030851847 	0.28142854 	0 	-6.5253282e-20 	0.07781381
0.031094775 	0.28141771 	0 	-4.7145701e-20 	0.077928555
0.031337703 	0.28140688 	0 	-2.9038121e-20 	0.0780433
0.031580631 	0.28139605 	0 	-1.093054e-20 	0.078158045
0.031823559 	0.28138522 	0 	7.1770399e-21 	0.078272789
0.032066486 	0.28137444 	0 	1.9878261e-20 	0.078385207
0.032309414 	0.28136379 	0 	1.8232117e-20 	0.078491446
0.032552342 	0.28135314 	0 	1.6585973e-20 	0.078597686
0.03279527 	0.28134249 	0 	1.493983e-20 	0.078703925
0.033038198 	0.28133185 	0 	1.3293686e-20 	0.078810165
0.033281126 	0.2813212 	0 	1.1647542e-20 	0.078916404
0.033524054 	0.28131055 	0 	1.0001399e-20 	0.079022644
0.033766982 	0.2812999 	0 	8.3552551e-21 	0.079128883
0.03400991 	0.28128926 	0 	-1.2387319e-15 	0.079234803
0.034252838 	0.28127878 	0 	-3.1604722e-14 	0.079333197
0.034495766 	0.2812683 	0 	-6.1970713e-14 	0.079431592
0.034738694 	0.28125782 	0 	-9.2336703e-14 	0.079529986
0.034981622 	0.28124733 	0 	-1.2270269e-13 	0.07962838
0.03522455 	0.28123685 	0 	-1.5306868e-13 	0.079726775
0.035467477 	0.28122637 	0 	-1.8343467e-13 	0.079825169
0.035710405 	0.28121589 	0 	-2.1380067e-13 	0.079923563
0.035953333 	0.2812054 	0 	-2.4416666e-13 	0.080021958
0.036196261 	0.28119504 	-5.1534324e-21 	-2.7453265e-13 	0.080114505
0.036439189 	0.28118471 	-1.1532239e-20 	-3.0489865e-13 	0.080205661
0.036682117 	0.28117437 	-1.7911046e-20 	-3.3526465e-13 	0.080296817
0.036925045 	0.28116404 	-2.4289853e-20 	-3.6563065e-13 	0.080387974
0.037167973 	0.2811537 	-3.0668659e-20 	-3.9599665e-13 	0.08047913
0.037410901 	0.28114337 	-3.7047466e-20 	-4.2636264e-13 	0.080570287
0.037653829 	0.28113304 	-4.3426273e-20 	-4.5672864e-13 	0.080661443
0.037896757 	0.2811227 	-4.9805079e-20 	-4.8709464e-13 	0.080752599
0.038139685 	0.28111245 	-1.7460631e-14 	-5.0000005e-13 	0.080839921
0.038382613 	0.28110225 	-4.782661e-14 	-5.0000005e-13 	0.080924409
0.038625541 	0.28109205 	-7.8192589e-14 	-5.0000005e-13 	0.081008897
0.038868468 	0.28108185 	-1.0855857e-13 	-5.0000005e-13 	0.081093384
0.039111396 	0.28107165 	-1.3892455e-13 	-5.0000004e-13 	0.081177872
0.039354324 	0.28106145 	-1.6929053e-13 	-5.0000004e-13 	0.08126236
0.039597252 	0.28105125 	-1.996565e-13 	-5.0000004e-13 	0.081346847
0.03984018 	0.28104105 	-2.3002248e-13 	-5.0000004e-13 	0.081431335
0.040083108 	0.28103089 	-2.4999995e-13 	-5.0000003e-13 	0.081513714
0.040326036 	0.28102081 	-2.4999995e-13 	-5.0000002e-13 	0.08159204
0.040568964 	0.28101074 	-2.4999994e-13 	-5e-13 	0.081670366
0.040811892 	0.28100066 	-2.4999994e-13 	-4.9999999e-13 	0.081748691
0.04105482 	0.28099058 	-2.4999993e-13 	-4.9999997e-13 	0.081827017
0.041297748 	0.2809805 	-2.4999993e-13 	-4.9999995e-13 	0.081905343
0.041540676 	0.28097042 	-2.4999992e-13 	-4.9999994e-13 	0.081983668
0.041783604 	0.28096034 	-2.4999992e-13 	-4.9999992e-13 	0.082061994
0.042026532 	0.28095028 	-2.4668348e-13 	-4.9999991e-13 	0.082139704
0.042269459 	0.28094031 	-2.1631751e-13 	-4.9999993e-13 	0.082212393
0.042512387 	0.28093034 	-1.8595154e-13 	-4.9999995e-13 	0.082285083
0.042755315 	0.28092038 	-1.5558557e-13 	-4.9999997e-13 	0.082357773
0.042998243 	0.28091041 	-1.252196e-13 	-4.9999999e-13 	0.082430462
0.043241171 	0.28090044 	-9.4853626e-14 	-5.0000001e-13 	0.082503152
0.043484099 	0.28089048 	-6.4487656e-14 	-5.0000003e-13 	0.082575842
0.043727027 	0.28088051 	-3.4121686e-14 	-5.0000005e-13 	0.082648531
0.043969955 	0.28087054 	-3.7557161e-15 	-5.0000007e-13 	0.082721221
0.044212883 	0.28086066 	-7.4837994e-20 	-4.7338969e-13 	0.08278931
0.044455811 	0.28085079 	-5.9714049e-20 	-4.4302366e-13 	0.08285675
0.044698739 	0.28084091 	-4.4590104e-20 	-4.1265764e-13 	0.08292419
0.044941667 	0.28083104 	-2.9466159e-20 	-3.8229161e-13 	0.08299163
0.045184595 	0.28082117 	-1.4342214e-20 	-3.5192559e-13 	0.08305907
0.045427523 	0.2808113 	7.8173129e-22 	-3.2155956e-13 	0.083126509
0.04567045 	0.28080142 	1.5905676e-20 	-2.9119354e-13 	0.083193949
0.045913378 	0.28079155 	3.1029621e-20 	-2.6082752e-13 	0.083261389
0.046156306 	0.28078174 	3.0530768e-20 	-2.3046154e-13 	0.083325925
0.046399234 	0.28077195 	2.1374094e-20 	-2.000956e-13 	0.083388851
0.046642162 	0.28076217 	1.221742e-20 	-1.6972965e-13 	0.083451777
0.04688509 	0.28075239 	3.0607459e-21 	-1.3936371e-13 	0.083514703
0.047128018 	0.28074261 	-6.0959282e-21 	-1.0899776e-13 	0.08357763
0.047370946 	0.28073283 	-1.5252602e-20 	-7.8631817e-14 	0.083640556
0.047613874 	0.28072304 	-2.4409277e-20 	-4.8265872e-14 	0.083703482
0.047856802 	0.28071326 	-3.3565951e-20 	-1.7899927e-14 	0.083766408
0.04809973 	0.28070349 	-1.2466253e-14 	-1.246638e-14 	0.083827597
0.048342658 	0.28069373 	-4.2832239e-14 	-4.2832332e-14 	0.083886292
0.048585586 	0.28068397 	-7.3198225e-14 	-7.3198284e-14 	0.083944987
0.048828514 	0.28067421 	-1.0356421e-13 	-1.0356424e-13 	0.084003682
0.049071441 	0.28066444 	-1.339302e-13 	-1.3393019e-13 	0.084062377
0.049314369 	0.28065468 	-1.6429618e-13 	-1.6429614e-13 	0.084121071
0.049557297 	0.28064492 	-1.9466217e-13 	-1.9466209e-13 	0.084179766
0.049800225 	0.28063516 	-2.2502816e-13 	-2.2502804e-13 	0.084238461
0.050043153 	0.2806254 	-2.5539414e-13 	-2.5539401e-13 	0.084296842
0.050286081 	0.28061566 	-2.8576013e-13 	-2.8576003e-13 	0.084353768
0.050529009 	0.28060591 	-3.1612613e-13 	-3.1612606e-13 	0.084410694
0.050771937 	0.28059617 	-3.4649212e-13 	-3.4649208e-13 	0.08446762
0.051014865 	0.28058642 	-3.7685811e-13 	-3.7685811e-13 	0.084524546
0.051257793 	0.28057668 	-4.072241e-13 	-4.0722413e-13 	0.084581472
0.051500721 	0.28056693 	-4.3759009e-13 	-4.3759016e-13 	0.084638398
0.051743649 	0.28055718 	-4.6795608e-13 	-4.6795618e-13 	0.084695324
0.051986577 	0.28054744 	-4.9832207e-13 	-4.9832221e-13 	0.08475225
0.052229505 	0.28053727 	-4.7131194e-13 	-4.7131204e-13 	0.0848096
0.052472432 	0.28052708 	-4.4094595e-13 	-4.40946e-13 	0.084866975
0.05271536 	0.28051689 	-4.1057996e-13 	-4.1057997e-13 	0.08492435
0.052958288 	0.2805067 	-3.8021396e-13 	-3.8021393e-13 	0.084981725
0.053201216 	0.28049651 	-3.4984797e-13 	-3.498479e-13 	0.0850391
0.053444144 	0.28048631 	-3.1948198e-13 	-3.1948187e-13 	0.085096475
0.053687072 	0.28047612 	-2.8911599e-13 	-2.8911583e-13 	0.085153849
0.05393 	0.28046593 	-2.5875e-13 	-2.587498e-13 	0.085211224
0.054172928 	0.28045522 	-2.2838402e-13 	-2.2838383e-13 	0.085277064
0.054415856 	0.28044429 	-1.9801805e-13 	-1.9801789e-13 	0.085346329
0.054658784 	0.28043337 	-1.6765207e-13 	-1.6765195e-13 	0.085415595
0.054901712 	0.28042244 	-1.372861e-13 	-1.3728601e-13 	0.085484861
0.05514464 	0.28041152 	-1.0692012e-13 	-1.0692007e-13 	0.085554127
0.055387568 	0.28040059 	-7.6554147e-14 	-7.6554129e-14 	0.085623392
0.055630495 	0.28038967 	-4.6188172e-14 	-4.6188189e-14 	0.085692658
0.055873423 	0.28037874 	-1.5822197e-14 	-1.5822249e-14 	0.085761924
0.056116351 	0.28036617 	-1.1816121e-19 	-2.2851758e-19 	0.085849456
0.056359279 	0.2803518 	-8.5444105e-20 	-2.8119418e-19 	0.085956859
0.056602207 	0.28033744 	-5.2727e-20 	-3.3387078e-19 	0.086064262
0.056845135 	0.28032308 	-2.0009894e-20 	-3.8654738e-19 	0.086171665
0.057088063 	0.28030871 	1.2707211e-20 	-4.3922397e-19 	0.086279068
0.057330991 	0.28029435 	4.5424317e-20 	-4.9190057e-19 	0.086386472
0.057573919 	0.28027998 	7.8141422e-20 	-5.4457717e-19 	0.086493875
0.057816847 	0.28026562 	1.1085853e-19 	-5.9725377e-19 	0.086601278
0.058059775 	0.28025001 	1.1831066e-19 	-5.8694515e-19 	0.086722112
0.058302703 	0.28023061 	4.8349556e-20 	-3.836464e-19 	0.086884098
0.058545631 	0.2802112 	-2.161155e-20 	-1.8034766e-19 	0.087046084
0.058788559 	0.2801918 	-9.1572656e-20 	2.2951083e-20 	0.08720807
0.059031486 	0.28017239 	-1.6153376e-19 	2.2624983e-19 	0.087370055
0.059274414 	0.28015299 	-2.3149487e-19 	4.2954857e-19 	0.087532041
0.059517342 	0.28013358 	-3.0145597e-19 	6.3284731e-19 	0.087694027
0.05976027 	0.28011418 	-3.7141708e-19 	8.3614606e-19 	0.087856013
0.060003198 	0.28009457 	-4.3572821e-19 	1.0336396e-18 	0.088020051
0.060246126 	0.28006007 	-7.6530011e-20 	7.9598826e-19 	0.088337876
0.060489054 	0.28002557 	2.8266819e-19 	5.5833693e-19 	0.088655702
0.060731982 	0.27999107 	6.4186639e-19 	3.2068559e-19 	0.088973527
0.06097491 	0.27995377 	8.2158749e-19 	7.648032e-20 	0.089320904
0.061217838 	0.27990919 	5.3495458e-19 	-1.8475473e-19 	0.089745068
0.061460766 	0.27986461 	2.4832168e-19 	-4.4598979e-19 	0.090169232
0.061703694 	0.27982003 	-3.8311232e-20 	-7.0722484e-19 	0.090593396
0.061946622 	0.27976951 	-7.3918347e-20 	-5.451615e-19 	0.091079959
0.06218955 	0.27971399 	1.0205249e-19 	-2.6319659e-20 	0.091619113
0.062432477 	0.27965846 	2.7802332e-19 	4.9252219e-19 	0.092158268
0.062675405 	0.27960294 	4.5399416e-19 	1.011364e-18 	0.092697423
0.062918333 	0.27953777 	2.2131911e-19 	7.0705539e-19 	0.093333696
0.063161261 	0.2794703 	-1.0885297e-19 	2.0635486e-19 	0.093993141
0.063404189 	0.27940284 	-4.3902505e-19 	-2.9434566e-19 	0.094652586
0.063647117 	0.27933427 	-7.3152271e-19 	-7.4455198e-19 	0.095321936
0.063890045 	0.27925155 	-5.3922469e-19 	-5.4499743e-19 	0.096118758
0.064132973 	0.27916883 	-3.4692666e-19 	-3.4544287e-19 	0.09691558
0.064375901 	0.27908611 	-1.5462863e-19 	-1.4588832e-19 	0.097712401
0.064618829 	0.27899742 	8.0444971e-20 	-1.2110255e-19 	0.098559169
0.064861757 	0.27889695 	3.9973226e-19 	-4.4038984e-19 	0.099504268
0.065104685 	0.27879648 	7.1901955e-19 	-7.5967713e-19 	0.10044937
0.065347613 	0.27869601 	1.0383068e-18 	-1.0789644e-18 	0.10139447
0.065590541 	0.27858358 	7.8791182e-19 	-8.2420402e-19 	0.10243366
0.065833468 	0.27846322 	1.6022204e-19 	-1.8925771e-19 	0.10353516
0.066076396 	0.27834286 	-4.6746774e-19 	4.456886e-19 	0.10463667
0.066319324 	0.2782225 	-1.0951575e-18 	1.0806349e-18 	0.10573817
0.066562252 	0.27808201 	-5.2527964e-19 	1.2849598e-18 	0.10698665
0.06680518 	0.27793843 	2.2939941e-19 	1.4228338e-18 	0.10825781
0.067048108 	0.27779484 	9.8407846e-19 	1.5607079e-18 	0.10952896
0.067291036 	0.27764759 	1.3968809e-18 	1.566396e-18 	0.11082479
0.067533964 	0.27747609 	-4.5716234e-19 	6.9561249e-19 	0.11228422
0.067776892 	0.27730458 	-2.3112056e-18 	-1.7517103e-19 	0.11374364
0.06801982 	0.27713307 	-4.1652488e-18 	-1.0459545e-18 	0.11520307
0.068262748 	0.27694819 	-4.3377121e-18 	-9.4024415e-19 	0.11674586
0.068505676 	0.2767429 	-1.9430574e-18 	6.561923e-19 	0.11841594
0.068748604 	0.2765376 	4.5159724e-19 	2.2526287e-18 	0.12008601
0.068991532 	0.27633231 	2.8462519e-18 	3.8490652e-18 	0.12175608
0.069234459 	0.27609983 	3.457872e-18 	2.4210531e-18 	0.12358278
0.069477387 	0.27585337 	3.1530977e-18 	-5.6138039e-19 	0.12548997
0.069720315 	0.27560692 	2.8483235e-18 	-3.5438139e-18 	0.12739716
0.069963243 	0.27536047 	2.5435493e-18 	-6.5262475e-18 	0.12930435
0.070206171 	0.27506729 	1.2652209e-18 	-4.4596277e-18 	0.13145941
0.070449099 	0.27477034 	-9.1750087e-20 	-1.9851512e-18 	0.13363448
0.070692027 	0.27447339 	-1.4487211e-18 	4.8932528e-19 	0.13580955
0.070934955 	0.27416463 	-2.4168986e-18 	2.0028477e-18 	0.13804218
0.071177883 	0.27380555 	-1.7275283e-18 	-5.804767e-19 	0.14052019
0.071420811 	0.27344646 	-1.038158e-18 	-3.1638011e-18 	0.1429982
0.071663739 	0.27308738 	-3.4878774e-19 	-5.7471256e-18 	0.14547621
0.071906667 	0.27269329 	5.3856833e-19 	-4.9547924e-18 	0.14811118
0.072149595 	0.27225723 	1.6633304e-18 	-1.1468734e-19 	0.15093437
0.072392523 	0.27182116 	2.7880924e-18 	4.7254177e-18 	0.15375756
0.07263545 	0.2713851 	3.9128544e-18 	9.5655227e-18 	0.15658074
0.072878378 	0.27087927 	1.7641586e-18 	8.9550855e-18 	0.15969121
0.073121306 	0.27034624 	-1.6609232e-18 	6.219374e-18 	0.16291369
0.073364234 	0.26981321 	-5.086005e-18 	3.4836624e-18 	0.16613616
0.073607162 	0.26928018 	-8.5110868e-18 	7.4795089e-19 	0.16935864
0.07385009 	0.26862484 	-2.1660648e-18 	-6.6651123e-19 	0.17304325
0.074093018 	0.26796753 	4.3357854e-18 	-2.0597649e-18 	0.17673527
0.074335946 	0.26731022 	1.0837636e-17 	-3.4530185e-18 	0.1804273
0.074578874 	0.26661268 	1.3087168e-17 	-4.2031858e-18 	0.18425817
0.074821802 	0.26579374 	2.507148e-18 	-3.0131149e-18 	0.18850798
0.07506473 	0.2649748 	-8.0728717e-18 	-1.8230441e-18 	0.19275778
0.075307658 	0.26415586 	-1.8652891e-17 	-6.3297334e-19 	0.19700759
0.075550586 	0.26322758 	-1.8751223e-17 	-6.1665079e-20 	0.2016039
0.075793514 	0.2621958 	-8.9258821e-18 	-7.6178138e-20 	0.20652828
0.076036441 	0.26116402 	8.9945861e-19 	-9.0691196e-20 	0.21145266
0.076279369 	0.26013223 	1.0724799e-17 	-1.0520425e-19 	0.21637704
0.076522297 	0.25887732 	1.230326e-17 	1.9476513e-18 	0.22193927
0.076765225 	0.25755889 	1.1534068e-17 	4.5890279e-18 	0.22768307
0.077008153 	0.25624047 	1.0764876e-17 	7.2304046e-18 	0.23342687
0.077251081 	0.25490519 	9.9505997e-18 	9.3883832e-18 	0.23921558
0.077494009 	0.25319623 	8.1364674e-18 	8.2567866e-19 	0.24600008
0.077736937 	0.25148727 	6.322335e-18 	-7.7370259e-18 	0.25278458
0.077979865 	0.24977831 	4.5082027e-18 	-1.629973e-17 	0.25956908
0.078222793 	0.24789739 	-1.9127355e-18 	-1.8088509e-17 	0.26674741
0.078465721 	0.24562991 	-1.8689831e-17 	-4.6494167e-18 	0.2748111
0.078708649 	0.24336242 	-3.5466927e-17 	8.7896756e-18 	0.28287479
0.078951577 	0.24109493 	-5.2244023e-17 	2.2228768e-17 	0.29093848
0.079194505 	0.23837961 	-4.9707715e-17 	2.1407188e-17 	0.30002829
0.079437432 	0.23533003 	-3.2756462e-17 	9.9418722e-18 	0.30988396
0.07968036 	0.23228045 	-1.580521e-17 	-1.5234441e-18 	0.31973963
0.079923288 	0.22923088 	1.1460426e-18 	-1.298876e-17 	0.32959531
0.080166216 	0.2251478 	1.1437703e-17 	-2.250967e-17 	0.34109872
0.080409144 	0.22086397 	2.0435799e-17 	-3.1652897e-17 	0.35292218
0.080652072 	0.21658014 	2.9433896e-17 	-4.0796124e-17 	0.36474565
0.080895 	0.21214323 	3.8147523e-17 	-4.8075489e-17 	0.37688626
0.081137928 	0.20635985 	4.4359112e-17 	-3.8961288e-17 	0.39181631
0.081380856 	0.20057646 	5.0570701e-17 	-2.9847087e-17 	0.40674635
0.081623784 	0.19479308 	5.678229e-17 	-2.0732886e-17 	0.4216764
0.081866712 	0.18809295 	4.7342104e-17 	-6.8060306e-18 	0.43654886
0.08210964 	0.1798104 	1.0885301e-17 	1.5427975e-17 	0.45132194
0.082352568 	0.17152784 	-2.5571503e-17 	3.7661981e-17 	0.46609501
0.082595495 	0.16324529 	-6.2028306e-17 	5.9895987e-17 	0.48086808
0.082838423 	0.15731722 	-6.9675126e-17 	6.3732263e-17 	0.49088206
0.083081351 	0.15276272 	-6.0514714e-17 	5.6835631e-17 	0.49811968
0.083324279 	0.14820821 	-5.1354302e-17 	4.9938999e-17 	0.50535729
0.083567207 	0.1436537 	-4.219389e-17 	4.3042367e-17 	0.51259491
0.083810135 	0.13909919 	-3.3033477e-17 	3.6145734e-17 	0.51983252
0.084053063 	0.13454469 	-2.3873065e-17 	2.9249102e-17 	0.52707014
0.084295991 	0.12999018 	-1.4712653e-17 	2.235247e-17 	0.53430776
0.084538919 	0.12543567 	-5.5522403e-18 	1.5455838e-17 	0.54154537
0.084781847 	0.12263235 	0 	1.0713835e-17 	0.5468618
0.085024775 	0.12252373 	0 	9.2873694e-18 	0.54922191
0.085267703 	0.12241512 	0 	7.8609034e-18 	0.55158203
0.085510631 	0.1223065 	0 	6.4344374e-18 	0.55394214
0.085753559 	0.12219788 	0 	5.0079714e-18 	0.55630225
0.085996486 	0.12208927 	0 	3.5815054e-18 	0.55866237
0.086239414 	0.12198065 	0 	2.1550393e-18 	0.56102248
0.086482342 	0.12187204 	0 	7.2857332e-19 	0.56338259
0.08672527 	0.1212635 	-6.4687349e-20 	1.644238e-13 	0.56570754
0.086968198 	0.12013307 	-1.9690582e-19 	5.0049976e-13 	0.56799578
0.087211126 	0.11900264 	-3.2912429e-19 	8.3657572e-13 	0.57028402
0.087454054 	0.11787221 	-4.6134276e-19 	1.1726517e-12 	0.57257226
0.087696982 	0.11674178 	-5.9356123e-19 	1.5087276e-12 	0.5748605
0.08793991 	0.11561135 	-7.2577971e-19 	1.8448036e-12 	0.57714874
0.088182838 	0.11448092 	-8.5799818e-19 	2.1808796e-12 	0.57943698
0.088425766 	0.11335049 	-9.9021665e-19 	2.5169555e-12 	0.58172522
0.088668694 	0.11183692 	1.5832306e-13 	2.8536194e-12 	0.58405271
0.088911622 	0.11028274 	3.3342716e-13 	3.1903455e-12 	0.58638435
0.08915455 	0.10872855 	5.0853127e-13 	3.5270716e-12 	0.58871599
0.089397477 	0.10717437 	6.8363537e-13 	3.8637978e-12 	0.59104764
0.089640405 	0.10562019 	8.5873948e-13 	4.2005239e-12 	0.59337928
0.089883333 	0.10406601 	1.0338436e-12 	4.53725e-12 	0.59571092
0.090126261 	0.10251182 	1.2089477e-12 	4.8739762e-12 	0.59804256
0.090369189 	0.10120354 	1.2701043e-12 	4.7716447e-12 	0.60013102
0.090612117 	0.10004232 	1.2631091e-12 	4.4067132e-12 	0.60207402
0.090855045 	0.098881101 	1.2561139e-12 	4.0417818e-12 	0.60401703
0.091097973 	0.097719884 	1.2491187e-12 	3.6768503e-12 	0.60596004
0.091340901 	0.096558667 	1.2421234e-12 	3.3119188e-12 	0.60790304
0.091583829 	0.09539745 	1.2351282e-12 	2.9469874e-12 	0.60984605
0.091826757 	0.094236233 	1.228133e-12 	2.5820559e-12 	0.61178905
0.092069685 	0.093125304 	1.1082964e-12 	2.2165936e-12 	0.61361633
0.092312613 	0.092042472 	9.254168e-13 	1.8508347e-12 	0.61537895
0.092555541 	0.090959639 	7.4253725e-13 	1.4850758e-12 	0.61714156
0.092798468 	0.089876806 	5.5965769e-13 	1.1193169e-12 	0.61890418
0.093041396 	0.088793974 	3.7677813e-13 	7.5355801e-13 	0.6206668
0.093284324 	0.087711141 	1.9389857e-13 	3.8779911e-13 	0.62242942
0.093527252 	0.086628308 	1.1019014e-14 	2.2040216e-14 	0.62419203
0.09377018 	0.085537362 	-5.3728897e-19 	5.8277341e-20 	0.62587014
0.094013108 	0.084445895 	-3.0863466e-19 	-6.2241704e-19 	0.62754283
0.094256036 	0.083354429 	-7.9980358e-20 	-1.3031114e-18 	0.62921553
0.094498964 	0.082262962 	1.4867395e-19 	-1.9838058e-18 	0.63088822
0.094741892 	0.081171495 	3.7732825e-19 	-2.6645002e-18 	0.63256091
0.09498482 	0.080080029 	6.0598255e-19 	-3.3451946e-18 	0.6342336
0.095227748 	0.079009752 	6.5961217e-19 	-3.1302316e-18 	0.63585432
0.095470676 	0.077959928 	5.4431166e-19 	-2.0507992e-18 	0.63742487
0.095713604 	0.076910104 	4.2901114e-19 	-9.7136672e-19 	0.63899542
0.095956532 	0.07586028 	3.1371062e-19 	1.0806573e-19 	0.64056597
0.096199459 	0.074810456 	1.9841011e-19 	1.1874982e-18 	0.64213653
0.096442387 	0.073760632 	8.3109589e-20 	2.2669307e-18 	0.64370708
0.096685315 	0.072723317 	5.2026201e-20 	1.4541293e-13 	0.64524656
0.096928243 	0.071710507 	1.8591681e-19 	5.7566826e-13 	0.64672516
0.097171171 	0.070697697 	3.1980742e-19 	1.0059236e-12 	0.64820377
0.097414099 	0.069684886 	4.5369803e-19 	1.4361789e-12 	0.64968238
0.097657027 	0.068672076 	5.8758864e-19 	1.8664342e-12 	0.65116098
0.097899955 	0.067659265 	7.2147926e-19 	2.2966896e-12 	0.65263959
0.098142883 	0.066656001 	6.8782902e-19 	2.5407511e-12 	0.65408643
0.098385811 	0.065666108 	4.1949911e-19 	2.5240051e-12 	0.65548878
0.098628739 	0.064676215 	1.511692e-19 	2.5072591e-12 	0.65689113
0.098871667 	0.063686322 	-1.1716072e-19 	2.490513e-12 	0.65829348
0.099114595 	0.062696429 	-3.8549063e-19 	2.473767e-12 	0.65969583
0.099357523 	0.061706536 	-6.5382054e-19 	2.457021e-12 	0.66109818
0.09960045 	0.060731483 	-7.3784026e-19 	2.1221778e-12 	0.66245029
0.099843378 	0.059761794 	-7.5523977e-19 	1.672356e-12 	0.66378424
0.10008631 	0.058792106 	-7.7263928e-19 	1.2225342e-12 	0.66511819
0.10032923 	0.057822417 	-7.9003878e-19 	7.7271241e-13 	0.66645214
0.10057216 	0.056852728 	-8.0743829e-19 	3.2289063e-13 	0.66778609
0.10081509 	0.055888273 	-8.2102434e-19 	1.3736271e-13 	0.66910237
0.10105802 	0.05493713 	-8.2490989e-19 	6.2413502e-13 	0.6703737
0.10130095 	0.053985987 	-8.2879544e-19 	1.1109073e-12 	0.67164503
0.10154387 	0.053034845 	-8.3268099e-19 	1.5976796e-12 	0.67291636
0.1017868 	0.052083702 	-8.3656654e-19 	2.0844519e-12 	0.67418769
0.10202973 	0.051133356 	-8.0814972e-19 	2.5458115e-12 	0.67545615
0.10227266 	0.050198047 	-1.6971774e-19 	2.5272638e-12 	0.67667056
0.10251559 	0.049262739 	4.6871423e-19 	2.5087161e-12 	0.67788497
0.10275851 	0.048327431 	1.1071462e-18 	2.4901683e-12 	0.67909937
0.10300144 	0.047392122 	1.7455782e-18 	2.4716206e-12 	0.68031378
0.10324437 	0.046457224 	2.3350891e-18 	2.4383948e-12 	0.68152663
0.1034873 	0.045535629 	1.3377978e-18 	1.9290709e-12 	0.68268904
0.10373023 	0.044614034 	3.4050645e-19 	1.4197471e-12 	0.68385146
0.10397315 	0.04369244 	-6.5678486e-19 	9.1042321e-13 	0.68501387
0.10421608 	0.042770845 	-1.6540762e-18 	4.0109935e-13 	0.68617628
0.10445901 	0.041851836 	-1.1701266e-13 	-1.170095e-13 	0.68732854
0.10470194 	0.040942411 	-6.6767964e-13 	-6.676768e-13 	0.68844317
0.10494486 	0.040032987 	-1.2183466e-12 	-1.2183441e-12 	0.68955779
0.10518779 	0.039123562 	-1.7690136e-12 	-1.7690114e-12 	0.69067242
0.10543072 	0.038214137 	-2.3196806e-12 	-2.3196787e-12 	0.69178704
0.10567365 	0.037311103 	-2.871918e-12 	-2.8719169e-12 	0.6928757
0.10591658 	0.036412514 	-3.4252476e-12 	-3.4252476e-12 	0.6939463
0.1061595 	0.035513925 	-3.9785772e-12 	-3.9785783e-12 	0.6950169
0.10640243 	0.034615335 	-4.5319067e-12 	-4.531909e-12 	0.6960875
0.10664536 	0.033718236 	-5.1841837e-12 	-5.1841867e-12 	0.69715185
0.10688829 	0.032829319 	-6.3798341e-12 	-6.379836e-12 	0.69818183
0.10713122 	0.031940401 	-7.5754845e-12 	-7.5754853e-12 	0.69921181
0.10737414 	0.031051484 	-8.7711349e-12 	-8.7711345e-12 	0.70024179
0.10761707 	0.030162567 	-9.9667853e-12 	-9.9667838e-12 	0.70127177
0.10786 	0.029281448 	-1.2845737e-11 	-1.2566185e-11 	0.70226804
0.10810293 	0.028401219 	-1.5916731e-11 	-1.5325735e-11 	0.70326047
0.10834586 	0.02752099 	-1.8987724e-11 	-1.8085284e-11 	0.7042529
0.10858878 	0.026640761 	-2.2058718e-11 	-2.0844834e-11 	0.70524533
0.10883171 	0.025766911 	-2.6272165e-11 	-2.4481432e-11 	0.70620949
0.10907464 	0.024894526 	-3.0748002e-11 	-2.8319465e-11 	0.70716715
0.10931757 	0.024022142 	-3.5223839e-11 	-3.2157497e-11 	0.70812481
0.1095605 	0.023149757 	-3.9699676e-11 	-3.5995529e-11 	0.70908247
0.10980342 	0.022283728 	-4.704356e-11 	-4.3282073e-11 	0.71001131
0.11004635 	0.021418453 	-5.4727593e-11 	-5.0977608e-11 	0.71093674
0.11028928 	0.020553178 	-6.2411626e-11 	-5.8673143e-11 	0.71186216
0.11053221 	0.019688764 	-7.1018948e-11 	-6.7195042e-11 	0.7127836
0.11077514 	0.018829956 	-8.563606e-11 	-8.1095828e-11 	0.7136791
0.11101806 	0.017971148 	-1.0025317e-10 	-9.4996613e-11 	0.7145746
0.11126099 	0.01711234 	-1.1487028e-10 	-1.088974e-10 	0.7154701
0.11150392 	0.016256627 	-1.3531456e-10 	-1.2825027e-10 	0.71635101
0.11174685 	0.015403722 	-1.6104354e-10 	-1.5254769e-10 	0.71721869
0.11198977 	0.014550817 	-1.8677252e-10 	-1.7684512e-10 	0.71808637
0.1122327 	0.013698245 	-2.1361393e-10 	-2.0224971e-10 	0.71895246
0.11247563 	0.012850744 	-2.574194e-10 	-2.445382e-10 	0.71979425
0.11271856 	0.012003244 	-3.0122487e-10 	-2.8682669e-10 	0.72063605
0.11296149 	0.011155743 	-3.4503034e-10 	-3.2911519e-10 	0.72147784
0.11320441 	0.010311908 	-4.0964753e-10 	-3.9101021e-10 	0.72230183
0.11344734 	0.009469369 	-4.8162769e-10 	-4.5984181e-10 	0.72311951
0.11369027 	0.0086268303 	-5.5360785e-10 	-5.2867341e-10 	0.72393719
0.1139332 	0.0077868043 	-6.5094619e-10 	-6.2143485e-10 	0.7247425
0.11417613 	0.0069488331 	-7.6902119e-10 	-7.3376492e-10 	0.7255377
0.11441905 	0.0061108619 	-8.8709619e-10 	-8.4609499e-10 	0.72633289
0.11466198 	0.0052749582 	-1.0408946e-09 	-9.9235961e-10 	0.72711778
0.11490491 	0.0044412021 	-1.2318003e-09 	-1.1738734e-09 	0.72789198
0.11514784 	0.003607446 	-1.422706e-09 	-1.3553871e-09 	0.72866618
0.11539077 	0.0027758531 	-1.6748145e-09 	-1.595167e-09 	0.72942949
0.11563369 	0.0019459977 	-1.9760825e-09 	-1.8817477e-09 	0.73018406
0.11587662 	0.0011161424 	-2.2773506e-09 	-2.1683284e-09 	0.73093863
0.11611955 	0.00028895883 	-2.7017728e-09 	-2.5717977e-09 	0.73167964
0.11636248 	-0.00053727281 	-3.1700708e-09 	-3.0169106e-09 	0.73241583
0.11660541 	-0.0013633892 	-3.6467151e-09 	-3.4699927e-09 	0.73315143
0.11684833 	-0.0021862271 	-4.3607219e-09 	-4.1497148e-09 	0.73387037
0.11709126 	-0.0030090651 	-5.0747288e-09 	-4.8294369e-09 	0.73458931
0.11733419 	-0.0038304787 	-5.9465192e-09 	-5.6592086e-09 	0.73530107
0.11757712 	-0.0046500787 	-7.0191994e-09 	-6.6800231e-09 	0.7360037
0.11782005 	-0.0054696788 	-8.0918796e-09 	-7.7008376e-09 	0.73670633
0.11806297 	-0.006286191 	-9.6530867e-09 	-9.1851953e-09 	0.73739408
0.1183059 	-0.0071025432 	-1.1239615e-08 	-1.069358e-08 	0.73808107
0.11854883 	-0.0079168658 	-1.3231602e-08 	-1.2588383e-08 	0.73875928
0.11879176 	-0.0087296077 	-1.5539371e-08 	-1.4784142e-08 	0.73943066
0.11903468 	-0.0095410334 	-1.8117606e-08 	-1.7237241e-08 	0.74009749
0.11927761 	-0.010348904 	-2.142645e-08 	-2.0385494e-08 	0.74075205
0.11952054 	-0.011156212 	-2.4831882e-08 	-2.3625616e-08 	0.74140511
0.11976347 	-0.011956159 	-2.9504125e-08 	-2.8070636e-08 	0.74203857
0.1200064 	-0.012756105 	-3.4176368e-08 	-3.2515655e-08 	0.74267203
0.12024932 	-0.013541431 	-4.0597856e-08 	-3.8625342e-08 	0.74327633
0.12049225 	-0.014326154 	-4.709142e-08 	-4.4803619e-08 	0.74387943
0.12073518 	-0.015083682 	-5.5797745e-08 	-5.3086499e-08 	0.74443419
0.12097811 	-0.01583933 	-6.4657066e-08 	-6.1514896e-08 	0.74498561
0.12122104 	-0.016538797 	-7.6446595e-08 	-7.2731679e-08 	0.74545451
0.12146396 	-0.017226044 	-8.8710932e-08 	-8.4400199e-08 	0.74590432
0.12170689 	-0.017832689 	-1.0406663e-07 	-9.9009838e-08 	0.7462279
0.12194982 	-0.018388974 	-1.2060869e-07 	-1.14748e-07 	0.74649313
0.12219275 	-0.018846692 	-1.3947276e-07 	-1.3269497e-07 	0.74664413
0.12243568 	-0.019228488 	-1.6305878e-07 	-1.5513335e-07 	0.74659734
0.1226786 	-0.019563987 	-1.8952413e-07 	-1.8031049e-07 	0.74642992
0.12292153 	-0.019640079 	-2.1325227e-07 	-2.0288375e-07 	0.7459998
0.12316446 	-0.019709156 	-2.3690638e-07 	-2.253866e-07 	0.74556257
0.12340739 	-0.019778233 	-2.6056049e-07 	-2.4788945e-07 	0.74512534
0.12365032 	-0.01984731 	-2.842146e-07 	-2.703923e-07 	0.74468811
0.12389324 	-0.019855838 	-3.0681487e-07 	-2.9189337e-07 	0.74419122
0.12413617 	-0.019792954 	-3.2817223e-07 	-3.1221293e-07 	0.74362398
0.1243791 	-0.01973007 	-3.4952958e-07 	-3.325325e-07 	0.74305673
0.12462203 	-0.019667186 	-3.7088693e-07 	-3.5285207e-07 	0.74248949
0.12486495 	-0.019604302 	-3.9224429e-07 	-3.7317163e-07 	0.74192224
0.12510788 	-0.01959209 	-4.1135555e-07 	-3.9135386e-07 	0.74135823
0.12535081 	-0.019588185 	-4.3009859e-07 	-4.0918568e-07 	0.74079474
0.12559374 	-0.01958428 	-4.4884162e-07 	-4.2701751e-07 	0.74023125
0.12583667 	-0.019580375 	-4.6758466e-07 	-4.4484934e-07 	0.73966776
0.12607959 	-0.019578907 	-4.8587745e-07 	-4.6225281e-07 	0.7391017
0.12632252 	-0.019589084 	-5.0201812e-07 	-4.7760877e-07 	0.73852332
0.12656545 	-0.019599262 	-5.1815879e-07 	-4.9296473e-07 	0.73794493
0.12680838 	-0.019609439 	-5.3429946e-07 	-5.0832069e-07 	0.73736655
0.12705131 	-0.019619616 	-5.5044012e-07 	-5.2367665e-07 	0.73678817
0.12729423 	-0.019622896 	-5.6526548e-07 	-5.3778198e-07 	0.73619726
0.12753716 	-0.019615779 	-5.7810798e-07 	-5.5000196e-07 	0.73558746
0.12778009 	-0.019608661 	-5.9095047e-07 	-5.6222194e-07 	0.73497766
0.12802302 	-0.019601544 	-6.0379296e-07 	-5.7444192e-07 	0.73436786
0.12826595 	-0.019594426 	-6.1663545e-07 	-5.866619e-07 	0.73375806
0.12850887 	-0.019586517 	-6.2786248e-07 	-5.9734565e-07 	0.73313573
0.1287518 	-0.01957792 	-6.3768459e-07 	-6.0669336e-07 	0.73250248
0.12899473 	-0.019569322 	-6.4750669e-07 	-6.1604108e-07 	0.73186923
0.12923766 	-0.019560725 	-6.573288e-07 	-6.253888e-07 	0.73123599
0.12948059 	-0.019552127 	-6.671509e-07 	-6.3473652e-07 	0.73060274
0.12972351 	-0.019543718 	-6.7549973e-07 	-6.4268253e-07 	0.72995691
0.12996644 	-0.019535444 	-6.8277947e-07 	-6.4961139e-07 	0.72930194
0.13020937 	-0.019527171 	-6.9005921e-07 	-6.5654024e-07 	0.72864696
0.1304523 	-0.019518897 	-6.9733895e-07 	-6.634691e-07 	0.72799199
0.13069523 	-0.019510624 	-7.0461869e-07 	-6.7039795e-07 	0.72733702
0.13093815 	-0.019501067 	-7.1075505e-07 	-6.7623866e-07 	0.72666991
0.13118108 	-0.019490377 	-7.1588148e-07 	-6.8111825e-07 	0.72599208
0.13142401 	-0.019479687 	-7.2100791e-07 	-6.8599783e-07 	0.72531425
0.13166694 	-0.019468997 	-7.2613434e-07 	-6.9087742e-07 	0.72463641
0.13190986 	-0.019458307 	-7.3126077e-07 	-6.95757e-07 	0.72395858
0.13215279 	-0.019446804 	-7.3571347e-07 	-6.9999537e-07 	0.72327202
0.13239572 	-0.019434018 	-7.3910173e-07 	-7.0322067e-07 	0.72257166
0.13263865 	-0.019421232 	-7.4248999e-07 	-7.0644596e-07 	0.72187131
0.13288158 	-0.019408446 	-7.4587825e-07 	-7.0967126e-07 	0.72117095
0.1331245 	-0.01939566 	-7.4926651e-07 	-7.1289655e-07 	0.72047059
0.13336743 	-0.01938262 	-7.5245848e-07 	-7.1593511e-07 	0.71976699
0.13361036 	-0.019368111 	-7.5451645e-07 	-7.1789481e-07 	0.71904466
0.13385329 	-0.019353602 	-7.5657442e-07 	-7.1985451e-07 	0.71832232
0.13409622 	-0.019339093 	-7.5863239e-07 	-7.2181421e-07 	0.71759999
0.13433914 	-0.019324584 	-7.6069036e-07 	-7.2377391e-07 	0.71687765
0.13458207 	-0.019310075 	-7.6274833e-07 	-7.2573361e-07 	0.71615531
0.134825 	-0.01929413 	-7.640245e-07 	-7.2694988e-07 	0.71541556
0.13506793 	-0.019277846 	-7.651161e-07 	-7.2799065e-07 	0.7146717
0.13531086 	-0.019261561 	-7.662077e-07 	-7.2903141e-07 	0.71392783
0.13555378 	-0.019245277 	-7.672993e-07 	-7.3007217e-07 	0.71318396
0.13579671 	-0.019228992 	-7.683909e-07 	-7.3111294e-07 	0.7124401
0.13603964 	-0.019212056 	-7.6924287e-07 	-7.3192596e-07 	0.71168849
0.13628257 	-0.019194011 	-7.6968702e-07 	-7.3235143e-07 	0.71092372
0.1365255 	-0.019175966 	-7.7013117e-07 	-7.327769e-07 	0.71015895
0.13676842 	-0.019157921 	-7.7057532e-07 	-7.3320237e-07 	0.70939417
0.13701135 	-0.019139876 	-7.7101947e-07 	-7.3362784e-07 	0.7086294
0.13725428 	-0.01912183 	-7.7146362e-07 	-7.340533e-07 	0.70786463
0.13749721 	-0.019102373 	-7.7159706e-07 	-7.3418384e-07 	0.7070832
0.13774014 	-0.019082623 	-7.7166642e-07 	-7.3425355e-07 	0.70629833
0.13798306 	-0.019062874 	-7.7173578e-07 	-7.3432326e-07 	0.70551347
0.13822599 	-0.019043125 	-7.7180514e-07 	-7.3439297e-07 	0.70472861
0.13846892 	-0.019023376 	-7.718745e-07 	-7.3446269e-07 	0.70394374
0.13871185 	-0.019003321 	-7.71916e-07 	-7.3450595e-07 	0.70315537
0.13895477 	-0.018981908 	-7.718338e-07 	-7.3443177e-07 	0.7023514
0.1391977 	-0.018960495 	-7.717516e-07 	-7.3435759e-07 	0.70154744
0.13944063 	-0.018939082 	-7.716694e-07 	-7.3428341e-07 	0.70074347
0.13968356 	-0.018917669 	-7.715872e-07 	-7.3420923e-07 	0.6999395
0.13992649 	-0.018896256 	-7.71505e-07 	-7.3413504e-07 	0.69913554
0.14016941 	-0.01887414 	-7.7143376e-07 	-7.3407132e-07 	0.6983238
0.14041234 	-0.018851101 	-7.7137691e-07 	-7.3402134e-07 	0.69750188
0.14065527 	-0.018828062 	-7.7132005e-07 	-7.3397135e-07 	0.69667996
0.1408982 	-0.018805023 	-7.712632e-07 	-7.3392136e-07 	0.69585803
0.14114113 	-0.018781984 	-7.7120635e-07 	-7.3387137e-07 	0.69503611
0.14138405 	-0.018758945 	-7.711495e-07 	-7.3382138e-07 	0.69421419
0.14162698 	-0.018734997 	-7.7118512e-07 	-7.3385902e-07 	0.69338272
0.14186991 	-0.018710372 	-7.7128965e-07 	-7.3396197e-07 	0.69254413
0.14211284 	-0.018685747 	-7.7139419e-07 	-7.3406491e-07 	0.69170555
0.14235577 	-0.018661122 	-7.7149872e-07 	-7.3416786e-07 	0.69086697
0.14259869 	-0.018636496 	-7.7160326e-07 	-7.342708e-07 	0.69002838
0.14284162 	-0.018611871 	-7.7170779e-07 	-7.3437375e-07 	0.6891898
0.14308455 	-0.018586313 	-7.7197195e-07 	-7.3462817e-07 	0.68834201
0.14332748 	-0.018560141 	-7.7234103e-07 	-7.3498216e-07 	0.68748818
0.14357041 	-0.018533969 	-7.7271011e-07 	-7.3533615e-07 	0.68663434
0.14381333 	-0.018507797 	-7.730792e-07 	-7.3569013e-07 	0.68578051
0.14405626 	-0.018481626 	-7.7344828e-07 	-7.3604412e-07 	0.68492668
0.14429919 	-0.018455454 	-7.7381736e-07 	-7.363981e-07 	0.68407284
0.14454212 	-0.018428497 	-7.7436464e-07 	-7.3692161e-07 	0.68321184
0.14478505 	-0.018400818 	-7.7507536e-07 	-7.3760059e-07 	0.68234426
0.14502797 	-0.01837314 	-7.7578607e-07 	-7.3827956e-07 	0.68147668
0.1452709 	-0.018345462 	-7.7649679e-07 	-7.3895854e-07 	0.6806091
0.14551383 	-0.018317784 	-7.772075e-07 	-7.3963751e-07 	0.67974152
0.14575676 	-0.018290105 	-7.7791822e-07 	-7.4031649e-07 	0.67887394
0.14599968 	-0.01826195 	-7.7875834e-07 	-7.4111901e-07 	0.67800239
0.14624261 	-0.018232805 	-7.7986658e-07 	-7.4217749e-07 	0.67712263
0.14648554 	-0.01820366 	-7.8097483e-07 	-7.4323597e-07 	0.67624286
0.14672847 	-0.018174516 	-7.8208307e-07 	-7.4429445e-07 	0.6753631
0.1469714 	-0.018145371 	-7.8319131e-07 	-7.4535293e-07 	0.67448334
0.14721432 	-0.018116226 	-7.8429955e-07 	-7.4641141e-07 	0.67360357
0.14745725 	-0.018087063 	-7.8541343e-07 	-7.4747529e-07 	0.67272367
0.14770018 	-0.018056492 	-7.8695496e-07 	-7.4894855e-07 	0.67183332
0.14794311 	-0.018025922 	-7.8849649e-07 	-7.5042182e-07 	0.67094296
0.14818604 	-0.017995351 	-7.9003802e-07 	-7.5189508e-07 	0.67005261
0.14842896 	-0.01796478 	-7.9157956e-07 	-7.5336834e-07 	0.66916225
0.14867189 	-0.017934209 	-7.9312109e-07 	-7.5484161e-07 	0.6682719
0.14891482 	-0.017903639 	-7.9466262e-07 	-7.5631487e-07 	0.66738155
0.14915775 	-0.017872262 	-7.9646446e-07 	-7.5803687e-07 	0.66648596
0.14940068 	-0.017840306 	-7.984534e-07 	-7.5993764e-07 	0.66558662
0.1496436 	-0.01780835 	-8.0044234e-07 	-7.6183841e-07 	0.66468728
0.14988653 	-0.017776394 	-8.0243128e-07 	-7.6373919e-07 	0.66378794
0.15012946 	-0.017744438 	-8.0442022e-07 	-7.6563996e-07 	0.66288859
0.15037239 	-0.017712482 	-8.0640916e-07 	-7.6754073e-07 	0.66198925
0.15061532 	-0.017680486 	-8.0841119e-07 	-7.6945397e-07 	0.66108969
0.15085824 	-0.017647186 	-8.1083984e-07 	-7.7177324e-07 	0.66018294
0.15110117 	-0.017613886 	-8.1326848e-07 	-7.7409251e-07 	0.65927619
0.1513441 	-0.017580586 	-8.1569713e-07 	-7.7641178e-07 	0.65836945
0.15158703 	-0.017547286 	-8.1812578e-07 	-7.7873106e-07 	0.6574627
0.15182995 	-0.017513986 	-8.2055442e-07 	-7.8105033e-07 	0.65655595
0.15207288 	-0.017480686 	-8.2298307e-07 	-7.833696e-07 	0.6556492
0.15231581 	-0.017446924 	-8.255595e-07 	-7.8582904e-07 	0.65474038
0.15255874 	-0.017412322 	-8.2840496e-07 	-7.8854361e-07 	0.65382777
0.15280167 	-0.01737772 	-8.3125042e-07 	-7.9125819e-07 	0.65291517
0.15304459 	-0.017343117 	-8.3409587e-07 	-7.9397277e-07 	0.65200256
0.15328752 	-0.017308515 	-8.3694133e-07 	-7.9668735e-07 	0.65108996
0.15353045 	-0.017273912 	-8.3978678e-07 	-7.9940192e-07 	0.65017735
0.15377338 	-0.01723931 	-8.4263224e-07 	-8.021165e-07 	0.64926475
0.15401631 	-0.01720401 	-8.456936e-07 	-8.0503543e-07 	0.64834973
0.15425923 	-0.017168147 	-8.4892884e-07 	-8.0811893e-07 	0.64743276
0.15450216 	-0.017132284 	-8.5216408e-07 	-8.1120243e-07 	0.6465158
0.15474509 	-0.017096422 	-8.5539931e-07 	-8.1428593e-07 	0.64559883
0.15498802 	-0.017060559 	-8.5863455e-07 	-8.1736943e-07 	0.64468186
0.15523095 	-0.017024696 	-8.6186979e-07 	-8.2045293e-07 	0.6437649
0.15547387 	-0.016988834 	-8.6510503e-07 	-8.2353643e-07 	0.64284793
0.1557168 	-0.01695221 	-8.6857097e-07 	-8.2683809e-07 	0.64192913
0.15595973 	-0.01691513 	-8.7217507e-07 	-8.3027041e-07 	0.64100923
0.15620266 	-0.01687805 	-8.7577918e-07 	-8.3370273e-07 	0.64008933
0.15644559 	-0.016840969 	-8.7938328e-07 	-8.3713505e-07 	0.63916944
0.15668851 	-0.016803889 	-8.8298738e-07 	-8.4056737e-07 	0.63824954
0.15693144 	-0.016766809 	-8.8659148e-07 	-8.4399969e-07 	0.63732964
0.15717437 	-0.016729729 	-8.9019559e-07 	-8.4743201e-07 	0.63640975
0.1574173 	-0.016691984 	-8.9400147e-07 	-8.5105607e-07 	0.63548896
0.15766023 	-0.016653729 	-8.9796161e-07 	-8.5482672e-07 	0.63456749
0.15790315 	-0.016615475 	-9.0192175e-07 	-8.5859736e-07 	0.63364602
0.15814608 	-0.016577221 	-9.0588189e-07 	-8.62368e-07 	0.63272455
0.15838901 	-0.016538966 	-9.0984202e-07 	-8.6613864e-07 	0.63180308
0.15863194 	-0.016500712 	-9.1380216e-07 	-8.6990929e-07 	0.63088161
0.15887486 	-0.016462458 	-9.177623e-07 	-8.7367993e-07 	0.62996014
0.15911779 	-0.016423779 	-9.2185229e-07 	-8.7757431e-07 	0.62903856
0.15936072 	-0.016384395 	-9.2615836e-07 	-8.8167461e-07 	0.62811679
0.15960365 	-0.01634501 	-9.3046443e-07 	-8.857749e-07 	0.62719502
0.15984658 	-0.016305626 	-9.3477051e-07 	-8.8987519e-07 	0.62627326
0.1600895 	-0.016266242 	-9.3907658e-07 	-8.9397549e-07 	0.62535149
0.16033243 	-0.016226857 	-9.4338265e-07 	-8.9807578e-07 	0.62442973
0.16057536 	-0.016187473 	-9.4768872e-07 	-9.0217608e-07 	0.62350796
0.16081829 	-0.016148035 	-9.5201114e-07 	-9.0629189e-07 	0.62258624
0.16106122 	-0.016107566 	-9.5665207e-07 	-9.1071008e-07 	0.62166537
0.16130414 	-0.016067097 	-9.61293e-07 	-9.1512827e-07 	0.6207445
0.16154707 	-0.016026627 	-9.6593393e-07 	-9.1954646e-07 	0.61982363
0.16179 	-0.015986158 	-9.7057486e-07 	-9.2396465e-07 	0.61890277
0.16203293 	-0.015945688 	-9.7521579e-07 	-9.2838284e-07 	0.6179819
0.16227586 	-0.015905219 	-9.7985672e-07 	-9.3280103e-07 	0.61706103
0.16251878 	-0.01586475 	-9.8449765e-07 	-9.3721922e-07 	0.61614016
0.16276171 	-0.015823673 	-9.8932807e-07 	-9.41817e-07 	0.61522046
0.16300464 	-0.015782165 	-9.9429314e-07 	-9.465424e-07 	0.6143016
0.16324757 	-0.015740657 	-9.992582e-07 	-9.5126779e-07 	0.61338274
0.1634905 	-0.015699149 	-1.0042233e-06 	-9.5599319e-07 	0.61246387
0.16373342 	-0.01565764 	-1.0091883e-06 	-9.6071859e-07 	0.61154501
0.16397635 	-0.015616132 	-1.0141534e-06 	-9.6544399e-07 	0.61062614
0.16421928 	-0.015574624 	-1.0191185e-06 	-9.7016939e-07 	0.60970728
0.16446221 	-0.015533116 	-1.0240835e-06 	-9.7489478e-07 	0.60878841
0.16470514 	-0.015490636 	-1.0293679e-06 	-9.7992511e-07 	0.60787251
0.16494806 	-0.015448135 	-1.0346587e-06 	-9.8496163e-07 	0.60695667
0.16519099 	-0.015405635 	-1.0399495e-06 	-9.8999815e-07 	0.60604082
0.16543392 	-0.015363135 	-1.0452404e-06 	-9.9503467e-07 	0.60512498
0.16567685 	-0.015320634 	-1.0505312e-06 	-1.0000712e-06 	0.60420914
0.16591977 	-0.015278134 	-1.055822e-06 	-1.0051077e-06 	0.60329329
0.1661627 	-0.015235634 	-1.0611129e-06 	-1.0101442e-06 	0.60237745
0.16640563 	-0.015192914 	-1.0664826e-06 	-1.0152575e-06 	0.60146253
0.16664856 	-0.015149469 	-1.0721127e-06 	-1.0206238e-06 	0.60055064
0.16689149 	-0.015106023 	-1.0777428e-06 	-1.0259902e-06 	0.59963875
0.16713441 	-0.015062578 	-1.083373e-06 	-1.0313565e-06 	0.59872686
0.16737734 	-0.015019133 	-1.0890031e-06 	-1.0367229e-06 	0.59781497
0.16762027 	-0.014975688 	-1.0946332e-06 	-1.0420892e-06 	0.59690308
0.1678632 	-0.014932243 	-1.1002633e-06 	-1.0474556e-06 	0.59599119
0.16810613 	-0.014888798 	-1.1058934e-06 	-1.0528219e-06 	0.5950793
0.16834905 	-0.014845049 	-1.1116406e-06 	-1.0583034e-06 	0.59416904
0.16859198 	-0.014800709 	-1.1176157e-06 	-1.0640087e-06 	0.59326195
0.16883491 	-0.014756369 	-1.1235908e-06 	-1.069714e-06 	0.59235486
0.16907784 	-0.014712029 	-1.1295659e-06 	-1.0754193e-06 	0.59144778
0.16932077 	-0.014667688 	-1.135541e-06 	-1.0811246e-06 	0.59054069
0.16956369 	-0.014623348 	-1.141516e-06 	-1.0868299e-06 	0.5896336
0.16980662 	-0.014579008 	-1.1474911e-06 	-1.0925352e-06 	0.58872651
0.17004955 	-0.014534668 	-1.1534662e-06 	-1.0982405e-06 	0.58781942
0.17029248 	-0.014490077 	-1.1595419e-06 	-1.1040429e-06 	0.58691399
0.17053541 	-0.014444892 	-1.1658544e-06 	-1.1100738e-06 	0.58601247
0.17077833 	-0.014399707 	-1.1721669e-06 	-1.1161046e-06 	0.58511095
0.17102126 	-0.014354523 	-1.1784794e-06 	-1.1221355e-06 	0.58420943
0.17126419 	-0.014309338 	-1.1847919e-06 	-1.1281663e-06 	0.58330791
0.17150712 	-0.014264154 	-1.1911044e-06 	-1.1341972e-06 	0.58240638
0.17175005 	-0.014218969 	-1.1974168e-06 	-1.140228e-06 	0.58150486
0.17199297 	-0.014173785 	-1.2037293e-06 	-1.1462589e-06 	0.58060334
0.1722359 	-0.014128516 	-1.2100793e-06 	-1.1523242e-06 	0.57970248
0.17247883 	-0.014082535 	-1.2167466e-06 	-1.1586809e-06 	0.5788072
0.17272176 	-0.014036555 	-1.223414e-06 	-1.1650377e-06 	0.57791193
0.17296468 	-0.013990575 	-1.2300813e-06 	-1.1713945e-06 	0.57701666
0.17320761 	-0.013944594 	-1.2367487e-06 	-1.1777512e-06 	0.57612138
0.17345054 	-0.013898614 	-1.243416e-06 	-1.184108e-06 	0.57522611
0.17369347 	-0.013852633 	-1.2500833e-06 	-1.1904648e-06 	0.57433083
0.1739364 	-0.013806653 	-1.2567507e-06 	-1.1968215e-06 	0.57343556
0.17417932 	-0.013760672 	-1.263418e-06 	-1.2031783e-06 	0.57254028
0.17442225 	-0.013714125 	-1.2703677e-06 	-1.2097867e-06 	0.57165021
0.17466518 	-0.013667398 	-1.2774069e-06 	-1.216475e-06 	0.5707618
0.17490811 	-0.01362067 	-1.2844462e-06 	-1.2231633e-06 	0.56987338
0.17515104 	-0.013573943 	-1.2914854e-06 	-1.2298515e-06 	0.56898496
0.17539396 	-0.013527216 	-1.2985247e-06 	-1.2365398e-06 	0.56809654
0.17563689 	-0.013480488 	-1.305564e-06 	-1.2432281e-06 	0.56720812
0.17587982 	-0.013433761 	-1.3126032e-06 	-1.2499164e-06 	0.5663197
0.17612275 	-0.013387034 	-1.3196425e-06 	-1.2566047e-06 	0.56543128
0.17636568 	-0.013340129 	-1.3267585e-06 	-1.2633629e-06 	0.56454475
0.1766086 	-0.013292709 	-1.3340978e-06 	-1.270325e-06 	0.56366373
0.17685153 	-0.013245289 	-1.3414372e-06 	-1.277287e-06 	0.56278271
0.17709446 	-0.013197869 	-1.3487766e-06 	-1.2842491e-06 	0.56190168
0.17733739 	-0.013150449 	-1.3561159e-06 	-1.2912111e-06 	0.56102066
0.17758032 	-0.013103028 	-1.3634553e-06 	-1.2981732e-06 	0.56013964
0.17782324 	-0.013055608 	-1.3707947e-06 	-1.3051352e-06 	0.55925862
0.17806617 	-0.013008188 	-1.378134e-06 	-1.3120973e-06 	0.55837759
0.1783091 	-0.012960768 	-1.3854734e-06 	-1.3190593e-06 	0.55749657
0.17855203 	-0.012912971 	-1.3929446e-06 	-1.3261545e-06 	0.55662021
0.17879495 	-0.012864916 	-1.4005064e-06 	-1.3333412e-06 	0.55574706
0.17903788 	-0.012816861 	-1.4080682e-06 	-1.3405279e-06 	0.55487391
0.17928081 	-0.012768806 	-1.41563e-06 	-1.3477146e-06 	0.55400077
0.17952374 	-0.012720751 	-1.4231918e-06 	-1.3549013e-06 	0.55312762
0.17976667 	-0.012672696 	-1.4307536e-06 	-1.362088e-06 	0.55225447
0.18000959 	-0.012624641 	-1.4383154e-06 	-1.3692747e-06 	0.55138132
0.18025252 	-0.012576586 	-1.4458772e-06 	-1.3764615e-06 	0.55050817
0.18049545 	-0.01252853 	-1.453439e-06 	-1.3836482e-06 	0.54963502
0.18073838 	-0.012480032 	-1.4611967e-06 	-1.3910378e-06 	0.54876822
0.18098131 	-0.012431398 	-1.469014e-06 	-1.3984893e-06 	0.54790336
0.18122423 	-0.012382764 	-1.4768313e-06 	-1.4059408e-06 	0.5470385
0.18146716 	-0.012334131 	-1.4846486e-06 	-1.4133922e-06 	0.54617364
0.18171009 	-0.012285497 	-1.492466e-06 	-1.4208437e-06 	0.54530877
0.18195302 	-0.012236863 	-1.5002833e-06 	-1.4282952e-06 	0.54444391
0.18219595 	-0.012188229 	-1.5081006e-06 	-1.4357467e-06 	0.54357905
0.18243887 	-0.012139596 	-1.515918e-06 	-1.4431982e-06 	0.54271418
0.1826818 	-0.012090962 	-1.5237353e-06 	-1.4506496e-06 	0.54184932
0.18292473 	-0.012041923 	-1.5318349e-06 	-1.4583653e-06 	0.54099115
0.18316766 	-0.011992765 	-1.5400168e-06 	-1.4661578e-06 	0.54013492
0.18341059 	-0.011943608 	-1.5481986e-06 	-1.4739504e-06 	0.5392787
0.18365351 	-0.011894451 	-1.5563804e-06 	-1.4817429e-06 	0.53842247
0.18389644 	-0.011845293 	-1.5645623e-06 	-1.4895355e-06 	0.53756625
0.18413937 	-0.011796136 	-1.5727441e-06 	-1.497328e-06 	0.53671002
0.1843823 	-0.011746978 	-1.5809259e-06 	-1.5051206e-06 	0.5358538
0.18462523 	-0.011697821 	-1.5891078e-06 	-1.5129132e-06 	0.53499757
0.18486815 	-0.011648664 	-1.5972896e-06 	-1.5207057e-06 	0.53414135
0.18511108 	-0.01159922 	-1.6057944e-06 	-1.5287811e-06 	0.53329061
0.18535401 	-0.011549596 	-1.6145026e-06 	-1.5370348e-06 	0.53244332
0.18559694 	-0.011499972 	-1.6232108e-06 	-1.5452884e-06 	0.53159603
0.18583986 	-0.011450347 	-1.631919e-06 	-1.553542e-06 	0.53074874
0.18608279 	-0.011400723 	-1.6406272e-06 	-1.5617956e-06 	0.52990145
0.18632572 	-0.011351099 	-1.6493354e-06 	-1.5700493e-06 	0.52905416
0.18656865 	-0.011301475 	-1.6580436e-06 	-1.5783029e-06 	0.52820688
0.18681158 	-0.011251851 	-1.6667518e-06 	-1.5865565e-06 	0.52735959
0.1870545 	-0.011202227 	-1.67546e-06 	-1.5948102e-06 	0.5265123
0.18729743 	-0.011152488 	-1.6843602e-06 	-1.6032406e-06 	0.52566759
0.18754036 	-0.011102456 	-1.6937533e-06 	-1.6121246e-06 	0.52482949
0.18778329 	-0.011052425 	-1.7031464e-06 	-1.6210087e-06 	0.52399139
0.18802622 	-0.011002393 	-1.7125394e-06 	-1.6298927e-06 	0.5231533
0.18826914 	-0.010952361 	-1.7219325e-06 	-1.6387768e-06 	0.5223152
0.18851207 	-0.010902329 	-1.7313256e-06 	-1.6476609e-06 	0.5214771
0.188755 	-0.010852297 	-1.7407186e-06 	-1.6565449e-06 	0.520639
0.18899793 	-0.010802266 	-1.7501117e-06 	-1.665429e-06 	0.51980091
0.18924086 	-0.010752234 	-1.7595048e-06 	-1.674313e-06 	0.51896281
0.18948378 	-0.010702202 	-1.7688979e-06 	-1.6831971e-06 	0.51812471
0.18972671 	-0.010651905 	-1.7788087e-06 	-1.6926256e-06 	0.51729387
0.18996964 	-0.01060153 	-1.7888726e-06 	-1.7022151e-06 	0.51646518
0.19021257 	-0.010551155 	-1.7989366e-06 	-1.7118045e-06 	0.51563649
0.1904555 	-0.010500779 	-1.8090005e-06 	-1.721394e-06 	0.5148078
0.19069842 	-0.010450404 	-1.8190644e-06 	-1.7309834e-06 	0.51397911
0.19094135 	-0.010400029 	-1.8291283e-06 	-1.7405729e-06 	0.51315042
0.19118428 	-0.010349653 	-1.8391922e-06 	-1.7501623e-06 	0.51232173
0.19142721 	-0.010299278 	-1.8492561e-06 	-1.7597518e-06 	0.51149304
0.19167014 	-0.010248903 	-1.8593201e-06 	-1.7693412e-06 	0.51066435
0.19191306 	-0.010198504 	-1.8694326e-06 	-1.7789906e-06 	0.50983647
0.19215599 	-0.010147851 	-1.8800717e-06 	-1.7892883e-06 	0.50901735
0.19239892 	-0.010097197 	-1.8907108e-06 	-1.7995859e-06 	0.50819824
0.19264185 	-0.010046544 	-1.9013498e-06 	-1.8098836e-06 	0.50737913
0.19288477 	-0.00999589 	-1.9119889e-06 	-1.8201813e-06 	0.50656002
0.1931277 	-0.0099452365 	-1.9226279e-06 	-1.8304789e-06 	0.50574091
0.19337063 	-0.009894583 	-1.933267e-06 	-1.8407766e-06 	0.5049218
0.19361356 	-0.0098439295 	-1.9439061e-06 	-1.8510743e-06 	0.50410269
0.19385649 	-0.009793276 	-1.9545451e-06 	-1.8613719e-06 	0.50328358
0.19409941 	-0.0097426225 	-1.9651842e-06 	-1.8716696e-06 	0.50246447
0.19434234 	-0.009691922 	-1.9759593e-06 	-1.8821304e-06 	0.50164745
0.19458527 	-0.0096410505 	-1.98723e-06 	-1.8931855e-06 	0.50083805
0.1948282 	-0.0095901789 	-1.9985008e-06 	-1.9042406e-06 	0.50002865
0.19507113 	-0.0095393074 	-2.0097716e-06 	-1.9152958e-06 	0.49921925
0.19531405 	-0.0094884358 	-2.0210424e-06 	-1.9263509e-06 	0.49840985
0.19555698 	-0.0094375643 	-2.0323132e-06 	-1.9374061e-06 	0.49760045
0.19579991 	-0.0093866927 	-2.043584e-06 	-1.9484612e-06 	0.49679105
0.19604284 	-0.0093358211 	-2.0548548e-06 	-1.9595164e-06 	0.49598165
0.19628577 	-0.0092849496 	-2.0661255e-06 	-1.9705715e-06 	0.49517225
0.19652869 	-0.009234078 	-2.0773963e-06 	-1.9816267e-06 	0.49436285
0.19677162 	-0.0091831814 	-2.0887362e-06 	-1.9927457e-06 	0.49355502
0.19701455 	-0.0091321538 	-2.1004374e-06 	-2.0041988e-06 	0.49275543
0.19725748 	-0.0090811262 	-2.1121386e-06 	-2.015652e-06 	0.49195585
0.19750041 	-0.0090300986 	-2.1238398e-06 	-2.0271052e-06 	0.49115626
0.19774333 	-0.008979071 	-2.1355411e-06 	-2.0385583e-06 	0.49035667
0.19798626 	-0.0089280434 	-2.1472423e-06 	-2.0500115e-06 	0.48955709
0.19822919 	-0.0088770158 	-2.1589435e-06 	-2.0614646e-06 	0.4887575
0.19847212 	-0.0088259881 	-2.1706447e-06 	-2.0729178e-06 	0.48795791
0.19871505 	-0.0087749605 	-2.1823459e-06 	-2.084371e-06 	0.48715832
0.19895797 	-0.0087239329 	-2.1940471e-06 	-2.0958241e-06 	0.48635874
0.1992009 	-0.0086729053 	-2.2057484e-06 	-2.1072773e-06 	0.48555915
0.19944383 	-0.0086217979 	-2.2166267e-06 	-2.1176667e-06 	0.48476864
0.19968676 	-0.0085706832 	-2.2274303e-06 	-2.1279594e-06 	0.48397895
0.19992968 	-0.0085195685 	-2.2382338e-06 	-2.1382521e-06 	0.48318926
0.20017261 	-0.0084684539 	-2.2490374e-06 	-2.1485448e-06 	0.48239957
0.20041554 	-0.0084173392 	-2.259841e-06 	-2.1588375e-06 	0.48160988
0.20065847 	-0.0083662245 	-2.2706445e-06 	-2.1691303e-06 	0.48082019
0.2009014 	-0.0083151098 	-2.2814481e-06 	-2.179423e-06 	0.4800305
0.20114432 	-0.0082639952 	-2.2922517e-06 	-2.1897157e-06 	0.47924081
0.20138725 	-0.0082128805 	-2.3030553e-06 	-2.2000084e-06 	0.47845112
0.20163018 	-0.0081617658 	-2.3138588e-06 	-2.2103012e-06 	0.47766144
0.20187311 	-0.0081106455 	-2.3230249e-06 	-2.2187632e-06 	0.47687653
0.20211604 	-0.008059519 	-2.3304196e-06 	-2.225245e-06 	0.47609681
0.20235896 	-0.0080083924 	-2.3378144e-06 	-2.2317269e-06 	0.47531708
0.20260189 	-0.0079572659 	-2.3452092e-06 	-2.2382087e-06 	0.47453735
0.20284482 	-0.0079061394 	-2.3526039e-06 	-2.2446905e-06 	0.47375763
0.20308775 	-0.0078550129 	-2.3599987e-06 	-2.2511724e-06 	0.4729779
0.20333068 	-0.0078038864 	-2.3673935e-06 	-2.2576542e-06 	0.47219818
0.2035736 	-0.0077527599 	-2.3747882e-06 	-2.2641361e-06 	0.47141845
0.20381653 	-0.0077016334 	-2.382183e-06 	-2.2706179e-06 	0.47063872
0.20405946 	-0.0076505069 	-2.3895778e-06 	-2.2770998e-06 	0.469859
0.20430239 	-0.0075993804 	-2.3969725e-06 	-2.2835816e-06 	0.46907927
0.20454532 	-0.007548307 	-2.3998585e-06 	-2.2853093e-06 	0.46830805
0.20478824 	-0.0074972431 	-2.4019357e-06 	-2.2861842e-06 	0.46753834
0.20503117 	-0.0074461793 	-2.4040129e-06 	-2.2870592e-06 	0.46676864
0.2052741 	-0.0073951154 	-2.4060902e-06 	-2.2879341e-06 	0.46599894
0.20551703 	-0.0073440516 	-2.4081674e-06 	-2.288809e-06 	0.46522923
0.20575995 	-0.0072929877 	-2.4102446e-06 	-2.289684e-06 	0.46445953
0.20600288 	-0.0072419239 	-2.4123219e-06 	-2.2905589e-06 	0.46368983
0.20624581 	-0.00719086 	-2.4143991e-06 	-2.2914339e-06 	0.46292013
0.20648874 	-0.0071397962 	-2.4164763e-06 	-2.2923088e-06 	0.46215042
0.20673167 	-0.0070887323 	-2.4185536e-06 	-2.2931838e-06 	0.46138072
0.20697459 	-0.0070376708 	-2.4205672e-06 	-2.2939963e-06 	0.46061118
0.20721752 	-0.0069867552 	-2.4185685e-06 	-2.2908682e-06 	0.45985152
0.20746045 	-0.0069358396 	-2.4165697e-06 	-2.2877402e-06 	0.45909186
0.20770338 	-0.006884924 	-2.414571e-06 	-2.2846122e-06 	0.4583322
0.20794631 	-0.0068340084 	-2.4125722e-06 	-2.2814841e-06 	0.45757255
0.20818923 	-0.0067830928 	-2.4105735e-06 	-2.2783561e-06 	0.45681289
0.20843216 	-0.0067321772 	-2.4085747e-06 	-2.2752281e-06 	0.45605323
0.20867509 	-0.0066812616 	-2.406576e-06 	-2.2721e-06 	0.45529357
0.20891802 	-0.006630346 	-2.4045772e-06 	-2.268972e-06 	0.45453392
0.20916095 	-0.0065794304 	-2.4025785e-06 	-2.265844e-06 	0.45377426
0.20940387 	-0.0065285148 	-2.4005798e-06 	-2.2627159e-06 	0.4530146
0.2096468 	-0.0064775992 	-2.398581e-06 	-2.2595879e-06 	0.45225494
0.20988973 	-0.0064268925 	-2.3970132e-06 	-2.2572926e-06 	0.4515052
0.21013266 	-0.0063761901 	-2.3954543e-06 	-2.2550146e-06 	0.45075566
0.21037559 	-0.0063254877 	-2.3938955e-06 	-2.2527366e-06 	0.45000612
0.21061851 	-0.0062747853 	-2.3923366e-06 	-2.2504585e-06 	0.44925658
0.21086144 	-0.0062240829 	-2.3907778e-06 	-2.2481805e-06 	0.44850704
0.21110437 	-0.0061733805 	-2.3892189e-06 	-2.2459025e-06 	0.4477575
0.2113473 	-0.0061226781 	-2.38766e-06 	-2.2436245e-06 	0.44700796
0.21159023 	-0.0060719757 	-2.3861012e-06 	-2.2413464e-06 	0.44625842
0.21183315 	-0.0060212733 	-2.3845423e-06 	-2.2390684e-06 	0.44550888
0.21207608 	-0.0059705709 	-2.3829834e-06 	-2.2367904e-06 	0.44475934
0.21231901 	-0.0059198685 	-2.3814246e-06 	-2.2345124e-06 	0.4440098
0.21256194 	-0.0058694131 	-2.3826806e-06 	-2.2353152e-06 	0.44326766
0.21280486 	-0.0058190461 	-2.3849443e-06 	-2.237221e-06 	0.44252817
0.21304779 	-0.0057686792 	-2.3872081e-06 	-2.2391268e-06 	0.44178867
0.21329072 	-0.0057183122 	-2.3894718e-06 	-2.2410327e-06 	0.44104918
0.21353365 	-0.0056679453 	-2.3917356e-06 	-2.2429385e-06 	0.44030968
0.21377658 	-0.0056175783 	-2.3939994e-06 	-2.2448443e-06 	0.43957019
0.2140195 	-0.0055672114 	-2.3962631e-06 	-2.2467501e-06 	0.4388307
0.21426243 	-0.0055168444 	-2.3985269e-06 	-2.2486559e-06 	0.4380912
0.21450536 	-0.0054664775 	-2.4007906e-06 	-2.2505618e-06 	0.43735171
0.21474829 	-0.0054161105 	-2.4030544e-06 	-2.2524676e-06 	0.43661221
0.21499122 	-0.0053657436 	-2.4053181e-06 	-2.2543734e-06 	0.43587272
0.21523414 	-0.0053154679 	-2.4077509e-06 	-2.2564176e-06 	0.43513612
0.21547707 	-0.0052654247 	-2.4106146e-06 	-2.2588148e-06 	0.4344069
0.21572 	-0.0052153815 	-2.4134782e-06 	-2.2612119e-06 	0.43367768
0.21596293 	-0.0051653383 	-2.4163419e-06 	-2.263609e-06 	0.43294846
0.21620586 	-0.0051152952 	-2.4192055e-06 	-2.2660061e-06 	0.43221924
0.21644878 	-0.005065252 	-2.4220692e-06 	-2.2684033e-06 	0.43149002
0.21669171 	-0.0050152088 	-2.4249328e-06 	-2.2708004e-06 	0.4307608
0.21693464 	-0.0049651656 	-2.4277965e-06 	-2.2731975e-06 	0.43003158
0.21717757 	-0.0049151224 	-2.4306602e-06 	-2.2755947e-06 	0.42930235
0.2174205 	-0.0048650793 	-2.4335238e-06 	-2.2779918e-06 	0.42857313
0.21766342 	-0.0048150361 	-2.4363875e-06 	-2.2803889e-06 	0.42784391
0.21790635 	-0.0047649929 	-2.4392511e-06 	-2.282786e-06 	0.42711469
0.21814928 	-0.0047153326 	-2.4365222e-06 	-2.2791266e-06 	0.42639149
0.21839221 	-0.0046659152 	-2.4302445e-06 	-2.2716242e-06 	0.42567212
0.21863514 	-0.0046164978 	-2.4239668e-06 	-2.2641218e-06 	0.42495274
0.21887806 	-0.0045670804 	-2.4176892e-06 	-2.2566193e-06 	0.42423336
0.21912099 	-0.004517663 	-2.4114115e-06 	-2.2491169e-06 	0.42351398
0.21936392 	-0.0044682457 	-2.4051339e-06 	-2.2416145e-06 	0.42279461
0.21960685 	-0.0044188283 	-2.3988562e-06 	-2.234112e-06 	0.42207523
0.21984977 	-0.0043694109 	-2.3925785e-06 	-2.2266096e-06 	0.42135585
0.2200927 	-0.0043199935 	-2.3863009e-06 	-2.2191071e-06 	0.42063647
0.22033563 	-0.0042705761 	-2.3800232e-06 	-2.2116047e-06 	0.4199171
0.22057856 	-0.0042211587 	-2.3737456e-06 	-2.2041023e-06 	0.41919772
0.22082149 	-0.0041717413 	-2.3674679e-06 	-2.1965998e-06 	0.41847834
0.22106441 	-0.0041224938 	-2.348005e-06 	-2.1754074e-06 	0.41776679
0.22130734 	-0.0040733115 	-2.3234786e-06 	-2.1489577e-06 	0.41705824
0.22155027 	-0.0040241291 	-2.2989522e-06 	-2.1225079e-06 	0.41634968
0.2217932 	-0.0039749468 	-2.2744258e-06 	-2.0960582e-06 	0.41564113
0.22203613 	-0.0039257645 	-2.2498994e-06 	-2.0696084e-06 	0.41493258
0.22227905 	-0.0038765822 	-2.225373e-06 	-2.0431587e-06 	0.41422403
0.22252198 	-0.0038273999 	-2.2008465e-06 	-2.0167089e-06 	0.41351548
0.22276491 	-0.0037782175 	-2.1763201e-06 	-1.9902592e-06 	0.41280693
0.22300784 	-0.0037290352 	-2.1517937e-06 	-1.9638094e-06 	0.41209838
0.22325077 	-0.0036798529 	-2.1272673e-06 	-1.9373597e-06 	0.41138983
0.22349369 	-0.0036306706 	-2.1027409e-06 	-1.9109099e-06 	0.41068128
0.22373662 	-0.0035814883 	-2.0782145e-06 	-1.8844602e-06 	0.40997273
0.22397955 	-0.003533107 	-2.0439552e-06 	-1.8483516e-06 	0.40926947
0.22422248 	-0.0034852382 	-2.0034681e-06 	-1.8060624e-06 	0.40856961
0.22446541 	-0.0034373695 	-1.9629809e-06 	-1.7637733e-06 	0.40786975
0.22470833 	-0.0033895008 	-1.9224938e-06 	-1.7214841e-06 	0.40716988
0.22495126 	-0.0033416321 	-1.8820066e-06 	-1.679195e-06 	0.40647002
0.22519419 	-0.0032937633 	-1.8415195e-06 	-1.6369059e-06 	0.40577015
0.22543712 	-0.0032458946 	-1.8010323e-06 	-1.5946167e-06 	0.40507029
0.22568005 	-0.0031980259 	-1.7605452e-06 	-1.5523276e-06 	0.40437042
0.22592297 	-0.0031501572 	-1.720058e-06 	-1.5100384e-06 	0.40367056
0.2261659 	-0.0031022884 	-1.6795709e-06 	-1.4677493e-06 	0.40297069
0.22640883 	-0.0030544197 	-1.6390838e-06 	-1.4254602e-06 	0.40227083
0.22665176 	-0.003006551 	-1.5985966e-06 	-1.383171e-06 	0.40157096
0.22689468 	-0.0029585386 	-1.5561653e-06 	-1.3390881e-06 	0.40087491
0.22713761 	-0.0029101367 	-1.508462e-06 	-1.2901409e-06 	0.40018919
0.22738054 	-0.0028617348 	-1.4607588e-06 	-1.2411938e-06 	0.39950347
0.22762347 	-0.0028133329 	-1.4130555e-06 	-1.1922466e-06 	0.39881776
0.2278664 	-0.002764931 	-1.3653522e-06 	-1.1432994e-06 	0.39813204
0.22810932 	-0.0027165291 	-1.317649e-06 	-1.0943522e-06 	0.39744632
0.22835225 	-0.0026681272 	-1.2699457e-06 	-1.0454051e-06 	0.39676061
0.22859518 	-0.0026197253 	-1.2222424e-06 	-9.964579e-07 	0.39607489
0.22883811 	-0.0025713234 	-1.1745391e-06 	-9.4751073e-07 	0.39538917
0.22908104 	-0.0025229215 	-1.1268359e-06 	-8.9856356e-07 	0.39470346
0.22932396 	-0.0024745196 	-1.0791326e-06 	-8.4961638e-07 	0.39401774
0.22956689 	-0.0024261178 	-1.0314293e-06 	-8.0066921e-07 	0.39333202
0.22980982 	-0.0023777159 	-9.8372605e-07 	-7.5172204e-07 	0.39264631
0.23005275 	-0.0023312121 	-9.4855575e-07 	-7.1625479e-07 	0.39195848
0.23029568 	-0.0022855332 	-9.1883141e-07 	-6.8664498e-07 	0.39126974
0.2305386 	-0.0022398543 	-8.8910708e-07 	-6.5703518e-07 	0.390581
0.23078153 	-0.0021941754 	-8.5938275e-07 	-6.2742538e-07 	0.38989226
0.23102446 	-0.0021484964 	-8.2965841e-07 	-5.9781558e-07 	0.38920352
0.23126739 	-0.0021028175 	-7.9993408e-07 	-5.6820577e-07 	0.38851478
0.23151032 	-0.0020571386 	-7.7020975e-07 	-5.3859597e-07 	0.38782604
0.23175324 	-0.0020114597 	-7.4048541e-07 	-5.0898617e-07 	0.3871373
0.23199617 	-0.0019657808 	-7.1076108e-07 	-4.7937637e-07 	0.38644856
0.2322391 	-0.0019201018 	-6.8103674e-07 	-4.4976657e-07 	0.38575982
0.23248203 	-0.0018744229 	-6.5131241e-07 	-4.2015676e-07 	0.38507108
0.23272495 	-0.001828744 	-6.2158808e-07 	-3.9054696e-07 	0.38438234
0.23296788 	-0.0017830651 	-5.9186374e-07 	-3.6093716e-07 	0.3836936
0.23321081 	-0.0017351758 	-5.592369e-07 	-3.2906072e-07 	0.38305378
0.23345374 	-0.0016870091 	-5.262457e-07 	-2.9689976e-07 	0.38242009
0.23369667 	-0.0016388424 	-4.9325451e-07 	-2.647388e-07 	0.38178641
0.23393959 	-0.0015906757 	-4.6026331e-07 	-2.3257784e-07 	0.38115273
0.23418252 	-0.001542509 	-4.2727212e-07 	-2.0041688e-07 	0.38051905
0.23442545 	-0.0014943423 	-3.9428092e-07 	-1.6825592e-07 	0.37988537
0.23466838 	-0.0014461756 	-3.6128973e-07 	-1.3609496e-07 	0.37925169
0.23491131 	-0.0013980089 	-3.2829853e-07 	-1.03934e-07 	0.37861801
0.23515423 	-0.0013498422 	-2.9530734e-07 	-7.1773037e-08 	0.37798433
0.23539716 	-0.0013016755 	-2.6231614e-07 	-3.9612076e-08 	0.37735065
0.23564009 	-0.0012535088 	-2.2932495e-07 	-7.4511147e-09 	0.37671697
0.23588302 	-0.0012053421 	-1.9633375e-07 	2.4709846e-08 	0.37608329
0.23612595 	-0.0011571754 	-1.6334256e-07 	5.6870807e-08 	0.37544961
0.23636887 	-0.0011129236 	-1.3622805e-07 	8.4220452e-08 	0.37468252
0.2366118 	-0.0010694224 	-1.102403e-07 	1.106476e-07 	0.37388986
0.23685473 	-0.0010259212 	-8.4252553e-08 	1.3707476e-07 	0.37309719
0.23709766 	-0.00098242002 	-5.8264805e-08 	1.6350191e-07 	0.37230453
0.23734059 	-0.00093891883 	-3.2277056e-08 	1.8992906e-07 	0.37151186
0.23758351 	-0.00089541764 	-6.2893081e-09 	2.1635621e-07 	0.3707192
0.23782644 	-0.00085191645 	1.969844e-08 	2.4278336e-07 	0.36992654
0.23806937 	-0.00080841527 	4.5686188e-08 	2.6921051e-07 	0.36913387
0.2383123 	-0.00076491408 	7.1673937e-08 	2.9563767e-07 	0.36834121
0.23855523 	-0.00072141289 	9.7661685e-08 	3.2206482e-07 	0.36754854
0.23879815 	-0.0006779117 	1.2364943e-07 	3.4849197e-07 	0.36675588
0.23904108 	-0.00063441051 	1.4963718e-07 	3.7491912e-07 	0.36596321
0.23928401 	-0.00059090932 	1.7562493e-07 	4.0134627e-07 	0.36517055
0.23952694 	-0.00054813605 	1.8608175e-07 	4.1237283e-07 	0.36452889
0.23976986 	-0.00050597174 	1.8354585e-07 	4.1051569e-07 	0.36401356
0.24001279 	-0.00046380743 	1.8100994e-07 	4.0865855e-07 	0.36349823
0.24025572 	-0.00042164312 	1.7847404e-07 	4.0680141e-07 	0.3629829
0.24049865 	-0.0003794788 	1.7593814e-07 	4.0494427e-07 	0.36246757
0.24074158 	-0.00033731449 	1.7340223e-07 	4.0308712e-07 	0.36195224
0.2409845 	-0.00029515018 	1.7086633e-07 	4.0122998e-07 	0.36143691
0.24122743 	-0.00025298587 	1.6833042e-07 	3.9937284e-07 	0.36092158
0.24147036 	-0.00021082156 	1.6579452e-07 	3.975157e-07 	0.36040624
0.24171329 	-0.00016865725 	1.6325862e-07 	3.9565856e-07 	0.35989091
0.24195622 	-0.00012649293 	1.6072271e-07 	3.9380142e-07 	0.35937558
0.24219914 	-8.4328623e-05 	1.5818681e-07 	3.9194428e-07 	0.35886025
0.24244207 	-4.2164312e-05 	1.556509e-07 	3.9008714e-07 	0.35834492
0.242685 	0 	1.53115e-07 	3.8823e-07 	0.35782959
