-0.006 	-0.017116561 	0 	0 	0
-0.005987988 	-0.017116544 	-6.8225381e-09 	6.966888e-07 	-0.00061565629
-0.005975976 	-0.017116526 	-1.3645076e-08 	1.3933776e-06 	-0.0012313126
-0.005963964 	-0.017116508 	-2.0467614e-08 	2.0900664e-06 	-0.0018469689
-0.005951952 	-0.01711649 	-2.7290153e-08 	2.7867552e-06 	-0.0024626251
-0.0059399399 	-0.017116473 	-3.4112691e-08 	3.483444e-06 	-0.0030782814
-0.0059279279 	-0.017116455 	-4.118328e-08 	4.1658247e-06 	-0.0036977399
-0.0059159159 	-0.017116438 	-4.9000925e-08 	4.8051137e-06 	-0.0043286493
-0.0059039039 	-0.01711642 	-5.6818569e-08 	5.4444027e-06 	-0.0049595588
-0.0058918919 	-0.017116403 	-6.4636214e-08 	6.0836917e-06 	-0.0055904683
-0.0058798799 	-0.017116386 	-7.2453859e-08 	6.7229806e-06 	-0.0062213777
-0.0058678679 	-0.017116368 	-8.024214e-08 	7.4090927e-06 	-0.0068484954
-0.0058558559 	-0.017116344 	-8.7353981e-08 	9.173881e-06 	-0.0073882621
-0.0058438438 	-0.01711632 	-9.4465821e-08 	1.0938669e-05 	-0.0079280287
-0.0058318318 	-0.017116296 	-1.0157766e-07 	1.2703458e-05 	-0.0084677954
-0.0058198198 	-0.017116272 	-1.086895e-07 	1.4468246e-05 	-0.0090075621
-0.0058078078 	-0.017116248 	-1.1580134e-07 	1.6233034e-05 	-0.0095473287
-0.0057957958 	-0.017116224 	-1.2291318e-07 	1.7997823e-05 	-0.010087095
-0.0057837838 	-0.017116201 	-1.3050516e-07 	1.9688736e-05 	-0.010633663
-0.0057717718 	-0.017116179 	-1.3854305e-07 	2.1311041e-05 	-0.011186548
-0.0057597598 	-0.017116157 	-1.4658095e-07 	2.2933347e-05 	-0.011739432
-0.0057477477 	-0.017116135 	-1.5461884e-07 	2.4555652e-05 	-0.012292317
-0.0057357357 	-0.017116113 	-1.6265674e-07 	2.6177957e-05 	-0.012845202
-0.0057237237 	-0.017116091 	-1.7069463e-07 	2.7800262e-05 	-0.013398086
-0.0057117117 	-0.01711607 	-1.7842569e-07 	3.0213358e-05 	-0.013901222
-0.0056996997 	-0.017116051 	-1.8596168e-07 	3.3129171e-05 	-0.014372732
-0.0056876877 	-0.017116031 	-1.9349768e-07 	3.6044984e-05 	-0.014844242
-0.0056756757 	-0.017116012 	-2.0103367e-07 	3.8960797e-05 	-0.015315753
-0.0056636637 	-0.017115992 	-2.0856967e-07 	4.187661e-05 	-0.015787263
-0.0056516517 	-0.017115972 	-2.1610566e-07 	4.4792423e-05 	-0.016258773
-0.0056396396 	-0.017115953 	-2.2364166e-07 	4.7708236e-05 	-0.016730283
-0.0056276276 	-0.017115934 	-2.3136203e-07 	5.0573567e-05 	-0.017204171
-0.0056156156 	-0.017115916 	-2.3976733e-07 	5.3251362e-05 	-0.017686893
-0.0056036036 	-0.017115898 	-2.4817263e-07 	5.5929157e-05 	-0.018169615
-0.0055915916 	-0.01711588 	-2.5657794e-07 	5.8606951e-05 	-0.018652337
-0.0055795796 	-0.017115862 	-2.6498324e-07 	6.1284746e-05 	-0.019135059
-0.0055675676 	-0.017115844 	-2.7338854e-07 	6.3962541e-05 	-0.019617781
-0.0055555556 	-0.017115826 	-2.8179385e-07 	6.6640336e-05 	-0.020100503
-0.0055435435 	-0.017115812 	-2.8993205e-07 	6.9981228e-05 	-0.02053633
-0.0055315315 	-0.0171158 	-2.9781522e-07 	7.3955229e-05 	-0.020927382
-0.0055195195 	-0.017115788 	-3.056984e-07 	7.792923e-05 	-0.021318435
-0.0055075075 	-0.017115776 	-3.1358158e-07 	8.1903231e-05 	-0.021709487
-0.0054954955 	-0.017115764 	-3.2146476e-07 	8.5877232e-05 	-0.022100539
-0.0054834835 	-0.017115753 	-3.2934793e-07 	8.9851233e-05 	-0.022491592
-0.0054714715 	-0.017115741 	-3.3723111e-07 	9.3825234e-05 	-0.022882644
-0.0054594595 	-0.017115729 	-3.4511429e-07 	9.7799235e-05 	-0.023273697
-0.0054474474 	-0.017115717 	-3.5309216e-07 	0.00010173394 	-0.023665826
-0.0054354354 	-0.017115707 	-3.6177452e-07 	0.00010537629 	-0.024065972
-0.0054234234 	-0.017115696 	-3.7045687e-07 	0.00010901864 	-0.024466118
-0.0054114114 	-0.017115686 	-3.7913923e-07 	0.000112661 	-0.024866264
-0.0053993994 	-0.017115675 	-3.8782158e-07 	0.00011630335 	-0.02526641
-0.0053873874 	-0.017115664 	-3.9650393e-07 	0.0001199457 	-0.025666556
-0.0053753754 	-0.017115654 	-4.0518629e-07 	0.00012358806 	-0.026066702
-0.0053633634 	-0.017115643 	-4.1386864e-07 	0.00012723041 	-0.026466848
-0.0053513514 	-0.017115637 	-4.2223577e-07 	0.00013148657 	-0.026812696
-0.0053393393 	-0.017115634 	-4.3030958e-07 	0.00013631388 	-0.027108023
-0.0053273273 	-0.017115631 	-4.383834e-07 	0.00014114119 	-0.027403349
-0.0053153153 	-0.017115628 	-4.4645721e-07 	0.0001459685 	-0.027698675
-0.0053033033 	-0.017115626 	-4.5453102e-07 	0.0001507958 	-0.027994002
-0.0052912913 	-0.017115623 	-4.6260483e-07 	0.00015562311 	-0.028289328
-0.0052792793 	-0.01711562 	-4.7067865e-07 	0.00016045042 	-0.028584654
-0.0052672673 	-0.017115617 	-4.7875246e-07 	0.00016527773 	-0.028879981
-0.0052552553 	-0.017115614 	-4.8682627e-07 	0.00017010503 	-0.029175307
-0.0052432432 	-0.017115612 	-4.9490008e-07 	0.00017493234 	-0.029470633
-0.0052312312 	-0.017115609 	-5.0368507e-07 	0.00017934435 	-0.02977272
-0.0052192192 	-0.017115607 	-5.1247173e-07 	0.00018375537 	-0.030074823
-0.0052072072 	-0.017115605 	-5.212584e-07 	0.00018816639 	-0.030376926
-0.0051951952 	-0.017115603 	-5.3004507e-07 	0.00019257741 	-0.030679029
-0.0051831832 	-0.017115601 	-5.3883174e-07 	0.00019698843 	-0.030981132
-0.0051711712 	-0.017115599 	-5.4761841e-07 	0.00020139945 	-0.031283235
-0.0051591592 	-0.017115596 	-5.5640507e-07 	0.00020581047 	-0.031585338
-0.0051471471 	-0.017115594 	-5.6519174e-07 	0.00021022149 	-0.031887441
-0.0051351351 	-0.017115596 	-5.7369227e-07 	0.000214991 	-0.03214374
-0.0051231231 	-0.017115604 	-5.8171853e-07 	0.00022035467 	-0.032324123
-0.0051111111 	-0.017115612 	-5.897448e-07 	0.00022571834 	-0.032504507
-0.0050990991 	-0.01711562 	-5.9777106e-07 	0.00023108201 	-0.03268489
-0.0050870871 	-0.017115628 	-6.0579733e-07 	0.00023644568 	-0.032865274
-0.0050750751 	-0.017115636 	-6.1382359e-07 	0.00024180935 	-0.033045657
-0.0050630631 	-0.017115644 	-6.2184986e-07 	0.00024717302 	-0.033226041
-0.0050510511 	-0.017115653 	-6.2987612e-07 	0.00025253669 	-0.033406424
-0.005039039 	-0.017115661 	-6.3790239e-07 	0.00025790035 	-0.033586808
-0.005027027 	-0.017115669 	-6.4592865e-07 	0.00026326402 	-0.033767191
-0.005015015 	-0.017115677 	-6.5395492e-07 	0.00026862769 	-0.033947575
-0.005003003 	-0.017115685 	-6.623303e-07 	0.0002737114 	-0.034130435
-0.004990991 	-0.017115693 	-6.7096136e-07 	0.00027859007 	-0.034315108
-0.004978979 	-0.017115701 	-6.7959243e-07 	0.00028346873 	-0.034499781
-0.004966967 	-0.017115709 	-6.882235e-07 	0.0002883474 	-0.034684455
-0.004954955 	-0.017115717 	-6.9685457e-07 	0.00029322606 	-0.034869128
-0.0049429429 	-0.017115725 	-7.0548563e-07 	0.00029810473 	-0.035053802
-0.0049309309 	-0.017115733 	-7.141167e-07 	0.0003029834 	-0.035238475
-0.0049189189 	-0.017115741 	-7.2274777e-07 	0.00030786206 	-0.035423149
-0.0049069069 	-0.017115749 	-7.3137884e-07 	0.00031274073 	-0.035607822
-0.0048948949 	-0.017115757 	-7.400099e-07 	0.00031761939 	-0.035792495
-0.0048828829 	-0.017115775 	-7.4789519e-07 	0.00032291718 	-0.035862505
-0.0048708709 	-0.017115796 	-7.5559163e-07 	0.0003283211 	-0.035903481
-0.0048588589 	-0.017115817 	-7.6328807e-07 	0.00033372502 	-0.035944456
-0.0048468468 	-0.017115838 	-7.709845e-07 	0.00033912894 	-0.035985432
-0.0048348348 	-0.017115859 	-7.7868094e-07 	0.00034453286 	-0.036026407
-0.0048228228 	-0.01711588 	-7.8637738e-07 	0.00034993678 	-0.036067383
-0.0048108108 	-0.017115901 	-7.9407382e-07 	0.0003553407 	-0.036108358
-0.0047987988 	-0.017115922 	-8.0177026e-07 	0.00036074462 	-0.036149334
-0.0047867868 	-0.017115943 	-8.094667e-07 	0.00036614854 	-0.036190309
-0.0047747748 	-0.017115964 	-8.1716314e-07 	0.00037155246 	-0.036231285
-0.0047627628 	-0.017115985 	-8.2485958e-07 	0.00037695638 	-0.03627226
-0.0047507508 	-0.017116006 	-8.3255602e-07 	0.0003823603 	-0.036313236
-0.0047387387 	-0.017116026 	-8.4050711e-07 	0.00038747595 	-0.03635514
-0.0047267267 	-0.017116046 	-8.486679e-07 	0.00039235423 	-0.036397809
-0.0047147147 	-0.017116066 	-8.5682868e-07 	0.00039723251 	-0.036440478
-0.0047027027 	-0.017116086 	-8.6498946e-07 	0.00040211079 	-0.036483147
-0.0046906907 	-0.017116106 	-8.7315025e-07 	0.00040698907 	-0.036525815
-0.0046786787 	-0.017116126 	-8.8131103e-07 	0.00041186736 	-0.036568484
-0.0046666667 	-0.017116146 	-8.8947181e-07 	0.00041674564 	-0.036611153
-0.0046546547 	-0.017116166 	-8.976326e-07 	0.00042162392 	-0.036653822
-0.0046426426 	-0.017116186 	-9.0579338e-07 	0.0004265022 	-0.036696491
-0.0046306306 	-0.017116206 	-9.1395416e-07 	0.00043138048 	-0.03673916
-0.0046186186 	-0.017116226 	-9.2211495e-07 	0.00043625877 	-0.036781829
-0.0046066066 	-0.017116252 	-9.2982369e-07 	0.00044105059 	-0.036745618
-0.0045945946 	-0.017116287 	-9.3699241e-07 	0.00044573912 	-0.036615174
-0.0045825826 	-0.017116321 	-9.4416114e-07 	0.00045042766 	-0.036484731
-0.0045705706 	-0.017116356 	-9.5132986e-07 	0.00045511619 	-0.036354288
-0.0045585586 	-0.017116391 	-9.5849859e-07 	0.00045980473 	-0.036223845
-0.0045465465 	-0.017116425 	-9.6566731e-07 	0.00046449326 	-0.036093401
-0.0045345345 	-0.01711646 	-9.7283604e-07 	0.0004691818 	-0.035962958
-0.0045225225 	-0.017116494 	-9.8000476e-07 	0.00047387033 	-0.035832515
-0.0045105105 	-0.017116529 	-9.8717349e-07 	0.00047855887 	-0.035702072
-0.0044984985 	-0.017116563 	-9.9434221e-07 	0.0004832474 	-0.035571629
-0.0044864865 	-0.017116598 	-1.0015109e-06 	0.00048793594 	-0.035441185
-0.0044744745 	-0.017116632 	-1.0086797e-06 	0.00049262447 	-0.035310742
-0.0044624625 	-0.017116667 	-1.0158484e-06 	0.00049731301 	-0.035180299
-0.0044504505 	-0.017116701 	-1.0230171e-06 	0.00050200154 	-0.035049856
-0.0044384384 	-0.017116735 	-1.0303378e-06 	0.00050639882 	-0.034918927
-0.0044264264 	-0.017116768 	-1.0377774e-06 	0.00051056805 	-0.034787618
-0.0044144144 	-0.0171168 	-1.045217e-06 	0.00051473729 	-0.034656309
-0.0044024024 	-0.017116833 	-1.0526566e-06 	0.00051890652 	-0.034525
-0.0043903904 	-0.017116865 	-1.0600962e-06 	0.00052307575 	-0.034393691
-0.0043783784 	-0.017116898 	-1.0675358e-06 	0.00052724499 	-0.034262381
-0.0043663664 	-0.017116931 	-1.0749755e-06 	0.00053141422 	-0.034131072
-0.0043543544 	-0.017116963 	-1.0824151e-06 	0.00053558346 	-0.033999763
-0.0043423423 	-0.017116996 	-1.0898547e-06 	0.00053975269 	-0.033868454
-0.0043303303 	-0.017117029 	-1.0972943e-06 	0.00054392192 	-0.033737145
-0.0043183183 	-0.017117061 	-1.1047339e-06 	0.00054809116 	-0.033605836
-0.0043063063 	-0.017117094 	-1.1121735e-06 	0.00055226039 	-0.033474527
-0.0042942943 	-0.017117126 	-1.1196131e-06 	0.00055642962 	-0.033343218
-0.0042822823 	-0.017117172 	-1.1264569e-06 	0.00055932874 	-0.033001627
-0.0042702703 	-0.017117217 	-1.1332875e-06 	0.00056219955 	-0.032655352
-0.0042582583 	-0.017117263 	-1.140118e-06 	0.00056507037 	-0.032309077
-0.0042462462 	-0.017117308 	-1.1469485e-06 	0.00056794119 	-0.031962802
-0.0042342342 	-0.017117354 	-1.1537791e-06 	0.00057081201 	-0.031616527
-0.0042222222 	-0.017117399 	-1.1606096e-06 	0.00057368283 	-0.031270252
-0.0042102102 	-0.017117445 	-1.1674401e-06 	0.00057655365 	-0.030923977
-0.0041981982 	-0.01711749 	-1.1742706e-06 	0.00057942446 	-0.030577702
-0.0041861862 	-0.017117536 	-1.1811012e-06 	0.00058229528 	-0.030231427
-0.0041741742 	-0.017117581 	-1.1879317e-06 	0.0005851661 	-0.029885152
-0.0041621622 	-0.017117627 	-1.1947622e-06 	0.00058803692 	-0.029538877
-0.0041501502 	-0.017117672 	-1.2015928e-06 	0.00059090774 	-0.029192602
-0.0041381381 	-0.017117718 	-1.2084233e-06 	0.00059377856 	-0.028846327
-0.0041261261 	-0.017117763 	-1.2152538e-06 	0.00059664937 	-0.028500052
-0.0041141141 	-0.017117809 	-1.2220843e-06 	0.00059952019 	-0.028153777
-0.0041021021 	-0.017117854 	-1.2289117e-06 	0.00060229531 	-0.027806857
-0.0040900901 	-0.017117897 	-1.2357277e-06 	0.00060472546 	-0.02745761
-0.0040780781 	-0.01711794 	-1.2425437e-06 	0.00060715561 	-0.027108364
-0.0040660661 	-0.017117983 	-1.2493597e-06 	0.00060958576 	-0.026759118
-0.0040540541 	-0.017118025 	-1.2561757e-06 	0.0006120159 	-0.026409871
-0.004042042 	-0.017118068 	-1.2629917e-06 	0.00061444605 	-0.026060625
-0.00403003 	-0.017118111 	-1.2698077e-06 	0.0006168762 	-0.025711379
-0.004018018 	-0.017118154 	-1.2766237e-06 	0.00061930635 	-0.025362132
-0.004006006 	-0.017118197 	-1.2834397e-06 	0.0006217365 	-0.025012886
-0.003993994 	-0.01711824 	-1.2902557e-06 	0.00062416665 	-0.02466364
-0.003981982 	-0.017118283 	-1.2970717e-06 	0.0006265968 	-0.024314393
-0.00396997 	-0.017118326 	-1.3038877e-06 	0.00062902695 	-0.023965147
-0.003957958 	-0.017118369 	-1.3107037e-06 	0.00063145709 	-0.023615901
-0.0039459459 	-0.017118412 	-1.3175197e-06 	0.00063388724 	-0.023266654
-0.0039339339 	-0.017118455 	-1.3243357e-06 	0.00063631739 	-0.022917408
-0.0039219219 	-0.017118504 	-1.3319449e-06 	0.0006359641 	-0.022302578
-0.0039099099 	-0.017118553 	-1.3396006e-06 	0.00063544727 	-0.021672145
-0.0038978979 	-0.017118603 	-1.3472564e-06 	0.00063493044 	-0.021041712
-0.0038858859 	-0.017118653 	-1.3549121e-06 	0.00063441361 	-0.020411279
-0.0038738739 	-0.017118702 	-1.3625679e-06 	0.00063389678 	-0.019780846
-0.0038618619 	-0.017118752 	-1.3702236e-06 	0.00063337995 	-0.019150412
-0.0038498498 	-0.017118802 	-1.3778794e-06 	0.00063286312 	-0.018519979
-0.0038378378 	-0.017118851 	-1.3855351e-06 	0.00063234629 	-0.017889546
-0.0038258258 	-0.017118901 	-1.3931909e-06 	0.00063182946 	-0.017259113
-0.0038138138 	-0.017118951 	-1.4008467e-06 	0.00063131263 	-0.01662868
-0.0038018018 	-0.017119 	-1.4085024e-06 	0.0006307958 	-0.015998246
-0.0037897898 	-0.01711905 	-1.4161582e-06 	0.00063027897 	-0.015367813
-0.0037777778 	-0.0171191 	-1.4238139e-06 	0.00062976214 	-0.01473738
-0.0037657658 	-0.017119149 	-1.4314697e-06 	0.00062924531 	-0.014106947
-0.0037537538 	-0.017119199 	-1.4391254e-06 	0.00062872848 	-0.013476513
-0.0037417417 	-0.017119249 	-1.4467812e-06 	0.00062821165 	-0.01284608
-0.0037297297 	-0.017119298 	-1.4544369e-06 	0.00062769482 	-0.012215647
-0.0037177177 	-0.017119348 	-1.4620625e-06 	0.00062716087 	-0.01158499
-0.0037057057 	-0.017119395 	-1.4692648e-06 	0.00062638684 	-0.010951192
-0.0036936937 	-0.017119442 	-1.4764671e-06 	0.0006256128 	-0.010317394
-0.0036816817 	-0.017119489 	-1.4836694e-06 	0.00062483877 	-0.0096835959
-0.0036696697 	-0.017119536 	-1.4908717e-06 	0.00062406474 	-0.0090497979
-0.0036576577 	-0.017119583 	-1.498074e-06 	0.00062329071 	-0.0084159999
-0.0036456456 	-0.01711963 	-1.5052763e-06 	0.00062251667 	-0.0077822019
-0.0036336336 	-0.017119677 	-1.5124786e-06 	0.00062174264 	-0.007148404
-0.0036216216 	-0.017119724 	-1.5196809e-06 	0.00062096861 	-0.006514606
-0.0036096096 	-0.017119771 	-1.5268832e-06 	0.00062019458 	-0.005880808
-0.0035975976 	-0.017119818 	-1.5340855e-06 	0.00061942055 	-0.00524701
-0.0035855856 	-0.017119865 	-1.5412878e-06 	0.00061864651 	-0.0046132121
-0.0035735736 	-0.017119912 	-1.5484901e-06 	0.00061787248 	-0.0039794141
-0.0035615616 	-0.017119959 	-1.5556924e-06 	0.00061709845 	-0.0033456161
-0.0035495495 	-0.017120006 	-1.5628947e-06 	0.00061632442 	-0.0027118181
-0.0035375375 	-0.017120053 	-1.570097e-06 	0.00061555039 	-0.0020780202
-0.0035255255 	-0.0171201 	-1.5772993e-06 	0.00061477635 	-0.0014442222
-0.0035135135 	-0.017120148 	-1.5880793e-06 	0.00060852025 	-0.00045862017
-0.0035015015 	-0.017120198 	-1.5993615e-06 	0.00060149458 	0.00057636725
-0.0034894895 	-0.017120247 	-1.6106438e-06 	0.00059446891 	0.0016113547
-0.0034774775 	-0.017120296 	-1.621926e-06 	0.00058744324 	0.0026463421
-0.0034654655 	-0.017120345 	-1.6332083e-06 	0.00058041757 	0.0036813295
-0.0034534535 	-0.017120394 	-1.6444905e-06 	0.0005733919 	0.0047163169
-0.0034414414 	-0.017120443 	-1.6557728e-06 	0.00056636623 	0.0057513043
-0.0034294294 	-0.017120492 	-1.667055e-06 	0.00055934057 	0.0067862918
-0.0034174174 	-0.017120541 	-1.6783373e-06 	0.0005523149 	0.0078212792
-0.0034054054 	-0.01712059 	-1.6896195e-06 	0.00054528923 	0.0088562666
-0.0033933934 	-0.017120639 	-1.7009018e-06 	0.00053826356 	0.009891254
-0.0033813814 	-0.017120688 	-1.712184e-06 	0.00053123789 	0.010926241
-0.0033693694 	-0.017120737 	-1.7234663e-06 	0.00052421222 	0.011961229
-0.0033573574 	-0.017120786 	-1.7347485e-06 	0.00051718656 	0.012996216
-0.0033453453 	-0.017120835 	-1.7460308e-06 	0.00051016089 	0.014031204
-0.0033333333 	-0.017120884 	-1.757313e-06 	0.00050313522 	0.015066191
-0.0033213213 	-0.017120933 	-1.7685953e-06 	0.00049610955 	0.016101179
-0.0033093093 	-0.017120982 	-1.7798775e-06 	0.00048908388 	0.017136166
-0.0032972973 	-0.017121032 	-1.7911598e-06 	0.00048205821 	0.018171153
-0.0032852853 	-0.017121081 	-1.802442e-06 	0.00047503255 	0.019206141
-0.0032732733 	-0.017121128 	-1.8130853e-06 	0.00046812666 	0.020240081
-0.0032612613 	-0.017121174 	-1.8232986e-06 	0.0004613014 	0.021273317
-0.0032492492 	-0.01712122 	-1.8335119e-06 	0.00045447614 	0.022306553
-0.0032372372 	-0.017121267 	-1.8437252e-06 	0.00044765087 	0.023339789
-0.0032252252 	-0.017121313 	-1.8539385e-06 	0.00044082561 	0.024373025
-0.0032132132 	-0.017121359 	-1.8641518e-06 	0.00043400034 	0.025406261
-0.0032012012 	-0.017121405 	-1.8743651e-06 	0.00042717508 	0.026439496
-0.0031891892 	-0.017121451 	-1.8845783e-06 	0.00042034982 	0.027472732
-0.0031771772 	-0.017121498 	-1.8947916e-06 	0.00041352455 	0.028505968
-0.0031651652 	-0.017121544 	-1.9050049e-06 	0.00040669929 	0.029539204
-0.0031531532 	-0.01712159 	-1.9152182e-06 	0.00039987402 	0.03057244
-0.0031411411 	-0.017121636 	-1.9254315e-06 	0.00039304876 	0.031605676
-0.0031291291 	-0.017121683 	-1.9356448e-06 	0.0003862235 	0.032638911
-0.0031171171 	-0.017121729 	-1.945858e-06 	0.00037939823 	0.033672147
-0.0031051051 	-0.017121775 	-1.9560713e-06 	0.00037257297 	0.034705383
-0.0030930931 	-0.017121821 	-1.9662846e-06 	0.0003657477 	0.035738619
-0.0030810811 	-0.017121867 	-1.9764979e-06 	0.00035892244 	0.036771855
-0.0030690691 	-0.017121914 	-1.9867112e-06 	0.00035209718 	0.037805091
-0.0030570571 	-0.017121949 	-1.9975895e-06 	0.00034443908 	0.038875256
-0.003045045 	-0.017121951 	-2.0106496e-06 	0.00033404846 	0.040066588
-0.003033033 	-0.017121953 	-2.0237098e-06 	0.00032365785 	0.04125792
-0.003021021 	-0.017121954 	-2.0367699e-06 	0.00031326724 	0.042449252
-0.003009009 	-0.017121956 	-2.0498301e-06 	0.00030287663 	0.043640584
-0.002996997 	-0.017121957 	-2.0628902e-06 	0.00029248602 	0.044831915
-0.002984985 	-0.017121959 	-2.0759504e-06 	0.00028209541 	0.046023247
-0.002972973 	-0.01712196 	-2.0890105e-06 	0.00027170479 	0.047214579
-0.002960961 	-0.017121962 	-2.1020707e-06 	0.00026131418 	0.048405911
-0.0029489489 	-0.017121963 	-2.1151308e-06 	0.00025092357 	0.049597242
-0.0029369369 	-0.017121965 	-2.128191e-06 	0.00024053296 	0.050788574
-0.0029249249 	-0.017121966 	-2.1412511e-06 	0.00023014235 	0.051979906
-0.0029129129 	-0.017121968 	-2.1543112e-06 	0.00021975174 	0.053171238
-0.0029009009 	-0.01712197 	-2.1673714e-06 	0.00020936113 	0.054362569
-0.0028888889 	-0.017121971 	-2.1804315e-06 	0.00019897051 	0.055553901
-0.0028768769 	-0.017121973 	-2.1934917e-06 	0.0001885799 	0.056745233
-0.0028648649 	-0.017121974 	-2.2065518e-06 	0.00017818929 	0.057936565
-0.0028528529 	-0.017121976 	-2.219612e-06 	0.00016779868 	0.059127896
-0.0028408408 	-0.017121977 	-2.2326721e-06 	0.00015740807 	0.060319228
-0.0028288288 	-0.017121979 	-2.2457323e-06 	0.00014701746 	0.06151056
-0.0028168168 	-0.01712198 	-2.2587924e-06 	0.00013662684 	0.062701892
-0.0028048048 	-0.017121982 	-2.2718526e-06 	0.00012623623 	0.063893223
-0.0027927928 	-0.017121983 	-2.2849127e-06 	0.00011584562 	0.065084555
-0.0027807808 	-0.017121985 	-2.2977096e-06 	0.00010557816 	0.066272658
-0.0027687688 	-0.017121989 	-2.3096282e-06 	9.5721428e-05 	0.067449991
-0.0027567568 	-0.017121992 	-2.3215468e-06 	8.5864694e-05 	0.068627324
-0.0027447447 	-0.017121995 	-2.3334655e-06 	7.600796e-05 	0.069804657
-0.0027327327 	-0.017121999 	-2.3453841e-06 	6.6151227e-05 	0.07098199
-0.0027207207 	-0.017122002 	-2.3573028e-06 	5.6294493e-05 	0.072159323
-0.0027087087 	-0.017122005 	-2.3692214e-06 	4.643776e-05 	0.073336656
-0.0026966967 	-0.017122008 	-2.38114e-06 	3.6581026e-05 	0.074513989
-0.0026846847 	-0.017122012 	-2.3930587e-06 	2.6724292e-05 	0.075691322
-0.0026726727 	-0.017122015 	-2.4049773e-06 	1.6867559e-05 	0.076868655
-0.0026606607 	-0.017122018 	-2.416896e-06 	7.010825e-06 	0.078045988
-0.0026486486 	-0.017122022 	-2.4288146e-06 	-2.8459086e-06 	0.079223321
-0.0026366366 	-0.017122025 	-2.4407332e-06 	-1.2702642e-05 	0.080400654
-0.0026246246 	-0.017122028 	-2.4526519e-06 	-2.2559376e-05 	0.081577987
-0.0026126126 	-0.017122032 	-2.4645705e-06 	-3.2416109e-05 	0.08275532
-0.0026006006 	-0.017122035 	-2.4764892e-06 	-4.2272843e-05 	0.083932653
-0.0025885886 	-0.017122038 	-2.4884078e-06 	-5.2129577e-05 	0.085109986
-0.0025765766 	-0.017122041 	-2.5003264e-06 	-6.198631e-05 	0.086287319
-0.0025645646 	-0.017122045 	-2.5122451e-06 	-7.1843044e-05 	0.087464652
-0.0025525526 	-0.017122048 	-2.5241637e-06 	-8.1699777e-05 	0.088641985
-0.0025405405 	-0.017122051 	-2.5360824e-06 	-9.1556511e-05 	0.089819318
-0.0025285285 	-0.017121934 	-2.5688625e-06 	-0.00011808411 	0.092923473
-0.0025165165 	-0.017121637 	-2.6329349e-06 	-0.00016961801 	0.098917861
-0.0025045045 	-0.01712134 	-2.6970074e-06 	-0.00022115191 	0.10491225
-0.0024924925 	-0.017121063 	-2.7575394e-06 	-0.00027040824 	0.11078851
-0.0024804805 	-0.017120797 	-2.8162231e-06 	-0.0003184756 	0.11660311
-0.0024684685 	-0.017120557 	-2.8695135e-06 	-0.00036247498 	0.12193515
-0.0024564565 	-0.017120482 	-2.8880941e-06 	-0.00038029475 	0.1241617
-0.0024444444 	-0.017120408 	-2.9066748e-06 	-0.00039811452 	0.12638825
-0.0024324324 	-0.017120333 	-2.9252242e-06 	-0.0004159113 	0.12861366
-0.0024204204 	-0.017120266 	-2.9424524e-06 	-0.00043273513 	0.13079057
-0.0024084084 	-0.017120199 	-2.9596806e-06 	-0.00044955896 	0.13296748
-0.0023963964 	-0.017120132 	-2.9764886e-06 	-0.00046659022 	0.13517366
-0.0023843844 	-0.01712007 	-2.9911194e-06 	-0.00048469641 	0.1375315
-0.0023723724 	-0.017120008 	-3.0057502e-06 	-0.0005028026 	0.13988934
-0.0023603604 	-0.017119946 	-3.020381e-06 	-0.00052090879 	0.14224718
-0.0023483483 	-0.017119887 	-3.0343726e-06 	-0.00053839003 	0.14457037
-0.0023363363 	-0.01711983 	-3.0479927e-06 	-0.0005555081 	0.14687342
-0.0023243243 	-0.017119774 	-3.0616129e-06 	-0.00057262616 	0.14917648
-0.0023123123 	-0.017119711 	-3.0740031e-06 	-0.0005902353 	0.15155949
-0.0023003003 	-0.01711964 	-3.0844436e-06 	-0.00060862292 	0.15406927
-0.0022882883 	-0.017119569 	-3.0948841e-06 	-0.00062701053 	0.15657905
-0.0022762763 	-0.017119498 	-3.1053246e-06 	-0.00064539815 	0.15908883
-0.0022642643 	-0.017119429 	-3.1155435e-06 	-0.00066340838 	0.1615753
-0.0022522523 	-0.017119364 	-3.125406e-06 	-0.00068081188 	0.16402429
-0.0022402402 	-0.017119298 	-3.1352684e-06 	-0.00069821539 	0.16647328
-0.0022282282 	-0.017119233 	-3.1451309e-06 	-0.00071561889 	0.16892226
-0.0022162162 	-0.017119155 	-3.1521345e-06 	-0.00073369704 	0.1715362
-0.0022042042 	-0.017119072 	-3.1579238e-06 	-0.0007520617 	0.17422019
-0.0021921922 	-0.017118989 	-3.1637132e-06 	-0.00077042636 	0.17690418
-0.0021801802 	-0.017118906 	-3.1695025e-06 	-0.00078879103 	0.17958818
-0.0021681682 	-0.017118824 	-3.1752847e-06 	-0.00080700257 	0.18226128
-0.0021561562 	-0.017118747 	-3.1810296e-06 	-0.00082441545 	0.18487762
-0.0021441441 	-0.01711867 	-3.1867744e-06 	-0.00084182832 	0.18749396
-0.0021321321 	-0.017118593 	-3.1925193e-06 	-0.00085924119 	0.1901103
-0.0021201201 	-0.017118516 	-3.1982641e-06 	-0.00087665406 	0.19272664
-0.0021081081 	-0.017118422 	-3.1988187e-06 	-0.00089448376 	0.1956023
-0.0020960961 	-0.017118328 	-3.1992932e-06 	-0.00091231988 	0.19848195
-0.0020840841 	-0.017118234 	-3.1997678e-06 	-0.000930156 	0.20136161
-0.0020720721 	-0.01711814 	-3.2002423e-06 	-0.00094799213 	0.20424126
-0.0020600601 	-0.017118046 	-3.2007168e-06 	-0.00096582825 	0.20712092
-0.002048048 	-0.017117956 	-3.2016777e-06 	-0.00098293504 	0.20993794
-0.002036036 	-0.017117868 	-3.2027354e-06 	-0.00099989652 	0.21274248
-0.002024024 	-0.01711778 	-3.2037931e-06 	-0.001016858 	0.21554701
-0.002012012 	-0.017117692 	-3.2048508e-06 	-0.0010338195 	0.21835155
-0.002 	-0.017117603 	-3.2052623e-06 	-0.0010507392 	0.22118385
-0.001987988 	-0.017117498 	-3.1996522e-06 	-0.0010672697 	0.2242748
-0.001975976 	-0.017117392 	-3.1940421e-06 	-0.0010838003 	0.22736575
-0.001963964 	-0.017117287 	-3.188432e-06 	-0.0011003308 	0.2304567
-0.001951952 	-0.017117182 	-3.182822e-06 	-0.0011168613 	0.23354765
-0.0019399399 	-0.017117077 	-3.1772119e-06 	-0.0011333919 	0.23663859
-0.0019279279 	-0.017116974 	-3.171923e-06 	-0.0011497356 	0.23970858
-0.0019159159 	-0.017116875 	-3.1675767e-06 	-0.0011655313 	0.24271704
-0.0019039039 	-0.017116776 	-3.1632305e-06 	-0.0011813269 	0.2457255
-0.0018918919 	-0.017116677 	-3.1588842e-06 	-0.0011971226 	0.24873396
-0.0018798799 	-0.017116578 	-3.154538e-06 	-0.0012129182 	0.25174242
-0.0018678679 	-0.017116479 	-3.1501917e-06 	-0.0012287139 	0.25475087
-0.0018558559 	-0.017116366 	-3.1388526e-06 	-0.001242984 	0.25801808
-0.0018438438 	-0.017116251 	-3.1265685e-06 	-0.0012570481 	0.26132026
-0.0018318318 	-0.017116136 	-3.1142844e-06 	-0.0012711121 	0.26462243
-0.0018198198 	-0.017116021 	-3.1020003e-06 	-0.0012851761 	0.2679246
-0.0018078078 	-0.017115906 	-3.0897162e-06 	-0.0012992401 	0.27122678
-0.0017957958 	-0.017115791 	-3.0774321e-06 	-0.0013133042 	0.27452895
-0.0017837838 	-0.017115678 	-3.065628e-06 	-0.0013272385 	0.27780876
-0.0017717718 	-0.017115569 	-3.0552381e-06 	-0.0013407905 	0.28102266
-0.0017597598 	-0.01711546 	-3.0448482e-06 	-0.0013543425 	0.28423656
-0.0017477477 	-0.017115351 	-3.0344583e-06 	-0.0013678946 	0.28745047
-0.0017357357 	-0.017115242 	-3.0240684e-06 	-0.0013814466 	0.29066437
-0.0017237237 	-0.017115134 	-3.0136785e-06 	-0.0013949987 	0.29387827
-0.0017117117 	-0.017115023 	-3.0019564e-06 	-0.0014079843 	0.29713438
-0.0016996997 	-0.017114901 	-2.9831628e-06 	-0.0014179637 	0.30061452
-0.0016876877 	-0.017114779 	-2.9643692e-06 	-0.0014279431 	0.30409467
-0.0016756757 	-0.017114657 	-2.9455756e-06 	-0.0014379225 	0.30757481
-0.0016636637 	-0.017114535 	-2.926782e-06 	-0.0014479019 	0.31105495
-0.0016516517 	-0.017114413 	-2.9079884e-06 	-0.0014578813 	0.31453509
-0.0016396396 	-0.017114291 	-2.8891948e-06 	-0.0014678607 	0.31801524
-0.0016276276 	-0.01711417 	-2.8704011e-06 	-0.0014778401 	0.32149538
-0.0016156156 	-0.017114051 	-2.8530739e-06 	-0.0014876958 	0.32491802
-0.0016036036 	-0.017113935 	-2.8365684e-06 	-0.0014974821 	0.32830844
-0.0015915916 	-0.017113818 	-2.820063e-06 	-0.0015072685 	0.33169886
-0.0015795796 	-0.017113702 	-2.8035576e-06 	-0.0015170548 	0.33508928
-0.0015675676 	-0.017113586 	-2.7870521e-06 	-0.0015268412 	0.3384797
-0.0015555556 	-0.017113469 	-2.7705467e-06 	-0.0015366275 	0.34187011
-0.0015435435 	-0.017113353 	-2.7540412e-06 	-0.0015464139 	0.34526053
-0.0015315315 	-0.017113233 	-2.7324069e-06 	-0.0015519641 	0.34877822
-0.0015195195 	-0.017113111 	-2.7088497e-06 	-0.0015559263 	0.35234361
-0.0015075075 	-0.017112989 	-2.6852926e-06 	-0.0015598885 	0.355909
-0.0014954955 	-0.017112867 	-2.6617355e-06 	-0.0015638508 	0.3594744
-0.0014834835 	-0.017112745 	-2.6381784e-06 	-0.001567813 	0.36303979
-0.0014714715 	-0.017112624 	-2.6146213e-06 	-0.0015717752 	0.36660519
-0.0014594595 	-0.017112502 	-2.5910642e-06 	-0.0015757374 	0.37017058
-0.0014474474 	-0.01711238 	-2.567507e-06 	-0.0015796996 	0.37373598
-0.0014354354 	-0.017112259 	-2.5443897e-06 	-0.0015837015 	0.37728484
-0.0014234234 	-0.017112142 	-2.5230326e-06 	-0.0015878624 	0.38076754
-0.0014114114 	-0.017112024 	-2.5016755e-06 	-0.0015920233 	0.38425024
-0.0013993994 	-0.017111907 	-2.4803183e-06 	-0.0015961842 	0.38773293
-0.0013873874 	-0.017111789 	-2.4589612e-06 	-0.0016003451 	0.39121563
-0.0013753754 	-0.017111672 	-2.4376041e-06 	-0.0016045061 	0.39469833
-0.0013633634 	-0.017111554 	-2.416247e-06 	-0.001608667 	0.39818103
-0.0013513514 	-0.017111436 	-2.3948898e-06 	-0.0016128279 	0.40166373
-0.0013393393 	-0.017111317 	-2.3724624e-06 	-0.0016139571 	0.40514278
-0.0013273273 	-0.017111194 	-2.3481145e-06 	-0.0016096462 	0.4086153
-0.0013153153 	-0.017111071 	-2.3237666e-06 	-0.0016053353 	0.41208782
-0.0013033033 	-0.017110948 	-2.2994187e-06 	-0.0016010243 	0.41556033
-0.0012912913 	-0.017110825 	-2.2750708e-06 	-0.0015967134 	0.41903285
-0.0012792793 	-0.017110702 	-2.2507229e-06 	-0.0015924025 	0.42250537
-0.0012672673 	-0.017110579 	-2.2263749e-06 	-0.0015880915 	0.42597789
-0.0012552553 	-0.017110456 	-2.202027e-06 	-0.0015837806 	0.4294504
-0.0012432432 	-0.017110332 	-2.1776791e-06 	-0.0015794697 	0.43292292
-0.0012312312 	-0.017110209 	-2.1533312e-06 	-0.0015751588 	0.43639544
-0.0012192192 	-0.017110089 	-2.1299906e-06 	-0.0015712674 	0.43982496
-0.0012072072 	-0.017109969 	-2.107113e-06 	-0.001567569 	0.44323471
-0.0011951952 	-0.01710985 	-2.0842354e-06 	-0.0015638706 	0.44664446
-0.0011831832 	-0.017109731 	-2.0613578e-06 	-0.0015601721 	0.45005421
-0.0011711712 	-0.017109611 	-2.0384802e-06 	-0.0015564737 	0.45346397
-0.0011591592 	-0.017109492 	-2.0156026e-06 	-0.0015527753 	0.45687372
-0.0011471471 	-0.017109372 	-1.992725e-06 	-0.0015490768 	0.46028347
-0.0011351351 	-0.017109253 	-1.9698474e-06 	-0.0015453784 	0.46369322
-0.0011231231 	-0.017109133 	-1.9469697e-06 	-0.0015416799 	0.46710298
-0.0011111111 	-0.017109049 	-1.9238298e-06 	-0.0015289495 	0.47064991
-0.0010990991 	-0.017108974 	-1.90062e-06 	-0.0015138143 	0.47423337
-0.0010870871 	-0.017108899 	-1.8774103e-06 	-0.0014986792 	0.47781682
-0.0010750751 	-0.017108824 	-1.8542005e-06 	-0.0014835441 	0.48140028
-0.0010630631 	-0.017108749 	-1.8309907e-06 	-0.0014684089 	0.48498374
-0.0010510511 	-0.017108674 	-1.807781e-06 	-0.0014532738 	0.48856719
-0.001039039 	-0.017108599 	-1.7845712e-06 	-0.0014381387 	0.49215065
-0.001027027 	-0.017108524 	-1.7613614e-06 	-0.0014230035 	0.49573411
-0.001015015 	-0.017108449 	-1.7381517e-06 	-0.0014078684 	0.49931756
-0.001003003 	-0.017108374 	-1.7149419e-06 	-0.0013927333 	0.50290102
-0.00099099099 	-0.017108299 	-1.6917321e-06 	-0.0013775981 	0.50648447
-0.00097897898 	-0.017108221 	-1.668671e-06 	-0.0013631515 	0.51005351
-0.00096696697 	-0.017108143 	-1.645643e-06 	-0.0013488583 	0.51361933
-0.00095495495 	-0.017108066 	-1.6226149e-06 	-0.0013345651 	0.51718515
-0.00094294294 	-0.017107988 	-1.5995869e-06 	-0.0013202719 	0.52075097
-0.00093093093 	-0.01710791 	-1.5765589e-06 	-0.0013059787 	0.52431679
-0.00091891892 	-0.017107832 	-1.5535309e-06 	-0.0012916855 	0.52788261
-0.00090690691 	-0.017107754 	-1.5305028e-06 	-0.0012773923 	0.53144843
-0.00089489489 	-0.017107676 	-1.5074748e-06 	-0.0012630991 	0.53501425
-0.00088288288 	-0.017107598 	-1.4844468e-06 	-0.0012488059 	0.53858007
-0.00087087087 	-0.01710752 	-1.4614188e-06 	-0.0012345127 	0.54214589
-0.00085885886 	-0.017107473 	-1.4463118e-06 	-0.0012195761 	0.54458397
-0.00084684685 	-0.017107437 	-1.4341688e-06 	-0.0012043988 	0.54660005
-0.00083483483 	-0.017107401 	-1.4220258e-06 	-0.0011892215 	0.54861613
-0.00082282282 	-0.017107366 	-1.4098829e-06 	-0.0011740442 	0.55063221
-0.00081081081 	-0.01710733 	-1.3977399e-06 	-0.0011588668 	0.5526483
-0.0007987988 	-0.017107294 	-1.3855969e-06 	-0.0011436895 	0.55466438
-0.00078678679 	-0.017107259 	-1.3734539e-06 	-0.0011285122 	0.55668046
-0.00077477477 	-0.017107223 	-1.3613109e-06 	-0.0011133349 	0.55869654
-0.00076276276 	-0.017107187 	-1.3491679e-06 	-0.0010981575 	0.56071263
-0.00075075075 	-0.017107152 	-1.3370249e-06 	-0.0010829802 	0.56272871
-0.00073873874 	-0.017107116 	-1.324882e-06 	-0.0010678029 	0.56474479
-0.00072672673 	-0.01710708 	-1.312739e-06 	-0.0010526256 	0.56676087
-0.00071471471 	-0.017107045 	-1.300596e-06 	-0.0010374482 	0.56877696
-0.0007027027 	-0.017107009 	-1.288453e-06 	-0.0010222709 	0.57079304
-0.00069069069 	-0.017106974 	-1.27631e-06 	-0.0010070936 	0.57280912
-0.00067867868 	-0.017106938 	-1.264167e-06 	-0.00099191624 	0.5748252
-0.00066666667 	-0.017106902 	-1.2520241e-06 	-0.00097673892 	0.57684129
-0.00065465465 	-0.017106867 	-1.2399758e-06 	-0.00096144829 	0.57885808
-0.00064264264 	-0.017106833 	-1.2281218e-06 	-0.00094592552 	0.58087634
-0.00063063063 	-0.0171068 	-1.2162678e-06 	-0.00093040274 	0.5828946
-0.00061861862 	-0.017106766 	-1.2044137e-06 	-0.00091487996 	0.58491285
-0.00060660661 	-0.017106732 	-1.1925597e-06 	-0.00089935718 	0.58693111
-0.00059459459 	-0.017106698 	-1.1807057e-06 	-0.0008838344 	0.58894937
-0.00058258258 	-0.017106664 	-1.1688516e-06 	-0.00086831163 	0.59096762
-0.00057057057 	-0.01710663 	-1.1569976e-06 	-0.00085278885 	0.59298588
-0.00055855856 	-0.017106597 	-1.1451435e-06 	-0.00083726607 	0.59500414
-0.00054654655 	-0.017106563 	-1.1332895e-06 	-0.00082174329 	0.59702239
-0.00053453453 	-0.017106529 	-1.1214355e-06 	-0.00080622051 	0.59904065
-0.00052252252 	-0.017106495 	-1.1095814e-06 	-0.00079069773 	0.60105891
-0.00051051051 	-0.017106461 	-1.0977274e-06 	-0.00077517496 	0.60307716
-0.0004984985 	-0.017106428 	-1.0858734e-06 	-0.00075965218 	0.60509542
-0.00048648649 	-0.017106394 	-1.0740193e-06 	-0.0007441294 	0.60711367
-0.00047447447 	-0.01710636 	-1.0621653e-06 	-0.00072860662 	0.60913193
-0.00046246246 	-0.017106326 	-1.0503112e-06 	-0.00071308384 	0.61115019
-0.00045045045 	-0.017106292 	-1.0384572e-06 	-0.00069756107 	0.61316844
-0.00043843844 	-0.017106258 	-1.0266032e-06 	-0.00068203829 	0.6151867
-0.00042642643 	-0.017106229 	-1.0191152e-06 	-0.00066454638 	0.61647586
-0.00041441441 	-0.017106203 	-1.0143738e-06 	-0.00064581575 	0.61730637
-0.0004024024 	-0.017106177 	-1.0096324e-06 	-0.00062708513 	0.61813688
-0.00039039039 	-0.017106151 	-1.004891e-06 	-0.00060835451 	0.61896739
-0.00037837838 	-0.017106125 	-1.0001496e-06 	-0.00058962389 	0.6197979
-0.00036636637 	-0.017106099 	-9.9540816e-07 	-0.00057089327 	0.62062841
-0.00035435435 	-0.017106073 	-9.9066675e-07 	-0.00055216264 	0.62145892
-0.00034234234 	-0.017106047 	-9.8592534e-07 	-0.00053343202 	0.62228943
-0.00033033033 	-0.017106021 	-9.8118392e-07 	-0.0005147014 	0.62311994
-0.00031831832 	-0.017105995 	-9.7644251e-07 	-0.00049597078 	0.62395046
-0.00030630631 	-0.017105969 	-9.717011e-07 	-0.00047724016 	0.62478097
-0.00029429429 	-0.017105943 	-9.6695969e-07 	-0.00045850953 	0.62561148
-0.00028228228 	-0.017105917 	-9.6221828e-07 	-0.00043977891 	0.62644199
-0.00027027027 	-0.017105891 	-9.5747687e-07 	-0.00042104829 	0.6272725
-0.00025825826 	-0.017105865 	-9.5273546e-07 	-0.00040231767 	0.62810301
-0.00024624625 	-0.017105839 	-9.4799405e-07 	-0.00038358705 	0.62893352
-0.00023423423 	-0.017105813 	-9.4325264e-07 	-0.00036485642 	0.62976403
-0.00022222222 	-0.017105787 	-9.3855475e-07 	-0.00034613958 	0.63059301
-0.00021021021 	-0.01710576 	-9.340166e-07 	-0.00032747331 	0.6314164
-0.0001981982 	-0.017105733 	-9.2947846e-07 	-0.00030880703 	0.63223979
-0.00018618619 	-0.017105707 	-9.2494031e-07 	-0.00029014076 	0.63306317
-0.00017417417 	-0.01710568 	-9.2040217e-07 	-0.00027147449 	0.63388656
-0.00016216216 	-0.017105653 	-9.1586402e-07 	-0.00025280821 	0.63470994
-0.00015015015 	-0.017105626 	-9.1132587e-07 	-0.00023414194 	0.63553333
-0.00013813814 	-0.0171056 	-9.0678773e-07 	-0.00021547567 	0.63635671
-0.00012612613 	-0.017105573 	-9.0224958e-07 	-0.00019680939 	0.6371801
-0.00011411411 	-0.017105546 	-8.9771144e-07 	-0.00017814312 	0.63800348
-0.0001021021 	-0.01710552 	-8.9317329e-07 	-0.00015947685 	0.63882687
-9.009009e-05 	-0.017105493 	-8.8863515e-07 	-0.00014081057 	0.63965026
-7.8078078e-05 	-0.017105466 	-8.84097e-07 	-0.0001221443 	0.64047364
-6.6066066e-05 	-0.017105439 	-8.7955885e-07 	-0.00010347803 	0.64129703
-5.4054054e-05 	-0.017105413 	-8.7502071e-07 	-8.4811753e-05 	0.64212041
-4.2042042e-05 	-0.017105386 	-8.7048256e-07 	-6.614548e-05 	0.6429438
-3.003003e-05 	-0.017105359 	-8.6594442e-07 	-4.7479207e-05 	0.64376718
-1.8018018e-05 	-0.017105333 	-8.6140627e-07 	-2.8812933e-05 	0.64459057
-6.006006e-06 	-0.017105306 	-8.5686813e-07 	-1.014666e-05 	0.64541395
6.006006e-06 	-0.017105306 	-8.5711567e-07 	8.5519945e-06 	0.64541021
1.8018018e-05 	-0.017105332 	-8.6214891e-07 	2.728303e-05 	0.64457934
3.003003e-05 	-0.017105358 	-8.6718215e-07 	4.6014065e-05 	0.64374847
4.2042042e-05 	-0.017105384 	-8.7221539e-07 	6.4745101e-05 	0.6429176
5.4054054e-05 	-0.017105409 	-8.7724863e-07 	8.3476136e-05 	0.64208673
6.6066066e-05 	-0.017105435 	-8.8228187e-07 	0.00010220717 	0.64125585
7.8078078e-05 	-0.017105461 	-8.8731511e-07 	0.00012093821 	0.64042498
9.009009e-05 	-0.017105487 	-8.9234835e-07 	0.00013966924 	0.63959411
0.0001021021 	-0.017105513 	-8.9738159e-07 	0.00015840028 	0.63876324
0.00011411411 	-0.017105539 	-9.0241483e-07 	0.00017713131 	0.63793237
0.00012612613 	-0.017105565 	-9.0744807e-07 	0.00019586235 	0.6371015
0.00013813814 	-0.017105591 	-9.1248131e-07 	0.00021459338 	0.63627063
0.00015015015 	-0.017105617 	-9.1751455e-07 	0.00023332442 	0.63543975
0.00016216216 	-0.017105643 	-9.2254779e-07 	0.00025205546 	0.63460888
0.00017417417 	-0.017105669 	-9.2758103e-07 	0.00027078649 	0.63377801
0.00018618619 	-0.017105695 	-9.3261427e-07 	0.00028951753 	0.63294714
0.0001981982 	-0.017105721 	-9.3764751e-07 	0.00030824856 	0.63211627
0.00021021021 	-0.017105747 	-9.4265973e-07 	0.00032697315 	0.63128611
0.00022222222 	-0.017105774 	-9.4748329e-07 	0.0003456399 	0.6304624
0.00023423423 	-0.017105801 	-9.5230686e-07 	0.00036430665 	0.62963868
0.00024624625 	-0.017105827 	-9.5713043e-07 	0.0003829734 	0.62881496
0.00025825826 	-0.017105854 	-9.6195399e-07 	0.00040164015 	0.62799124
0.00027027027 	-0.017105881 	-9.6677756e-07 	0.0004203069 	0.62716752
0.00028228228 	-0.017105907 	-9.7160112e-07 	0.00043897365 	0.62634381
0.00029429429 	-0.017105934 	-9.7642469e-07 	0.0004576404 	0.62552009
0.00030630631 	-0.017105961 	-9.8124826e-07 	0.00047630715 	0.62469637
0.00031831832 	-0.017105987 	-9.8607182e-07 	0.00049497389 	0.62387265
0.00033033033 	-0.017106014 	-9.9089539e-07 	0.00051364064 	0.62304893
0.00034234234 	-0.017106041 	-9.9571895e-07 	0.00053230739 	0.62222521
0.00035435435 	-0.017106067 	-1.0005425e-06 	0.00055097414 	0.6214015
0.00036636637 	-0.017106094 	-1.0053661e-06 	0.00056964089 	0.62057778
0.00037837838 	-0.017106121 	-1.0101897e-06 	0.00058830764 	0.61975406
0.00039039039 	-0.017106147 	-1.0150132e-06 	0.00060697439 	0.61893034
0.0004024024 	-0.017106174 	-1.0198368e-06 	0.00062564114 	0.61810662
0.00041441441 	-0.017106201 	-1.0246603e-06 	0.00064430789 	0.61728291
0.00042642643 	-0.017106227 	-1.0294839e-06 	0.00066297464 	0.61645919
0.00043843844 	-0.017106257 	-1.0372653e-06 	0.00068029316 	0.61517489
0.00045045045 	-0.017106293 	-1.0497485e-06 	0.00069546846 	0.61315842
0.00046246246 	-0.017106329 	-1.0622318e-06 	0.00071064375 	0.61114194
0.00047447447 	-0.017106364 	-1.0747151e-06 	0.00072581905 	0.60912547
0.00048648649 	-0.0171064 	-1.0871983e-06 	0.00074099434 	0.607109
0.0004984985 	-0.017106436 	-1.0996816e-06 	0.00075616964 	0.60509253
0.00051051051 	-0.017106472 	-1.1121648e-06 	0.00077134493 	0.60307606
0.00052252252 	-0.017106507 	-1.1246481e-06 	0.00078652023 	0.60105959
0.00053453453 	-0.017106543 	-1.1371314e-06 	0.00080169552 	0.59904311
0.00054654655 	-0.017106579 	-1.1496146e-06 	0.00081687082 	0.59702664
0.00055855856 	-0.017106614 	-1.1620979e-06 	0.00083204611 	0.59501017
0.00057057057 	-0.01710665 	-1.1745811e-06 	0.00084722141 	0.5929937
0.00058258258 	-0.017106686 	-1.1870644e-06 	0.0008623967 	0.59097723
0.00059459459 	-0.017106721 	-1.1995477e-06 	0.000877572 	0.58896076
0.00060660661 	-0.017106757 	-1.2120309e-06 	0.00089274729 	0.58694428
0.00061861862 	-0.017106793 	-1.2245142e-06 	0.00090792259 	0.58492781
0.00063063063 	-0.017106828 	-1.2369974e-06 	0.00092309788 	0.58291134
0.00064264264 	-0.017106864 	-1.2494807e-06 	0.00093827318 	0.58089487
0.00065465465 	-0.017106898 	-1.2616734e-06 	0.00095378927 	0.57887628
0.00066666667 	-0.017106932 	-1.2738621e-06 	0.00096931005 	0.57685766
0.00067867868 	-0.017106966 	-1.2860509e-06 	0.00098483083 	0.57483904
0.00069069069 	-0.017107 	-1.2982396e-06 	0.0010003516 	0.57282042
0.0007027027 	-0.017107034 	-1.3104283e-06 	0.0010158724 	0.5708018
0.00071471471 	-0.017107068 	-1.3226171e-06 	0.0010313932 	0.56878318
0.00072672673 	-0.017107101 	-1.3348058e-06 	0.001046914 	0.56676456
0.00073873874 	-0.017107135 	-1.3469945e-06 	0.0010624348 	0.56474595
0.00075075075 	-0.017107169 	-1.3591832e-06 	0.0010779555 	0.56272733
0.00076276276 	-0.017107203 	-1.371372e-06 	0.0010934763 	0.56070871
0.00077477477 	-0.017107237 	-1.3835607e-06 	0.0011089971 	0.55869009
0.00078678679 	-0.017107271 	-1.3957494e-06 	0.0011245179 	0.55667147
0.0007987988 	-0.017107305 	-1.4079381e-06 	0.0011400387 	0.55465285
0.00081081081 	-0.017107339 	-1.4201269e-06 	0.0011555595 	0.55263423
0.00082282282 	-0.017107372 	-1.4323156e-06 	0.0011710802 	0.55061561
0.00083483483 	-0.017107406 	-1.4445043e-06 	0.001186601 	0.54859699
0.00084684685 	-0.01710744 	-1.4566931e-06 	0.0012021218 	0.54657837
0.00085885886 	-0.017107474 	-1.4688818e-06 	0.0012176426 	0.54455975
0.00087087087 	-0.01710752 	-1.4841528e-06 	0.0012328272 	0.54211967
0.00088288288 	-0.017107598 	-1.507661e-06 	0.0012471134 	0.53855325
0.00089489489 	-0.017107676 	-1.5311692e-06 	0.0012613996 	0.53498682
0.00090690691 	-0.017107754 	-1.5546774e-06 	0.0012756858 	0.5314204
0.00091891892 	-0.017107832 	-1.5781856e-06 	0.001289972 	0.52785398
0.00093093093 	-0.01710791 	-1.6016938e-06 	0.0013042582 	0.52428756
0.00094294294 	-0.017107988 	-1.625202e-06 	0.0013185444 	0.52072113
0.00095495495 	-0.017108066 	-1.6487101e-06 	0.0013328306 	0.51715471
0.00096696697 	-0.017108144 	-1.6722183e-06 	0.0013471168 	0.51358829
0.00097897898 	-0.017108222 	-1.6957265e-06 	0.001361403 	0.51002187
0.00099099099 	-0.017108299 	-1.719268e-06 	0.0013758426 	0.50645224
0.001003003 	-0.017108374 	-1.7429587e-06 	0.0013909706 	0.50286822
0.001015015 	-0.017108449 	-1.7666495e-06 	0.0014060987 	0.49928419
0.001027027 	-0.017108525 	-1.7903403e-06 	0.0014212267 	0.49570017
0.001039039 	-0.0171086 	-1.814031e-06 	0.0014363548 	0.49211615
0.0010510511 	-0.017108675 	-1.8377218e-06 	0.0014514828 	0.48853213
0.0010630631 	-0.01710875 	-1.8614125e-06 	0.0014666109 	0.4849481
0.0010750751 	-0.017108825 	-1.8851033e-06 	0.0014817389 	0.48136408
0.0010870871 	-0.0171089 	-1.9087941e-06 	0.001496867 	0.47778006
0.0010990991 	-0.017108975 	-1.9324848e-06 	0.001511995 	0.47419604
0.0011111111 	-0.01710905 	-1.9561756e-06 	0.0015271231 	0.47061201
0.0011231231 	-0.017109134 	-1.9797998e-06 	0.0015398467 	0.46706451
0.0011351351 	-0.017109254 	-2.003174e-06 	0.0015435391 	0.46365416
0.0011471471 	-0.017109373 	-2.0265481e-06 	0.0015472315 	0.46024382
0.0011591592 	-0.017109493 	-2.0499223e-06 	0.0015509239 	0.45683348
0.0011711712 	-0.017109612 	-2.0732965e-06 	0.0015546162 	0.45342313
0.0011831832 	-0.017109732 	-2.0966707e-06 	0.0015583086 	0.45001279
0.0011951952 	-0.017109851 	-2.1200449e-06 	0.001562001 	0.44660245
0.0012072072 	-0.01710997 	-2.143419e-06 	0.0015656934 	0.4431921
0.0012192192 	-0.01711009 	-2.1667932e-06 	0.0015693858 	0.43978176
0.0012312312 	-0.01711021 	-2.1906322e-06 	0.001573271 	0.43635166
0.0012432432 	-0.017110334 	-2.2154824e-06 	0.0015775755 	0.43287857
0.0012552553 	-0.017110457 	-2.2403325e-06 	0.0015818801 	0.42940548
0.0012672673 	-0.01711058 	-2.2651827e-06 	0.0015861846 	0.42593239
0.0012792793 	-0.017110703 	-2.2900328e-06 	0.0015904892 	0.4224593
0.0012912913 	-0.017110826 	-2.314883e-06 	0.0015947938 	0.41898622
0.0013033033 	-0.017110949 	-2.3397331e-06 	0.0015990983 	0.41551313
0.0013153153 	-0.017111072 	-2.3645833e-06 	0.0016034029 	0.41204004
0.0013273273 	-0.017111195 	-2.3894334e-06 	0.0016077074 	0.40856695
0.0013393393 	-0.017111318 	-2.4142836e-06 	0.001612012 	0.40509386
0.0013513514 	-0.017111438 	-2.4372319e-06 	0.0016108767 	0.40161422
0.0013633634 	-0.017111555 	-2.4591204e-06 	0.00160671 	0.39813091
0.0013753754 	-0.017111673 	-2.4810089e-06 	0.0016025433 	0.39464761
0.0013873874 	-0.01711179 	-2.5028974e-06 	0.0015983765 	0.39116431
0.0013993994 	-0.017111908 	-2.5247859e-06 	0.0015942098 	0.38768101
0.0014114114 	-0.017112026 	-2.5466744e-06 	0.0015900431 	0.38419771
0.0014234234 	-0.017112143 	-2.5685629e-06 	0.0015858763 	0.3807144
0.0014354354 	-0.017112261 	-2.5904514e-06 	0.0015817096 	0.3772311
0.0014474474 	-0.017112382 	-2.6141044e-06 	0.0015777014 	0.37368164
0.0014594595 	-0.017112504 	-2.6381983e-06 	0.0015737327 	0.37011566
0.0014714715 	-0.017112625 	-2.6622921e-06 	0.0015697641 	0.36654967
0.0014834835 	-0.017112747 	-2.686386e-06 	0.0015657955 	0.36298368
0.0014954955 	-0.017112869 	-2.7104799e-06 	0.0015618268 	0.35941769
0.0015075075 	-0.017112991 	-2.7345738e-06 	0.0015578582 	0.3558517
0.0015195195 	-0.017113113 	-2.7586677e-06 	0.0015538895 	0.35228571
0.0015315315 	-0.017113235 	-2.7827616e-06 	0.0015499209 	0.34871973
0.0015435435 	-0.017113355 	-2.8049339e-06 	0.0015443646 	0.34520145
0.0015555556 	-0.017113472 	-2.8219803e-06 	0.001534573 	0.34181046
0.0015675676 	-0.017113588 	-2.8390268e-06 	0.0015247814 	0.33841947
0.0015795796 	-0.017113705 	-2.8560732e-06 	0.0015149898 	0.33502848
0.0015915916 	-0.017113821 	-2.8731197e-06 	0.0015051983 	0.33163748
0.0016036036 	-0.017113938 	-2.8901661e-06 	0.0014954067 	0.32824649
0.0016156156 	-0.017114054 	-2.9072126e-06 	0.0014856151 	0.3248555
0.0016276276 	-0.017114173 	-2.9250826e-06 	0.0014757539 	0.32143228
0.0016396396 	-0.017114294 	-2.944422e-06 	0.0014657685 	0.31795156
0.0016516517 	-0.017114416 	-2.9637614e-06 	0.0014557831 	0.31447085
0.0016636637 	-0.017114538 	-2.9831008e-06 	0.0014457977 	0.31099013
0.0016756757 	-0.01711466 	-3.0024402e-06 	0.0014358123 	0.30750941
0.0016876877 	-0.017114782 	-3.0217796e-06 	0.0014258268 	0.30402869
0.0016996997 	-0.017114904 	-3.041119e-06 	0.0014158414 	0.30054798
0.0017117117 	-0.017115026 	-3.0604585e-06 	0.001405856 	0.29706726
0.0017237237 	-0.017115137 	-3.0727095e-06 	0.001392866 	0.29381063
0.0017357357 	-0.017115246 	-3.083625e-06 	0.0013793099 	0.29059621
0.0017477477 	-0.017115355 	-3.0945406e-06 	0.0013657538 	0.28738179
0.0017597598 	-0.017115464 	-3.1054562e-06 	0.0013521977 	0.28416738
0.0017717718 	-0.017115573 	-3.1163718e-06 	0.0013386416 	0.28095296
0.0017837838 	-0.017115682 	-3.1272873e-06 	0.0013250855 	0.27773854
0.0017957958 	-0.017115796 	-3.1396214e-06 	0.0013111465 	0.27445822
0.0018078078 	-0.017115911 	-3.1524368e-06 	0.0012970775 	0.27115552
0.0018198198 	-0.017116026 	-3.1652523e-06 	0.0012830085 	0.26785282
0.0018318318 	-0.017116141 	-3.1780678e-06 	0.0012689395 	0.26455012
0.0018438438 	-0.017116256 	-3.1908833e-06 	0.0012548705 	0.26124743
0.0018558559 	-0.017116371 	-3.2036988e-06 	0.0012408015 	0.25794473
0.0018678679 	-0.017116484 	-3.2155638e-06 	0.0012265266 	0.25467701
0.0018798799 	-0.017116583 	-3.2203959e-06 	0.0012107285 	0.25166812
0.0018918919 	-0.017116682 	-3.225228e-06 	0.0011949304 	0.24865922
0.0019039039 	-0.017116781 	-3.2300601e-06 	0.0011791323 	0.24565033
0.0019159159 	-0.01711688 	-3.2348922e-06 	0.0011633342 	0.24264143
0.0019279279 	-0.017116979 	-3.2397243e-06 	0.0011475361 	0.23963254
0.0019399399 	-0.017117083 	-3.2455046e-06 	0.0011311891 	0.23656211
0.001951952 	-0.017117188 	-3.251608e-06 	0.0011146552 	0.23347071
0.001963964 	-0.017117293 	-3.2577114e-06 	0.0010981212 	0.23037931
0.001975976 	-0.017117399 	-3.2638148e-06 	0.0010815873 	0.22728791
0.001987988 	-0.017117504 	-3.2699181e-06 	0.0010650533 	0.22419652
0.002 	-0.017117609 	-3.2760215e-06 	0.0010485194 	0.22110512
0.002012012 	-0.017117699 	-3.2760401e-06 	0.0010315988 	0.21827247
0.002024024 	-0.017117787 	-3.2754058e-06 	0.0010146366 	0.21546758
0.002036036 	-0.017117875 	-3.2747714e-06 	0.00099767453 	0.2126627
0.002048048 	-0.017117963 	-3.274137e-06 	0.00098071241 	0.20985782
0.0020600601 	-0.017118052 	-3.2736008e-06 	0.00096360485 	0.20704045
0.0020720721 	-0.017118147 	-3.2735577e-06 	0.00094576717 	0.20416043
0.0020840841 	-0.017118241 	-3.2735145e-06 	0.00092792949 	0.20128041
0.0020960961 	-0.017118335 	-3.2734714e-06 	0.00091009181 	0.1984004
0.0021081081 	-0.01711843 	-3.2734282e-06 	0.00089225413 	0.19552038
0.0021201201 	-0.017118524 	-3.2733037e-06 	0.00087442293 	0.19264436
0.0021321321 	-0.017118601 	-3.2678997e-06 	0.00085701144 	0.19002778
0.0021441441 	-0.017118678 	-3.2624957e-06 	0.00083959995 	0.18741119
0.0021561562 	-0.017118755 	-3.2570917e-06 	0.00082218847 	0.1847946
0.0021681682 	-0.017118832 	-3.2516877e-06 	0.00080477698 	0.18217802
0.0021801802 	-0.017118914 	-3.2462513e-06 	0.00078656608 	0.17950465
0.0021921922 	-0.017118997 	-3.2408086e-06 	0.00076820192 	0.17682039
0.0022042042 	-0.01711908 	-3.2353659e-06 	0.00074983777 	0.17413613
0.0022162162 	-0.017119163 	-3.2299232e-06 	0.00073147361 	0.17145187
0.0022282282 	-0.017119241 	-3.2232344e-06 	0.00071339687 	0.16883771
0.0022402402 	-0.017119307 	-3.2136114e-06 	0.00069599688 	0.16638858
0.0022522523 	-0.017119372 	-3.2039884e-06 	0.00067859689 	0.16393945
0.0022642643 	-0.017119438 	-3.1943653e-06 	0.0006611969 	0.16149032
0.0022762763 	-0.017119507 	-3.1843869e-06 	0.00064318968 	0.1590037
0.0022882883 	-0.017119578 	-3.1741873e-06 	0.00062480476 	0.15649376
0.0023003003 	-0.017119649 	-3.1639877e-06 	0.00060641984 	0.15398382
0.0023123123 	-0.01711972 	-3.1537881e-06 	0.00058803492 	0.15147388
0.0023243243 	-0.017119783 	-3.1415636e-06 	0.00057043031 	0.14909078
0.0023363363 	-0.01711984 	-3.1280616e-06 	0.00055331794 	0.1467877
0.0023483483 	-0.017119896 	-3.1145596e-06 	0.00053620558 	0.14448462
0.0023603604 	-0.017119955 	-3.1006848e-06 	0.00051872975 	0.14216139
0.0023723724 	-0.017120018 	-3.0861685e-06 	0.00050062849 	0.1398035
0.0023843844 	-0.01712008 	-3.0716521e-06 	0.00048252723 	0.13744561
0.0023963964 	-0.017120142 	-3.0571358e-06 	0.00046442597 	0.13508772
0.0024084084 	-0.017120208 	-3.040326e-06 	0.00044740223 	0.13288162
0.0024204204 	-0.017120275 	-3.0230738e-06 	0.00043058643 	0.1307048
0.0024324324 	-0.017120343 	-3.0058215e-06 	0.00041377062 	0.12852799
0.0024444444 	-0.017120417 	-2.9872388e-06 	0.00039598116 	0.12630265
0.0024564565 	-0.017120492 	-2.9686246e-06 	0.00037816869 	0.12407617
0.0024684685 	-0.017120567 	-2.9500105e-06 	0.00036035622 	0.12184969
0.0024804805 	-0.017120807 	-2.8963196e-06 	0.00031638551 	0.11651826
0.0024924925 	-0.017121073 	-2.8371781e-06 	0.00026835012 	0.11070435
0.0025045045 	-0.01712135 	-2.776172e-06 	0.00021912533 	0.10482876
0.0025165165 	-0.017121647 	-2.7115939e-06 	0.0001676221 	0.098835007
0.0025285285 	-0.017121944 	-2.6470158e-06 	0.00011611888 	0.092841254
0.0025405405 	-0.017122061 	-2.6140108e-06 	8.9608921e-05 	0.089737462
0.0025525526 	-0.017122058 	-2.6020545e-06 	7.9761133e-05 	0.088560309
0.0025645646 	-0.017122055 	-2.5900981e-06 	6.9913345e-05 	0.087383157
0.0025765766 	-0.017122051 	-2.5781418e-06 	6.0065558e-05 	0.086206004
0.0025885886 	-0.017122048 	-2.5661855e-06 	5.021777e-05 	0.085028852
0.0026006006 	-0.017122045 	-2.5542291e-06 	4.0369982e-05 	0.083851699
0.0026126126 	-0.017122041 	-2.5422728e-06 	3.0522194e-05 	0.082674546
0.0026246246 	-0.017122038 	-2.5303165e-06 	2.0674407e-05 	0.081497394
0.0026366366 	-0.017122035 	-2.5183601e-06 	1.0826619e-05 	0.080320241
0.0026486486 	-0.017122031 	-2.5064038e-06 	9.7883134e-07 	0.079143089
0.0026606607 	-0.017122028 	-2.4944474e-06 	-8.8689564e-06 	0.077965936
0.0026726727 	-0.017122025 	-2.4824911e-06 	-1.8716744e-05 	0.076788784
0.0026846847 	-0.017122021 	-2.4705348e-06 	-2.8564532e-05 	0.075611631
0.0026966967 	-0.017122018 	-2.4585784e-06 	-3.8412319e-05 	0.074434479
0.0027087087 	-0.017122015 	-2.4466221e-06 	-4.8260107e-05 	0.073257326
0.0027207207 	-0.017122012 	-2.4346658e-06 	-5.8107895e-05 	0.072080173
0.0027327327 	-0.017122008 	-2.4227094e-06 	-6.7955683e-05 	0.070903021
0.0027447447 	-0.017122005 	-2.4107531e-06 	-7.780347e-05 	0.069725868
0.0027567568 	-0.017122002 	-2.3987968e-06 	-8.7651258e-05 	0.068548716
0.0027687688 	-0.017121998 	-2.3868404e-06 	-9.7499046e-05 	0.067371563
0.0027807808 	-0.017121995 	-2.3748841e-06 	-0.00010734683 	0.066194411
0.0027927928 	-0.017121993 	-2.3620428e-06 	-0.00011760544 	0.065006478
0.0028048048 	-0.017121992 	-2.3489362e-06 	-0.00012798723 	0.063815314
0.0028168168 	-0.01712199 	-2.3358295e-06 	-0.00013836901 	0.062624149
0.0028288288 	-0.017121988 	-2.3227229e-06 	-0.0001487508 	0.061432984
0.0028408408 	-0.017121987 	-2.3096163e-06 	-0.00015913259 	0.06024182
0.0028528529 	-0.017121985 	-2.2965097e-06 	-0.00016951438 	0.059050655
0.0028648649 	-0.017121984 	-2.283403e-06 	-0.00017989616 	0.05785949
0.0028768769 	-0.017121982 	-2.2702964e-06 	-0.00019027795 	0.056668326
0.0028888889 	-0.017121981 	-2.2571898e-06 	-0.00020065974 	0.055477161
0.0029009009 	-0.017121979 	-2.2440831e-06 	-0.00021104153 	0.054285996
0.0029129129 	-0.017121978 	-2.2309765e-06 	-0.00022142331 	0.053094832
0.0029249249 	-0.017121976 	-2.2178699e-06 	-0.0002318051 	0.051903667
0.0029369369 	-0.017121974 	-2.2047633e-06 	-0.00024218689 	0.050712502
0.0029489489 	-0.017121973 	-2.1916566e-06 	-0.00025256868 	0.049521338
0.002960961 	-0.017121971 	-2.17855e-06 	-0.00026295046 	0.048330173
0.002972973 	-0.01712197 	-2.1654434e-06 	-0.00027333225 	0.047139008
0.002984985 	-0.017121968 	-2.1523368e-06 	-0.00028371404 	0.045947844
0.002996997 	-0.017121967 	-2.1392301e-06 	-0.00029409583 	0.044756679
0.003009009 	-0.017121965 	-2.1261235e-06 	-0.00030447761 	0.043565514
0.003021021 	-0.017121963 	-2.1130169e-06 	-0.0003148594 	0.04237435
0.003033033 	-0.017121962 	-2.0999102e-06 	-0.00032524119 	0.041183185
0.003045045 	-0.01712196 	-2.0868036e-06 	-0.00033562298 	0.03999202
0.0030570571 	-0.017121959 	-2.073697e-06 	-0.00034600476 	0.038800856
0.0030690691 	-0.017121923 	-2.0628582e-06 	-0.00035365265 	0.037730903
0.0030810811 	-0.017121877 	-2.0527107e-06 	-0.00036046729 	0.036697894
0.0030930931 	-0.017121831 	-2.0425631e-06 	-0.00036728192 	0.035664885
0.0031051051 	-0.017121784 	-2.0324155e-06 	-0.00037409655 	0.034631876
0.0031171171 	-0.017121738 	-2.022268e-06 	-0.00038091118 	0.033598867
0.0031291291 	-0.017121692 	-2.0121204e-06 	-0.00038772581 	0.032565858
0.0031411411 	-0.017121646 	-2.0019729e-06 	-0.00039454045 	0.031532849
0.0031531532 	-0.017121599 	-1.9918253e-06 	-0.00040135508 	0.03049984
0.0031651652 	-0.017121553 	-1.9816777e-06 	-0.00040816971 	0.029466831
0.0031771772 	-0.017121507 	-1.9715302e-06 	-0.00041498434 	0.028433822
0.0031891892 	-0.017121461 	-1.9613826e-06 	-0.00042179897 	0.027400813
0.0032012012 	-0.017121414 	-1.9512351e-06 	-0.00042861361 	0.026367804
0.0032132132 	-0.017121368 	-1.9410875e-06 	-0.00043542824 	0.025334795
0.0032252252 	-0.017121322 	-1.93094e-06 	-0.00044224287 	0.024301786
0.0032372372 	-0.017121276 	-1.9207924e-06 	-0.0004490575 	0.023268777
0.0032492492 	-0.017121229 	-1.9106448e-06 	-0.00045587214 	0.022235768
0.0032612613 	-0.017121183 	-1.9004973e-06 	-0.00046268677 	0.021202759
0.0032732733 	-0.017121137 	-1.8903497e-06 	-0.0004695014 	0.02016975
0.0032852853 	-0.01712109 	-1.879759e-06 	-0.00047639659 	0.019136031
0.0032972973 	-0.017121041 	-1.8685099e-06 	-0.0004834115 	0.018101257
0.0033093093 	-0.017120991 	-1.8572607e-06 	-0.0004904264 	0.017066483
0.0033213213 	-0.017120942 	-1.8460115e-06 	-0.0004974413 	0.01603171
0.0033333333 	-0.017120893 	-1.8347624e-06 	-0.0005044562 	0.014996936
0.0033453453 	-0.017120844 	-1.8235132e-06 	-0.0005114711 	0.013962162
0.0033573574 	-0.017120795 	-1.812264e-06 	-0.00051848601 	0.012927388
0.0033693694 	-0.017120746 	-1.8010148e-06 	-0.00052550091 	0.011892614
0.0033813814 	-0.017120697 	-1.7897657e-06 	-0.00053251581 	0.01085784
0.0033933934 	-0.017120648 	-1.7785165e-06 	-0.00053953071 	0.0098230666
0.0034054054 	-0.017120599 	-1.7672673e-06 	-0.00054654561 	0.0087882927
0.0034174174 	-0.01712055 	-1.7560182e-06 	-0.00055356052 	0.0077535189
0.0034294294 	-0.017120501 	-1.744769e-06 	-0.00056057542 	0.0067187451
0.0034414414 	-0.017120452 	-1.7335198e-06 	-0.00056759032 	0.0056839712
0.0034534535 	-0.017120402 	-1.7222707e-06 	-0.00057460522 	0.0046491974
0.0034654655 	-0.017120353 	-1.7110215e-06 	-0.00058162012 	0.0036144236
0.0034774775 	-0.017120304 	-1.6997723e-06 	-0.00058863503 	0.0025796497
0.0034894895 	-0.017120255 	-1.6885231e-06 	-0.00059564993 	0.0015448759
0.0035015015 	-0.017120206 	-1.677274e-06 	-0.00060266483 	0.00051010208
0.0035135135 	-0.017120157 	-1.6660248e-06 	-0.00060967973 	-0.00052467176
0.0035255255 	-0.017120108 	-1.6552834e-06 	-0.00061592531 	-0.0015100561
0.0035375375 	-0.017120061 	-1.648159e-06 	-0.00061669051 	-0.0021436076
0.0035495495 	-0.017120014 	-1.6410345e-06 	-0.00061745571 	-0.002777159
0.0035615616 	-0.017119967 	-1.6339101e-06 	-0.00061822091 	-0.0034107104
0.0035735736 	-0.01711992 	-1.6267857e-06 	-0.0006189861 	-0.0040442619
0.0035855856 	-0.017119873 	-1.6196613e-06 	-0.0006197513 	-0.0046778133
0.0035975976 	-0.017119826 	-1.6125368e-06 	-0.0006205165 	-0.0053113647
0.0036096096 	-0.017119779 	-1.6054124e-06 	-0.0006212817 	-0.0059449162
0.0036216216 	-0.017119732 	-1.598288e-06 	-0.0006220469 	-0.0065784676
0.0036336336 	-0.017119685 	-1.5911636e-06 	-0.00062281209 	-0.007212019
0.0036456456 	-0.017119638 	-1.5840391e-06 	-0.00062357729 	-0.0078455705
0.0036576577 	-0.017119591 	-1.5769147e-06 	-0.00062434249 	-0.0084791219
0.0036696697 	-0.017119544 	-1.5697903e-06 	-0.00062510769 	-0.0091126733
0.0036816817 	-0.017119497 	-1.5626659e-06 	-0.00062587289 	-0.0097462248
0.0036936937 	-0.01711945 	-1.5555414e-06 	-0.00062663808 	-0.010379776
0.0037057057 	-0.017119403 	-1.548417e-06 	-0.00062740328 	-0.011013328
0.0037177177 	-0.017119356 	-1.5412926e-06 	-0.00062816848 	-0.011646879
0.0037297297 	-0.017119306 	-1.53369e-06 	-0.0006286934 	-0.0122773
0.0037417417 	-0.017119257 	-1.5260533e-06 	-0.00062920118 	-0.012907498
0.0037537538 	-0.017119207 	-1.5184166e-06 	-0.00062970895 	-0.013537696
0.0037657658 	-0.017119157 	-1.5107799e-06 	-0.00063021673 	-0.014167895
0.0037777778 	-0.017119108 	-1.5031433e-06 	-0.00063072451 	-0.014798093
0.0037897898 	-0.017119058 	-1.4955066e-06 	-0.00063123229 	-0.015428291
0.0038018018 	-0.017119008 	-1.4878699e-06 	-0.00063174007 	-0.016058489
0.0038138138 	-0.017118959 	-1.4802332e-06 	-0.00063224785 	-0.016688687
0.0038258258 	-0.017118909 	-1.4725965e-06 	-0.00063275563 	-0.017318885
0.0038378378 	-0.017118859 	-1.4649598e-06 	-0.00063326341 	-0.017949083
0.0038498498 	-0.01711881 	-1.4573231e-06 	-0.00063377119 	-0.018579281
0.0038618619 	-0.01711876 	-1.4496865e-06 	-0.00063427897 	-0.019209479
0.0038738739 	-0.01711871 	-1.4420498e-06 	-0.00063478675 	-0.019839677
0.0038858859 	-0.01711866 	-1.4344131e-06 	-0.00063529453 	-0.020469875
0.0038978979 	-0.017118611 	-1.4267764e-06 	-0.00063580231 	-0.021100073
0.0039099099 	-0.017118561 	-1.4191397e-06 	-0.00063631009 	-0.021730271
0.0039219219 	-0.017118511 	-1.411503e-06 	-0.00063681787 	-0.022360469
0.0039339339 	-0.017118462 	-1.4039093e-06 	-0.00063716218 	-0.022975061
0.0039459459 	-0.017118419 	-1.3970466e-06 	-0.00063472415 	-0.023324026
0.003957958 	-0.017118376 	-1.3901838e-06 	-0.00063228612 	-0.023672991
0.00396997 	-0.017118333 	-1.3833211e-06 	-0.0006298481 	-0.024021956
0.003981982 	-0.01711829 	-1.3764584e-06 	-0.00062741007 	-0.024370921
0.003993994 	-0.017118247 	-1.3695957e-06 	-0.00062497204 	-0.024719887
0.004006006 	-0.017118204 	-1.362733e-06 	-0.00062253402 	-0.025068852
0.004018018 	-0.017118162 	-1.3558702e-06 	-0.00062009599 	-0.025417817
0.00403003 	-0.017118119 	-1.3490075e-06 	-0.00061765796 	-0.025766782
0.004042042 	-0.017118076 	-1.3421448e-06 	-0.00061521994 	-0.026115747
0.0040540541 	-0.017118033 	-1.3352821e-06 	-0.00061278191 	-0.026464712
0.0040660661 	-0.01711799 	-1.3284193e-06 	-0.00061034388 	-0.026813677
0.0040780781 	-0.017117947 	-1.3215566e-06 	-0.00060790586 	-0.027162643
0.0040900901 	-0.017117904 	-1.3146939e-06 	-0.00060546783 	-0.027511608
0.0041021021 	-0.017117861 	-1.3078312e-06 	-0.0006030298 	-0.027860573
0.0041141141 	-0.017117816 	-1.3009262e-06 	-0.00060024663 	-0.028207221
0.0041261261 	-0.017117771 	-1.2940096e-06 	-0.0005973677 	-0.028553226
0.0041381381 	-0.017117725 	-1.287093e-06 	-0.00059448877 	-0.028899231
0.0041501502 	-0.017117679 	-1.2801763e-06 	-0.00059160984 	-0.029245236
0.0041621622 	-0.017117634 	-1.2732597e-06 	-0.00058873091 	-0.029591241
0.0041741742 	-0.017117588 	-1.2663431e-06 	-0.00058585199 	-0.029937246
0.0041861862 	-0.017117543 	-1.2594264e-06 	-0.00058297306 	-0.030283251
0.0041981982 	-0.017117497 	-1.2525098e-06 	-0.00058009413 	-0.030629256
0.0042102102 	-0.017117452 	-1.2455932e-06 	-0.0005772152 	-0.030975261
0.0042222222 	-0.017117406 	-1.2386765e-06 	-0.00057433627 	-0.031321266
0.0042342342 	-0.017117361 	-1.2317599e-06 	-0.00057145735 	-0.031667271
0.0042462462 	-0.017117315 	-1.2248433e-06 	-0.00056857842 	-0.032013276
0.0042582583 	-0.01711727 	-1.2179266e-06 	-0.00056569949 	-0.032359281
0.0042702703 	-0.017117224 	-1.21101e-06 	-0.00056282056 	-0.032705286
0.0042822823 	-0.017117178 	-1.2040934e-06 	-0.00055994163 	-0.033051291
0.0042942943 	-0.017117133 	-1.19716e-06 	-0.00055703444 	-0.033392611
0.0043063063 	-0.017117101 	-1.1894752e-06 	-0.00055285831 	-0.033523605
0.0043183183 	-0.017117068 	-1.1817904e-06 	-0.00054868219 	-0.033654598
0.0043303303 	-0.017117035 	-1.1741056e-06 	-0.00054450607 	-0.033785592
0.0043423423 	-0.017117003 	-1.1664209e-06 	-0.00054032994 	-0.033916585
0.0043543544 	-0.01711697 	-1.1587361e-06 	-0.00053615382 	-0.034047579
0.0043663664 	-0.017116937 	-1.1510513e-06 	-0.00053197769 	-0.034178573
0.0043783784 	-0.017116905 	-1.1433665e-06 	-0.00052780157 	-0.034309566
0.0043903904 	-0.017116872 	-1.1356817e-06 	-0.00052362544 	-0.03444056
0.0044024024 	-0.017116839 	-1.1279969e-06 	-0.00051944932 	-0.034571554
0.0044144144 	-0.017116807 	-1.1203122e-06 	-0.0005152732 	-0.034702547
0.0044264264 	-0.017116774 	-1.1126274e-06 	-0.00051109707 	-0.034833541
0.0044384384 	-0.017116742 	-1.1049426e-06 	-0.00050692095 	-0.034964535
0.0044504505 	-0.017116708 	-1.0973769e-06 	-0.00050251669 	-0.035095153
0.0044624625 	-0.017116673 	-1.0899633e-06 	-0.00049782107 	-0.035225292
0.0044744745 	-0.017116639 	-1.0825496e-06 	-0.00049312544 	-0.035355432
0.0044864865 	-0.017116604 	-1.075136e-06 	-0.00048842982 	-0.035485571
0.0044984985 	-0.01711657 	-1.0677224e-06 	-0.00048373419 	-0.03561571
0.0045105105 	-0.017116535 	-1.0603088e-06 	-0.00047903857 	-0.03574585
0.0045225225 	-0.017116501 	-1.0528951e-06 	-0.00047434294 	-0.035875989
0.0045345345 	-0.017116466 	-1.0454815e-06 	-0.00046964732 	-0.036006128
0.0045465465 	-0.017116431 	-1.0380679e-06 	-0.00046495169 	-0.036136268
0.0045585586 	-0.017116397 	-1.0306543e-06 	-0.00046025606 	-0.036266407
0.0045705706 	-0.017116362 	-1.0232406e-06 	-0.00045556044 	-0.036396546
0.0045825826 	-0.017116328 	-1.015827e-06 	-0.00045086481 	-0.036526685
0.0045945946 	-0.017116293 	-1.0084134e-06 	-0.00044616919 	-0.036656825
0.0046066066 	-0.017116259 	-1.0009998e-06 	-0.00044147356 	-0.036786964
0.0046186186 	-0.017116232 	-9.9294252e-07 	-0.00043667531 	-0.036822851
0.0046306306 	-0.017116212 	-9.8434649e-07 	-0.00043179114 	-0.03677984
0.0046426426 	-0.017116192 	-9.7575046e-07 	-0.00042690698 	-0.036736829
0.0046546547 	-0.017116172 	-9.6715443e-07 	-0.00042202281 	-0.036693819
0.0046666667 	-0.017116152 	-9.5855839e-07 	-0.00041713865 	-0.036650808
0.0046786787 	-0.017116132 	-9.4996236e-07 	-0.00041225449 	-0.036607797
0.0046906907 	-0.017116112 	-9.4136633e-07 	-0.00040737032 	-0.036564786
0.0047027027 	-0.017116092 	-9.327703e-07 	-0.00040248616 	-0.036521775
0.0047147147 	-0.017116072 	-9.2417427e-07 	-0.00039760199 	-0.036478765
0.0047267267 	-0.017116052 	-9.1557824e-07 	-0.00039271783 	-0.036435754
0.0047387387 	-0.017116032 	-9.0698221e-07 	-0.00038783366 	-0.036392743
0.0047507508 	-0.017116012 	-8.9861031e-07 	-0.00038271206 	-0.036350502
0.0047627628 	-0.017115991 	-8.9051061e-07 	-0.00037730211 	-0.036309197
0.0047747748 	-0.01711597 	-8.8241091e-07 	-0.00037189215 	-0.036267891
0.0047867868 	-0.017115949 	-8.7431121e-07 	-0.00036648219 	-0.036226586
0.0047987988 	-0.017115928 	-8.6621151e-07 	-0.00036107224 	-0.03618528
0.0048108108 	-0.017115907 	-8.5811181e-07 	-0.00035566228 	-0.036143975
0.0048228228 	-0.017115886 	-8.5001211e-07 	-0.00035025233 	-0.036102669
0.0048348348 	-0.017115865 	-8.4191242e-07 	-0.00034484237 	-0.036061364
0.0048468468 	-0.017115844 	-8.3381272e-07 	-0.00033943241 	-0.036020058
0.0048588589 	-0.017115823 	-8.2571302e-07 	-0.00033402246 	-0.035978753
0.0048708709 	-0.017115802 	-8.1761332e-07 	-0.0003286125 	-0.035937447
0.0048828829 	-0.017115781 	-8.0951362e-07 	-0.00032320254 	-0.035896142
0.0048948949 	-0.017115763 	-8.0118942e-07 	-0.00031789894 	-0.035825796
0.0049069069 	-0.017115755 	-7.9197862e-07 	-0.00031301537 	-0.035640763
0.0049189189 	-0.017115747 	-7.8276782e-07 	-0.0003081318 	-0.035455731
0.0049309309 	-0.017115739 	-7.7355702e-07 	-0.00030324823 	-0.035270698
0.0049429429 	-0.017115731 	-7.6434622e-07 	-0.00029836466 	-0.035085666
0.004954955 	-0.017115723 	-7.5513542e-07 	-0.00029348109 	-0.034900633
0.004966967 	-0.017115715 	-7.4592462e-07 	-0.00028859752 	-0.0347156
0.004978979 	-0.017115707 	-7.3671382e-07 	-0.00028371395 	-0.034530568
0.004990991 	-0.017115699 	-7.2750301e-07 	-0.00027883038 	-0.034345535
0.005003003 	-0.017115691 	-7.1829221e-07 	-0.0002739468 	-0.034160503
0.005015015 	-0.017115683 	-7.0935891e-07 	-0.00026885814 	-0.033977289
0.005027027 	-0.017115675 	-7.008045e-07 	-0.00026348946 	-0.033796558
0.005039039 	-0.017115667 	-6.9225009e-07 	-0.00025812077 	-0.033615827
0.0050510511 	-0.017115659 	-6.8369568e-07 	-0.00025275209 	-0.033435097
0.0050630631 	-0.017115651 	-6.7514127e-07 	-0.00024738341 	-0.033254366
0.0050750751 	-0.017115643 	-6.6658685e-07 	-0.00024201472 	-0.033073635
0.0050870871 	-0.017115635 	-6.5803244e-07 	-0.00023664604 	-0.032892905
0.0050990991 	-0.017115626 	-6.4947803e-07 	-0.00023127736 	-0.032712174
0.0051111111 	-0.017115618 	-6.4092362e-07 	-0.00022590867 	-0.032531444
0.0051231231 	-0.01711561 	-6.3236921e-07 	-0.00022053999 	-0.032350713
0.0051351351 	-0.017115602 	-6.2381479e-07 	-0.00021517131 	-0.032169982
0.0051471471 	-0.0171156 	-6.1469452e-07 	-0.00021039744 	-0.031913322
0.0051591592 	-0.017115603 	-6.0523285e-07 	-0.00020598246 	-0.031610851
0.0051711712 	-0.017115605 	-5.9577117e-07 	-0.00020156747 	-0.031308379
0.0051831832 	-0.017115607 	-5.8630949e-07 	-0.00019715249 	-0.031005908
0.0051951952 	-0.017115609 	-5.7684781e-07 	-0.0001927375 	-0.030703436
0.0052072072 	-0.017115611 	-5.6738614e-07 	-0.00018832252 	-0.030400964
0.0052192192 	-0.017115614 	-5.5792446e-07 	-0.00018390753 	-0.030098493
0.0052312312 	-0.017115616 	-5.4846278e-07 	-0.00017949255 	-0.029796021
0.0052432432 	-0.017115618 	-5.3900293e-07 	-0.00017507658 	-0.029493566
0.0052552553 	-0.017115621 	-5.3031637e-07 	-0.00017024524 	-0.029197883
0.0052672673 	-0.017115623 	-5.2162981e-07 	-0.00016541391 	-0.0289022
0.0052792793 	-0.017115626 	-5.1294325e-07 	-0.00016058257 	-0.028606517
0.0052912913 	-0.017115629 	-5.0425668e-07 	-0.00015575123 	-0.028310834
0.0053033033 	-0.017115632 	-4.9557012e-07 	-0.0001509199 	-0.028015152
0.0053153153 	-0.017115635 	-4.8688356e-07 	-0.00014608856 	-0.027719469
0.0053273273 	-0.017115638 	-4.7819699e-07 	-0.00014125722 	-0.027423786
0.0053393393 	-0.01711564 	-4.6951043e-07 	-0.00013642588 	-0.027128103
0.0053513514 	-0.017115643 	-4.6082387e-07 	-0.00013159455 	-0.02683242
0.0053633634 	-0.01711565 	-4.5178754e-07 	-0.00012733482 	-0.026486207
0.0053753754 	-0.01711566 	-4.4237532e-07 	-0.0001236894 	-0.026085689
0.0053873874 	-0.017115671 	-4.329631e-07 	-0.00012004398 	-0.025685171
0.0053993994 	-0.017115682 	-4.2355088e-07 	-0.00011639857 	-0.025284653
0.0054114114 	-0.017115692 	-4.1413866e-07 	-0.00011275315 	-0.024884134
0.0054234234 	-0.017115703 	-4.0472644e-07 	-0.00010910773 	-0.024483616
0.0054354354 	-0.017115713 	-3.9531422e-07 	-0.00010546232 	-0.024083098
0.0054474474 	-0.017115724 	-3.85902e-07 	-0.0001018169 	-0.02368258
0.0054594595 	-0.017115736 	-3.7725335e-07 	-9.787911e-05 	-0.023290088
0.0054714715 	-0.017115748 	-3.6870734e-07 	-9.3902017e-05 	-0.022898676
0.0054834835 	-0.017115759 	-3.6016133e-07 	-8.9924925e-05 	-0.022507263
0.0054954955 	-0.017115771 	-3.5161532e-07 	-8.5947832e-05 	-0.022115851
0.0055075075 	-0.017115783 	-3.4306932e-07 	-8.1970739e-05 	-0.021724438
0.0055195195 	-0.017115795 	-3.3452331e-07 	-7.7993647e-05 	-0.021333026
0.0055315315 	-0.017115807 	-3.259773e-07 	-7.4016554e-05 	-0.020941613
0.0055435435 	-0.017115818 	-3.1743129e-07 	-7.0039461e-05 	-0.020550201
0.0055555556 	-0.017115833 	-3.0858533e-07 	-6.6695907e-05 	-0.020114008
0.0055675676 	-0.017115851 	-2.9942521e-07 	-6.4015902e-05 	-0.019630914
0.0055795796 	-0.017115869 	-2.9026509e-07 	-6.1335897e-05 	-0.01914782
0.0055915916 	-0.017115887 	-2.8110497e-07 	-5.8655892e-05 	-0.018664726
0.0056036036 	-0.017115905 	-2.7194486e-07 	-5.5975887e-05 	-0.018181632
0.0056156156 	-0.017115923 	-2.6278474e-07 	-5.3295882e-05 	-0.017698538
0.0056276276 	-0.017115941 	-2.5362462e-07 	-5.0615876e-05 	-0.017215444
0.0056396396 	-0.01711596 	-2.4520282e-07 	-4.774834e-05 	-0.016741194
0.0056516517 	-0.017115979 	-2.3697978e-07 	-4.4830323e-05 	-0.016269324
0.0056636637 	-0.017115999 	-2.2875673e-07 	-4.1912306e-05 	-0.015797454
0.0056756757 	-0.017116019 	-2.2053368e-07 	-3.8994289e-05 	-0.015325584
0.0056876877 	-0.017116038 	-2.1231063e-07 	-3.6076272e-05 	-0.014853714
0.0056996997 	-0.017116058 	-2.0408758e-07 	-3.3158255e-05 	-0.014381844
0.0057117117 	-0.017116077 	-1.9586453e-07 	-3.0240237e-05 	-0.013909974
0.0057237237 	-0.017116098 	-1.8741868e-07 	-2.7825239e-05 	-0.013406475
0.0057357357 	-0.01711612 	-1.7862236e-07 	-2.6201509e-05 	-0.012853221
0.0057477477 	-0.017116142 	-1.6982604e-07 	-2.4577778e-05 	-0.012299968
0.0057597598 	-0.017116164 	-1.6102972e-07 	-2.2954047e-05 	-0.011746715
0.0057717718 	-0.017116186 	-1.522334e-07 	-2.1330316e-05 	-0.011193461
0.0057837838 	-0.017116208 	-1.4343708e-07 	-1.9706586e-05 	-0.010640208
0.0057957958 	-0.017116231 	-1.351182e-07 	-1.8014264e-05 	-0.010093277
0.0058078078 	-0.017116255 	-1.2731338e-07 	-1.6248087e-05 	-0.0095531537
0.0058198198 	-0.017116279 	-1.1950857e-07 	-1.448191e-05 	-0.0090130304
0.0058318318 	-0.017116303 	-1.1170375e-07 	-1.2715733e-05 	-0.008472907
0.0058438438 	-0.017116327 	-1.0389894e-07 	-1.0949556e-05 	-0.0079327837
0.0058558559 	-0.017116351 	-9.6094124e-08 	-9.1833786e-06 	-0.0073926604
0.0058678679 	-0.017116375 	-8.828931e-08 	-7.4172016e-06 	-0.0068525371
0.0058798799 	-0.017116393 	-7.9739397e-08 	-6.7302951e-06 	-0.0062250461
0.0058918919 	-0.01711641 	-7.1157141e-08 	-6.0902376e-06 	-0.0055937627
0.0059039039 	-0.017116428 	-6.2574885e-08 	-5.4501801e-06 	-0.0049624793
0.0059159159 	-0.017116445 	-5.3992628e-08 	-4.8101226e-06 	-0.0043311959
0.0059279279 	-0.017116462 	-4.5410372e-08 	-4.1700651e-06 	-0.0036999125
0.0059399399 	-0.01711648 	-3.7622243e-08 	-3.4869643e-06 	-0.0030800894
0.005951952 	-0.017116498 	-3.0097794e-08 	-2.7895714e-06 	-0.0024640715
0.005963964 	-0.017116515 	-2.2573346e-08 	-2.0921786e-06 	-0.0018480536
0.005975976 	-0.017116533 	-1.5048897e-08 	-1.3947857e-06 	-0.0012320357
0.005987988 	-0.017116551 	-7.5244485e-09 	-6.9739286e-07 	-0.00061601787
0.006 	-0.017116569 	-5.4332436e-20 	-5.0357249e-18 	-4.4481335e-15
