-0.002 	0.0051890985 	0 	0 	0
-0.001995996 	0.0051890912 	-4.1512973e-11 	3.5589955e-07 	0.0036239647
-0.001991992 	0.0051890838 	-8.3025946e-11 	7.1179909e-07 	0.0072479294
-0.001987988 	0.0051890764 	-1.2453892e-10 	1.0676986e-06 	0.010871894
-0.001983984 	0.0051890691 	-1.6605189e-10 	1.4235982e-06 	0.014495859
-0.00197998 	0.0051890617 	-2.0756487e-10 	1.7794977e-06 	0.018119823
-0.001975976 	0.0051890544 	-2.4907784e-10 	2.1353973e-06 	0.021743788
-0.001971972 	0.005189047 	-2.9059081e-10 	2.4912968e-06 	0.025367753
-0.001967968 	0.0051890396 	-3.3210378e-10 	2.8471964e-06 	0.028991717
-0.001963964 	0.0051890323 	-3.7361676e-10 	3.2030959e-06 	0.032615682
-0.00195996 	0.0051890249 	-4.1512973e-10 	3.5589955e-06 	0.036239647
-0.001955956 	0.0051890176 	-4.5940544e-10 	3.9135547e-06 	0.039862609
-0.001951952 	0.0051890109 	-5.2561358e-10 	4.2574742e-06 	0.043477614
-0.0019479479 	0.0051890042 	-5.9182171e-10 	4.6013937e-06 	0.047092619
-0.0019439439 	0.005189006 	-6.4252746e-10 	5.2052106e-06 	0.050621966
-0.0019399399 	0.0051890206 	-6.7008108e-10 	6.1971728e-06 	0.054023387
-0.0019359359 	0.0051890351 	-6.9763471e-10 	7.189135e-06 	0.057424808
-0.0019319319 	0.0051890497 	-7.2518833e-10 	8.1810973e-06 	0.060826229
-0.0019279279 	0.0051890642 	-7.5274196e-10 	9.1730595e-06 	0.06422765
-0.0019239239 	0.0051890787 	-7.8029558e-10 	1.0165022e-05 	0.067629071
-0.0019199199 	0.0051890933 	-8.078492e-10 	1.1156984e-05 	0.071030492
-0.0019159159 	0.0051891078 	-8.3540283e-10 	1.2148946e-05 	0.074431913
-0.0019119119 	0.0051891224 	-8.6295645e-10 	1.3140908e-05 	0.077833335
-0.0019079079 	0.0051891369 	-8.9051008e-10 	1.4132871e-05 	0.081234756
-0.0019039039 	0.0051891515 	-9.180637e-10 	1.5124833e-05 	0.084636177
-0.0018998999 	0.005189166 	-9.4561733e-10 	1.6116795e-05 	0.088037598
-0.0018958959 	0.0051891806 	-9.7399947e-10 	1.710694e-05 	0.091438625
-0.0018918919 	0.0051891948 	-1.0179555e-09 	1.8062921e-05 	0.094832249
-0.0018878879 	0.0051892091 	-1.0619115e-09 	1.9018902e-05 	0.098225874
-0.0018838839 	0.0051892234 	-1.1058675e-09 	1.9974884e-05 	0.1016195
-0.0018798799 	0.0051892348 	-1.121986e-09 	2.1683052e-05 	0.10488109
-0.0018758759 	0.0051892462 	-1.137408e-09 	2.341004e-05 	0.10813937
-0.0018718719 	0.0051892575 	-1.1528299e-09 	2.5137028e-05 	0.11139765
-0.0018678679 	0.0051892689 	-1.1682519e-09 	2.6864016e-05 	0.11465594
-0.0018638639 	0.0051892802 	-1.1836739e-09 	2.8591004e-05 	0.11791422
-0.0018598599 	0.0051892916 	-1.1990959e-09 	3.0317993e-05 	0.12117251
-0.0018558559 	0.005189303 	-1.2145178e-09 	3.2044981e-05 	0.12443079
-0.0018518519 	0.0051893143 	-1.2299398e-09 	3.3771969e-05 	0.12768907
-0.0018478478 	0.0051893257 	-1.2453618e-09 	3.5498957e-05 	0.13094736
-0.0018438438 	0.005189337 	-1.2607837e-09 	3.7225945e-05 	0.13420564
-0.0018398398 	0.0051893484 	-1.2762057e-09 	3.8952934e-05 	0.13746393
-0.0018358358 	0.0051893597 	-1.2916277e-09 	4.0679922e-05 	0.14072221
-0.0018318318 	0.0051893711 	-1.3070496e-09 	4.240691e-05 	0.14398049
-0.0018278278 	0.0051893824 	-1.3224716e-09 	4.4133898e-05 	0.14723878
-0.0018238238 	0.0051893936 	-1.346761e-09 	4.5799407e-05 	0.15049053
-0.0018198198 	0.0051894047 	-1.3713604e-09 	4.7462767e-05 	0.15374206
-0.0018158158 	0.0051894159 	-1.3959598e-09 	4.9126126e-05 	0.15699359
-0.0018118118 	0.0051894244 	-1.4115277e-09 	5.1180554e-05 	0.16016917
-0.0018078078 	0.0051894301 	-1.4172447e-09 	5.3661538e-05 	0.16326192
-0.0018038038 	0.0051894358 	-1.4229617e-09 	5.6142523e-05 	0.16635467
-0.0017997998 	0.0051894415 	-1.4286786e-09 	5.8623507e-05 	0.16944741
-0.0017957958 	0.0051894471 	-1.4343956e-09 	6.1104491e-05 	0.17254016
-0.0017917918 	0.0051894528 	-1.4401125e-09 	6.3585475e-05 	0.17563291
-0.0017877878 	0.0051894585 	-1.4458295e-09 	6.606646e-05 	0.17872565
-0.0017837838 	0.0051894642 	-1.4515465e-09 	6.8547444e-05 	0.1818184
-0.0017797798 	0.0051894698 	-1.4572634e-09 	7.1028428e-05 	0.18491115
-0.0017757758 	0.0051894755 	-1.4629804e-09 	7.3509412e-05 	0.18800389
-0.0017717718 	0.0051894812 	-1.4686973e-09 	7.5990397e-05 	0.19109664
-0.0017677678 	0.0051894869 	-1.4744143e-09 	7.8471381e-05 	0.19418939
-0.0017637638 	0.0051894925 	-1.4801312e-09 	8.0952365e-05 	0.19728213
-0.0017597598 	0.0051894982 	-1.4858482e-09 	8.3433349e-05 	0.20037488
-0.0017557558 	0.0051895039 	-1.4915652e-09 	8.5914334e-05 	0.20346763
-0.0017517518 	0.0051895096 	-1.4972821e-09 	8.8395318e-05 	0.20656037
-0.0017477477 	0.0051895152 	-1.5049962e-09 	9.0822304e-05 	0.20964991
-0.0017437437 	0.0051895208 	-1.5141136e-09 	9.3211344e-05 	0.21273719
-0.0017397397 	0.0051895264 	-1.5232311e-09 	9.5600385e-05 	0.21582447
-0.0017357357 	0.005189532 	-1.5323486e-09 	9.7989425e-05 	0.21891175
-0.0017317317 	0.0051895349 	-1.5353921e-09 	0.00010089578 	0.22188094
-0.0017277277 	0.0051895362 	-1.534882e-09 	0.00010410478 	0.22478105
-0.0017237237 	0.0051895375 	-1.5343719e-09 	0.00010731378 	0.22768116
-0.0017197197 	0.0051895387 	-1.5338619e-09 	0.00011052278 	0.23058128
-0.0017157157 	0.00518954 	-1.5333518e-09 	0.00011373179 	0.23348139
-0.0017117117 	0.0051895413 	-1.5328418e-09 	0.00011694079 	0.2363815
-0.0017077077 	0.0051895426 	-1.5323317e-09 	0.00012014979 	0.23928161
-0.0017037037 	0.0051895438 	-1.5318217e-09 	0.00012335879 	0.24218172
-0.0016996997 	0.0051895451 	-1.5313116e-09 	0.00012656779 	0.24508183
-0.0016956957 	0.0051895464 	-1.5308016e-09 	0.00012977679 	0.24798194
-0.0016916917 	0.0051895476 	-1.5302915e-09 	0.0001329858 	0.25088205
-0.0016876877 	0.0051895489 	-1.5297815e-09 	0.0001361948 	0.25378216
-0.0016836837 	0.0051895502 	-1.5292714e-09 	0.0001394038 	0.25668227
-0.0016796797 	0.0051895515 	-1.5287614e-09 	0.0001426128 	0.25958238
-0.0016756757 	0.0051895527 	-1.5282513e-09 	0.0001458218 	0.26248249
-0.0016716717 	0.005189554 	-1.5277413e-09 	0.00014903081 	0.2653826
-0.0016676677 	0.0051895553 	-1.5272312e-09 	0.00015223981 	0.26828271
-0.0016636637 	0.0051895566 	-1.5267212e-09 	0.00015544881 	0.27118282
-0.0016596597 	0.0051895578 	-1.5260184e-09 	0.00015858574 	0.27408061
-0.0016556557 	0.0051895591 	-1.52519e-09 	0.00016167572 	0.27697688
-0.0016516517 	0.0051895603 	-1.5243616e-09 	0.0001647657 	0.27987315
-0.0016476476 	0.0051895616 	-1.5235333e-09 	0.00016785568 	0.28276941
-0.0016436436 	0.0051895625 	-1.5224067e-09 	0.00017103638 	0.28563962
-0.0016396396 	0.0051895608 	-1.5190456e-09 	0.00017489677 	0.28831453
-0.0016356356 	0.0051895591 	-1.5156845e-09 	0.00017875716 	0.29098944
-0.0016316316 	0.0051895574 	-1.5123233e-09 	0.00018261755 	0.29366434
-0.0016276276 	0.0051895557 	-1.5089622e-09 	0.00018647794 	0.29633925
-0.0016236236 	0.005189554 	-1.5056011e-09 	0.00019033833 	0.29901416
-0.0016196196 	0.0051895524 	-1.50224e-09 	0.00019419872 	0.30168907
-0.0016156156 	0.0051895507 	-1.4988789e-09 	0.00019805911 	0.30436398
-0.0016116116 	0.005189549 	-1.4955178e-09 	0.0002019195 	0.30703889
-0.0016076076 	0.0051895473 	-1.4921567e-09 	0.00020577988 	0.3097138
-0.0016036036 	0.0051895456 	-1.4887956e-09 	0.00020964027 	0.31238871
-0.0015995996 	0.0051895439 	-1.4854345e-09 	0.00021350066 	0.31506361
-0.0015955956 	0.0051895422 	-1.4820734e-09 	0.00021736105 	0.31773852
-0.0015915916 	0.0051895405 	-1.4787123e-09 	0.00022122144 	0.32041343
-0.0015875876 	0.0051895388 	-1.4753511e-09 	0.00022508183 	0.32308834
-0.0015835836 	0.0051895371 	-1.47199e-09 	0.00022894222 	0.32576325
-0.0015795796 	0.0051895354 	-1.4686289e-09 	0.00023280261 	0.32843816
-0.0015755756 	0.0051895338 	-1.4652678e-09 	0.000236663 	0.33111307
-0.0015715716 	0.0051895321 	-1.4619067e-09 	0.00024052339 	0.33378798
-0.0015675676 	0.0051895304 	-1.4585456e-09 	0.00024438378 	0.33646288
-0.0015635636 	0.0051895287 	-1.4551845e-09 	0.00024824417 	0.33913779
-0.0015595596 	0.005189527 	-1.4504686e-09 	0.0002520089 	0.3418115
-0.0015555556 	0.0051895252 	-1.4450896e-09 	0.0002557268 	0.34448463
-0.0015515516 	0.0051895234 	-1.4397105e-09 	0.00025944471 	0.34715776
-0.0015475475 	0.0051895217 	-1.4343315e-09 	0.00026316261 	0.34983088
-0.0015435435 	0.0051895199 	-1.4289525e-09 	0.00026688051 	0.35250401
-0.0015395395 	0.0051895176 	-1.4244989e-09 	0.00027095872 	0.35502517
-0.0015355355 	0.005189515 	-1.4207134e-09 	0.00027529698 	0.35743666
-0.0015315315 	0.0051895123 	-1.4169278e-09 	0.00027963524 	0.35984814
-0.0015275275 	0.0051895097 	-1.4131423e-09 	0.0002839735 	0.36225962
-0.0015235235 	0.005189507 	-1.4093567e-09 	0.00028831176 	0.36467111
-0.0015195195 	0.0051895043 	-1.4055712e-09 	0.00029265002 	0.36708259
-0.0015155155 	0.0051895017 	-1.4017856e-09 	0.00029698828 	0.36949407
-0.0015115115 	0.005189499 	-1.3980001e-09 	0.00030132654 	0.37190556
-0.0015075075 	0.0051894964 	-1.3942145e-09 	0.0003056648 	0.37431704
-0.0015035035 	0.0051894937 	-1.390429e-09 	0.00031000306 	0.37672852
-0.0014994995 	0.005189491 	-1.3866434e-09 	0.00031434132 	0.37914001
-0.0014954955 	0.0051894884 	-1.3828579e-09 	0.00031867957 	0.38155149
-0.0014914915 	0.0051894857 	-1.3790723e-09 	0.00032301783 	0.38396297
-0.0014874875 	0.005189483 	-1.3752868e-09 	0.00032735609 	0.38637446
-0.0014834835 	0.0051894804 	-1.3715012e-09 	0.00033169435 	0.38878594
-0.0014794795 	0.0051894777 	-1.3677157e-09 	0.00033603261 	0.39119742
-0.0014754755 	0.0051894751 	-1.3639301e-09 	0.00034037087 	0.39360891
-0.0014714715 	0.0051894724 	-1.3601446e-09 	0.00034470913 	0.39602039
-0.0014674675 	0.0051894697 	-1.356359e-09 	0.00034904739 	0.39843187
-0.0014634635 	0.0051894671 	-1.3525735e-09 	0.00035338565 	0.40084336
-0.0014594595 	0.0051894644 	-1.3487879e-09 	0.00035772391 	0.40325484
-0.0014554555 	0.0051894617 	-1.3450024e-09 	0.00036206217 	0.40566632
-0.0014514515 	0.0051894591 	-1.3412168e-09 	0.00036640043 	0.40807781
-0.0014474474 	0.0051894563 	-1.3365655e-09 	0.00037067737 	0.41048959
-0.0014434434 	0.0051894534 	-1.3305496e-09 	0.00037485768 	0.41290187
-0.0014394394 	0.0051894505 	-1.3245337e-09 	0.00037903798 	0.41531414
-0.0014354354 	0.0051894476 	-1.3185179e-09 	0.00038321828 	0.41772641
-0.0014314314 	0.0051894447 	-1.312502e-09 	0.00038739859 	0.42013868
-0.0014274274 	0.0051894418 	-1.3064862e-09 	0.00039157889 	0.42255095
-0.0014234234 	0.0051894402 	-1.3023388e-09 	0.00039595123 	0.42477489
-0.0014194194 	0.0051894394 	-1.2993666e-09 	0.00040044433 	0.42688038
-0.0014154154 	0.0051894385 	-1.2963943e-09 	0.00040493743 	0.42898588
-0.0014114114 	0.0051894377 	-1.2934221e-09 	0.00040943053 	0.43109138
-0.0014074074 	0.0051894369 	-1.2904498e-09 	0.00041392363 	0.43319688
-0.0014034034 	0.0051894361 	-1.2874776e-09 	0.00041841673 	0.43530238
-0.0013993994 	0.0051894353 	-1.2845053e-09 	0.00042290983 	0.43740788
-0.0013953954 	0.0051894345 	-1.2815331e-09 	0.00042740293 	0.43951338
-0.0013913914 	0.0051894336 	-1.2785608e-09 	0.00043189603 	0.44161888
-0.0013873874 	0.0051894328 	-1.2755886e-09 	0.00043638913 	0.44372438
-0.0013833834 	0.005189432 	-1.2726163e-09 	0.00044088223 	0.44582988
-0.0013793794 	0.0051894312 	-1.2696441e-09 	0.00044537533 	0.44793538
-0.0013753754 	0.0051894304 	-1.2666718e-09 	0.00044986843 	0.45004088
-0.0013713714 	0.0051894295 	-1.2636996e-09 	0.00045436153 	0.45214638
-0.0013673674 	0.0051894287 	-1.2607273e-09 	0.00045885463 	0.45425188
-0.0013633634 	0.0051894279 	-1.2577551e-09 	0.00046334773 	0.45635738
-0.0013593594 	0.0051894271 	-1.2547828e-09 	0.00046784083 	0.45846288
-0.0013553554 	0.0051894263 	-1.2518106e-09 	0.00047233393 	0.46056838
-0.0013513514 	0.0051894255 	-1.2488383e-09 	0.00047682703 	0.46267388
-0.0013473473 	0.0051894246 	-1.245866e-09 	0.00048132013 	0.46477938
-0.0013433433 	0.0051894238 	-1.2428938e-09 	0.00048581323 	0.46688488
-0.0013393393 	0.005189423 	-1.2399215e-09 	0.00049030633 	0.46899038
-0.0013353353 	0.0051894222 	-1.2369493e-09 	0.00049479943 	0.47109588
-0.0013313313 	0.0051894214 	-1.233977e-09 	0.00049929253 	0.47320138
-0.0013273273 	0.0051894206 	-1.2310048e-09 	0.00050378563 	0.47530688
-0.0013233233 	0.0051894197 	-1.2280325e-09 	0.00050827874 	0.47741238
-0.0013193193 	0.0051894187 	-1.224517e-09 	0.00051272318 	0.47951905
-0.0013153153 	0.0051894173 	-1.2197706e-09 	0.00051705739 	0.4816284
-0.0013113113 	0.0051894159 	-1.2150243e-09 	0.00052139161 	0.48373775
-0.0013073073 	0.0051894145 	-1.210278e-09 	0.00052572583 	0.4858471
-0.0013033033 	0.0051894131 	-1.2055317e-09 	0.00053006005 	0.48795645
-0.0012992993 	0.0051894117 	-1.2007854e-09 	0.00053439427 	0.4900658
-0.0012952953 	0.0051894103 	-1.1960391e-09 	0.00053872848 	0.49217515
-0.0012912913 	0.0051894133 	-1.193486e-09 	0.00054290772 	0.49401794
-0.0012872873 	0.0051894176 	-1.1916393e-09 	0.00054703705 	0.49577489
-0.0012832833 	0.0051894219 	-1.1897925e-09 	0.00055116639 	0.49753184
-0.0012792793 	0.0051894262 	-1.1879458e-09 	0.00055529572 	0.49928879
-0.0012752753 	0.0051894305 	-1.186099e-09 	0.00055942505 	0.50104575
-0.0012712713 	0.0051894349 	-1.1842523e-09 	0.00056355438 	0.5028027
-0.0012672673 	0.0051894392 	-1.1824055e-09 	0.00056768371 	0.50455965
-0.0012632633 	0.0051894435 	-1.1805588e-09 	0.00057181305 	0.5063166
-0.0012592593 	0.0051894478 	-1.178712e-09 	0.00057594238 	0.50807356
-0.0012552553 	0.0051894521 	-1.1768653e-09 	0.00058007171 	0.50983051
-0.0012512513 	0.0051894565 	-1.1750185e-09 	0.00058420104 	0.51158746
-0.0012472472 	0.0051894608 	-1.1731718e-09 	0.00058833037 	0.51334441
-0.0012432432 	0.0051894651 	-1.171325e-09 	0.00059245971 	0.51510136
-0.0012392392 	0.0051894694 	-1.1694783e-09 	0.00059658904 	0.51685832
-0.0012352352 	0.0051894737 	-1.1676315e-09 	0.00060071837 	0.51861527
-0.0012312312 	0.0051894781 	-1.1657848e-09 	0.0006048477 	0.52037222
-0.0012272272 	0.0051894824 	-1.163938e-09 	0.00060897703 	0.52212917
-0.0012232232 	0.0051894867 	-1.1620913e-09 	0.00061310637 	0.52388613
-0.0012192192 	0.005189491 	-1.1602445e-09 	0.0006172357 	0.52564308
-0.0012152152 	0.0051894954 	-1.1583978e-09 	0.00062136503 	0.52740003
-0.0012112112 	0.0051894997 	-1.156551e-09 	0.00062549436 	0.52915698
-0.0012072072 	0.005189504 	-1.1547043e-09 	0.00062962369 	0.53091393
-0.0012032032 	0.0051895083 	-1.1528575e-09 	0.00063375303 	0.53267089
-0.0011991992 	0.0051895126 	-1.1510108e-09 	0.00063788236 	0.53442784
-0.0011951952 	0.005189517 	-1.149164e-09 	0.00064201169 	0.53618479
-0.0011911912 	0.0051895213 	-1.1473173e-09 	0.00064614102 	0.53794174
-0.0011871872 	0.0051895256 	-1.1454705e-09 	0.00065027035 	0.5396987
-0.0011831832 	0.0051895299 	-1.1436238e-09 	0.00065439969 	0.54145565
-0.0011791792 	0.0051895342 	-1.141777e-09 	0.00065852902 	0.5432126
-0.0011751752 	0.0051895386 	-1.1399303e-09 	0.00066265835 	0.54496955
-0.0011711712 	0.0051895419 	-1.1370408e-09 	0.00066666223 	0.54673307
-0.0011671672 	0.0051895452 	-1.1340548e-09 	0.0006706545 	0.5484972
-0.0011631632 	0.0051895484 	-1.1310688e-09 	0.00067464677 	0.55026132
-0.0011591592 	0.0051895517 	-1.1280829e-09 	0.00067863904 	0.55202545
-0.0011551552 	0.0051895549 	-1.1250969e-09 	0.00068263131 	0.55378957
-0.0011511512 	0.0051895582 	-1.122111e-09 	0.00068662358 	0.5555537
-0.0011471471 	0.0051895614 	-1.119125e-09 	0.00069061585 	0.55731783
-0.0011431431 	0.0051895687 	-1.1171741e-09 	0.0006941409 	0.55889285
-0.0011391391 	0.0051895801 	-1.116319e-09 	0.00069717131 	0.56026768
-0.0011351351 	0.0051895916 	-1.1154639e-09 	0.00070020173 	0.56164251
-0.0011311311 	0.0051896031 	-1.1146088e-09 	0.00070323215 	0.56301734
-0.0011271271 	0.0051896145 	-1.1137537e-09 	0.00070626256 	0.56439218
-0.0011231231 	0.005189626 	-1.1128987e-09 	0.00070929298 	0.56576701
-0.0011191191 	0.0051896375 	-1.1120436e-09 	0.00071232339 	0.56714184
-0.0011151151 	0.0051896489 	-1.1111885e-09 	0.00071535381 	0.56851667
-0.0011111111 	0.0051896604 	-1.1103334e-09 	0.00071838423 	0.5698915
-0.0011071071 	0.0051896718 	-1.1094783e-09 	0.00072141464 	0.57126633
-0.0011031031 	0.0051896833 	-1.1086232e-09 	0.00072444506 	0.57264116
-0.0010990991 	0.0051896948 	-1.1077681e-09 	0.00072747548 	0.57401599
-0.0010950951 	0.0051897062 	-1.106913e-09 	0.00073050589 	0.57539082
-0.0010910911 	0.0051897177 	-1.1060579e-09 	0.00073353631 	0.57676565
-0.0010870871 	0.0051897291 	-1.1052028e-09 	0.00073656673 	0.57814048
-0.0010830831 	0.0051897406 	-1.1043477e-09 	0.00073959714 	0.57951532
-0.0010790791 	0.0051897521 	-1.1034926e-09 	0.00074262756 	0.58089015
-0.0010750751 	0.0051897635 	-1.1026376e-09 	0.00074565797 	0.58226498
-0.0010710711 	0.005189775 	-1.1017825e-09 	0.00074868839 	0.58363981
-0.0010670671 	0.0051897865 	-1.1009274e-09 	0.00075171881 	0.58501464
-0.0010630631 	0.0051897979 	-1.1000723e-09 	0.00075474922 	0.58638947
-0.0010590591 	0.0051898094 	-1.0992172e-09 	0.00075777964 	0.5877643
-0.0010550551 	0.0051898208 	-1.0983621e-09 	0.00076081006 	0.58913913
-0.0010510511 	0.0051898323 	-1.097507e-09 	0.00076384047 	0.59051396
-0.001047047 	0.0051898438 	-1.0966519e-09 	0.00076687089 	0.59188879
-0.001043043 	0.0051898552 	-1.0957968e-09 	0.0007699013 	0.59326362
-0.001039039 	0.0051898667 	-1.0949417e-09 	0.00077293172 	0.59463846
-0.001035035 	0.0051898781 	-1.0940866e-09 	0.00077596214 	0.59601329
-0.001031031 	0.0051898896 	-1.0932315e-09 	0.00077899255 	0.59738812
-0.001027027 	0.0051899011 	-1.0923765e-09 	0.00078202297 	0.59876295
-0.001023023 	0.0051899125 	-1.0915214e-09 	0.00078505339 	0.60013778
-0.001019019 	0.005189924 	-1.0906663e-09 	0.0007880838 	0.60151261
-0.001015015 	0.0051899354 	-1.0898112e-09 	0.00079111422 	0.60288744
-0.001011011 	0.0051899469 	-1.0889561e-09 	0.00079414463 	0.60426227
-0.001007007 	0.0051899573 	-1.0877633e-09 	0.0007971204 	0.60564358
-0.001003003 	0.0051899672 	-1.0863777e-09 	0.00080006498 	0.60702859
-0.000998999 	0.005189977 	-1.0849921e-09 	0.00080300955 	0.60841361
-0.00099499499 	0.0051899869 	-1.0836065e-09 	0.00080595413 	0.60979862
-0.00099099099 	0.0051899967 	-1.0822209e-09 	0.0008088987 	0.61118363
-0.00098698699 	0.0051900065 	-1.0808353e-09 	0.00081184328 	0.61256864
-0.00098298298 	0.0051900164 	-1.0794497e-09 	0.00081478785 	0.61395365
-0.00097897898 	0.0051900262 	-1.0780641e-09 	0.00081773243 	0.61533866
-0.00097497497 	0.0051900385 	-1.0769148e-09 	0.00082030164 	0.61663945
-0.00097097097 	0.0051900601 	-1.0766592e-09 	0.00082145164 	0.61762178
-0.00096696697 	0.0051900817 	-1.0764035e-09 	0.00082260163 	0.61860411
-0.00096296296 	0.0051901033 	-1.0761478e-09 	0.00082375163 	0.61958645
-0.00095895896 	0.0051901249 	-1.0758922e-09 	0.00082490163 	0.62056878
-0.00095495495 	0.0051901465 	-1.0756365e-09 	0.00082605162 	0.62155111
-0.00095095095 	0.0051901682 	-1.0753808e-09 	0.00082720162 	0.62253345
-0.00094694695 	0.0051901898 	-1.0751252e-09 	0.00082835161 	0.62351578
-0.00094294294 	0.0051902114 	-1.0748695e-09 	0.00082950161 	0.62449811
-0.00093893894 	0.005190233 	-1.0746138e-09 	0.00083065161 	0.62548045
-0.00093493493 	0.0051902546 	-1.0743581e-09 	0.0008318016 	0.62646278
-0.00093093093 	0.0051902762 	-1.0741025e-09 	0.0008329516 	0.62744511
-0.00092692693 	0.0051902978 	-1.0738468e-09 	0.0008341016 	0.62842745
-0.00092292292 	0.0051903194 	-1.0735911e-09 	0.00083525159 	0.62940978
-0.00091891892 	0.005190341 	-1.0733355e-09 	0.00083640159 	0.63039211
-0.00091491491 	0.0051903626 	-1.0730798e-09 	0.00083755159 	0.63137445
-0.00091091091 	0.0051903842 	-1.0728241e-09 	0.00083870158 	0.63235678
-0.00090690691 	0.0051904058 	-1.0725684e-09 	0.00083985158 	0.63333911
-0.0009029029 	0.0051904274 	-1.0723128e-09 	0.00084100158 	0.63432145
-0.0008988989 	0.005190449 	-1.0720571e-09 	0.00084215157 	0.63530378
-0.00089489489 	0.0051904706 	-1.0718014e-09 	0.00084330157 	0.63628611
-0.00089089089 	0.0051904922 	-1.0715458e-09 	0.00084445157 	0.63726845
-0.00088688689 	0.0051905138 	-1.0712901e-09 	0.00084560156 	0.63825078
-0.00088288288 	0.0051905354 	-1.0710344e-09 	0.00084675156 	0.63923311
-0.00087887888 	0.005190557 	-1.0707788e-09 	0.00084790156 	0.64021545
-0.00087487487 	0.0051905786 	-1.0705231e-09 	0.00084905155 	0.64119778
-0.00087087087 	0.0051906002 	-1.0702674e-09 	0.00085020155 	0.64218011
-0.00086686687 	0.0051906218 	-1.0700117e-09 	0.00085135155 	0.64316245
-0.00086286286 	0.0051906434 	-1.0697561e-09 	0.00085250154 	0.64414478
-0.00085885886 	0.005190665 	-1.0695004e-09 	0.00085365154 	0.64512711
-0.00085485485 	0.0051906866 	-1.0692447e-09 	0.00085480154 	0.64610945
-0.00085085085 	0.0051907082 	-1.0689891e-09 	0.00085595153 	0.64709178
-0.00084684685 	0.0051907299 	-1.0687334e-09 	0.00085710153 	0.64807411
-0.00084284284 	0.0051907515 	-1.0684777e-09 	0.00085825153 	0.64905645
-0.00083883884 	0.0051907731 	-1.0682221e-09 	0.00085940152 	0.65003878
-0.00083483483 	0.0051907947 	-1.0679664e-09 	0.00086055152 	0.65102111
-0.00083083083 	0.0051908163 	-1.0677107e-09 	0.00086170151 	0.65200345
-0.00082682683 	0.0051908379 	-1.067455e-09 	0.00086285151 	0.65298578
-0.00082282282 	0.0051908595 	-1.0671994e-09 	0.00086400151 	0.65396811
-0.00081881882 	0.0051908794 	-1.0668388e-09 	0.00086514434 	0.65496017
-0.00081481481 	0.0051908989 	-1.0664542e-09 	0.00086628552 	0.65595446
-0.00081081081 	0.0051909185 	-1.0660696e-09 	0.00086742671 	0.65694874
-0.00080680681 	0.005190938 	-1.065685e-09 	0.0008685679 	0.65794303
-0.0008028028 	0.0051909576 	-1.0653004e-09 	0.00086970909 	0.65893731
-0.0007987988 	0.0051909771 	-1.0649158e-09 	0.00087085027 	0.6599316
-0.00079479479 	0.0051909966 	-1.0645312e-09 	0.00087199146 	0.66092588
-0.00079079079 	0.0051910162 	-1.0641466e-09 	0.00087313265 	0.66192017
-0.00078678679 	0.0051910357 	-1.063762e-09 	0.00087427384 	0.66291445
-0.00078278278 	0.0051910575 	-1.0634813e-09 	0.00087469265 	0.66381968
-0.00077877878 	0.0051910861 	-1.0635055e-09 	0.00087299323 	0.66446375
-0.00077477477 	0.0051911146 	-1.0635297e-09 	0.00087129381 	0.66510783
-0.00077077077 	0.0051911431 	-1.0635539e-09 	0.00086959439 	0.66575191
-0.00076676677 	0.0051911716 	-1.0635781e-09 	0.00086789497 	0.66639599
-0.00076276276 	0.0051912002 	-1.0636023e-09 	0.00086619555 	0.66704006
-0.00075875876 	0.0051912287 	-1.0636265e-09 	0.00086449614 	0.66768414
-0.00075475475 	0.0051912572 	-1.0636507e-09 	0.00086279672 	0.66832822
-0.00075075075 	0.0051912857 	-1.0636749e-09 	0.0008610973 	0.6689723
-0.00074674675 	0.0051913143 	-1.0636991e-09 	0.00085939788 	0.66961637
-0.00074274274 	0.0051913428 	-1.0637233e-09 	0.00085769846 	0.67026045
-0.00073873874 	0.0051913713 	-1.0637475e-09 	0.00085599904 	0.67090453
-0.00073473473 	0.0051913998 	-1.0637717e-09 	0.00085429962 	0.67154861
-0.00073073073 	0.0051914284 	-1.0637959e-09 	0.0008526002 	0.67219268
-0.00072672673 	0.0051914569 	-1.0638201e-09 	0.00085090078 	0.67283676
-0.00072272272 	0.0051914854 	-1.0638443e-09 	0.00084920136 	0.67348084
-0.00071871872 	0.0051915139 	-1.0638685e-09 	0.00084750194 	0.67412491
-0.00071471471 	0.0051915425 	-1.0638927e-09 	0.00084580252 	0.67476899
-0.00071071071 	0.005191571 	-1.0639169e-09 	0.0008441031 	0.67541307
-0.00070670671 	0.0051915995 	-1.0639411e-09 	0.00084240368 	0.67605715
-0.0007027027 	0.005191628 	-1.0639653e-09 	0.00084070426 	0.67670122
-0.0006986987 	0.0051916566 	-1.0639895e-09 	0.00083900484 	0.6773453
-0.00069469469 	0.0051916851 	-1.0640137e-09 	0.00083730542 	0.67798938
-0.00069069069 	0.0051917136 	-1.0640379e-09 	0.000835606 	0.67863346
-0.00068668669 	0.0051917421 	-1.064062e-09 	0.00083390658 	0.67927753
-0.00068268268 	0.0051917707 	-1.0640862e-09 	0.00083220716 	0.67992161
-0.00067867868 	0.0051917992 	-1.0641104e-09 	0.00083050774 	0.68056569
-0.00067467467 	0.0051918277 	-1.0641346e-09 	0.00082880832 	0.68120977
-0.00067067067 	0.0051918563 	-1.0641588e-09 	0.00082710891 	0.68185384
-0.00066666667 	0.0051918848 	-1.064183e-09 	0.00082540949 	0.68249792
-0.00066266266 	0.0051919133 	-1.0642072e-09 	0.00082371007 	0.683142
-0.00065865866 	0.0051919418 	-1.0642314e-09 	0.00082201065 	0.68378607
-0.00065465465 	0.0051919704 	-1.0642556e-09 	0.00082031123 	0.68443015
-0.00065065065 	0.0051919989 	-1.0642798e-09 	0.00081861181 	0.68507423
-0.00064664665 	0.0051920274 	-1.064304e-09 	0.00081691239 	0.68571831
-0.00064264264 	0.0051920559 	-1.0643282e-09 	0.00081521297 	0.68636238
-0.00063863864 	0.0051920845 	-1.0643524e-09 	0.00081351355 	0.68700646
-0.00063463463 	0.005192113 	-1.0643766e-09 	0.00081181413 	0.68765054
-0.00063063063 	0.0051921415 	-1.0644008e-09 	0.00081011471 	0.68829462
-0.00062662663 	0.00519217 	-1.064425e-09 	0.00080841529 	0.68893869
-0.00062262262 	0.0051921986 	-1.0644492e-09 	0.00080671587 	0.68958277
-0.00061861862 	0.0051922271 	-1.0644734e-09 	0.00080501645 	0.69022685
-0.00061461461 	0.0051922556 	-1.0644976e-09 	0.00080331703 	0.69087093
-0.00061061061 	0.0051922841 	-1.0645218e-09 	0.00080161761 	0.691515
-0.00060660661 	0.0051923115 	-1.0645458e-09 	0.00079998791 	0.69216745
-0.0006026026 	0.0051923384 	-1.0645698e-09 	0.00079838784 	0.69282344
-0.0005985986 	0.0051923653 	-1.0645937e-09 	0.00079678776 	0.69347944
-0.00059459459 	0.0051923922 	-1.0646177e-09 	0.00079518768 	0.69413544
-0.00059059059 	0.0051924191 	-1.0646417e-09 	0.00079358761 	0.69479144
-0.00058658659 	0.005192446 	-1.0646657e-09 	0.00079198753 	0.69544743
-0.00058258258 	0.0051924729 	-1.0646896e-09 	0.00079038746 	0.69610343
-0.00057857858 	0.0051924998 	-1.0647136e-09 	0.00078878738 	0.69675943
-0.00057457457 	0.0051925267 	-1.0647376e-09 	0.00078718731 	0.69741543
-0.00057057057 	0.0051925535 	-1.0647615e-09 	0.00078558723 	0.69807142
-0.00056656657 	0.0051925804 	-1.0647855e-09 	0.00078398715 	0.69872742
-0.00056256256 	0.0051926084 	-1.0647581e-09 	0.000779901 	0.69908995
-0.00055855856 	0.0051926366 	-1.0647222e-09 	0.00077540509 	0.69940411
-0.00055455455 	0.0051926648 	-1.0646862e-09 	0.00077090918 	0.69971826
-0.00055055055 	0.005192693 	-1.0646503e-09 	0.00076641327 	0.70003242
-0.00054654655 	0.0051927211 	-1.0646144e-09 	0.00076191736 	0.70034658
-0.00054254254 	0.0051927493 	-1.0645785e-09 	0.00075742145 	0.70066074
-0.00053853854 	0.0051927775 	-1.0645426e-09 	0.00075292554 	0.70097489
-0.00053453453 	0.0051928056 	-1.0645067e-09 	0.00074842963 	0.70128905
-0.00053053053 	0.0051928338 	-1.0644707e-09 	0.00074393371 	0.70160321
-0.00052652653 	0.005192862 	-1.0644348e-09 	0.0007394378 	0.70191737
-0.00052252252 	0.0051928902 	-1.0643989e-09 	0.00073494189 	0.70223152
-0.00051851852 	0.0051929183 	-1.064363e-09 	0.00073044598 	0.70254568
-0.00051451451 	0.0051929465 	-1.0643271e-09 	0.00072595007 	0.70285984
-0.00051051051 	0.0051929747 	-1.0642912e-09 	0.00072145416 	0.703174
-0.00050650651 	0.0051930037 	-1.0642822e-09 	0.00071683249 	0.70348179
-0.0005025025 	0.0051930331 	-1.0642814e-09 	0.00071217309 	0.70378767
-0.0004984985 	0.0051930624 	-1.0642806e-09 	0.0007075137 	0.70409355
-0.00049449449 	0.0051930917 	-1.0642798e-09 	0.0007028543 	0.70439943
-0.00049049049 	0.0051931211 	-1.064279e-09 	0.00069819491 	0.70470531
-0.00048648649 	0.0051931504 	-1.0642781e-09 	0.00069353551 	0.70501119
-0.00048248248 	0.0051931797 	-1.0642773e-09 	0.00068887611 	0.70531708
-0.00047847848 	0.0051932091 	-1.0642765e-09 	0.00068421672 	0.70562296
-0.00047447447 	0.0051932384 	-1.0642757e-09 	0.00067955732 	0.70592884
-0.00047047047 	0.0051932677 	-1.0642749e-09 	0.00067489793 	0.70623472
-0.00046646647 	0.005193297 	-1.064274e-09 	0.00067023853 	0.7065406
-0.00046246246 	0.0051933264 	-1.0642732e-09 	0.00066557914 	0.70684648
-0.00045845846 	0.0051933557 	-1.0642724e-09 	0.00066091974 	0.70715237
-0.00045445445 	0.005193385 	-1.0642716e-09 	0.00065626035 	0.70745825
-0.00045045045 	0.0051934144 	-1.0642708e-09 	0.00065160095 	0.70776413
-0.00044644645 	0.0051934437 	-1.0642699e-09 	0.00064694155 	0.70807001
-0.00044244244 	0.005193473 	-1.0642691e-09 	0.00064228216 	0.70837589
-0.00043843844 	0.0051935024 	-1.0642683e-09 	0.00063762276 	0.70868177
-0.00043443443 	0.0051935317 	-1.0642675e-09 	0.00063296337 	0.70898765
-0.00043043043 	0.005193561 	-1.0642667e-09 	0.00062830397 	0.70929354
-0.00042642643 	0.0051935904 	-1.0642658e-09 	0.00062364458 	0.70959942
-0.00042242242 	0.0051936197 	-1.064265e-09 	0.00061898518 	0.7099053
-0.00041841842 	0.005193649 	-1.0642642e-09 	0.00061432579 	0.71021118
-0.00041441441 	0.0051936784 	-1.0642634e-09 	0.00060966639 	0.71051706
-0.00041041041 	0.0051937077 	-1.0642625e-09 	0.000605007 	0.71082294
-0.00040640641 	0.005193737 	-1.0642617e-09 	0.0006003476 	0.71112882
-0.0004024024 	0.0051937663 	-1.0642609e-09 	0.0005956882 	0.71143471
-0.0003983984 	0.0051937957 	-1.0642601e-09 	0.00059102881 	0.71174059
-0.00039439439 	0.005193825 	-1.0642593e-09 	0.00058636941 	0.71204647
-0.00039039039 	0.0051938543 	-1.0642584e-09 	0.00058171002 	0.71235235
-0.00038638639 	0.0051938837 	-1.0642576e-09 	0.00057705062 	0.71265823
-0.00038238238 	0.005193913 	-1.0642568e-09 	0.00057239123 	0.71296411
-0.00037837838 	0.0051939423 	-1.064256e-09 	0.00056773183 	0.71326999
-0.00037437437 	0.0051939717 	-1.0642552e-09 	0.00056307244 	0.71357588
-0.00037037037 	0.005194001 	-1.0642543e-09 	0.00055841304 	0.71388176
-0.00036636637 	0.0051940303 	-1.0642535e-09 	0.00055375365 	0.71418764
-0.00036236236 	0.0051940597 	-1.0642527e-09 	0.00054909425 	0.71449352
-0.00035835836 	0.005194089 	-1.0642519e-09 	0.00054443485 	0.7147994
-0.00035435435 	0.0051941183 	-1.0642511e-09 	0.00053977546 	0.71510528
-0.00035035035 	0.0051941476 	-1.0642502e-09 	0.00053511606 	0.71541117
-0.00034634635 	0.005194177 	-1.0642494e-09 	0.00053045667 	0.71571705
-0.00034234234 	0.0051942063 	-1.0642486e-09 	0.00052579727 	0.71602293
-0.00033833834 	0.0051942356 	-1.0642478e-09 	0.00052113788 	0.71632881
-0.00033433433 	0.005194265 	-1.064247e-09 	0.00051647848 	0.71663469
-0.00033033033 	0.0051942943 	-1.0642461e-09 	0.00051181909 	0.71694057
-0.00032632633 	0.0051943236 	-1.0642453e-09 	0.00050715969 	0.71724645
-0.00032232232 	0.005194353 	-1.0642445e-09 	0.0005025003 	0.71755234
-0.00031831832 	0.0051943823 	-1.0642437e-09 	0.0004978409 	0.71785822
-0.00031431431 	0.0051944116 	-1.0642429e-09 	0.0004931815 	0.7181641
-0.00031031031 	0.005194441 	-1.064242e-09 	0.00048852211 	0.71846998
-0.00030630631 	0.0051944703 	-1.0642412e-09 	0.00048386271 	0.71877586
-0.0003023023 	0.0051944996 	-1.0642404e-09 	0.00047920332 	0.71908174
-0.0002982983 	0.005194529 	-1.0642396e-09 	0.00047454392 	0.71938762
-0.00029429429 	0.0051945583 	-1.0642387e-09 	0.00046988453 	0.71969351
-0.00029029029 	0.0051945876 	-1.0642379e-09 	0.00046522513 	0.71999939
-0.00028628629 	0.0051946169 	-1.0642371e-09 	0.00046056574 	0.72030527
-0.00028228228 	0.0051946443 	-1.0642205e-09 	0.0004556075 	0.72057359
-0.00027827828 	0.0051946623 	-1.0641318e-09 	0.00044928092 	0.72066996
-0.00027427427 	0.0051946804 	-1.0640431e-09 	0.00044295434 	0.72076633
-0.00027027027 	0.0051946984 	-1.0639544e-09 	0.00043662775 	0.7208627
-0.00026626627 	0.0051947165 	-1.0638657e-09 	0.00043030117 	0.72095907
-0.00026226226 	0.0051947346 	-1.063777e-09 	0.00042397459 	0.72105544
-0.00025825826 	0.0051947526 	-1.0636883e-09 	0.00041764801 	0.7211518
-0.00025425425 	0.0051947707 	-1.0635996e-09 	0.00041132143 	0.72124817
-0.00025025025 	0.0051947887 	-1.0635109e-09 	0.00040499485 	0.72134454
-0.00024624625 	0.0051948068 	-1.0634222e-09 	0.00039866827 	0.72144091
-0.00024224224 	0.0051948249 	-1.0633335e-09 	0.00039234169 	0.72153728
-0.00023823824 	0.0051948429 	-1.0632448e-09 	0.00038601511 	0.72163364
-0.00023423423 	0.005194861 	-1.0631561e-09 	0.00037968853 	0.72173001
-0.00023023023 	0.0051948791 	-1.0630674e-09 	0.00037336195 	0.72182638
-0.00022622623 	0.0051948972 	-1.0629803e-09 	0.00036702012 	0.72192247
-0.00022222222 	0.0051949159 	-1.0629096e-09 	0.00036052417 	0.72201572
-0.00021821822 	0.0051949347 	-1.0628388e-09 	0.00035402822 	0.72210897
-0.00021421421 	0.0051949535 	-1.0627681e-09 	0.00034753227 	0.72220222
-0.00021021021 	0.0051949723 	-1.0626973e-09 	0.00034103632 	0.72229547
-0.00020620621 	0.005194991 	-1.0626266e-09 	0.00033454038 	0.72238872
-0.0002022022 	0.0051950098 	-1.0625559e-09 	0.00032804443 	0.72248197
-0.0001981982 	0.0051950286 	-1.0624851e-09 	0.00032154848 	0.72257522
-0.00019419419 	0.0051950473 	-1.0624144e-09 	0.00031505253 	0.72266847
-0.00019019019 	0.0051950661 	-1.0623436e-09 	0.00030855658 	0.72276173
-0.00018618619 	0.0051950849 	-1.0622729e-09 	0.00030206063 	0.72285498
-0.00018218218 	0.0051951037 	-1.0622022e-09 	0.00029556468 	0.72294823
-0.00017817818 	0.0051951224 	-1.0621314e-09 	0.00028906873 	0.72304148
-0.00017417417 	0.0051951412 	-1.0620607e-09 	0.00028257278 	0.72313473
-0.00017017017 	0.00519516 	-1.0619899e-09 	0.00027607683 	0.72322798
-0.00016616617 	0.0051951787 	-1.0619192e-09 	0.00026958088 	0.72332123
-0.00016216216 	0.0051951975 	-1.0618484e-09 	0.00026308493 	0.72341448
-0.00015815816 	0.0051952163 	-1.0617777e-09 	0.00025658898 	0.72350773
-0.00015415415 	0.005195235 	-1.061707e-09 	0.00025009304 	0.72360098
-0.00015015015 	0.0051952538 	-1.0616362e-09 	0.00024359709 	0.72369423
-0.00014614615 	0.0051952726 	-1.0615655e-09 	0.00023710114 	0.72378748
-0.00014214214 	0.0051952914 	-1.0614947e-09 	0.00023060519 	0.72388074
-0.00013813814 	0.0051953101 	-1.061424e-09 	0.00022410924 	0.72397399
-0.00013413413 	0.0051953289 	-1.0613532e-09 	0.00021761329 	0.72406724
-0.00013013013 	0.0051953477 	-1.0612825e-09 	0.00021111734 	0.72416049
-0.00012612613 	0.0051953664 	-1.0612118e-09 	0.00020462139 	0.72425374
-0.00012212212 	0.0051953852 	-1.061141e-09 	0.00019812544 	0.72434699
-0.00011811812 	0.005195404 	-1.0610703e-09 	0.00019162949 	0.72444024
-0.00011411411 	0.0051954228 	-1.0609995e-09 	0.00018513354 	0.72453349
-0.00011011011 	0.0051954415 	-1.0609288e-09 	0.00017863759 	0.72462674
-0.00010610611 	0.0051954603 	-1.0608581e-09 	0.00017214164 	0.72471999
-0.0001021021 	0.0051954791 	-1.0607873e-09 	0.0001656457 	0.72481324
-9.8098098e-05 	0.0051954978 	-1.0607166e-09 	0.00015914975 	0.7249065
-9.4094094e-05 	0.0051955166 	-1.0606458e-09 	0.0001526538 	0.72499975
-9.009009e-05 	0.0051955354 	-1.0605751e-09 	0.00014615785 	0.725093
-8.6086086e-05 	0.0051955541 	-1.0605043e-09 	0.0001396619 	0.72518625
-8.2082082e-05 	0.0051955729 	-1.0604336e-09 	0.00013316595 	0.7252795
-7.8078078e-05 	0.0051955917 	-1.0603629e-09 	0.00012667 	0.72537275
-7.4074074e-05 	0.0051956105 	-1.0602921e-09 	0.00012017405 	0.725466
-7.007007e-05 	0.0051956292 	-1.0602214e-09 	0.0001136781 	0.72555925
-6.6066066e-05 	0.005195648 	-1.0601506e-09 	0.00010718215 	0.7256525
-6.2062062e-05 	0.0051956668 	-1.0600799e-09 	0.0001006862 	0.72574575
-5.8058058e-05 	0.0051956855 	-1.0600091e-09 	9.4190254e-05 	0.725839
-5.4054054e-05 	0.0051957043 	-1.0599384e-09 	8.7694305e-05 	0.72593225
-5.005005e-05 	0.0051957231 	-1.0598677e-09 	8.1198356e-05 	0.72602551
-4.6046046e-05 	0.0051957419 	-1.0597969e-09 	7.4702406e-05 	0.72611876
-4.2042042e-05 	0.0051957606 	-1.0597262e-09 	6.8206457e-05 	0.72621201
-3.8038038e-05 	0.0051957794 	-1.0596554e-09 	6.1710508e-05 	0.72630526
-3.4034034e-05 	0.0051957982 	-1.0595847e-09 	5.5214559e-05 	0.72639851
-3.003003e-05 	0.0051958169 	-1.059514e-09 	4.871861e-05 	0.72649176
-2.6026026e-05 	0.0051958357 	-1.0594432e-09 	4.222266e-05 	0.72658501
-2.2022022e-05 	0.0051958545 	-1.0593725e-09 	3.5726711e-05 	0.72667826
-1.8018018e-05 	0.0051958732 	-1.0593017e-09 	2.9230762e-05 	0.72677151
-1.4014014e-05 	0.005195892 	-1.059231e-09 	2.2734813e-05 	0.72686476
-1.001001e-05 	0.0051959108 	-1.0591602e-09 	1.6238863e-05 	0.72695801
-6.006006e-06 	0.0051959296 	-1.0590895e-09 	9.7429143e-06 	0.72705127
-2.002002e-06 	0.0051959483 	-1.0590188e-09 	3.2469651e-06 	0.72714452
2.002002e-06 	0.0051959487 	-1.0590367e-09 	-3.1642994e-06 	0.72714296
6.006006e-06 	0.0051959306 	-1.0591434e-09 	-9.490879e-06 	0.72704659
1.001001e-05 	0.0051959126 	-1.05925e-09 	-1.5817459e-05 	0.72695022
1.4014014e-05 	0.0051958945 	-1.0593567e-09 	-2.2144038e-05 	0.72685385
1.8018018e-05 	0.0051958765 	-1.0594634e-09 	-2.8470618e-05 	0.72675749
2.2022022e-05 	0.0051958584 	-1.05957e-09 	-3.4797198e-05 	0.72666112
2.6026026e-05 	0.0051958404 	-1.0596767e-09 	-4.1123777e-05 	0.72656475
3.003003e-05 	0.0051958223 	-1.0597834e-09 	-4.7450357e-05 	0.72646838
3.4034034e-05 	0.0051958042 	-1.05989e-09 	-5.3776936e-05 	0.72637201
3.8038038e-05 	0.0051957862 	-1.0599967e-09 	-6.0103516e-05 	0.72627565
4.2042042e-05 	0.0051957681 	-1.0601033e-09 	-6.6430096e-05 	0.72617928
4.6046046e-05 	0.0051957501 	-1.06021e-09 	-7.2756675e-05 	0.72608291
5.005005e-05 	0.005195732 	-1.0603167e-09 	-7.9083255e-05 	0.72598654
5.4054054e-05 	0.005195714 	-1.0604233e-09 	-8.5409835e-05 	0.72589017
5.8058058e-05 	0.0051956956 	-1.0605081e-09 	-9.1805983e-05 	0.72579509
6.2062062e-05 	0.0051956769 	-1.0605614e-09 	-9.8301931e-05 	0.72570183
6.6066066e-05 	0.0051956581 	-1.0606148e-09 	-0.00010479788 	0.72560858
7.007007e-05 	0.0051956393 	-1.0606681e-09 	-0.00011129383 	0.72551533
7.4074074e-05 	0.0051956205 	-1.0607214e-09 	-0.00011778978 	0.72542208
7.8078078e-05 	0.0051956018 	-1.0607748e-09 	-0.00012428572 	0.72532883
8.2082082e-05 	0.005195583 	-1.0608281e-09 	-0.00013078167 	0.72523558
8.6086086e-05 	0.0051955642 	-1.0608814e-09 	-0.00013727762 	0.72514233
9.009009e-05 	0.0051955455 	-1.0609348e-09 	-0.00014377357 	0.72504908
9.4094094e-05 	0.0051955267 	-1.0609881e-09 	-0.00015026952 	0.72495583
9.8098098e-05 	0.0051955079 	-1.0610415e-09 	-0.00015676547 	0.72486258
0.0001021021 	0.0051954892 	-1.0610948e-09 	-0.00016326142 	0.72476933
0.00010610611 	0.0051954704 	-1.0611481e-09 	-0.00016975736 	0.72467607
0.00011011011 	0.0051954516 	-1.0612015e-09 	-0.00017625331 	0.72458282
0.00011411411 	0.0051954329 	-1.0612548e-09 	-0.00018274926 	0.72448957
0.00011811812 	0.0051954141 	-1.0613081e-09 	-0.00018924521 	0.72439632
0.00012212212 	0.0051953953 	-1.0613615e-09 	-0.00019574116 	0.72430307
0.00012612613 	0.0051953766 	-1.0614148e-09 	-0.00020223711 	0.72420982
0.00013013013 	0.0051953578 	-1.0614682e-09 	-0.00020873305 	0.72411657
0.00013413413 	0.005195339 	-1.0615215e-09 	-0.000215229 	0.72402332
0.00013813814 	0.0051953203 	-1.0615748e-09 	-0.00022172495 	0.72393007
0.00014214214 	0.0051953015 	-1.0616282e-09 	-0.0002282209 	0.72383682
0.00014614615 	0.0051952827 	-1.0616815e-09 	-0.00023471685 	0.72374357
0.00015015015 	0.005195264 	-1.0617348e-09 	-0.0002412128 	0.72365032
0.00015415415 	0.0051952452 	-1.0617882e-09 	-0.00024770874 	0.72355706
0.00015815816 	0.0051952264 	-1.0618415e-09 	-0.00025420469 	0.72346381
0.00016216216 	0.0051952077 	-1.0618948e-09 	-0.00026070064 	0.72337056
0.00016616617 	0.0051951889 	-1.0619482e-09 	-0.00026719659 	0.72327731
0.00017017017 	0.0051951701 	-1.0620015e-09 	-0.00027369254 	0.72318406
0.00017417417 	0.0051951514 	-1.0620549e-09 	-0.00028018849 	0.72309081
0.00017817818 	0.0051951326 	-1.0621082e-09 	-0.00028668444 	0.72299756
0.00018218218 	0.0051951138 	-1.0621615e-09 	-0.00029318038 	0.72290431
0.00018618619 	0.0051950951 	-1.0622149e-09 	-0.00029967633 	0.72281106
0.00019019019 	0.0051950763 	-1.0622682e-09 	-0.00030617228 	0.72271781
0.00019419419 	0.0051950575 	-1.0623215e-09 	-0.00031266823 	0.72262456
0.0001981982 	0.0051950388 	-1.0623749e-09 	-0.00031916418 	0.7225313
0.0002022022 	0.00519502 	-1.0624282e-09 	-0.00032566013 	0.72243805
0.00020620621 	0.0051950012 	-1.0624816e-09 	-0.00033215607 	0.7223448
0.00021021021 	0.0051949825 	-1.0625349e-09 	-0.00033865202 	0.72225155
0.00021421421 	0.0051949637 	-1.0625882e-09 	-0.00034514797 	0.7221583
0.00021821822 	0.0051949449 	-1.0626416e-09 	-0.00035164392 	0.72206505
0.00022222222 	0.0051949262 	-1.0626949e-09 	-0.00035813987 	0.7219718
0.00022622623 	0.0051949074 	-1.0627482e-09 	-0.00036463582 	0.72187855
0.00023023023 	0.0051948886 	-1.0628016e-09 	-0.00037113176 	0.7217853
0.00023423423 	0.0051948699 	-1.0628549e-09 	-0.00037762771 	0.72169205
0.00023823824 	0.0051948511 	-1.0629082e-09 	-0.00038412366 	0.7215988
0.00024224224 	0.0051948323 	-1.0629616e-09 	-0.00039061961 	0.72150554
0.00024624625 	0.0051948136 	-1.0630149e-09 	-0.00039711556 	0.72141229
0.00025025025 	0.0051947948 	-1.0630683e-09 	-0.00040361151 	0.72131904
0.00025425425 	0.005194776 	-1.0631216e-09 	-0.00041010746 	0.72122579
0.00025825826 	0.0051947573 	-1.0631749e-09 	-0.0004166034 	0.72113254
0.00026226226 	0.0051947385 	-1.0632283e-09 	-0.00042309935 	0.72103929
0.00026626627 	0.0051947197 	-1.0632816e-09 	-0.0004295953 	0.72094604
0.00027027027 	0.005194701 	-1.0633349e-09 	-0.00043609125 	0.72085279
0.00027427427 	0.0051946822 	-1.0633883e-09 	-0.0004425872 	0.72075954
0.00027827828 	0.0051946634 	-1.0634416e-09 	-0.00044908315 	0.72066629
0.00028228228 	0.0051946447 	-1.063495e-09 	-0.00045557909 	0.72057304
0.00028628629 	0.0051946182 	-1.0635195e-09 	-0.00046043351 	0.72029848
0.00029029029 	0.00519459 	-1.0635379e-09 	-0.00046492942 	0.71998432
0.00029429429 	0.0051945618 	-1.0635562e-09 	-0.00046942533 	0.71967016
0.0002982983 	0.0051945337 	-1.0635745e-09 	-0.00047392123 	0.719356
0.0003023023 	0.0051945055 	-1.0635928e-09 	-0.00047841714 	0.71904185
0.00030630631 	0.0051944773 	-1.0636111e-09 	-0.00048291305 	0.71872769
0.00031031031 	0.0051944492 	-1.0636294e-09 	-0.00048740896 	0.71841353
0.00031431431 	0.005194421 	-1.0636477e-09 	-0.00049190487 	0.71809937
0.00031831832 	0.0051943928 	-1.063666e-09 	-0.00049640078 	0.71778522
0.00032232232 	0.0051943647 	-1.0636844e-09 	-0.00050089669 	0.71747106
0.00032632633 	0.0051943365 	-1.0637027e-09 	-0.00050539259 	0.7171569
0.00033033033 	0.0051943083 	-1.063721e-09 	-0.0005098885 	0.71684274
0.00033433433 	0.0051942802 	-1.0637393e-09 	-0.00051438441 	0.71652859
0.00033833834 	0.005194252 	-1.0637576e-09 	-0.00051888032 	0.71621443
0.00034234234 	0.005194223 	-1.0637754e-09 	-0.00052349582 	0.71590633
0.00034634635 	0.0051941937 	-1.0637931e-09 	-0.00052815521 	0.71560044
0.00035035035 	0.0051941643 	-1.0638107e-09 	-0.0005328146 	0.71529456
0.00035435435 	0.005194135 	-1.0638284e-09 	-0.000537474 	0.71498868
0.00035835836 	0.0051941057 	-1.063846e-09 	-0.00054213339 	0.7146828
0.00036236236 	0.0051940763 	-1.0638637e-09 	-0.00054679279 	0.71437692
0.00036636637 	0.005194047 	-1.0638813e-09 	-0.00055145218 	0.71407104
0.00037037037 	0.0051940177 	-1.063899e-09 	-0.00055611157 	0.71376516
0.00037437437 	0.0051939884 	-1.0639167e-09 	-0.00056077097 	0.71345927
0.00037837838 	0.005193959 	-1.0639343e-09 	-0.00056543036 	0.71315339
0.00038238238 	0.0051939297 	-1.063952e-09 	-0.00057008975 	0.71284751
0.00038638639 	0.0051939004 	-1.0639696e-09 	-0.00057474915 	0.71254163
0.00039039039 	0.005193871 	-1.0639873e-09 	-0.00057940854 	0.71223575
0.00039439439 	0.0051938417 	-1.0640049e-09 	-0.00058406794 	0.71192987
0.0003983984 	0.0051938124 	-1.0640226e-09 	-0.00058872733 	0.71162399
0.0004024024 	0.0051937831 	-1.0640402e-09 	-0.00059338672 	0.7113181
0.00040640641 	0.0051937537 	-1.0640579e-09 	-0.00059804612 	0.71101222
0.00041041041 	0.0051937244 	-1.0640755e-09 	-0.00060270551 	0.71070634
0.00041441441 	0.0051936951 	-1.0640932e-09 	-0.0006073649 	0.71040046
0.00041841842 	0.0051936657 	-1.0641108e-09 	-0.0006120243 	0.71009458
0.00042242242 	0.0051936364 	-1.0641285e-09 	-0.00061668369 	0.7097887
0.00042642643 	0.0051936071 	-1.0641461e-09 	-0.00062134309 	0.70948281
0.00043043043 	0.0051935778 	-1.0641638e-09 	-0.00062600248 	0.70917693
0.00043443443 	0.0051935484 	-1.0641814e-09 	-0.00063066187 	0.70887105
0.00043843844 	0.0051935191 	-1.0641991e-09 	-0.00063532127 	0.70856517
0.00044244244 	0.0051934898 	-1.0642167e-09 	-0.00063998066 	0.70825929
0.00044644645 	0.0051934604 	-1.0642344e-09 	-0.00064464005 	0.70795341
0.00045045045 	0.0051934311 	-1.064252e-09 	-0.00064929945 	0.70764753
0.00045445445 	0.0051934018 	-1.0642697e-09 	-0.00065395884 	0.70734164
0.00045845846 	0.0051933725 	-1.0642873e-09 	-0.00065861824 	0.70703576
0.00046246246 	0.0051933431 	-1.064305e-09 	-0.00066327763 	0.70672988
0.00046646647 	0.0051933138 	-1.0643226e-09 	-0.00066793702 	0.706424
0.00047047047 	0.0051932845 	-1.0643403e-09 	-0.00067259642 	0.70611812
0.00047447447 	0.0051932551 	-1.0643579e-09 	-0.00067725581 	0.70581224
0.00047847848 	0.0051932258 	-1.0643756e-09 	-0.0006819152 	0.70550636
0.00048248248 	0.0051931965 	-1.0643932e-09 	-0.0006865746 	0.70520047
0.00048648649 	0.0051931672 	-1.0644109e-09 	-0.00069123399 	0.70489459
0.00049049049 	0.0051931378 	-1.0644285e-09 	-0.00069589338 	0.70458871
0.00049449449 	0.0051931085 	-1.0644462e-09 	-0.00070055278 	0.70428283
0.0004984985 	0.0051930792 	-1.0644638e-09 	-0.00070521217 	0.70397695
0.0005025025 	0.0051930499 	-1.0644815e-09 	-0.00070987157 	0.70367107
0.00050650651 	0.0051930205 	-1.0644991e-09 	-0.00071453096 	0.70336519
0.00051051051 	0.0051929912 	-1.0645168e-09 	-0.00071919035 	0.7030593
0.00051451451 	0.0051929619 	-1.0645344e-09 	-0.00072384975 	0.70275342
0.00051851852 	0.0051929325 	-1.0645521e-09 	-0.00072850914 	0.70244754
0.00052252252 	0.0051929032 	-1.0645697e-09 	-0.00073316853 	0.70214166
0.00052652653 	0.0051928739 	-1.0645874e-09 	-0.00073782793 	0.70183578
0.00053053053 	0.0051928446 	-1.064605e-09 	-0.00074248732 	0.7015299
0.00053453453 	0.0051928152 	-1.0646227e-09 	-0.00074714672 	0.70122402
0.00053853854 	0.0051927859 	-1.0646403e-09 	-0.00075180611 	0.70091813
0.00054254254 	0.0051927566 	-1.064658e-09 	-0.0007564655 	0.70061225
0.00054654655 	0.0051927272 	-1.0646756e-09 	-0.0007611249 	0.70030637
0.00055055055 	0.0051926979 	-1.0646933e-09 	-0.00076578429 	0.70000049
0.00055455455 	0.0051926686 	-1.0647109e-09 	-0.00077044368 	0.69969461
0.00055855856 	0.0051926393 	-1.0647286e-09 	-0.00077510308 	0.69938873
0.00056256256 	0.0051926099 	-1.0647462e-09 	-0.00077976247 	0.69908284
0.00056656657 	0.0051925809 	-1.0647547e-09 	-0.00078398897 	0.69872742
0.00057057057 	0.0051925541 	-1.0647074e-09 	-0.00078558904 	0.69807142
0.00057457457 	0.0051925272 	-1.0646601e-09 	-0.00078718912 	0.69741543
0.00057857858 	0.0051925003 	-1.0646129e-09 	-0.00078878919 	0.69675943
0.00058258258 	0.0051924734 	-1.0645656e-09 	-0.00079038926 	0.69610343
0.00058658659 	0.0051924465 	-1.0645183e-09 	-0.00079198933 	0.69544743
0.00059059059 	0.0051924196 	-1.064471e-09 	-0.0007935894 	0.69479144
0.00059459459 	0.0051923927 	-1.0644237e-09 	-0.00079518948 	0.69413544
0.0005985986 	0.0051923658 	-1.0643765e-09 	-0.00079678955 	0.69347944
0.0006026026 	0.0051923389 	-1.0643292e-09 	-0.00079838962 	0.69282344
0.00060660661 	0.0051923121 	-1.0642819e-09 	-0.00079998969 	0.69216745
0.00061061061 	0.0051922847 	-1.0642348e-09 	-0.00080161939 	0.691515
0.00061461461 	0.0051922562 	-1.0641882e-09 	-0.00080331881 	0.69087093
0.00061861862 	0.0051922276 	-1.0641416e-09 	-0.00080501822 	0.69022685
0.00062262262 	0.0051921991 	-1.064095e-09 	-0.00080671764 	0.68958277
0.00062662663 	0.0051921706 	-1.0640484e-09 	-0.00080841706 	0.68893869
0.00063063063 	0.0051921421 	-1.0640018e-09 	-0.00081011648 	0.68829462
0.00063463463 	0.0051921135 	-1.0639552e-09 	-0.00081181589 	0.68765054
0.00063863864 	0.005192085 	-1.0639086e-09 	-0.00081351531 	0.68700646
0.00064264264 	0.0051920565 	-1.063862e-09 	-0.00081521473 	0.68636238
0.00064664665 	0.005192028 	-1.0638154e-09 	-0.00081691414 	0.68571831
0.00065065065 	0.0051919995 	-1.0637688e-09 	-0.00081861356 	0.68507423
0.00065465465 	0.0051919709 	-1.0637222e-09 	-0.00082031298 	0.68443015
0.00065865866 	0.0051919424 	-1.0636756e-09 	-0.0008220124 	0.68378607
0.00066266266 	0.0051919139 	-1.063629e-09 	-0.00082371181 	0.683142
0.00066666667 	0.0051918854 	-1.0635824e-09 	-0.00082541123 	0.68249792
0.00067067067 	0.0051918568 	-1.0635358e-09 	-0.00082711065 	0.68185384
0.00067467467 	0.0051918283 	-1.0634891e-09 	-0.00082881007 	0.68120977
0.00067867868 	0.0051917998 	-1.0634425e-09 	-0.00083050948 	0.68056569
0.00068268268 	0.0051917713 	-1.0633959e-09 	-0.0008322089 	0.67992161
0.00068668669 	0.0051917427 	-1.0633493e-09 	-0.00083390832 	0.67927753
0.00069069069 	0.0051917142 	-1.0633027e-09 	-0.00083560773 	0.67863346
0.00069469469 	0.0051916857 	-1.0632561e-09 	-0.00083730715 	0.67798938
0.0006986987 	0.0051916572 	-1.0632095e-09 	-0.00083900657 	0.6773453
0.0007027027 	0.0051916287 	-1.0631629e-09 	-0.00084070599 	0.67670122
0.00070670671 	0.0051916001 	-1.0631163e-09 	-0.0008424054 	0.67605715
0.00071071071 	0.0051915716 	-1.0630697e-09 	-0.00084410482 	0.67541307
0.00071471471 	0.0051915431 	-1.0630231e-09 	-0.00084580424 	0.67476899
0.00071871872 	0.0051915146 	-1.0629765e-09 	-0.00084750366 	0.67412491
0.00072272272 	0.005191486 	-1.0629299e-09 	-0.00084920307 	0.67348084
0.00072672673 	0.0051914575 	-1.0628833e-09 	-0.00085090249 	0.67283676
0.00073073073 	0.005191429 	-1.0628367e-09 	-0.00085260191 	0.67219268
0.00073473473 	0.0051914005 	-1.0627901e-09 	-0.00085430132 	0.67154861
0.00073873874 	0.005191372 	-1.0627435e-09 	-0.00085600074 	0.67090453
0.00074274274 	0.0051913434 	-1.0626969e-09 	-0.00085770016 	0.67026045
0.00074674675 	0.0051913149 	-1.0626503e-09 	-0.00085939958 	0.66961637
0.00075075075 	0.0051912864 	-1.0626036e-09 	-0.00086109899 	0.6689723
0.00075475475 	0.0051912579 	-1.062557e-09 	-0.00086279841 	0.66832822
0.00075875876 	0.0051912293 	-1.0625104e-09 	-0.00086449783 	0.66768414
0.00076276276 	0.0051912008 	-1.0624638e-09 	-0.00086619725 	0.66704006
0.00076676677 	0.0051911723 	-1.0624172e-09 	-0.00086789666 	0.66639599
0.00077077077 	0.0051911438 	-1.0623706e-09 	-0.00086959608 	0.66575191
0.00077477477 	0.0051911152 	-1.062324e-09 	-0.0008712955 	0.66510783
0.00077877878 	0.0051910867 	-1.0622774e-09 	-0.00087299491 	0.66446375
0.00078278278 	0.0051910582 	-1.0622308e-09 	-0.00087469433 	0.66381968
0.00078678679 	0.0051910364 	-1.0625441e-09 	-0.00087427551 	0.66291445
0.00079079079 	0.0051910168 	-1.0629802e-09 	-0.00087313432 	0.66192017
0.00079479479 	0.0051909973 	-1.0634162e-09 	-0.00087199313 	0.66092588
0.0007987988 	0.0051909778 	-1.0638523e-09 	-0.00087085193 	0.65993159
0.0008028028 	0.0051909582 	-1.0642883e-09 	-0.00086971074 	0.65893731
0.00080680681 	0.0051909387 	-1.0647244e-09 	-0.00086856955 	0.65794302
0.00081081081 	0.0051909192 	-1.0651604e-09 	-0.00086742836 	0.65694874
0.00081481481 	0.0051908996 	-1.0655965e-09 	-0.00086628717 	0.65595445
0.00081881882 	0.0051908801 	-1.0660325e-09 	-0.00086514598 	0.65496017
0.00082282282 	0.0051908602 	-1.0664399e-09 	-0.00086400314 	0.65396811
0.00082682683 	0.0051908386 	-1.0667224e-09 	-0.00086285314 	0.65298578
0.00083083083 	0.005190817 	-1.0670048e-09 	-0.00086170314 	0.65200345
0.00083483483 	0.0051907954 	-1.0672872e-09 	-0.00086055314 	0.65102111
0.00083883884 	0.0051907738 	-1.0675696e-09 	-0.00085940314 	0.65003878
0.00084284284 	0.0051907522 	-1.0678521e-09 	-0.00085825315 	0.64905644
0.00084684685 	0.0051907306 	-1.0681345e-09 	-0.00085710315 	0.64807411
0.00085085085 	0.005190709 	-1.0684169e-09 	-0.00085595315 	0.64709178
0.00085485485 	0.0051906874 	-1.0686993e-09 	-0.00085480315 	0.64610944
0.00085885886 	0.0051906658 	-1.0689817e-09 	-0.00085365315 	0.64512711
0.00086286286 	0.0051906442 	-1.0692642e-09 	-0.00085250315 	0.64414478
0.00086686687 	0.0051906226 	-1.0695466e-09 	-0.00085135315 	0.64316244
0.00087087087 	0.005190601 	-1.069829e-09 	-0.00085020315 	0.64218011
0.00087487487 	0.0051905794 	-1.0701114e-09 	-0.00084905315 	0.64119778
0.00087887888 	0.0051905577 	-1.0703938e-09 	-0.00084790315 	0.64021544
0.00088288288 	0.0051905361 	-1.0706763e-09 	-0.00084675315 	0.63923311
0.00088688689 	0.0051905145 	-1.0709587e-09 	-0.00084560315 	0.63825078
0.00089089089 	0.0051904929 	-1.0712411e-09 	-0.00084445315 	0.63726844
0.00089489489 	0.0051904713 	-1.0715235e-09 	-0.00084330315 	0.63628611
0.0008988989 	0.0051904497 	-1.0718059e-09 	-0.00084215315 	0.63530378
0.0009029029 	0.0051904281 	-1.0720884e-09 	-0.00084100315 	0.63432144
0.00090690691 	0.0051904065 	-1.0723708e-09 	-0.00083985315 	0.63333911
0.00091091091 	0.0051903849 	-1.0726532e-09 	-0.00083870316 	0.63235678
0.00091491491 	0.0051903633 	-1.0729356e-09 	-0.00083755316 	0.63137444
0.00091891892 	0.0051903417 	-1.0732181e-09 	-0.00083640316 	0.63039211
0.00092292292 	0.0051903201 	-1.0735005e-09 	-0.00083525316 	0.62940978
0.00092692693 	0.0051902985 	-1.0737829e-09 	-0.00083410316 	0.62842744
0.00093093093 	0.0051902769 	-1.0740653e-09 	-0.00083295316 	0.62744511
0.00093493493 	0.0051902553 	-1.0743477e-09 	-0.00083180316 	0.62646278
0.00093893894 	0.0051902337 	-1.0746302e-09 	-0.00083065316 	0.62548044
0.00094294294 	0.0051902121 	-1.0749126e-09 	-0.00082950316 	0.62449811
0.00094694695 	0.0051901905 	-1.075195e-09 	-0.00082835316 	0.62351578
0.00095095095 	0.0051901689 	-1.0754774e-09 	-0.00082720316 	0.62253344
0.00095495495 	0.0051901473 	-1.0757598e-09 	-0.00082605316 	0.62155111
0.00095895896 	0.0051901257 	-1.0760423e-09 	-0.00082490316 	0.62056878
0.00096296296 	0.0051901041 	-1.0763247e-09 	-0.00082375316 	0.61958644
0.00096696697 	0.0051900825 	-1.0766071e-09 	-0.00082260316 	0.61860411
0.00097097097 	0.0051900609 	-1.0768895e-09 	-0.00082145316 	0.61762178
0.00097497497 	0.0051900393 	-1.0771719e-09 	-0.00082030317 	0.61663944
0.00097897898 	0.005190027 	-1.0783736e-09 	-0.00081773395 	0.61533866
0.00098298298 	0.0051900172 	-1.0798185e-09 	-0.00081478937 	0.61395365
0.00098698699 	0.0051900073 	-1.0812633e-09 	-0.00081184478 	0.61256864
0.00099099099 	0.0051899975 	-1.0827081e-09 	-0.0008089002 	0.61118362
0.00099499499 	0.0051899877 	-1.0841529e-09 	-0.00080595562 	0.60979861
0.000998999 	0.0051899778 	-1.0855978e-09 	-0.00080301104 	0.6084136
0.001003003 	0.005189968 	-1.0870426e-09 	-0.00080006646 	0.60702859
0.001007007 	0.0051899581 	-1.0884874e-09 	-0.00079712188 	0.60564358
0.001011011 	0.0051899477 	-1.0897395e-09 	-0.0007941461 	0.60426227
0.001015015 	0.0051899363 	-1.090654e-09 	-0.00079111568 	0.60288744
0.001019019 	0.0051899248 	-1.0915685e-09 	-0.00078808526 	0.60151261
0.001023023 	0.0051899133 	-1.092483e-09 	-0.00078505484 	0.60013778
0.001027027 	0.0051899019 	-1.0933975e-09 	-0.00078202442 	0.59876295
0.001031031 	0.0051898904 	-1.094312e-09 	-0.000778994 	0.59738811
0.001035035 	0.005189879 	-1.0952266e-09 	-0.00077596358 	0.59601328
0.001039039 	0.0051898675 	-1.0961411e-09 	-0.00077293316 	0.59463845
0.001043043 	0.005189856 	-1.0970556e-09 	-0.00076990274 	0.59326362
0.001047047 	0.0051898446 	-1.0979701e-09 	-0.00076687232 	0.59188879
0.0010510511 	0.0051898331 	-1.0988846e-09 	-0.0007638419 	0.59051396
0.0010550551 	0.0051898217 	-1.0997991e-09 	-0.00076081148 	0.58913913
0.0010590591 	0.0051898102 	-1.1007136e-09 	-0.00075778106 	0.5877643
0.0010630631 	0.0051897987 	-1.1016281e-09 	-0.00075475064 	0.58638947
0.0010670671 	0.0051897873 	-1.1025426e-09 	-0.00075172022 	0.58501464
0.0010710711 	0.0051897758 	-1.1034571e-09 	-0.0007486898 	0.5836398
0.0010750751 	0.0051897644 	-1.1043716e-09 	-0.00074565938 	0.58226497
0.0010790791 	0.0051897529 	-1.1052861e-09 	-0.00074262896 	0.58089014
0.0010830831 	0.0051897414 	-1.1062006e-09 	-0.00073959854 	0.57951531
0.0010870871 	0.00518973 	-1.1071151e-09 	-0.00073656812 	0.57814048
0.0010910911 	0.0051897185 	-1.1080296e-09 	-0.0007335377 	0.57676565
0.0010950951 	0.0051897071 	-1.1089441e-09 	-0.00073050728 	0.57539082
0.0010990991 	0.0051896956 	-1.1098587e-09 	-0.00072747686 	0.57401599
0.0011031031 	0.0051896842 	-1.1107732e-09 	-0.00072444644 	0.57264116
0.0011071071 	0.0051896727 	-1.1116877e-09 	-0.00072141602 	0.57126633
0.0011111111 	0.0051896612 	-1.1126022e-09 	-0.0007183856 	0.5698915
0.0011151151 	0.0051896498 	-1.1135167e-09 	-0.00071535518 	0.56851666
0.0011191191 	0.0051896383 	-1.1144312e-09 	-0.00071232476 	0.56714183
0.0011231231 	0.0051896269 	-1.1153457e-09 	-0.00070929434 	0.565767
0.0011271271 	0.0051896154 	-1.1162602e-09 	-0.00070626392 	0.56439217
0.0011311311 	0.0051896039 	-1.1171747e-09 	-0.0007032335 	0.56301734
0.0011351351 	0.0051895925 	-1.1180892e-09 	-0.00070020308 	0.56164251
0.0011391391 	0.005189581 	-1.1190037e-09 	-0.00069717266 	0.56026768
0.0011431431 	0.0051895696 	-1.1199182e-09 	-0.00069414224 	0.55889285
0.0011471471 	0.0051895623 	-1.1218815e-09 	-0.00069061718 	0.55731782
0.0011511512 	0.0051895591 	-1.1248355e-09 	-0.0006866249 	0.5555537
0.0011551552 	0.0051895558 	-1.1277894e-09 	-0.00068263263 	0.55378957
0.0011591592 	0.0051895526 	-1.1307434e-09 	-0.00067864035 	0.55202545
0.0011631632 	0.0051895493 	-1.1336974e-09 	-0.00067464807 	0.55026132
0.0011671672 	0.005189546 	-1.1366513e-09 	-0.00067065579 	0.54849719
0.0011711712 	0.0051895428 	-1.1396053e-09 	-0.00066666351 	0.54673307
0.0011751752 	0.0051895395 	-1.1424597e-09 	-0.00066265963 	0.54496955
0.0011791792 	0.0051895351 	-1.1442386e-09 	-0.00065853029 	0.5432126
0.0011831832 	0.0051895308 	-1.1460174e-09 	-0.00065440096 	0.54145564
0.0011871872 	0.0051895265 	-1.1477963e-09 	-0.00065027162 	0.53969869
0.0011911912 	0.0051895222 	-1.1495751e-09 	-0.00064614228 	0.53794174
0.0011951952 	0.0051895179 	-1.151354e-09 	-0.00064201295 	0.53618479
0.0011991992 	0.0051895135 	-1.1531328e-09 	-0.00063788361 	0.53442784
0.0012032032 	0.0051895092 	-1.1549116e-09 	-0.00063375427 	0.53267088
0.0012072072 	0.0051895049 	-1.1566905e-09 	-0.00062962493 	0.53091393
0.0012112112 	0.0051895006 	-1.1584693e-09 	-0.0006254956 	0.52915698
0.0012152152 	0.0051894963 	-1.1602482e-09 	-0.00062136626 	0.52740003
0.0012192192 	0.0051894919 	-1.162027e-09 	-0.00061723692 	0.52564308
0.0012232232 	0.0051894876 	-1.1638059e-09 	-0.00061310759 	0.52388612
0.0012272272 	0.0051894833 	-1.1655847e-09 	-0.00060897825 	0.52212917
0.0012312312 	0.005189479 	-1.1673635e-09 	-0.00060484891 	0.52037222
0.0012352352 	0.0051894747 	-1.1691424e-09 	-0.00060071958 	0.51861527
0.0012392392 	0.0051894703 	-1.1709212e-09 	-0.00059659024 	0.51685831
0.0012432432 	0.005189466 	-1.1727001e-09 	-0.0005924609 	0.51510136
0.0012472472 	0.0051894617 	-1.1744789e-09 	-0.00058833157 	0.51334441
0.0012512513 	0.0051894574 	-1.1762578e-09 	-0.00058420223 	0.51158746
0.0012552553 	0.0051894531 	-1.1780366e-09 	-0.00058007289 	0.50983051
0.0012592593 	0.0051894487 	-1.1798154e-09 	-0.00057594356 	0.50807355
0.0012632633 	0.0051894444 	-1.1815943e-09 	-0.00057181422 	0.5063166
0.0012672673 	0.0051894401 	-1.1833731e-09 	-0.00056768488 	0.50455965
0.0012712713 	0.0051894358 	-1.185152e-09 	-0.00056355555 	0.5028027
0.0012752753 	0.0051894315 	-1.1869308e-09 	-0.00055942621 	0.50104575
0.0012792793 	0.0051894272 	-1.1887097e-09 	-0.00055529687 	0.49928879
0.0012832833 	0.0051894228 	-1.1904885e-09 	-0.00055116753 	0.49753184
0.0012872873 	0.0051894185 	-1.1922673e-09 	-0.0005470382 	0.49577489
0.0012912913 	0.0051894142 	-1.1940462e-09 	-0.00054290886 	0.49401794
0.0012952953 	0.0051894113 	-1.1965386e-09 	-0.00053872962 	0.49217515
0.0012992993 	0.0051894127 	-1.2012468e-09 	-0.00053439539 	0.4900658
0.0013033033 	0.0051894141 	-1.2059551e-09 	-0.00053006116 	0.48795645
0.0013073073 	0.0051894155 	-1.2106634e-09 	-0.00052572694 	0.4858471
0.0013113113 	0.0051894169 	-1.2153716e-09 	-0.00052139271 	0.48373775
0.0013153153 	0.0051894183 	-1.2200799e-09 	-0.00051705849 	0.4816284
0.0013193193 	0.0051894197 	-1.2247882e-09 	-0.00051272426 	0.47951905
0.0013233233 	0.0051894207 	-1.2282733e-09 	-0.00050827981 	0.47741237
0.0013273273 	0.0051894215 	-1.2312184e-09 	-0.00050378671 	0.47530688
0.0013313313 	0.0051894223 	-1.2341635e-09 	-0.0004992936 	0.47320138
0.0013353353 	0.0051894231 	-1.2371087e-09 	-0.00049480049 	0.47109588
0.0013393393 	0.005189424 	-1.2400538e-09 	-0.00049030739 	0.46899038
0.0013433433 	0.0051894248 	-1.2429989e-09 	-0.00048581428 	0.46688488
0.0013473473 	0.0051894256 	-1.2459441e-09 	-0.00048132118 	0.46477938
0.0013513514 	0.0051894264 	-1.2488892e-09 	-0.00047682807 	0.46267388
0.0013553554 	0.0051894272 	-1.2518344e-09 	-0.00047233497 	0.46056838
0.0013593594 	0.005189428 	-1.2547795e-09 	-0.00046784186 	0.45846288
0.0013633634 	0.0051894289 	-1.2577246e-09 	-0.00046334875 	0.45635738
0.0013673674 	0.0051894297 	-1.2606698e-09 	-0.00045885565 	0.45425188
0.0013713714 	0.0051894305 	-1.2636149e-09 	-0.00045436254 	0.45214638
0.0013753754 	0.0051894313 	-1.26656e-09 	-0.00044986944 	0.45004088
0.0013793794 	0.0051894321 	-1.2695052e-09 	-0.00044537633 	0.44793538
0.0013833834 	0.005189433 	-1.2724503e-09 	-0.00044088323 	0.44582988
0.0013873874 	0.0051894338 	-1.2753954e-09 	-0.00043639012 	0.44372438
0.0013913914 	0.0051894346 	-1.2783406e-09 	-0.00043189701 	0.44161888
0.0013953954 	0.0051894354 	-1.2812857e-09 	-0.00042740391 	0.43951338
0.0013993994 	0.0051894362 	-1.2842309e-09 	-0.0004229108 	0.43740788
0.0014034034 	0.005189437 	-1.287176e-09 	-0.0004184177 	0.43530238
0.0014074074 	0.0051894379 	-1.2901211e-09 	-0.00041392459 	0.43319688
0.0014114114 	0.0051894387 	-1.2930663e-09 	-0.00040943148 	0.43109138
0.0014154154 	0.0051894395 	-1.2960114e-09 	-0.00040493838 	0.42898588
0.0014194194 	0.0051894403 	-1.2989565e-09 	-0.00040044527 	0.42688038
0.0014234234 	0.0051894411 	-1.3019017e-09 	-0.00039595217 	0.42477488
0.0014274274 	0.0051894428 	-1.3060537e-09 	-0.00039157983 	0.42255095
0.0014314314 	0.0051894457 	-1.3121249e-09 	-0.00038739951 	0.42013868
0.0014354354 	0.0051894486 	-1.3181961e-09 	-0.0003832192 	0.41772641
0.0014394394 	0.0051894515 	-1.3242672e-09 	-0.00037903889 	0.41531413
0.0014434434 	0.0051894544 	-1.3303384e-09 	-0.00037485857 	0.41290186
0.0014474474 	0.0051894573 	-1.3364096e-09 	-0.00037067826 	0.41048959
0.0014514515 	0.00518946 	-1.3411198e-09 	-0.00036640131 	0.4080778
0.0014554555 	0.0051894627 	-1.3449666e-09 	-0.00036206305 	0.40566632
0.0014594595 	0.0051894654 	-1.3488133e-09 	-0.00035772478 	0.40325484
0.0014634635 	0.005189468 	-1.35266e-09 	-0.00035338652 	0.40084335
0.0014674675 	0.0051894707 	-1.3565068e-09 	-0.00034904825 	0.39843187
0.0014714715 	0.0051894734 	-1.3603535e-09 	-0.00034470999 	0.39602039
0.0014754755 	0.005189476 	-1.3642002e-09 	-0.00034037172 	0.3936089
0.0014794795 	0.0051894787 	-1.368047e-09 	-0.00033603345 	0.39119742
0.0014834835 	0.0051894813 	-1.3718937e-09 	-0.00033169519 	0.38878594
0.0014874875 	0.005189484 	-1.3757404e-09 	-0.00032735692 	0.38637445
0.0014914915 	0.0051894867 	-1.3795872e-09 	-0.00032301866 	0.38396297
0.0014954955 	0.0051894893 	-1.3834339e-09 	-0.00031868039 	0.38155149
0.0014994995 	0.005189492 	-1.3872806e-09 	-0.00031434213 	0.37914
0.0015035035 	0.0051894947 	-1.3911274e-09 	-0.00031000386 	0.37672852
0.0015075075 	0.0051894973 	-1.3949741e-09 	-0.0003056656 	0.37431704
0.0015115115 	0.0051895 	-1.3988208e-09 	-0.00030132733 	0.37190555
0.0015155155 	0.0051895026 	-1.4026676e-09 	-0.00029698907 	0.36949407
0.0015195195 	0.0051895053 	-1.4065143e-09 	-0.0002926508 	0.36708259
0.0015235235 	0.005189508 	-1.410361e-09 	-0.00028831254 	0.3646711
0.0015275275 	0.0051895106 	-1.4142078e-09 	-0.00028397427 	0.36225962
0.0015315315 	0.0051895133 	-1.4180545e-09 	-0.000279636 	0.35984814
0.0015355355 	0.005189516 	-1.4219012e-09 	-0.00027529774 	0.35743665
0.0015395395 	0.0051895186 	-1.425748e-09 	-0.00027095947 	0.35502517
0.0015435435 	0.0051895209 	-1.4302432e-09 	-0.00026688126 	0.35250401
0.0015475475 	0.0051895227 	-1.435637e-09 	-0.00026316335 	0.34983088
0.0015515516 	0.0051895244 	-1.4410307e-09 	-0.00025944543 	0.34715775
0.0015555556 	0.0051895262 	-1.4464245e-09 	-0.00025572752 	0.34448463
0.0015595596 	0.0051895279 	-1.4518183e-09 	-0.00025200961 	0.3418115
0.0015635636 	0.0051895297 	-1.4565472e-09 	-0.00024824487 	0.33913779
0.0015675676 	0.0051895314 	-1.4599181e-09 	-0.00024438447 	0.33646288
0.0015715716 	0.005189533 	-1.463289e-09 	-0.00024052408 	0.33378797
0.0015755756 	0.0051895347 	-1.4666599e-09 	-0.00023666368 	0.33111306
0.0015795796 	0.0051895364 	-1.4700307e-09 	-0.00023280329 	0.32843815
0.0015835836 	0.0051895381 	-1.4734016e-09 	-0.00022894289 	0.32576324
0.0015875876 	0.0051895398 	-1.4767725e-09 	-0.0002250825 	0.32308834
0.0015915916 	0.0051895415 	-1.4801434e-09 	-0.0002212221 	0.32041343
0.0015955956 	0.0051895432 	-1.4835143e-09 	-0.0002173617 	0.31773852
0.0015995996 	0.0051895449 	-1.4868852e-09 	-0.00021350131 	0.31506361
0.0016036036 	0.0051895466 	-1.490256e-09 	-0.00020964091 	0.3123887
0.0016076076 	0.0051895483 	-1.4936269e-09 	-0.00020578052 	0.30971379
0.0016116116 	0.00518955 	-1.4969978e-09 	-0.00020192012 	0.30703888
0.0016156156 	0.0051895516 	-1.5003687e-09 	-0.00019805973 	0.30436397
0.0016196196 	0.0051895533 	-1.5037396e-09 	-0.00019419933 	0.30168907
0.0016236236 	0.005189555 	-1.5071104e-09 	-0.00019033894 	0.29901416
0.0016276276 	0.0051895567 	-1.5104813e-09 	-0.00018647854 	0.29633925
0.0016316316 	0.0051895584 	-1.5138522e-09 	-0.00018261814 	0.29366434
0.0016356356 	0.0051895601 	-1.5172231e-09 	-0.00017875775 	0.29098943
0.0016396396 	0.0051895618 	-1.520594e-09 	-0.00017489735 	0.28831452
0.0016436436 	0.0051895635 	-1.5239649e-09 	-0.00017103696 	0.28563961
0.0016476476 	0.0051895626 	-1.5251025e-09 	-0.00016785625 	0.28276941
0.0016516517 	0.0051895613 	-1.5259421e-09 	-0.00016476626 	0.27987314
0.0016556557 	0.0051895601 	-1.5267816e-09 	-0.00016167627 	0.27697687
0.0016596597 	0.0051895588 	-1.5276212e-09 	-0.00015858628 	0.2740806
0.0016636637 	0.0051895575 	-1.5283308e-09 	-0.00015544934 	0.27118282
0.0016676677 	0.0051895563 	-1.5288408e-09 	-0.00015224033 	0.26828271
0.0016716717 	0.005189555 	-1.5293508e-09 	-0.00014903132 	0.2653826
0.0016756757 	0.0051895537 	-1.5298609e-09 	-0.00014582231 	0.26248249
0.0016796797 	0.0051895525 	-1.5303709e-09 	-0.00014261331 	0.25958238
0.0016836837 	0.0051895512 	-1.5308809e-09 	-0.0001394043 	0.25668227
0.0016876877 	0.0051895499 	-1.531391e-09 	-0.00013619529 	0.25378216
0.0016916917 	0.0051895486 	-1.531901e-09 	-0.00013298628 	0.25088205
0.0016956957 	0.0051895474 	-1.532411e-09 	-0.00012977727 	0.24798193
0.0016996997 	0.0051895461 	-1.532921e-09 	-0.00012656827 	0.24508182
0.0017037037 	0.0051895448 	-1.5334311e-09 	-0.00012335926 	0.24218171
0.0017077077 	0.0051895435 	-1.5339411e-09 	-0.00012015025 	0.2392816
0.0017117117 	0.0051895423 	-1.5344511e-09 	-0.00011694124 	0.23638149
0.0017157157 	0.005189541 	-1.5349611e-09 	-0.00011373223 	0.23348138
0.0017197197 	0.0051895397 	-1.5354712e-09 	-0.00011052323 	0.23058127
0.0017237237 	0.0051895385 	-1.5359812e-09 	-0.00010731422 	0.22768116
0.0017277277 	0.0051895372 	-1.5364912e-09 	-0.00010410521 	0.22478105
0.0017317317 	0.0051895359 	-1.5370013e-09 	-0.0001008962 	0.22188094
0.0017357357 	0.005189533 	-1.5339578e-09 	-9.798984e-05 	0.21891175
0.0017397397 	0.0051895274 	-1.5248404e-09 	-9.5600789e-05 	0.21582447
0.0017437437 	0.0051895218 	-1.515723e-09 	-9.3211739e-05 	0.21273719
0.0017477477 	0.0051895162 	-1.5066056e-09 	-9.0822688e-05 	0.20964991
0.0017517518 	0.0051895106 	-1.498889e-09 	-8.8395694e-05 	0.20656037
0.0017557558 	0.0051895049 	-1.4931656e-09 	-8.5914703e-05 	0.20346762
0.0017597598 	0.0051894992 	-1.4874423e-09 	-8.3433712e-05 	0.20037488
0.0017637638 	0.0051894936 	-1.481719e-09 	-8.0952722e-05 	0.19728213
0.0017677678 	0.0051894879 	-1.4759956e-09 	-7.8471731e-05 	0.19418938
0.0017717718 	0.0051894822 	-1.4702723e-09 	-7.5990741e-05 	0.19109664
0.0017757758 	0.0051894765 	-1.464549e-09 	-7.350975e-05 	0.18800389
0.0017797798 	0.0051894708 	-1.4588256e-09 	-7.1028759e-05 	0.18491115
0.0017837838 	0.0051894652 	-1.4531023e-09 	-6.8547769e-05 	0.1818184
0.0017877878 	0.0051894595 	-1.447379e-09 	-6.6066778e-05 	0.17872565
0.0017917918 	0.0051894538 	-1.4416556e-09 	-6.3585788e-05 	0.17563291
0.0017957958 	0.0051894481 	-1.4359323e-09 	-6.1104797e-05 	0.17254016
0.0017997998 	0.0051894425 	-1.430209e-09 	-5.8623807e-05 	0.16944741
0.0018038038 	0.0051894368 	-1.4244856e-09 	-5.6142816e-05 	0.16635467
0.0018078078 	0.0051894311 	-1.4187623e-09 	-5.3661825e-05 	0.16326192
0.0018118118 	0.0051894254 	-1.4130389e-09 	-5.1180835e-05 	0.16016917
0.0018158158 	0.0051894169 	-1.3974518e-09 	-4.9126399e-05 	0.15699359
0.0018198198 	0.0051894057 	-1.3728214e-09 	-4.746303e-05 	0.15374206
0.0018238238 	0.0051893946 	-1.3481911e-09 	-4.5799661e-05 	0.15049053
0.0018278278 	0.0051893834 	-1.3238717e-09 	-4.4134142e-05 	0.14723878
0.0018318318 	0.0051893721 	-1.3084468e-09 	-4.2407148e-05 	0.14398049
0.0018358358 	0.0051893607 	-1.2930219e-09 	-4.0680154e-05 	0.14072221
0.0018398398 	0.0051893494 	-1.2775969e-09 	-3.895316e-05 	0.13746392
0.0018438438 	0.005189338 	-1.262172e-09 	-3.7226166e-05 	0.13420564
0.0018478478 	0.0051893267 	-1.2467471e-09 	-3.5499172e-05 	0.13094736
0.0018518519 	0.0051893153 	-1.2313221e-09 	-3.3772177e-05 	0.12768907
0.0018558559 	0.005189304 	-1.2158972e-09 	-3.2045183e-05 	0.12443079
0.0018598599 	0.0051892926 	-1.2004723e-09 	-3.0318189e-05 	0.1211725
0.0018638639 	0.0051892813 	-1.1850473e-09 	-2.8591195e-05 	0.11791422
0.0018678679 	0.0051892699 	-1.1696224e-09 	-2.6864201e-05 	0.11465594
0.0018718719 	0.0051892585 	-1.1541975e-09 	-2.5137206e-05 	0.11139765
0.0018758759 	0.0051892472 	-1.1387726e-09 	-2.3410212e-05 	0.10813937
0.0018798799 	0.0051892358 	-1.1233476e-09 	-2.1683218e-05 	0.10488108
0.0018838839 	0.0051892244 	-1.1072245e-09 	-1.9975044e-05 	0.1016195
0.0018878879 	0.0051892101 	-1.0631984e-09 	-1.9019054e-05 	0.098225872
0.0018918919 	0.0051891958 	-1.0191722e-09 	-1.8063065e-05 	0.094832248
0.0018958959 	0.0051891816 	-9.7514605e-10 	-1.7107075e-05 	0.091438624
0.0018998999 	0.005189167 	-9.4674029e-10 	-1.6116925e-05 	0.088037596
0.0019039039 	0.0051891525 	-9.191655e-10 	-1.5124957e-05 	0.084636175
0.0019079079 	0.0051891379 	-8.9159072e-10 	-1.413299e-05 	0.081234754
0.0019119119 	0.0051891234 	-8.6401594e-10 	-1.3141022e-05 	0.077833333
0.0019159159 	0.0051891088 	-8.3644116e-10 	-1.2149055e-05 	0.074431912
0.0019199199 	0.0051890943 	-8.0886637e-10 	-1.1157087e-05 	0.071030491
0.0019239239 	0.0051890798 	-7.8129159e-10 	-1.016512e-05 	0.06762907
0.0019279279 	0.0051890652 	-7.5371681e-10 	-9.1731524e-06 	0.064227649
0.0019319319 	0.0051890507 	-7.2614203e-10 	-8.1811849e-06 	0.060826227
0.0019359359 	0.0051890361 	-6.9856724e-10 	-7.1892174e-06 	0.057424806
0.0019399399 	0.0051890216 	-6.7099246e-10 	-6.1972498e-06 	0.054023385
0.0019439439 	0.005189007 	-6.4341768e-10 	-5.2052823e-06 	0.050621964
0.0019479479 	0.0051890052 	-5.9262003e-10 	-4.6014589e-06 	0.047092617
0.001951952 	0.0051890119 	-5.2627262e-10 	-4.2575322e-06 	0.043477613
0.001955956 	0.0051890186 	-4.5992521e-10 	-3.9136054e-06 	0.039862608
0.00195996 	0.0051890259 	-4.1559279e-10 	-3.5590412e-06 	0.036239646
0.001963964 	0.0051890333 	-3.7403351e-10 	-3.2031371e-06 	0.032615681
0.001967968 	0.0051890406 	-3.3247423e-10 	-2.847233e-06 	0.028991717
0.001971972 	0.005189048 	-2.9091495e-10 	-2.4913289e-06 	0.025367752
0.001975976 	0.0051890554 	-2.4935567e-10 	-2.1354247e-06 	0.021743787
0.00197998 	0.0051890627 	-2.0779639e-10 	-1.7795206e-06 	0.018119823
0.001983984 	0.0051890701 	-1.6623712e-10 	-1.4236165e-06 	0.014495858
0.001987988 	0.0051890775 	-1.2467784e-10 	-1.0677124e-06 	0.010871894
0.001991992 	0.0051890848 	-8.3118558e-11 	-7.1180825e-07 	0.0072479292
0.001995996 	0.0051890922 	-4.1559279e-11 	-3.5590412e-07 	0.0036239646
0.002 	0.0051890995 	0 	0 	0
