-0.006 	0.28125826 	0 	0 	0
-0.005987988 	0.28125827 	3.0315254e-15 	1.5688718e-07 	0.00040786119
-0.005975976 	0.28125827 	6.0630508e-15 	3.1377435e-07 	0.00081572239
-0.005963964 	0.28125827 	9.0945762e-15 	4.7066153e-07 	0.0012235836
-0.005951952 	0.28125827 	1.2126102e-14 	6.2754871e-07 	0.0016314448
-0.0059399399 	0.28125828 	1.5157627e-14 	7.8443588e-07 	0.002039306
-0.0059279279 	0.28125828 	1.8189152e-14 	9.4132306e-07 	0.0024471672
-0.0059159159 	0.28125828 	2.1220678e-14 	1.0982102e-06 	0.0028550284
-0.0059039039 	0.28125828 	2.4252203e-14 	1.2550974e-06 	0.0032628895
-0.0058918919 	0.28125829 	2.723692e-14 	1.4110914e-06 	0.003670573
-0.0058798799 	0.28125829 	2.944162e-14 	1.5522004e-06 	0.0040752945
-0.0058678679 	0.28125829 	3.164632e-14 	1.6933094e-06 	0.0044800161
-0.0058558559 	0.28125829 	3.385102e-14 	1.8344184e-06 	0.0048847376
-0.0058438438 	0.2812583 	3.605572e-14 	1.9755274e-06 	0.0052894592
-0.0058318318 	0.2812583 	3.8028079e-14 	2.2179257e-06 	0.0056853788
-0.0058198198 	0.28125831 	3.9648843e-14 	2.6136015e-06 	0.0060679786
-0.0058078078 	0.28125831 	4.1269607e-14 	3.0092773e-06 	0.0064505785
-0.0057957958 	0.28125832 	4.2890372e-14 	3.4049532e-06 	0.0068331784
-0.0057837838 	0.28125832 	4.4511136e-14 	3.800629e-06 	0.0072157783
-0.0057717718 	0.28125832 	4.6131901e-14 	4.1963048e-06 	0.0075983782
-0.0057597598 	0.28125833 	4.7752665e-14 	4.5919806e-06 	0.0079809781
-0.0057477477 	0.28125833 	4.9373429e-14 	4.9876565e-06 	0.008363578
-0.0057357357 	0.28125834 	5.0994194e-14 	5.3833323e-06 	0.0087461779
-0.0057237237 	0.28125834 	5.2614958e-14 	5.7790081e-06 	0.0091287778
-0.0057117117 	0.28125835 	5.4297115e-14 	6.164775e-06 	0.0095106772
-0.0056996997 	0.28125835 	5.6160261e-14 	6.5213303e-06 	0.0098905116
-0.0056876877 	0.28125836 	5.8023406e-14 	6.8778855e-06 	0.010270346
-0.0056756757 	0.28125836 	5.9886552e-14 	7.2344407e-06 	0.01065018
-0.0056636637 	0.28125837 	6.1749698e-14 	7.590996e-06 	0.011030015
-0.0056516517 	0.28125837 	6.3612843e-14 	7.9475512e-06 	0.011409849
-0.0056396396 	0.28125838 	6.3464343e-14 	8.6104976e-06 	0.011776479
-0.0056276276 	0.28125838 	6.3251151e-14 	9.283297e-06 	0.012142685
-0.0056156156 	0.28125838 	6.303796e-14 	9.9560965e-06 	0.01250889
-0.0056036036 	0.28125839 	6.2824768e-14 	1.0628896e-05 	0.012875096
-0.0055915916 	0.28125839 	6.2611576e-14 	1.1301695e-05 	0.013241301
-0.0055795796 	0.2812584 	6.2398384e-14 	1.1974495e-05 	0.013607507
-0.0055675676 	0.2812584 	6.2185193e-14 	1.2647294e-05 	0.013973712
-0.0055555556 	0.28125841 	6.1972001e-14 	1.3320094e-05 	0.014339917
-0.0055435435 	0.28125841 	6.1758809e-14 	1.3992893e-05 	0.014706123
-0.0055315315 	0.28125842 	6.1545618e-14 	1.4665693e-05 	0.015072328
-0.0055195195 	0.28125842 	6.1332426e-14 	1.5338492e-05 	0.015438534
-0.0055075075 	0.28125842 	6.1646745e-14 	1.5980687e-05 	0.015803623
-0.0054954955 	0.28125843 	6.2576094e-14 	1.6587198e-05 	0.016167411
-0.0054834835 	0.28125843 	6.3505443e-14 	1.719371e-05 	0.016531199
-0.0054714715 	0.28125844 	6.4434792e-14 	1.7800221e-05 	0.016894987
-0.0054594595 	0.28125844 	6.5364141e-14 	1.8406733e-05 	0.017258774
-0.0054474474 	0.28125844 	6.6293491e-14 	1.9013245e-05 	0.017622562
-0.0054354354 	0.28125845 	6.59055e-14 	1.9783711e-05 	0.017978592
-0.0054234234 	0.28125845 	6.4016914e-14 	2.0740939e-05 	0.018325784
-0.0054114114 	0.28125846 	6.2128328e-14 	2.1698167e-05 	0.018672976
-0.0053993994 	0.28125846 	6.0239743e-14 	2.2655395e-05 	0.019020168
-0.0053873874 	0.28125846 	5.8351157e-14 	2.3612623e-05 	0.01936736
-0.0053753754 	0.28125847 	5.6462571e-14 	2.4569851e-05 	0.019714552
-0.0053633634 	0.28125847 	5.4573985e-14 	2.5527079e-05 	0.020061744
-0.0053513514 	0.28125848 	5.26854e-14 	2.6484307e-05 	0.020408936
-0.0053393393 	0.28125848 	5.0796814e-14 	2.7441535e-05 	0.020756128
-0.0053273273 	0.28125848 	4.8908228e-14 	2.8398763e-05 	0.02110332
-0.0053153153 	0.28125849 	4.7019642e-14 	2.9355991e-05 	0.021450513
-0.0053033033 	0.28125849 	4.5131056e-14 	3.0313219e-05 	0.021797705
-0.0052912913 	0.28125849 	4.3242471e-14 	3.1270447e-05 	0.022144897
-0.0052792793 	0.2812585 	4.1876266e-14 	3.2188626e-05 	0.022491266
-0.0052672673 	0.2812585 	4.1247075e-14 	3.3051712e-05 	0.022836474
-0.0052552553 	0.28125851 	4.0617885e-14 	3.3914797e-05 	0.023181683
-0.0052432432 	0.28125851 	3.9988694e-14 	3.4777883e-05 	0.023526891
-0.0052312312 	0.28125851 	3.9359504e-14 	3.5640969e-05 	0.0238721
-0.0052192192 	0.28125852 	3.8730313e-14 	3.6504054e-05 	0.024217308
-0.0052072072 	0.28125852 	3.8101123e-14 	3.736714e-05 	0.024562517
-0.0051951952 	0.28125852 	3.7175373e-14 	3.845694e-05 	0.024895275
-0.0051831832 	0.28125853 	3.6064342e-14 	3.9688384e-05 	0.025220254
-0.0051711712 	0.28125853 	3.4953312e-14 	4.0919827e-05 	0.025545233
-0.0051591592 	0.28125853 	3.3842282e-14 	4.2151271e-05 	0.025870212
-0.0051471471 	0.28125854 	3.2731251e-14 	4.3382714e-05 	0.026195191
-0.0051351351 	0.28125854 	3.1620221e-14 	4.4614158e-05 	0.026520171
-0.0051231231 	0.28125854 	3.0509191e-14 	4.5845601e-05 	0.02684515
-0.0051111111 	0.28125855 	2.939816e-14 	4.7077045e-05 	0.027170129
-0.0050990991 	0.28125855 	2.828713e-14 	4.8308488e-05 	0.027495108
-0.0050870871 	0.28125855 	2.71761e-14 	4.9539932e-05 	0.027820087
-0.0050750751 	0.28125856 	2.6065069e-14 	5.0771375e-05 	0.028145067
-0.0050630631 	0.28125856 	2.4954039e-14 	5.2002819e-05 	0.028470046
-0.0050510511 	0.28125856 	2.3843009e-14 	5.3234262e-05 	0.028795025
-0.005039039 	0.28125857 	2.2731978e-14 	5.4465706e-05 	0.029120004
-0.005027027 	0.28125857 	2.1620948e-14 	5.5697149e-05 	0.029444983
-0.005015015 	0.28125857 	2.0061274e-14 	5.6830838e-05 	0.029768805
-0.005003003 	0.28125858 	1.8396112e-14 	5.7941542e-05 	0.030092353
-0.004990991 	0.28125858 	1.6730951e-14 	5.9052246e-05 	0.030415902
-0.004978979 	0.28125858 	1.506579e-14 	6.0162951e-05 	0.030739451
-0.004966967 	0.28125859 	1.3400629e-14 	6.1273655e-05 	0.031063
-0.004954955 	0.28125859 	1.1735467e-14 	6.238436e-05 	0.031386548
-0.0049429429 	0.28125859 	1.0070306e-14 	6.3495064e-05 	0.031710097
-0.0049309309 	0.2812586 	8.5668125e-15 	6.4641198e-05 	0.032031251
-0.0049189189 	0.2812586 	8.5668122e-15 	6.6116824e-05 	0.032330136
-0.0049069069 	0.2812586 	8.5668119e-15 	6.7592451e-05 	0.032629021
-0.0048948949 	0.28125861 	8.5668117e-15 	6.9068078e-05 	0.032927905
-0.0048828829 	0.28125861 	8.5668114e-15 	7.0543704e-05 	0.03322679
-0.0048708709 	0.28125861 	8.5668111e-15 	7.2019331e-05 	0.033525675
-0.0048588589 	0.28125861 	8.5668109e-15 	7.3494957e-05 	0.033824559
-0.0048468468 	0.28125862 	8.5668106e-15 	7.4970584e-05 	0.034123444
-0.0048348348 	0.28125862 	8.5668103e-15 	7.644621e-05 	0.034422329
-0.0048228228 	0.28125862 	8.5668101e-15 	7.7921837e-05 	0.034721213
-0.0048108108 	0.28125863 	8.5668098e-15 	7.9397463e-05 	0.035020098
-0.0047987988 	0.28125863 	8.5668095e-15 	8.087309e-05 	0.035318983
-0.0047867868 	0.28125863 	8.5668092e-15 	8.2348716e-05 	0.035617867
-0.0047747748 	0.28125864 	8.5668089e-15 	8.3824343e-05 	0.035916752
-0.0047627628 	0.28125864 	8.5668086e-15 	8.5299969e-05 	0.036215637
-0.0047507508 	0.28125864 	8.5668083e-15 	8.6775596e-05 	0.036514521
-0.0047387387 	0.28125865 	8.566808e-15 	8.8251222e-05 	0.036813406
-0.0047267267 	0.28125865 	8.2704499e-15 	8.9683371e-05 	0.037112073
-0.0047147147 	0.28125865 	7.2912117e-15 	9.1015337e-05 	0.037410237
-0.0047027027 	0.28125866 	6.3119735e-15 	9.2347303e-05 	0.037708402
-0.0046906907 	0.28125866 	5.3327353e-15 	9.3679269e-05 	0.038006566
-0.0046786787 	0.28125866 	4.3534971e-15 	9.5011235e-05 	0.03830473
-0.0046666667 	0.28125866 	3.3742589e-15 	9.6343201e-05 	0.038602895
-0.0046546547 	0.28125867 	2.3950207e-15 	9.7675167e-05 	0.038901059
-0.0046426426 	0.28125867 	1.4157825e-15 	9.9007133e-05 	0.039199224
-0.0046306306 	0.28125867 	4.3654424e-16 	0.0001003391 	0.039497388
-0.0046186186 	0.28125867 	2.5872796e-21 	0.00010184885 	0.039778946
-0.0046066066 	0.28125868 	2.4776497e-21 	0.0001035016 	0.040047146
-0.0045945946 	0.28125868 	2.3680198e-21 	0.00010515435 	0.040315345
-0.0045825826 	0.28125868 	2.25839e-21 	0.00010680711 	0.040583545
-0.0045705706 	0.28125869 	2.1487601e-21 	0.00010845986 	0.040851744
-0.0045585586 	0.28125869 	2.0391302e-21 	0.00011011261 	0.041119944
-0.0045465465 	0.28125869 	1.9295004e-21 	0.00011176537 	0.041388143
-0.0045345345 	0.2812587 	1.8198705e-21 	0.00011341812 	0.041656343
-0.0045225225 	0.2812587 	1.7102406e-21 	0.00011507087 	0.041924542
-0.0045105105 	0.2812587 	1.6006108e-21 	0.00011672362 	0.042192742
-0.0044984985 	0.28125871 	1.4909809e-21 	0.00011837638 	0.042460941
-0.0044864865 	0.28125871 	1.381351e-21 	0.00012002913 	0.042729141
-0.0044744745 	0.28125871 	1.2717212e-21 	0.00012168188 	0.04299734
-0.0044624625 	0.28125872 	1.1620913e-21 	0.00012333464 	0.04326554
-0.0044504505 	0.28125872 	1.0524614e-21 	0.00012498739 	0.043533739
-0.0044384384 	0.28125872 	9.4283157e-22 	0.00012664014 	0.043801939
-0.0044264264 	0.28125872 	8.332017e-22 	0.0001282929 	0.044070138
-0.0044144144 	0.28125873 	7.2357183e-22 	0.00012994565 	0.044338338
-0.0044024024 	0.28125873 	6.1394197e-22 	0.0001315984 	0.044606537
-0.0043903904 	0.28125873 	8.4323421e-22 	0.00013317127 	0.044874827
-0.0043783784 	0.28125874 	1.4060009e-21 	0.00013466554 	0.045143205
-0.0043663664 	0.28125874 	1.9687675e-21 	0.00013615981 	0.045411584
-0.0043543544 	0.28125874 	2.5315342e-21 	0.00013765408 	0.045679963
-0.0043423423 	0.28125874 	3.0943008e-21 	0.00013914835 	0.045948341
-0.0043303303 	0.28125875 	3.6570675e-21 	0.00014064262 	0.04621672
-0.0043183183 	0.28125875 	4.2198341e-21 	0.00014213689 	0.046485099
-0.0043063063 	0.28125875 	4.7826008e-21 	0.00014363115 	0.046753477
-0.0042942943 	0.28125876 	5.3453674e-21 	0.00014512542 	0.047021856
-0.0042822823 	0.28125876 	5.908134e-21 	0.00014661969 	0.047290235
-0.0042702703 	0.28125876 	6.6529238e-21 	0.00014823709 	0.047537719
-0.0042582583 	0.28125877 	7.5292056e-21 	0.00014994344 	0.047770109
-0.0042462462 	0.28125877 	8.4054875e-21 	0.0001516498 	0.048002499
-0.0042342342 	0.28125877 	9.2817693e-21 	0.00015335615 	0.048234889
-0.0042222222 	0.28125878 	1.0158051e-20 	0.0001550625 	0.04846728
-0.0042102102 	0.28125878 	1.1034333e-20 	0.00015676885 	0.04869967
-0.0041981982 	0.28125878 	1.1910615e-20 	0.0001584752 	0.04893206
-0.0041861862 	0.28125879 	1.2786897e-20 	0.00016018155 	0.04916445
-0.0041741742 	0.28125879 	1.3663178e-20 	0.0001618879 	0.04939684
-0.0041621622 	0.28125879 	1.453946e-20 	0.00016359425 	0.04962923
-0.0041501502 	0.2812588 	1.5415742e-20 	0.00016530061 	0.049861621
-0.0041381381 	0.2812588 	1.6292024e-20 	0.00016700696 	0.050094011
-0.0041261261 	0.2812588 	1.7168306e-20 	0.00016871331 	0.050326401
-0.0041141141 	0.28125881 	1.8044588e-20 	0.00017041966 	0.050558791
-0.0041021021 	0.28125881 	1.8920869e-20 	0.00017212601 	0.050791181
-0.0040900901 	0.28125881 	1.9797151e-20 	0.00017383236 	0.051023571
-0.0040780781 	0.28125882 	2.0673433e-20 	0.00017553871 	0.051255962
-0.0040660661 	0.28125882 	2.1549715e-20 	0.00017724507 	0.051488352
-0.0040540541 	0.28125882 	2.2425997e-20 	0.00017895142 	0.051720742
-0.004042042 	0.28125883 	2.3302279e-20 	0.00018065777 	0.051953132
-0.00403003 	0.28125883 	2.4178561e-20 	0.00018236412 	0.052185522
-0.004018018 	0.28125883 	2.5054842e-20 	0.00018407047 	0.052417912
-0.004006006 	0.28125884 	2.3439125e-20 	0.00018562264 	0.052651535
-0.003993994 	0.28125884 	2.1750994e-20 	0.00018717034 	0.052885193
-0.003981982 	0.28125884 	2.0062863e-20 	0.00018871803 	0.053118852
-0.00396997 	0.28125885 	1.8374731e-20 	0.00019026572 	0.05335251
-0.003957958 	0.28125885 	1.66866e-20 	0.00019181342 	0.053586168
-0.0039459459 	0.28125885 	1.4998469e-20 	0.00019336111 	0.053819827
-0.0039339339 	0.28125886 	1.3310338e-20 	0.0001949088 	0.054053485
-0.0039219219 	0.28125886 	1.1622207e-20 	0.0001964565 	0.054287143
-0.0039099099 	0.28125886 	9.9340756e-21 	0.00019800419 	0.054520802
-0.0038978979 	0.28125886 	8.2459444e-21 	0.00019955189 	0.05475446
-0.0038858859 	0.28125887 	6.5578132e-21 	0.00020109958 	0.054988119
-0.0038738739 	0.28125887 	5.4597336e-21 	0.00020265795 	0.055191618
-0.0038618619 	0.28125888 	4.5963262e-21 	0.00020422057 	0.055383123
-0.0038498498 	0.28125888 	3.7329188e-21 	0.00020578318 	0.055574628
-0.0038378378 	0.28125888 	2.8695114e-21 	0.0002073458 	0.055766133
-0.0038258258 	0.28125889 	2.006104e-21 	0.00020890842 	0.055957637
-0.0038138138 	0.28125889 	1.1426966e-21 	0.00021047103 	0.056149142
-0.0038018018 	0.2812589 	2.7928921e-22 	0.00021203365 	0.056340647
-0.0037897898 	0.2812589 	-5.8411818e-22 	0.00021359627 	0.056532152
-0.0037777778 	0.2812589 	-1.4475256e-21 	0.00021515888 	0.056723657
-0.0037657658 	0.28125891 	-2.310933e-21 	0.0002167215 	0.056915162
-0.0037537538 	0.28125891 	-3.1743404e-21 	0.00021828412 	0.057106666
-0.0037417417 	0.28125892 	-4.0377477e-21 	0.00021984674 	0.057298171
-0.0037297297 	0.28125892 	-4.9011551e-21 	0.00022140935 	0.057489676
-0.0037177177 	0.28125892 	-5.7645625e-21 	0.00022297197 	0.057681181
-0.0037057057 	0.28125893 	-6.6279699e-21 	0.00022453459 	0.057872686
-0.0036936937 	0.28125893 	-7.4913773e-21 	0.0002260972 	0.058064191
-0.0036816817 	0.28125894 	-8.3547847e-21 	0.00022765982 	0.058255695
-0.0036696697 	0.28125894 	-9.2181921e-21 	0.00022922244 	0.0584472
-0.0036576577 	0.28125894 	-1.0081599e-20 	0.00023078505 	0.058638705
-0.0036456456 	0.28125895 	-1.0945007e-20 	0.00023234767 	0.05883021
-0.0036336336 	0.28125895 	-1.1808414e-20 	0.00023391029 	0.059021715
-0.0036216216 	0.28125896 	-1.2671822e-20 	0.00023547291 	0.05921322
-0.0036096096 	0.28125896 	-1.3535229e-20 	0.00023703552 	0.059404724
-0.0035975976 	0.28125897 	-1.4398636e-20 	0.00023859814 	0.059596229
-0.0035855856 	0.28125897 	-1.4895344e-20 	0.00024013291 	0.059788239
-0.0035735736 	0.28125897 	-1.3963773e-20 	0.00024155922 	0.059982215
-0.0035615616 	0.28125898 	-1.3032202e-20 	0.00024298553 	0.060176191
-0.0035495495 	0.28125898 	-1.2100631e-20 	0.00024441184 	0.060370167
-0.0035375375 	0.28125898 	-1.116906e-20 	0.00024583815 	0.060564143
-0.0035255255 	0.28125899 	-1.0237489e-20 	0.00024726446 	0.060758119
-0.0035135135 	0.28125899 	-9.3059177e-21 	0.00024869077 	0.060952095
-0.0035015015 	0.28125899 	-8.3743465e-21 	0.00025011708 	0.061146071
-0.0034894895 	0.281259 	-7.4427754e-21 	0.00025154339 	0.061340047
-0.0034774775 	0.281259 	-6.5112043e-21 	0.0002529697 	0.061534023
-0.0034654655 	0.281259 	-5.5796332e-21 	0.00025439601 	0.061727999
-0.0034534535 	0.28125901 	-4.648062e-21 	0.00025582232 	0.061921975
-0.0034414414 	0.28125901 	-3.7164909e-21 	0.00025724863 	0.062115951
-0.0034294294 	0.28125902 	-2.5796866e-21 	0.00025855531 	0.062289353
-0.0034174174 	0.28125902 	-1.1775269e-21 	0.00025970733 	0.062436155
-0.0034054054 	0.28125903 	2.2463275e-22 	0.00026085934 	0.062582957
-0.0033933934 	0.28125903 	1.6267924e-21 	0.00026201136 	0.062729758
-0.0033813814 	0.28125904 	3.0289521e-21 	0.00026316337 	0.06287656
-0.0033693694 	0.28125904 	4.4311118e-21 	0.00026431539 	0.063023362
-0.0033573574 	0.28125905 	5.8332715e-21 	0.0002654674 	0.063170163
-0.0033453453 	0.28125905 	7.2354312e-21 	0.00026661942 	0.063316965
-0.0033333333 	0.28125906 	8.6375909e-21 	0.00026777143 	0.063463767
-0.0033213213 	0.28125906 	1.0039751e-20 	0.00026892345 	0.063610568
-0.0033093093 	0.28125907 	1.144191e-20 	0.00027007546 	0.06375737
-0.0032972973 	0.28125907 	1.284407e-20 	0.00027122748 	0.063904172
-0.0032852853 	0.28125908 	1.424623e-20 	0.00027237949 	0.064050973
-0.0032732733 	0.28125908 	1.5648389e-20 	0.00027353151 	0.064197775
-0.0032612613 	0.28125909 	1.7050549e-20 	0.00027468352 	0.064344577
-0.0032492492 	0.28125909 	1.8452709e-20 	0.00027583554 	0.064491378
-0.0032372372 	0.2812591 	1.9854868e-20 	0.00027698755 	0.06463818
-0.0032252252 	0.2812591 	2.1257028e-20 	0.00027813957 	0.064784982
-0.0032132132 	0.28125911 	2.2659188e-20 	0.00027929158 	0.064931783
-0.0032012012 	0.28125911 	2.4061348e-20 	0.0002804436 	0.065078585
-0.0031891892 	0.28125912 	2.5463507e-20 	0.00028159561 	0.065225387
-0.0031771772 	0.28125912 	2.6865667e-20 	0.00028274763 	0.065372189
-0.0031651652 	0.28125913 	2.8267827e-20 	0.00028389964 	0.06551899
-0.0031531532 	0.28125913 	2.9669986e-20 	0.00028505166 	0.065665792
-0.0031411411 	0.28125914 	3.1072146e-20 	0.00028620367 	0.065812594
-0.0031291291 	0.28125914 	3.2474306e-20 	0.00028735569 	0.065959395
-0.0031171171 	0.28125915 	3.3876465e-20 	0.0002885077 	0.066106197
-0.0031051051 	0.28125915 	3.5278625e-20 	0.00028965972 	0.066252999
-0.0030930931 	0.28125916 	3.5869548e-20 	0.00029075747 	0.066402068
-0.0030810811 	0.28125916 	3.5989733e-20 	0.00029182372 	0.066552453
-0.0030690691 	0.28125916 	3.6109918e-20 	0.00029288998 	0.066702838
-0.0030570571 	0.28125917 	3.6230104e-20 	0.00029395624 	0.066853223
-0.003045045 	0.28125917 	3.6350289e-20 	0.00029502249 	0.067003608
-0.003033033 	0.28125918 	3.6470474e-20 	0.00029608875 	0.067153993
-0.003021021 	0.28125918 	3.6590659e-20 	0.00029715501 	0.067304378
-0.003009009 	0.28125919 	3.6710844e-20 	0.00029822127 	0.067454763
-0.002996997 	0.28125919 	3.6831029e-20 	0.00029928752 	0.067605148
-0.002984985 	0.28125919 	3.6951214e-20 	0.00030035378 	0.067755533
-0.002972973 	0.2812592 	3.7071399e-20 	0.00030142004 	0.067905918
-0.002960961 	0.2812592 	3.7191584e-20 	0.0003024863 	0.068056303
-0.0029489489 	0.28125921 	3.731177e-20 	0.00030355255 	0.068206688
-0.0029369369 	0.28125921 	3.7431955e-20 	0.00030461881 	0.068357073
-0.0029249249 	0.28125922 	-3.9430367e-16 	0.0003055913 	0.068500126
-0.0029129129 	0.28125922 	-3.0284199e-15 	0.00030603119 	0.068601534
-0.0029009009 	0.28125923 	-5.6625361e-15 	0.00030647108 	0.068702942
-0.0028888889 	0.28125923 	-8.2966523e-15 	0.00030691098 	0.06880435
-0.0028768769 	0.28125924 	-1.0930769e-14 	0.00030735087 	0.068905758
-0.0028648649 	0.28125924 	-1.3564885e-14 	0.00030779077 	0.069007167
-0.0028528529 	0.28125925 	-1.6199001e-14 	0.00030823066 	0.069108575
-0.0028408408 	0.28125926 	-1.8833117e-14 	0.00030867055 	0.069209983
-0.0028288288 	0.28125926 	-2.1467233e-14 	0.00030911045 	0.069311391
-0.0028168168 	0.28125927 	-2.410135e-14 	0.00030955034 	0.0694128
-0.0028048048 	0.28125927 	-2.6735466e-14 	0.00030999023 	0.069514208
-0.0027927928 	0.28125928 	-2.9369582e-14 	0.00031043013 	0.069615616
-0.0027807808 	0.28125928 	-3.2003698e-14 	0.00031087002 	0.069717024
-0.0027687688 	0.28125929 	-3.4637814e-14 	0.00031130991 	0.069818432
-0.0027567568 	0.2812593 	-3.7271931e-14 	0.00031174981 	0.069919841
-0.0027447447 	0.2812593 	-3.9906047e-14 	0.0003121897 	0.070021249
-0.0027327327 	0.28125931 	-4.2540163e-14 	0.0003126296 	0.070122657
-0.0027207207 	0.28125931 	-4.5174279e-14 	0.00031306949 	0.070224065
-0.0027087087 	0.28125932 	-4.7808395e-14 	0.00031350938 	0.070325474
-0.0026966967 	0.28125933 	-5.0442512e-14 	0.00031394928 	0.070426882
-0.0026846847 	0.28125933 	-5.3076628e-14 	0.00031438917 	0.07052829
-0.0026726727 	0.28125934 	-5.5710744e-14 	0.00031482906 	0.070629698
-0.0026606607 	0.28125934 	-5.834486e-14 	0.00031526896 	0.070731106
-0.0026486486 	0.28125935 	-6.0978976e-14 	0.00031570885 	0.070832515
-0.0026366366 	0.28125935 	-6.3613093e-14 	0.00031614875 	0.070933923
-0.0026246246 	0.28125936 	-6.6247209e-14 	0.00031658864 	0.071035331
-0.0026126126 	0.28125937 	-6.8881326e-14 	0.00031702853 	0.071136739
-0.0026006006 	0.28125937 	-7.1515442e-14 	0.00031746843 	0.071238148
-0.0025885886 	0.28125938 	-7.4149558e-14 	0.00031790832 	0.071339556
-0.0025765766 	0.28125938 	-7.6783675e-14 	0.00031834821 	0.071440964
-0.0025645646 	0.28125939 	-7.9417791e-14 	0.00031878811 	0.071542372
-0.0025525526 	0.28125939 	-8.2051908e-14 	0.000319228 	0.07164378
-0.0025405405 	0.2812594 	-8.4686024e-14 	0.00031966213 	0.071747801
-0.0025285285 	0.2812594 	-8.7320141e-14 	0.00032009262 	0.071853478
-0.0025165165 	0.28125941 	-8.9954258e-14 	0.0003205231 	0.071959155
-0.0025045045 	0.28125941 	-9.2588375e-14 	0.00032095358 	0.072064832
-0.0024924925 	0.28125942 	-9.5222491e-14 	0.00032138407 	0.072170509
-0.0024804805 	0.28125942 	-9.7856608e-14 	0.00032181455 	0.072276186
-0.0024684685 	0.28125943 	-1.0049073e-13 	0.00032224503 	0.072381863
-0.0024564565 	0.28125943 	-1.0312484e-13 	0.00032267551 	0.07248754
-0.0024444444 	0.28125944 	-1.0575896e-13 	0.000323106 	0.072593217
-0.0024324324 	0.28125944 	-1.0839308e-13 	0.00032353648 	0.072698894
-0.0024204204 	0.28125945 	-1.1102719e-13 	0.00032396696 	0.072804571
-0.0024084084 	0.28125945 	-1.1366131e-13 	0.00032439745 	0.072910249
-0.0023963964 	0.28125946 	-1.1629543e-13 	0.00032482793 	0.073015926
-0.0023843844 	0.28125946 	-1.1892954e-13 	0.00032525841 	0.073121603
-0.0023723724 	0.28125947 	-1.2156366e-13 	0.00032568889 	0.07322728
-0.0023603604 	0.28125947 	-1.2419778e-13 	0.00032611938 	0.073332957
-0.0023483483 	0.28125948 	-1.267655e-13 	0.00032635667 	0.07343073
-0.0023363363 	0.28125948 	-1.2903816e-13 	0.00032573546 	0.07349338
-0.0023243243 	0.28125949 	-1.3131082e-13 	0.00032511425 	0.073556031
-0.0023123123 	0.28125949 	-1.3358348e-13 	0.00032449304 	0.073618682
-0.0023003003 	0.2812595 	-1.3585615e-13 	0.00032387183 	0.073681332
-0.0022882883 	0.2812595 	-1.3812881e-13 	0.00032325062 	0.073743983
-0.0022762763 	0.28125951 	-1.4040147e-13 	0.00032262942 	0.073806634
-0.0022642643 	0.28125951 	-1.4267413e-13 	0.00032200821 	0.073869284
-0.0022522523 	0.28125952 	-1.4494679e-13 	0.000321387 	0.073931935
-0.0022402402 	0.28125952 	-1.4721946e-13 	0.00032076579 	0.073994586
-0.0022282282 	0.28125953 	-1.4949212e-13 	0.00032014458 	0.074057236
-0.0022162162 	0.28125953 	-1.5176478e-13 	0.00031952337 	0.074119887
-0.0022042042 	0.28125954 	-1.5403744e-13 	0.00031890216 	0.074182538
-0.0021921922 	0.28125954 	-1.563101e-13 	0.00031828095 	0.074245188
-0.0021801802 	0.28125955 	-1.5858277e-13 	0.00031765975 	0.074307839
-0.0021681682 	0.28125955 	-1.6085543e-13 	0.00031703854 	0.07437049
-0.0021561562 	0.28125956 	-1.6312809e-13 	0.00031641733 	0.07443314
-0.0021441441 	0.28125956 	-1.6540075e-13 	0.00031579612 	0.074495791
-0.0021321321 	0.28125956 	-1.6767341e-13 	0.00031517491 	0.074558441
-0.0021201201 	0.28125957 	-1.6994608e-13 	0.0003145537 	0.074621092
-0.0021081081 	0.28125957 	-1.7221874e-13 	0.00031393249 	0.074683743
-0.0020960961 	0.28125958 	-1.744914e-13 	0.00031331128 	0.074746393
-0.0020840841 	0.28125958 	-1.7676406e-13 	0.00031269008 	0.074809044
-0.0020720721 	0.28125959 	-1.7903672e-13 	0.00031206887 	0.074871695
-0.0020600601 	0.28125959 	-1.8130939e-13 	0.00031144766 	0.074934345
-0.002048048 	0.2812596 	-1.8358205e-13 	0.00031082645 	0.074996996
-0.002036036 	0.2812596 	-1.8585471e-13 	0.00031020524 	0.075059647
-0.002024024 	0.28125961 	-1.8812737e-13 	0.00030958403 	0.075122297
-0.002012012 	0.28125961 	-1.9040003e-13 	0.00030896282 	0.075184948
-0.002 	0.28125962 	-1.926727e-13 	0.00030834161 	0.075247599
-0.001987988 	0.28125962 	-1.9494536e-13 	0.0003077204 	0.075310249
-0.001975976 	0.28125963 	-1.9721802e-13 	0.0003070992 	0.0753729
-0.001963964 	0.28125963 	-1.9949068e-13 	0.00030647799 	0.075435551
-0.001951952 	0.28125964 	-2.0176335e-13 	0.00030585678 	0.075498201
-0.0019399399 	0.28125964 	-2.0403601e-13 	0.00030523557 	0.075560852
-0.0019279279 	0.28125965 	-2.0630867e-13 	0.00030461436 	0.075623502
-0.0019159159 	0.28125965 	-2.0764465e-13 	0.00030402977 	0.075687971
-0.0019039039 	0.28125965 	-2.0763353e-13 	0.00030349784 	0.075755052
-0.0018918919 	0.28125966 	-2.0762241e-13 	0.00030296591 	0.075822134
-0.0018798799 	0.28125966 	-2.0761129e-13 	0.00030243398 	0.075889216
-0.0018678679 	0.28125967 	-2.0760017e-13 	0.00030190206 	0.075956298
-0.0018558559 	0.28125967 	-2.0758905e-13 	0.00030137013 	0.07602338
-0.0018438438 	0.28125967 	-2.0757793e-13 	0.0003008382 	0.076090462
-0.0018318318 	0.28125968 	-2.075668e-13 	0.00030030627 	0.076157544
-0.0018198198 	0.28125968 	-2.0755568e-13 	0.00029977434 	0.076224626
-0.0018078078 	0.28125969 	-2.0754456e-13 	0.00029924241 	0.076291708
-0.0017957958 	0.28125969 	-2.0753344e-13 	0.00029871049 	0.07635879
-0.0017837838 	0.28125969 	-2.0752232e-13 	0.00029817856 	0.076425872
-0.0017717718 	0.2812597 	-2.075112e-13 	0.00029764663 	0.076492953
-0.0017597598 	0.2812597 	-2.0750008e-13 	0.0002971147 	0.076560035
-0.0017477477 	0.28125971 	-2.0748895e-13 	0.00029658277 	0.076627117
-0.0017357357 	0.28125971 	-2.0747783e-13 	0.00029605084 	0.076694199
-0.0017237237 	0.28125972 	-2.0746671e-13 	0.00029551891 	0.076761281
-0.0017117117 	0.28125972 	-2.0745559e-13 	0.00029498699 	0.076828363
-0.0016996997 	0.28125972 	-2.0744447e-13 	0.00029445506 	0.076895445
-0.0016876877 	0.28125973 	-2.0606194e-13 	0.00029311076 	0.076934221
-0.0016756757 	0.28125973 	-2.0428182e-13 	0.00029153095 	0.07696479
-0.0016636637 	0.28125973 	-2.0250171e-13 	0.00028995114 	0.076995359
-0.0016516517 	0.28125974 	-2.007216e-13 	0.00028837133 	0.077025929
-0.0016396396 	0.28125974 	-1.9894149e-13 	0.00028679151 	0.077056498
-0.0016276276 	0.28125974 	-1.9716137e-13 	0.0002852117 	0.077087067
-0.0016156156 	0.28125975 	-1.9538126e-13 	0.00028363189 	0.077117637
-0.0016036036 	0.28125975 	-1.9360115e-13 	0.00028205208 	0.077148206
-0.0015915916 	0.28125975 	-1.9182104e-13 	0.00028047227 	0.077178776
-0.0015795796 	0.28125976 	-1.9004092e-13 	0.00027889246 	0.077209345
-0.0015675676 	0.28125976 	-1.8826081e-13 	0.00027731265 	0.077239914
-0.0015555556 	0.28125976 	-1.864807e-13 	0.00027573284 	0.077270484
-0.0015435435 	0.28125977 	-1.8470059e-13 	0.00027415303 	0.077301053
-0.0015315315 	0.28125977 	-1.8292047e-13 	0.00027257322 	0.077331623
-0.0015195195 	0.28125977 	-1.8114036e-13 	0.00027099341 	0.077362192
-0.0015075075 	0.28125978 	-1.7936025e-13 	0.00026941359 	0.077392761
-0.0014954955 	0.28125978 	-1.7758014e-13 	0.00026783378 	0.077423331
-0.0014834835 	0.28125978 	-1.7580002e-13 	0.00026625397 	0.0774539
-0.0014714715 	0.28125979 	-1.7401991e-13 	0.00026467416 	0.07748447
-0.0014594595 	0.28125979 	-1.722398e-13 	0.00026309435 	0.077515039
-0.0014474474 	0.28125979 	-1.7045969e-13 	0.00026151454 	0.077545608
-0.0014354354 	0.2812598 	-1.6867957e-13 	0.00025993473 	0.077576178
-0.0014234234 	0.2812598 	-1.6689946e-13 	0.00025835492 	0.077606747
-0.0014114114 	0.2812598 	-1.6511935e-13 	0.00025677511 	0.077637317
-0.0013993994 	0.28125981 	-1.6334535e-13 	0.00025510427 	0.077666148
-0.0013873874 	0.28125981 	-1.6157576e-13 	0.00025336802 	0.07769373
-0.0013753754 	0.28125981 	-1.5980616e-13 	0.00025163177 	0.077721312
-0.0013633634 	0.28125982 	-1.5803657e-13 	0.00024989552 	0.077748894
-0.0013513514 	0.28125982 	-1.5626697e-13 	0.00024815928 	0.077776477
-0.0013393393 	0.28125983 	-1.5449737e-13 	0.00024642303 	0.077804059
-0.0013273273 	0.28125983 	-1.5272778e-13 	0.00024468678 	0.077831641
-0.0013153153 	0.28125983 	-1.5095818e-13 	0.00024295053 	0.077859223
-0.0013033033 	0.28125984 	-1.4918859e-13 	0.00024121428 	0.077886805
-0.0012912913 	0.28125984 	-1.4741899e-13 	0.00023947803 	0.077914387
-0.0012792793 	0.28125984 	-1.456494e-13 	0.00023774179 	0.07794197
-0.0012672673 	0.28125985 	-1.438798e-13 	0.00023600554 	0.077969552
-0.0012552553 	0.28125985 	-1.421102e-13 	0.00023426929 	0.077997134
-0.0012432432 	0.28125986 	-1.4034061e-13 	0.00023253304 	0.078024716
-0.0012312312 	0.28125986 	-1.3857101e-13 	0.00023079679 	0.078052298
-0.0012192192 	0.28125986 	-1.3680142e-13 	0.00022906054 	0.078079881
-0.0012072072 	0.28125987 	-1.3503182e-13 	0.0002273243 	0.078107463
-0.0011951952 	0.28125987 	-1.3326222e-13 	0.00022558805 	0.078135045
-0.0011831832 	0.28125987 	-1.3149263e-13 	0.0002238518 	0.078162627
-0.0011711712 	0.28125988 	-1.2972303e-13 	0.00022211555 	0.078190209
-0.0011591592 	0.28125988 	-1.2795344e-13 	0.0002203793 	0.078217791
-0.0011471471 	0.28125989 	-1.2618384e-13 	0.00021864305 	0.078245374
-0.0011351351 	0.28125989 	-1.2441424e-13 	0.0002169068 	0.078272956
-0.0011231231 	0.28125989 	-1.2264465e-13 	0.00021517056 	0.078300538
-0.0011111111 	0.2812599 	-1.2087505e-13 	0.00021343431 	0.07832812
-0.0010990991 	0.2812599 	-1.1910546e-13 	0.00021169806 	0.078355702
-0.0010870871 	0.28125991 	-1.1733586e-13 	0.00020996181 	0.078383285
-0.0010750751 	0.28125991 	-1.1556627e-13 	0.00020822556 	0.078410867
-0.0010630631 	0.28125991 	-1.1379667e-13 	0.00020648931 	0.078438449
-0.0010510511 	0.28125992 	-1.1202707e-13 	0.00020475307 	0.078466031
-0.001039039 	0.28125992 	-1.1025748e-13 	0.00020301682 	0.078493613
-0.001027027 	0.28125992 	-1.0848788e-13 	0.00020128057 	0.078521195
-0.001015015 	0.28125993 	-1.0671829e-13 	0.00019954432 	0.078548778
-0.001003003 	0.28125993 	-1.0494869e-13 	0.00019780807 	0.07857636
-0.00099099099 	0.28125994 	-1.0317909e-13 	0.00019607182 	0.078603942
-0.00097897898 	0.28125994 	-1.014095e-13 	0.00019433557 	0.078631524
-0.00096696697 	0.28125994 	-9.9639902e-14 	0.00019259933 	0.078659106
-0.00095495495 	0.28125995 	-9.7870307e-14 	0.00019086308 	0.078686688
-0.00094294294 	0.28125995 	-9.6100711e-14 	0.00018912683 	0.078714271
-0.00093093093 	0.28125995 	-9.4331115e-14 	0.00018739058 	0.078741853
-0.00091891892 	0.28125996 	-9.2561519e-14 	0.00018565433 	0.078769435
-0.00090690691 	0.28125996 	-9.0791923e-14 	0.00018391808 	0.078797017
-0.00089489489 	0.28125997 	-8.9022327e-14 	0.00018218184 	0.078824599
-0.00088288288 	0.28125997 	-8.7252731e-14 	0.00018044559 	0.078852182
-0.00087087087 	0.28125997 	-8.5483135e-14 	0.00017870934 	0.078879764
-0.00085885886 	0.28125998 	-8.3713539e-14 	0.00017697309 	0.078907346
-0.00084684685 	0.28125998 	-8.2187484e-14 	0.00017515094 	0.078932359
-0.00083483483 	0.28125998 	-8.2187483e-14 	0.0001727905 	0.078941277
-0.00082282282 	0.28125998 	-8.2187483e-14 	0.00017043006 	0.078950195
-0.00081081081 	0.28125999 	-8.2187482e-14 	0.00016806963 	0.078959113
-0.0007987988 	0.28125999 	-8.2187481e-14 	0.00016570919 	0.078968031
-0.00078678679 	0.28125999 	-8.2187481e-14 	0.00016334876 	0.078976949
-0.00077477477 	0.28125999 	-8.218748e-14 	0.00016098832 	0.078985867
-0.00076276276 	0.28125999 	-8.2187479e-14 	0.00015862788 	0.078994785
-0.00075075075 	0.28126 	-8.2187479e-14 	0.00015626745 	0.079003703
-0.00073873874 	0.28126 	-8.2187478e-14 	0.00015390701 	0.079012621
-0.00072672673 	0.28126 	-8.2187477e-14 	0.00015154657 	0.079021539
-0.00071471471 	0.28126 	-8.2187476e-14 	0.00014918614 	0.079030456
-0.0007027027 	0.28126 	-8.2187476e-14 	0.0001468257 	0.079039374
-0.00069069069 	0.28126001 	-8.2187475e-14 	0.00014446526 	0.079048292
-0.00067867868 	0.28126001 	-8.2187474e-14 	0.00014210483 	0.07905721
-0.00066666667 	0.28126001 	-8.2187474e-14 	0.00013974439 	0.079066128
-0.00065465465 	0.28126001 	-8.2187473e-14 	0.00013738395 	0.079075046
-0.00064264264 	0.28126001 	-8.2187472e-14 	0.00013502352 	0.079083964
-0.00063063063 	0.28126002 	-8.2187472e-14 	0.00013266308 	0.079092882
-0.00061861862 	0.28126002 	-8.2187471e-14 	0.00013030264 	0.0791018
-0.00060660661 	0.28126002 	-8.218747e-14 	0.00012794221 	0.079110718
-0.00059459459 	0.28126002 	-8.2187469e-14 	0.00012558177 	0.079119636
-0.00058258258 	0.28126002 	-8.2187469e-14 	0.00012322133 	0.079128554
-0.00057057057 	0.28126003 	-8.2187468e-14 	0.0001208609 	0.079137471
-0.00055855856 	0.28126003 	-8.2187467e-14 	0.00011850046 	0.079146389
-0.00054654655 	0.28126003 	-8.0516548e-14 	0.00011596233 	0.079154233
-0.00053453453 	0.28126003 	-7.8746954e-14 	0.00011341371 	0.079162013
-0.00052252252 	0.28126004 	-7.6977359e-14 	0.00011086509 	0.079169794
-0.00051051051 	0.28126004 	-7.5207765e-14 	0.00010831646 	0.079177574
-0.0004984985 	0.28126004 	-7.343817e-14 	0.00010576784 	0.079185354
-0.00048648649 	0.28126004 	-7.1668576e-14 	0.00010321922 	0.079193135
-0.00047447447 	0.28126004 	-6.9898981e-14 	0.0001006706 	0.079200915
-0.00046246246 	0.28126005 	-6.8129387e-14 	9.8121973e-05 	0.079208695
-0.00045045045 	0.28126005 	-6.6359793e-14 	9.5573351e-05 	0.079216476
-0.00043843844 	0.28126005 	-6.4590198e-14 	9.3024728e-05 	0.079224256
-0.00042642643 	0.28126005 	-6.2820604e-14 	9.0476105e-05 	0.079232036
-0.00041441441 	0.28126006 	-6.1051009e-14 	8.7927483e-05 	0.079239817
-0.0004024024 	0.28126006 	-5.9281415e-14 	8.537886e-05 	0.079247597
-0.00039039039 	0.28126006 	-5.751182e-14 	8.2830237e-05 	0.079255377
-0.00037837838 	0.28126006 	-5.5742226e-14 	8.0281615e-05 	0.079263158
-0.00036636637 	0.28126006 	-5.3972631e-14 	7.7732992e-05 	0.079270938
-0.00035435435 	0.28126007 	-5.2203037e-14 	7.5184369e-05 	0.079278718
-0.00034234234 	0.28126007 	-5.0433442e-14 	7.2635747e-05 	0.079286499
-0.00033033033 	0.28126007 	-4.8663848e-14 	7.0087124e-05 	0.079294279
-0.00031831832 	0.28126007 	-4.6894253e-14 	6.7538501e-05 	0.079302059
-0.00030630631 	0.28126008 	-4.5124659e-14 	6.4989878e-05 	0.07930984
-0.00029429429 	0.28126008 	-4.3355064e-14 	6.2441256e-05 	0.07931762
-0.00028228228 	0.28126008 	-4.158547e-14 	5.9892633e-05 	0.0793254
-0.00027027027 	0.28126008 	-3.9815876e-14 	5.734401e-05 	0.079333181
-0.00025825826 	0.28126008 	-3.8046281e-14 	5.4795388e-05 	0.079340961
-0.00024624625 	0.28126009 	-3.6276687e-14 	5.2246765e-05 	0.079348741
-0.00023423423 	0.28126009 	-3.4507092e-14 	4.9698142e-05 	0.079356522
-0.00022222222 	0.28126009 	-3.2737498e-14 	4.714952e-05 	0.079364302
-0.00021021021 	0.28126009 	-3.0967903e-14 	4.4600897e-05 	0.079372082
-0.0001981982 	0.2812601 	-2.9198309e-14 	4.2052274e-05 	0.079379863
-0.00018618619 	0.2812601 	-2.7428714e-14 	3.9503652e-05 	0.079387643
-0.00017417417 	0.2812601 	-2.565912e-14 	3.6955029e-05 	0.079395423
-0.00016216216 	0.2812601 	-2.3889525e-14 	3.4406406e-05 	0.079403204
-0.00015015015 	0.2812601 	-2.2119931e-14 	3.1857784e-05 	0.079410984
-0.00013813814 	0.28126011 	-2.0350336e-14 	2.9309161e-05 	0.079418764
-0.00012612613 	0.28126011 	-1.8580742e-14 	2.6760538e-05 	0.079426545
-0.00011411411 	0.28126011 	-1.6811147e-14 	2.4211915e-05 	0.079434325
-0.0001021021 	0.28126011 	-1.5041553e-14 	2.1663293e-05 	0.079442105
-9.009009e-05 	0.28126012 	-1.3271959e-14 	1.911467e-05 	0.079449886
-7.8078078e-05 	0.28126012 	-1.1502364e-14 	1.6566047e-05 	0.079457666
-6.6066066e-05 	0.28126012 	-9.7327696e-15 	1.4017425e-05 	0.079465446
-5.4054054e-05 	0.28126012 	-7.9631751e-15 	1.1468802e-05 	0.079473227
-4.2042042e-05 	0.28126012 	-6.1935806e-15 	8.9201793e-06 	0.079481007
-3.003003e-05 	0.28126013 	-4.4239862e-15 	6.3715566e-06 	0.079488787
-1.8018018e-05 	0.28126013 	-2.6543917e-15 	3.8229339e-06 	0.079496568
-6.006006e-06 	0.28126013 	-8.8479723e-16 	1.2743113e-06 	0.079504348
6.006006e-06 	0.28126013 	1.0552294e-21 	-1.1802183e-06 	0.079503779
1.8018018e-05 	0.28126013 	3.1656882e-21 	-3.5406549e-06 	0.079494861
3.003003e-05 	0.28126013 	5.2761471e-21 	-5.9010914e-06 	0.079485943
4.2042042e-05 	0.28126013 	7.3866059e-21 	-8.2615279e-06 	0.079477025
5.4054054e-05 	0.28126012 	9.4970647e-21 	-1.0621964e-05 	0.079468108
6.6066066e-05 	0.28126012 	1.1607524e-20 	-1.2982401e-05 	0.07945919
7.8078078e-05 	0.28126012 	1.3717982e-20 	-1.5342837e-05 	0.079450272
9.009009e-05 	0.28126012 	1.5828441e-20 	-1.7703274e-05 	0.079441354
0.0001021021 	0.28126012 	1.79389e-20 	-2.006371e-05 	0.079432436
0.00011411411 	0.28126011 	2.0049359e-20 	-2.2424147e-05 	0.079423518
0.00012612613 	0.28126011 	2.2159818e-20 	-2.4784584e-05 	0.0794146
0.00013813814 	0.28126011 	2.4270276e-20 	-2.714502e-05 	0.079405682
0.00015015015 	0.28126011 	2.6380735e-20 	-2.9505457e-05 	0.079396764
0.00016216216 	0.28126011 	2.8491194e-20 	-3.1865893e-05 	0.079387846
0.00017417417 	0.2812601 	3.0601653e-20 	-3.422633e-05 	0.079378928
0.00018618619 	0.2812601 	3.2712112e-20 	-3.6586766e-05 	0.07937001
0.0001981982 	0.2812601 	3.4822571e-20 	-3.8947203e-05 	0.079361093
0.00021021021 	0.2812601 	3.6933029e-20 	-4.1307639e-05 	0.079352175
0.00022222222 	0.2812601 	3.9043488e-20 	-4.3668076e-05 	0.079343257
0.00023423423 	0.28126009 	4.1153947e-20 	-4.6028512e-05 	0.079334339
0.00024624625 	0.28126009 	4.3264406e-20 	-4.8388949e-05 	0.079325421
0.00025825826 	0.28126009 	4.5374865e-20 	-5.0749385e-05 	0.079316503
0.00027027027 	0.28126009 	4.7485323e-20 	-5.3109822e-05 	0.079307585
0.00028228228 	0.28126009 	4.9595782e-20 	-5.5470258e-05 	0.079298667
0.00029429429 	0.28126008 	-5.4253057e-16 	-5.7888395e-05 	0.079290098
0.00030630631 	0.28126008 	-2.3121256e-15 	-6.0437018e-05 	0.079282318
0.00031831832 	0.28126008 	-4.0817207e-15 	-6.2985641e-05 	0.079274537
0.00033033033 	0.28126008 	-5.8513158e-15 	-6.5534263e-05 	0.079266757
0.00034234234 	0.28126007 	-7.6209108e-15 	-6.8082886e-05 	0.079258977
0.00035435435 	0.28126007 	-9.3905059e-15 	-7.0631509e-05 	0.079251196
0.00036636637 	0.28126007 	-1.1160101e-14 	-7.3180131e-05 	0.079243416
0.00037837838 	0.28126007 	-1.2929696e-14 	-7.5728754e-05 	0.079235636
0.00039039039 	0.28126007 	-1.4699291e-14 	-7.8277377e-05 	0.079227855
0.0004024024 	0.28126006 	-1.6468886e-14 	-8.0825999e-05 	0.079220075
0.00041441441 	0.28126006 	-1.8238481e-14 	-8.3374622e-05 	0.079212295
0.00042642643 	0.28126006 	-2.0008076e-14 	-8.5923245e-05 	0.079204514
0.00043843844 	0.28126006 	-2.1777671e-14 	-8.8471867e-05 	0.079196734
0.00045045045 	0.28126005 	-2.3547266e-14 	-9.102049e-05 	0.079188954
0.00046246246 	0.28126005 	-2.5316862e-14 	-9.3569113e-05 	0.079181173
0.00047447447 	0.28126005 	-2.7086457e-14 	-9.6117735e-05 	0.079173393
0.00048648649 	0.28126005 	-2.8856052e-14 	-9.8666358e-05 	0.079165613
0.0004984985 	0.28126005 	-3.0625647e-14 	-0.00010121498 	0.079157832
0.00051051051 	0.28126004 	-3.2395242e-14 	-0.0001037636 	0.079150052
0.00052252252 	0.28126004 	-3.4164837e-14 	-0.00010631223 	0.079142272
0.00053453453 	0.28126004 	-3.5934432e-14 	-0.00010886085 	0.079134491
0.00054654655 	0.28126004 	-3.7704027e-14 	-0.00011140947 	0.079126711
0.00055855856 	0.28126003 	-3.9473622e-14 	-0.00011395809 	0.079118931
0.00057057057 	0.28126003 	-4.1243217e-14 	-0.00011650672 	0.07911115
0.00058258258 	0.28126003 	-4.3012812e-14 	-0.00011905534 	0.07910337
0.00059459459 	0.28126003 	-4.4782407e-14 	-0.00012160396 	0.07909559
0.00060660661 	0.28126003 	-4.6552002e-14 	-0.00012415259 	0.079087809
0.00061861862 	0.28126002 	-4.8321597e-14 	-0.00012670121 	0.079080029
0.00063063063 	0.28126002 	-5.0091192e-14 	-0.00012924983 	0.079072249
0.00064264264 	0.28126002 	-5.1860788e-14 	-0.00013179845 	0.079064468
0.00065465465 	0.28126002 	-5.3630383e-14 	-0.00013434708 	0.079056688
0.00066666667 	0.28126001 	-5.5399978e-14 	-0.0001368957 	0.079048908
0.00067867868 	0.28126001 	-5.7169573e-14 	-0.00013944432 	0.079041127
0.00069069069 	0.28126001 	-5.8939168e-14 	-0.00014199294 	0.079033347
0.0007027027 	0.28126001 	-6.0708763e-14 	-0.00014454157 	0.079025567
0.00071471471 	0.28126001 	-6.2478358e-14 	-0.00014709019 	0.079017786
0.00072672673 	0.28126 	-6.4247953e-14 	-0.00014963881 	0.079010006
0.00073873874 	0.28126 	-6.6017548e-14 	-0.00015218743 	0.079002226
0.00075075075 	0.28126 	-6.7787143e-14 	-0.00015473606 	0.078994445
0.00076276276 	0.28126 	-6.9556738e-14 	-0.00015728468 	0.078986665
0.00077477477 	0.28125999 	-7.1326333e-14 	-0.0001598333 	0.078978885
0.00078678679 	0.28125999 	-7.3095928e-14 	-0.00016238193 	0.078971104
0.0007987988 	0.28125999 	-7.4865523e-14 	-0.00016493055 	0.078963324
0.00081081081 	0.28125999 	-7.6635118e-14 	-0.00016747917 	0.078955544
0.00082282282 	0.28125999 	-7.8404714e-14 	-0.00017002779 	0.078947763
0.00083483483 	0.28125998 	-8.0174309e-14 	-0.00017257642 	0.078939983
0.00084684685 	0.28125998 	-8.1943904e-14 	-0.00017512504 	0.078932203
0.00085885886 	0.28125998 	-8.2187444e-14 	-0.00017683818 	0.07890477
0.00087087087 	0.28125997 	-8.2187444e-14 	-0.00017841799 	0.0788742
0.00088288288 	0.28125997 	-8.2187444e-14 	-0.0001799978 	0.078843631
0.00089489489 	0.28125997 	-8.2187444e-14 	-0.00018157762 	0.078813062
0.00090690691 	0.28125996 	-8.2187444e-14 	-0.00018315743 	0.078782492
0.00091891892 	0.28125996 	-8.2187444e-14 	-0.00018473724 	0.078751923
0.00093093093 	0.28125996 	-8.2187444e-14 	-0.00018631705 	0.078721353
0.00094294294 	0.28125995 	-8.2187444e-14 	-0.00018789686 	0.078690784
0.00095495495 	0.28125995 	-8.2187444e-14 	-0.00018947667 	0.078660215
0.00096696697 	0.28125995 	-8.2187443e-14 	-0.00019105648 	0.078629645
0.00097897898 	0.28125994 	-8.2187443e-14 	-0.00019263629 	0.078599076
0.00099099099 	0.28125994 	-8.2187443e-14 	-0.0001942161 	0.078568506
0.001003003 	0.28125994 	-8.2187443e-14 	-0.00019579591 	0.078537937
0.001015015 	0.28125994 	-8.2187443e-14 	-0.00019737573 	0.078507368
0.001027027 	0.28125993 	-8.2187443e-14 	-0.00019895554 	0.078476798
0.001039039 	0.28125993 	-8.2187443e-14 	-0.00020053535 	0.078446229
0.0010510511 	0.28125993 	-8.2187443e-14 	-0.00020211516 	0.078415659
0.0010630631 	0.28125992 	-8.2187443e-14 	-0.00020369497 	0.07838509
0.0010750751 	0.28125992 	-8.2187443e-14 	-0.00020527478 	0.078354521
0.0010870871 	0.28125992 	-8.2187443e-14 	-0.00020685459 	0.078323951
0.0010990991 	0.28125991 	-8.2187443e-14 	-0.0002084344 	0.078293382
0.0011111111 	0.28125991 	-8.2187443e-14 	-0.00021001421 	0.078262812
0.0011231231 	0.28125991 	-8.2187443e-14 	-0.00021159402 	0.078232243
0.0011351351 	0.2812599 	-8.2187442e-14 	-0.00021317383 	0.078201674
0.0011471471 	0.2812599 	-8.2180406e-14 	-0.0002148583 	0.078173103
0.0011591592 	0.28125989 	-8.2169888e-14 	-0.00021659455 	0.07814552
0.0011711712 	0.28125989 	-8.2159369e-14 	-0.0002183308 	0.078117938
0.0011831832 	0.28125989 	-8.2148851e-14 	-0.00022006705 	0.078090356
0.0011951952 	0.28125988 	-8.2138333e-14 	-0.00022180329 	0.078062774
0.0012072072 	0.28125988 	-8.2127815e-14 	-0.00022353954 	0.078035192
0.0012192192 	0.28125988 	-8.2117297e-14 	-0.00022527579 	0.07800761
0.0012312312 	0.28125987 	-8.2106779e-14 	-0.00022701204 	0.077980027
0.0012432432 	0.28125987 	-8.209626e-14 	-0.00022874829 	0.077952445
0.0012552553 	0.28125986 	-8.2085742e-14 	-0.00023048454 	0.077924863
0.0012672673 	0.28125986 	-8.2075224e-14 	-0.00023222078 	0.077897281
0.0012792793 	0.28125986 	-8.2064706e-14 	-0.00023395703 	0.077869699
0.0012912913 	0.28125985 	-8.2054188e-14 	-0.00023569328 	0.077842117
0.0013033033 	0.28125985 	-8.2043669e-14 	-0.00023742953 	0.077814534
0.0013153153 	0.28125985 	-8.2033151e-14 	-0.00023916578 	0.077786952
0.0013273273 	0.28125984 	-8.2022633e-14 	-0.00024090203 	0.07775937
0.0013393393 	0.28125984 	-8.2012115e-14 	-0.00024263828 	0.077731788
0.0013513514 	0.28125983 	-8.2001597e-14 	-0.00024437452 	0.077704206
0.0013633634 	0.28125983 	-8.1991078e-14 	-0.00024611077 	0.077676623
0.0013753754 	0.28125983 	-8.198056e-14 	-0.00024784702 	0.077649041
0.0013873874 	0.28125982 	-8.1970042e-14 	-0.00024958327 	0.077621459
0.0013993994 	0.28125982 	-8.1959524e-14 	-0.00025131952 	0.077593877
0.0014114114 	0.28125981 	-8.1949006e-14 	-0.00025305577 	0.077566295
0.0014234234 	0.28125981 	-8.1938487e-14 	-0.00025479201 	0.077538713
0.0014354354 	0.28125981 	-8.1927969e-14 	-0.00025652826 	0.07751113
0.0014474474 	0.2812598 	-8.1917451e-14 	-0.00025826451 	0.077483548
0.0014594595 	0.2812598 	-8.1906933e-14 	-0.00026000076 	0.077455966
0.0014714715 	0.2812598 	-8.1896415e-14 	-0.00026173701 	0.077428384
0.0014834835 	0.28125979 	-8.1885897e-14 	-0.00026347326 	0.077400802
0.0014954955 	0.28125979 	-8.1875378e-14 	-0.00026520951 	0.077373219
0.0015075075 	0.28125978 	-8.186486e-14 	-0.00026694575 	0.077345637
0.0015195195 	0.28125978 	-8.1854342e-14 	-0.000268682 	0.077318055
0.0015315315 	0.28125978 	-8.1843824e-14 	-0.00027041825 	0.077290473
0.0015435435 	0.28125977 	-8.1833306e-14 	-0.0002721545 	0.077262891
0.0015555556 	0.28125977 	-8.1822787e-14 	-0.00027389075 	0.077235309
0.0015675676 	0.28125977 	-8.1812269e-14 	-0.000275627 	0.077207726
0.0015795796 	0.28125976 	-8.1801751e-14 	-0.00027736324 	0.077180144
0.0015915916 	0.28125976 	-8.1791233e-14 	-0.00027909949 	0.077152562
0.0016036036 	0.28125975 	-8.1780715e-14 	-0.00028083574 	0.07712498
0.0016156156 	0.28125975 	-8.1770196e-14 	-0.00028257199 	0.077097398
0.0016276276 	0.28125975 	-8.1759678e-14 	-0.00028430824 	0.077069816
0.0016396396 	0.28125974 	-8.174916e-14 	-0.00028604449 	0.077042233
0.0016516517 	0.28125974 	-8.1738642e-14 	-0.00028778074 	0.077014651
0.0016636637 	0.28125974 	-8.1728124e-14 	-0.00028951698 	0.076987069
0.0016756757 	0.28125973 	-8.1717605e-14 	-0.00029125323 	0.076959487
0.0016876877 	0.28125973 	-8.1707087e-14 	-0.00029298948 	0.076931905
0.0016996997 	0.28125972 	-8.1698934e-14 	-0.00029445506 	0.076895445
0.0017117117 	0.28125972 	-8.1698936e-14 	-0.00029498699 	0.076828363
0.0017237237 	0.28125972 	-8.1698938e-14 	-0.00029551891 	0.076761281
0.0017357357 	0.28125971 	-8.169894e-14 	-0.00029605084 	0.076694199
0.0017477477 	0.28125971 	-8.1698942e-14 	-0.00029658277 	0.076627117
0.0017597598 	0.2812597 	-8.1698944e-14 	-0.0002971147 	0.076560035
0.0017717718 	0.2812597 	-8.1698946e-14 	-0.00029764663 	0.076492953
0.0017837838 	0.28125969 	-8.1698948e-14 	-0.00029817856 	0.076425872
0.0017957958 	0.28125969 	-8.169895e-14 	-0.00029871049 	0.07635879
0.0018078078 	0.28125969 	-8.1698952e-14 	-0.00029924241 	0.076291708
0.0018198198 	0.28125968 	-8.1698954e-14 	-0.00029977434 	0.076224626
0.0018318318 	0.28125968 	-8.1698956e-14 	-0.00030030627 	0.076157544
0.0018438438 	0.28125967 	-8.1698958e-14 	-0.0003008382 	0.076090462
0.0018558559 	0.28125967 	-8.169896e-14 	-0.00030137013 	0.07602338
0.0018678679 	0.28125967 	-8.1698962e-14 	-0.00030190206 	0.075956298
0.0018798799 	0.28125966 	-8.1698964e-14 	-0.00030243398 	0.075889216
0.0018918919 	0.28125966 	-8.1698966e-14 	-0.00030296591 	0.075822134
0.0019039039 	0.28125965 	-8.1698968e-14 	-0.00030349784 	0.075755052
0.0019159159 	0.28125965 	-8.169897e-14 	-0.00030402977 	0.075687971
0.0019279279 	0.28125965 	-8.0351866e-14 	-0.00030461436 	0.075623502
0.0019399399 	0.28125964 	-7.8068085e-14 	-0.00030523557 	0.075560852
0.001951952 	0.28125964 	-7.5784304e-14 	-0.00030585678 	0.075498201
0.001963964 	0.28125963 	-7.3500523e-14 	-0.00030647799 	0.075435551
0.001975976 	0.28125963 	-7.1216742e-14 	-0.0003070992 	0.0753729
0.001987988 	0.28125962 	-6.8932961e-14 	-0.0003077204 	0.075310249
0.002 	0.28125962 	-6.664918e-14 	-0.00030834161 	0.075247599
0.002012012 	0.28125961 	-6.4365399e-14 	-0.00030896282 	0.075184948
0.002024024 	0.28125961 	-6.2081619e-14 	-0.00030958403 	0.075122297
0.002036036 	0.2812596 	-5.9797838e-14 	-0.00031020524 	0.075059647
0.002048048 	0.2812596 	-5.7514057e-14 	-0.00031082645 	0.074996996
0.0020600601 	0.28125959 	-5.5230276e-14 	-0.00031144766 	0.074934345
0.0020720721 	0.28125959 	-5.2946495e-14 	-0.00031206887 	0.074871695
0.0020840841 	0.28125958 	-5.0662714e-14 	-0.00031269008 	0.074809044
0.0020960961 	0.28125958 	-4.8378933e-14 	-0.00031331128 	0.074746393
0.0021081081 	0.28125957 	-4.6095152e-14 	-0.00031393249 	0.074683743
0.0021201201 	0.28125957 	-4.3811371e-14 	-0.0003145537 	0.074621092
0.0021321321 	0.28125956 	-4.152759e-14 	-0.00031517491 	0.074558441
0.0021441441 	0.28125956 	-3.9243809e-14 	-0.00031579612 	0.074495791
0.0021561562 	0.28125956 	-3.6960028e-14 	-0.00031641733 	0.07443314
0.0021681682 	0.28125955 	-3.4676247e-14 	-0.00031703854 	0.07437049
0.0021801802 	0.28125955 	-3.2392466e-14 	-0.00031765975 	0.074307839
0.0021921922 	0.28125954 	-3.0108685e-14 	-0.00031828095 	0.074245188
0.0022042042 	0.28125954 	-2.7824904e-14 	-0.00031890216 	0.074182538
0.0022162162 	0.28125953 	-2.5541123e-14 	-0.00031952337 	0.074119887
0.0022282282 	0.28125953 	-2.3257342e-14 	-0.00032014458 	0.074057236
0.0022402402 	0.28125952 	-2.0973561e-14 	-0.00032076579 	0.073994586
0.0022522523 	0.28125952 	-1.868978e-14 	-0.000321387 	0.073931935
0.0022642643 	0.28125951 	-1.6405999e-14 	-0.00032200821 	0.073869284
0.0022762763 	0.28125951 	-1.4122218e-14 	-0.00032262942 	0.073806634
0.0022882883 	0.2812595 	-1.1838437e-14 	-0.00032325062 	0.073743983
0.0023003003 	0.2812595 	-9.5546564e-15 	-0.00032387183 	0.073681332
0.0023123123 	0.28125949 	-7.2708754e-15 	-0.00032449304 	0.073618682
0.0023243243 	0.28125949 	-4.9870945e-15 	-0.00032511425 	0.073556031
0.0023363363 	0.28125948 	-2.7033135e-15 	-0.00032573546 	0.07349338
0.0023483483 	0.28125948 	-4.1953253e-16 	-0.00032635667 	0.07343073
0.0023603604 	0.28125947 	-1.2875602e-20 	-0.00032611938 	0.073332957
0.0023723724 	0.28125947 	-1.3670258e-20 	-0.00032568889 	0.07322728
0.0023843844 	0.28125946 	-1.4464914e-20 	-0.00032525841 	0.073121603
0.0023963964 	0.28125946 	-1.525957e-20 	-0.00032482793 	0.073015926
0.0024084084 	0.28125945 	-1.6054226e-20 	-0.00032439745 	0.072910249
0.0024204204 	0.28125945 	-1.6848882e-20 	-0.00032396696 	0.072804571
0.0024324324 	0.28125944 	-1.7643539e-20 	-0.00032353648 	0.072698894
0.0024444444 	0.28125944 	-1.8438195e-20 	-0.000323106 	0.072593217
0.0024564565 	0.28125943 	-1.9232851e-20 	-0.00032267551 	0.07248754
0.0024684685 	0.28125943 	-2.0027507e-20 	-0.00032224503 	0.072381863
0.0024804805 	0.28125942 	-2.0822163e-20 	-0.00032181455 	0.072276186
0.0024924925 	0.28125942 	-2.1616819e-20 	-0.00032138407 	0.072170509
0.0025045045 	0.28125941 	-2.2411475e-20 	-0.00032095358 	0.072064832
0.0025165165 	0.28125941 	-2.3206131e-20 	-0.0003205231 	0.071959155
0.0025285285 	0.2812594 	-2.4000787e-20 	-0.00032009262 	0.071853478
0.0025405405 	0.2812594 	-2.4795444e-20 	-0.00031966213 	0.071747801
0.0025525526 	0.28125939 	-2.5432532e-20 	-0.000319228 	0.07164378
0.0025645646 	0.28125939 	-2.5821031e-20 	-0.00031878811 	0.071542372
0.0025765766 	0.28125938 	-2.6209529e-20 	-0.00031834821 	0.071440964
0.0025885886 	0.28125938 	-2.6598028e-20 	-0.00031790832 	0.071339556
0.0026006006 	0.28125937 	-2.6986527e-20 	-0.00031746843 	0.071238148
0.0026126126 	0.28125937 	-2.7375025e-20 	-0.00031702853 	0.071136739
0.0026246246 	0.28125936 	-2.7763524e-20 	-0.00031658864 	0.071035331
0.0026366366 	0.28125935 	-2.8152022e-20 	-0.00031614875 	0.070933923
0.0026486486 	0.28125935 	-2.87031e-20 	-0.00031570885 	0.070832515
0.0026606607 	0.28125934 	-2.9286701e-20 	-0.00031526896 	0.070731106
0.0026726727 	0.28125934 	-2.9870302e-20 	-0.00031482906 	0.070629698
0.0026846847 	0.28125933 	-3.0453903e-20 	-0.00031438917 	0.07052829
0.0026966967 	0.28125933 	-3.1037505e-20 	-0.00031394928 	0.070426882
0.0027087087 	0.28125932 	-3.1621106e-20 	-0.00031350938 	0.070325474
0.0027207207 	0.28125931 	-3.2204707e-20 	-0.00031306949 	0.070224065
0.0027327327 	0.28125931 	-3.2788308e-20 	-0.0003126296 	0.070122657
0.0027447447 	0.2812593 	-3.337191e-20 	-0.0003121897 	0.070021249
0.0027567568 	0.2812593 	-3.3955511e-20 	-0.00031174981 	0.069919841
0.0027687688 	0.28125929 	-3.4539112e-20 	-0.00031130991 	0.069818432
0.0027807808 	0.28125928 	-3.5122713e-20 	-0.00031087002 	0.069717024
0.0027927928 	0.28125928 	-3.5706314e-20 	-0.00031043013 	0.069615616
0.0028048048 	0.28125927 	-3.6289916e-20 	-0.00030999023 	0.069514208
0.0028168168 	0.28125927 	-3.6873517e-20 	-0.00030955034 	0.0694128
0.0028288288 	0.28125926 	-3.7457118e-20 	-0.00030911045 	0.069311391
0.0028408408 	0.28125926 	-3.8040719e-20 	-0.00030867055 	0.069209983
0.0028528529 	0.28125925 	-3.8624321e-20 	-0.00030823066 	0.069108575
0.0028648649 	0.28125924 	-3.9207922e-20 	-0.00030779077 	0.069007167
0.0028768769 	0.28125924 	-3.9791523e-20 	-0.00030735087 	0.068905758
0.0028888889 	0.28125923 	-4.0375124e-20 	-0.00030691098 	0.06880435
0.0029009009 	0.28125923 	-4.0958725e-20 	-0.00030647108 	0.068702942
0.0029129129 	0.28125922 	-4.1542327e-20 	-0.00030603119 	0.068601534
0.0029249249 	0.28125922 	-4.2125928e-20 	-0.0003055913 	0.068500126
0.0029369369 	0.28125921 	-4.079136e-20 	-0.00030461881 	0.068357073
0.0029489489 	0.28125921 	-4.0590101e-20 	-0.00030355255 	0.068206688
0.002960961 	0.2812592 	-4.0388842e-20 	-0.0003024863 	0.068056303
0.002972973 	0.2812592 	-4.0187582e-20 	-0.00030142004 	0.067905918
0.002984985 	0.28125919 	-3.9986323e-20 	-0.00030035378 	0.067755533
0.002996997 	0.28125919 	-3.9785063e-20 	-0.00029928752 	0.067605148
0.003009009 	0.28125919 	-3.9583804e-20 	-0.00029822127 	0.067454763
0.003021021 	0.28125918 	-3.9382544e-20 	-0.00029715501 	0.067304378
0.003033033 	0.28125918 	-3.9181285e-20 	-0.00029608875 	0.067153993
0.003045045 	0.28125917 	-3.8980025e-20 	-0.00029502249 	0.067003608
0.0030570571 	0.28125917 	-3.8778766e-20 	-0.00029395624 	0.066853223
0.0030690691 	0.28125916 	-3.8577507e-20 	-0.00029288998 	0.066702838
0.0030810811 	0.28125916 	-3.8376247e-20 	-0.00029182372 	0.066552453
0.0030930931 	0.28125916 	-3.8174988e-20 	-0.00029075747 	0.066402068
0.0031051051 	0.28125915 	-3.750299e-20 	-0.00028965972 	0.066252999
0.0031171171 	0.28125915 	-3.6019756e-20 	-0.0002885077 	0.066106197
0.0031291291 	0.28125914 	-3.4536522e-20 	-0.00028735569 	0.065959395
0.0031411411 	0.28125914 	-3.3053288e-20 	-0.00028620367 	0.065812594
0.0031531532 	0.28125913 	-3.1570054e-20 	-0.00028505166 	0.065665792
0.0031651652 	0.28125913 	-3.008682e-20 	-0.00028389964 	0.06551899
0.0031771772 	0.28125912 	-2.8603586e-20 	-0.00028274763 	0.065372189
0.0031891892 	0.28125912 	-2.7120352e-20 	-0.00028159561 	0.065225387
0.0032012012 	0.28125911 	-2.5637118e-20 	-0.0002804436 	0.065078585
0.0032132132 	0.28125911 	-2.4153884e-20 	-0.00027929158 	0.064931783
0.0032252252 	0.2812591 	-2.267065e-20 	-0.00027813957 	0.064784982
0.0032372372 	0.2812591 	-2.1187416e-20 	-0.00027698755 	0.06463818
0.0032492492 	0.28125909 	-1.9704182e-20 	-0.00027583554 	0.064491378
0.0032612613 	0.28125909 	-1.8220948e-20 	-0.00027468352 	0.064344577
0.0032732733 	0.28125908 	-1.6737714e-20 	-0.00027353151 	0.064197775
0.0032852853 	0.28125908 	-1.525448e-20 	-0.00027237949 	0.064050973
0.0032972973 	0.28125907 	-1.3771246e-20 	-0.00027122748 	0.063904172
0.0033093093 	0.28125907 	-1.2288012e-20 	-0.00027007546 	0.06375737
0.0033213213 	0.28125906 	-1.0804778e-20 	-0.00026892345 	0.063610568
0.0033333333 	0.28125906 	-9.3215437e-21 	-0.00026777143 	0.063463767
0.0033453453 	0.28125905 	-7.8383097e-21 	-0.00026661942 	0.063316965
0.0033573574 	0.28125905 	-6.3550757e-21 	-0.0002654674 	0.063170163
0.0033693694 	0.28125904 	-4.8718416e-21 	-0.00026431539 	0.063023362
0.0033813814 	0.28125904 	-3.3886076e-21 	-0.00026316337 	0.06287656
0.0033933934 	0.28125903 	-1.9053736e-21 	-0.00026201136 	0.062729758
0.0034054054 	0.28125903 	-4.2213955e-22 	-0.00026085934 	0.062582957
0.0034174174 	0.28125902 	1.0610945e-21 	-0.00025970733 	0.062436155
0.0034294294 	0.28125902 	2.5443285e-21 	-0.00025855531 	0.062289353
0.0034414414 	0.28125901 	1.8874084e-15 	-0.00025724863 	0.062115951
0.0034534535 	0.28125901 	5.2345842e-15 	-0.00025582232 	0.061921975
0.0034654655 	0.281259 	8.58176e-15 	-0.00025439601 	0.061727999
0.0034774775 	0.281259 	1.1928936e-14 	-0.0002529697 	0.061534023
0.0034894895 	0.281259 	1.5276111e-14 	-0.00025154339 	0.061340047
0.0035015015 	0.28125899 	1.8623287e-14 	-0.00025011708 	0.061146071
0.0035135135 	0.28125899 	2.1970463e-14 	-0.00024869077 	0.060952095
0.0035255255 	0.28125899 	2.5317639e-14 	-0.00024726446 	0.060758119
0.0035375375 	0.28125898 	2.8664815e-14 	-0.00024583815 	0.060564143
0.0035495495 	0.28125898 	3.201199e-14 	-0.00024441184 	0.060370167
0.0035615616 	0.28125898 	3.5359166e-14 	-0.00024298553 	0.060176191
0.0035735736 	0.28125897 	3.8706342e-14 	-0.00024155922 	0.059982215
0.0035855856 	0.28125897 	4.2053518e-14 	-0.00024013291 	0.059788239
0.0035975976 	0.28125897 	4.2737317e-14 	-0.00023859814 	0.059596229
0.0036096096 	0.28125896 	4.2737317e-14 	-0.00023703552 	0.059404724
0.0036216216 	0.28125896 	4.2737316e-14 	-0.00023547291 	0.05921322
0.0036336336 	0.28125895 	4.2737315e-14 	-0.00023391029 	0.059021715
0.0036456456 	0.28125895 	4.2737314e-14 	-0.00023234767 	0.05883021
0.0036576577 	0.28125894 	4.2737313e-14 	-0.00023078505 	0.058638705
0.0036696697 	0.28125894 	4.2737312e-14 	-0.00022922244 	0.0584472
0.0036816817 	0.28125894 	4.2737311e-14 	-0.00022765982 	0.058255695
0.0036936937 	0.28125893 	4.2737311e-14 	-0.0002260972 	0.058064191
0.0037057057 	0.28125893 	4.273731e-14 	-0.00022453459 	0.057872686
0.0037177177 	0.28125892 	4.2737309e-14 	-0.00022297197 	0.057681181
0.0037297297 	0.28125892 	4.2737308e-14 	-0.00022140935 	0.057489676
0.0037417417 	0.28125892 	4.2737307e-14 	-0.00021984674 	0.057298171
0.0037537538 	0.28125891 	4.2737306e-14 	-0.00021828412 	0.057106666
0.0037657658 	0.28125891 	4.2737305e-14 	-0.0002167215 	0.056915162
0.0037777778 	0.2812589 	4.2737304e-14 	-0.00021515888 	0.056723657
0.0037897898 	0.2812589 	4.2737304e-14 	-0.00021359627 	0.056532152
0.0038018018 	0.2812589 	4.2737303e-14 	-0.00021203365 	0.056340647
0.0038138138 	0.28125889 	4.2737302e-14 	-0.00021047103 	0.056149142
0.0038258258 	0.28125889 	4.2737301e-14 	-0.00020890842 	0.055957637
0.0038378378 	0.28125888 	4.27373e-14 	-0.0002073458 	0.055766133
0.0038498498 	0.28125888 	4.2737299e-14 	-0.00020578318 	0.055574628
0.0038618619 	0.28125888 	4.2737298e-14 	-0.00020422057 	0.055383123
0.0038738739 	0.28125887 	4.2737298e-14 	-0.00020265795 	0.055191618
0.0038858859 	0.28125887 	4.3821448e-14 	-0.00020109958 	0.054988119
0.0038978979 	0.28125886 	4.7631549e-14 	-0.00019955189 	0.05475446
0.0039099099 	0.28125886 	5.1441651e-14 	-0.00019800419 	0.054520802
0.0039219219 	0.28125886 	5.5251752e-14 	-0.0001964565 	0.054287143
0.0039339339 	0.28125886 	5.9061854e-14 	-0.0001949088 	0.054053485
0.0039459459 	0.28125885 	6.2871955e-14 	-0.00019336111 	0.053819827
0.003957958 	0.28125885 	6.6682057e-14 	-0.00019181342 	0.053586168
0.00396997 	0.28125885 	7.0492158e-14 	-0.00019026572 	0.05335251
0.003981982 	0.28125884 	7.430226e-14 	-0.00018871803 	0.053118852
0.003993994 	0.28125884 	7.8112361e-14 	-0.00018717034 	0.052885193
0.004006006 	0.28125884 	8.1922462e-14 	-0.00018562264 	0.052651535
0.004018018 	0.28125883 	8.5732308e-14 	-0.00018407047 	0.052417912
0.00403003 	0.28125883 	8.9533361e-14 	-0.00018236412 	0.052185522
0.004042042 	0.28125883 	9.3334414e-14 	-0.00018065777 	0.051953132
0.0040540541 	0.28125882 	9.7135467e-14 	-0.00017895142 	0.051720742
0.0040660661 	0.28125882 	1.0093652e-13 	-0.00017724507 	0.051488352
0.0040780781 	0.28125882 	1.0473757e-13 	-0.00017553871 	0.051255962
0.0040900901 	0.28125881 	1.0853863e-13 	-0.00017383236 	0.051023571
0.0041021021 	0.28125881 	1.1233968e-13 	-0.00017212601 	0.050791181
0.0041141141 	0.28125881 	1.1614073e-13 	-0.00017041966 	0.050558791
0.0041261261 	0.2812588 	1.1994178e-13 	-0.00016871331 	0.050326401
0.0041381381 	0.2812588 	1.2374284e-13 	-0.00016700696 	0.050094011
0.0041501502 	0.2812588 	1.2754389e-13 	-0.00016530061 	0.049861621
0.0041621622 	0.28125879 	1.3134494e-13 	-0.00016359425 	0.04962923
0.0041741742 	0.28125879 	1.35146e-13 	-0.0001618879 	0.04939684
0.0041861862 	0.28125879 	1.3894705e-13 	-0.00016018155 	0.04916445
0.0041981982 	0.28125878 	1.427481e-13 	-0.0001584752 	0.04893206
0.0042102102 	0.28125878 	1.4654916e-13 	-0.00015676885 	0.04869967
0.0042222222 	0.28125878 	1.5035021e-13 	-0.0001550625 	0.04846728
0.0042342342 	0.28125877 	1.5415126e-13 	-0.00015335615 	0.048234889
0.0042462462 	0.28125877 	1.5795231e-13 	-0.0001516498 	0.048002499
0.0042582583 	0.28125877 	1.6175337e-13 	-0.00014994344 	0.047770109
0.0042702703 	0.28125876 	1.6555442e-13 	-0.00014823709 	0.047537719
0.0042822823 	0.28125876 	1.6595166e-13 	-0.00014661969 	0.047290235
0.0042942943 	0.28125876 	1.6163705e-13 	-0.00014512542 	0.047021856
0.0043063063 	0.28125875 	1.5732244e-13 	-0.00014363115 	0.046753477
0.0043183183 	0.28125875 	1.5300782e-13 	-0.00014213689 	0.046485099
0.0043303303 	0.28125875 	1.4869321e-13 	-0.00014064262 	0.04621672
0.0043423423 	0.28125874 	1.4437859e-13 	-0.00013914835 	0.045948341
0.0043543544 	0.28125874 	1.4006398e-13 	-0.00013765408 	0.045679963
0.0043663664 	0.28125874 	1.3574937e-13 	-0.00013615981 	0.045411584
0.0043783784 	0.28125874 	1.3143475e-13 	-0.00013466554 	0.045143205
0.0043903904 	0.28125873 	1.2712014e-13 	-0.00013317127 	0.044874827
0.0044024024 	0.28125873 	1.2494651e-13 	-0.0001315984 	0.044606537
0.0044144144 	0.28125873 	1.2494886e-13 	-0.00012994565 	0.044338338
0.0044264264 	0.28125872 	1.249512e-13 	-0.0001282929 	0.044070138
0.0044384384 	0.28125872 	1.2495355e-13 	-0.00012664014 	0.043801939
0.0044504505 	0.28125872 	1.2495589e-13 	-0.00012498739 	0.043533739
0.0044624625 	0.28125872 	1.2495824e-13 	-0.00012333464 	0.04326554
0.0044744745 	0.28125871 	1.2496058e-13 	-0.00012168188 	0.04299734
0.0044864865 	0.28125871 	1.2496292e-13 	-0.00012002913 	0.042729141
0.0044984985 	0.28125871 	1.2496527e-13 	-0.00011837638 	0.042460941
0.0045105105 	0.2812587 	1.2496761e-13 	-0.00011672362 	0.042192742
0.0045225225 	0.2812587 	1.2496996e-13 	-0.00011507087 	0.041924542
0.0045345345 	0.2812587 	1.249723e-13 	-0.00011341812 	0.041656343
0.0045465465 	0.28125869 	1.2497465e-13 	-0.00011176537 	0.041388143
0.0045585586 	0.28125869 	1.2497699e-13 	-0.00011011261 	0.041119944
0.0045705706 	0.28125869 	1.2497934e-13 	-0.00010845986 	0.040851744
0.0045825826 	0.28125868 	1.2498168e-13 	-0.00010680711 	0.040583545
0.0045945946 	0.28125868 	1.2498402e-13 	-0.00010515435 	0.040315345
0.0046066066 	0.28125868 	1.2498637e-13 	-0.0001035016 	0.040047146
0.0046186186 	0.28125867 	1.2498871e-13 	-0.00010184885 	0.039778946
0.0046306306 	0.28125867 	1.2499128e-13 	-0.0001003391 	0.039497388
0.0046426426 	0.28125867 	1.2499414e-13 	-9.9007134e-05 	0.039199224
0.0046546547 	0.28125867 	1.2499699e-13 	-9.7675168e-05 	0.038901059
0.0046666667 	0.28125866 	1.2499985e-13 	-9.6343202e-05 	0.038602895
0.0046786787 	0.28125866 	1.250027e-13 	-9.5011235e-05 	0.03830473
0.0046906907 	0.28125866 	1.2500556e-13 	-9.3679269e-05 	0.038006566
0.0047027027 	0.28125866 	1.2500841e-13 	-9.2347303e-05 	0.037708402
0.0047147147 	0.28125865 	1.2501126e-13 	-9.1015337e-05 	0.037410237
0.0047267267 	0.28125865 	1.2501412e-13 	-8.9683371e-05 	0.037112073
0.0047387387 	0.28125865 	1.2433409e-13 	-8.8251222e-05 	0.036813406
0.0047507508 	0.28125864 	1.2335771e-13 	-8.6775596e-05 	0.036514521
0.0047627628 	0.28125864 	1.2238132e-13 	-8.5299969e-05 	0.036215637
0.0047747748 	0.28125864 	1.2140494e-13 	-8.3824343e-05 	0.035916752
0.0047867868 	0.28125863 	1.2042855e-13 	-8.2348716e-05 	0.035617867
0.0047987988 	0.28125863 	1.1945217e-13 	-8.087309e-05 	0.035318983
0.0048108108 	0.28125863 	1.1847578e-13 	-7.9397463e-05 	0.035020098
0.0048228228 	0.28125862 	1.1749939e-13 	-7.7921837e-05 	0.034721213
0.0048348348 	0.28125862 	1.1652301e-13 	-7.644621e-05 	0.034422329
0.0048468468 	0.28125862 	1.1554662e-13 	-7.4970584e-05 	0.034123444
0.0048588589 	0.28125861 	1.1457024e-13 	-7.3494957e-05 	0.033824559
0.0048708709 	0.28125861 	1.1359385e-13 	-7.2019331e-05 	0.033525675
0.0048828829 	0.28125861 	1.1261747e-13 	-7.0543704e-05 	0.03322679
0.0048948949 	0.28125861 	1.1164108e-13 	-6.9068078e-05 	0.032927905
0.0049069069 	0.2812586 	1.106647e-13 	-6.7592451e-05 	0.032629021
0.0049189189 	0.2812586 	1.0968831e-13 	-6.6116825e-05 	0.032330136
0.0049309309 	0.2812586 	1.0871193e-13 	-6.4641198e-05 	0.032031251
0.0049429429 	0.28125859 	1.1312511e-13 	-6.3495064e-05 	0.031710097
0.004954955 	0.28125859 	1.1811782e-13 	-6.238436e-05 	0.031386548
0.004966967 	0.28125859 	1.2311053e-13 	-6.1273655e-05 	0.031063
0.004978979 	0.28125858 	1.2810324e-13 	-6.0162951e-05 	0.030739451
0.004990991 	0.28125858 	1.3309595e-13 	-5.9052247e-05 	0.030415902
0.005003003 	0.28125858 	1.3808866e-13 	-5.7941542e-05 	0.030092353
0.005015015 	0.28125857 	1.4308137e-13 	-5.6830838e-05 	0.029768805
0.005027027 	0.28125857 	1.4786284e-13 	-5.5697149e-05 	0.029444983
0.005039039 	0.28125857 	1.5174591e-13 	-5.4465706e-05 	0.029120004
0.0050510511 	0.28125856 	1.5562897e-13 	-5.3234262e-05 	0.028795025
0.0050630631 	0.28125856 	1.5951204e-13 	-5.2002819e-05 	0.028470046
0.0050750751 	0.28125856 	1.633951e-13 	-5.0771375e-05 	0.028145067
0.0050870871 	0.28125855 	1.6727817e-13 	-4.9539932e-05 	0.027820087
0.0050990991 	0.28125855 	1.7116124e-13 	-4.8308488e-05 	0.027495108
0.0051111111 	0.28125855 	1.750443e-13 	-4.7077045e-05 	0.027170129
0.0051231231 	0.28125854 	1.7892737e-13 	-4.5845601e-05 	0.02684515
0.0051351351 	0.28125854 	1.8281043e-13 	-4.4614158e-05 	0.026520171
0.0051471471 	0.28125854 	1.866935e-13 	-4.3382714e-05 	0.026195191
0.0051591592 	0.28125853 	1.9057657e-13 	-4.2151271e-05 	0.025870212
0.0051711712 	0.28125853 	1.9445963e-13 	-4.0919827e-05 	0.025545233
0.0051831832 	0.28125853 	1.983427e-13 	-3.9688384e-05 	0.025220254
0.0051951952 	0.28125852 	2.0222576e-13 	-3.845694e-05 	0.024895275
0.0052072072 	0.28125852 	2.0413142e-13 	-3.736714e-05 	0.024562517
0.0052192192 	0.28125852 	2.0287202e-13 	-3.6504055e-05 	0.024217308
0.0052312312 	0.28125851 	2.0161262e-13 	-3.5640969e-05 	0.0238721
0.0052432432 	0.28125851 	2.0035323e-13 	-3.4777883e-05 	0.023526891
0.0052552553 	0.28125851 	1.9909383e-13 	-3.3914797e-05 	0.023181683
0.0052672673 	0.2812585 	1.9783444e-13 	-3.3051712e-05 	0.022836474
0.0052792793 	0.2812585 	1.9657504e-13 	-3.2188626e-05 	0.022491266
0.0052912913 	0.28125849 	1.9605325e-13 	-3.1270447e-05 	0.022144897
0.0053033033 	0.28125849 	1.9605427e-13 	-3.0313219e-05 	0.021797705
0.0053153153 	0.28125849 	1.9605528e-13 	-2.9355991e-05 	0.021450513
0.0053273273 	0.28125848 	1.960563e-13 	-2.8398763e-05 	0.02110332
0.0053393393 	0.28125848 	1.9605732e-13 	-2.7441535e-05 	0.020756128
0.0053513514 	0.28125848 	1.9605833e-13 	-2.6484307e-05 	0.020408936
0.0053633634 	0.28125847 	1.9605935e-13 	-2.5527079e-05 	0.020061744
0.0053753754 	0.28125847 	1.9606036e-13 	-2.4569851e-05 	0.019714552
0.0053873874 	0.28125846 	1.9606138e-13 	-2.3612623e-05 	0.01936736
0.0053993994 	0.28125846 	1.9606239e-13 	-2.2655395e-05 	0.019020168
0.0054114114 	0.28125846 	1.9606341e-13 	-2.1698167e-05 	0.018672976
0.0054234234 	0.28125845 	1.9606443e-13 	-2.0740939e-05 	0.018325784
0.0054354354 	0.28125845 	1.9606544e-13 	-1.9783711e-05 	0.017978592
0.0054474474 	0.28125844 	1.9427737e-13 	-1.9013245e-05 	0.017622562
0.0054594595 	0.28125844 	1.9091869e-13 	-1.8406733e-05 	0.017258774
0.0054714715 	0.28125844 	1.8756e-13 	-1.7800222e-05 	0.016894987
0.0054834835 	0.28125843 	1.8420132e-13 	-1.719371e-05 	0.016531199
0.0054954955 	0.28125843 	1.8084264e-13 	-1.6587198e-05 	0.016167411
0.0055075075 	0.28125842 	1.7748396e-13 	-1.5980687e-05 	0.015803623
0.0055195195 	0.28125842 	1.7512445e-13 	-1.5338492e-05 	0.015438534
0.0055315315 	0.28125842 	1.7362192e-13 	-1.4665693e-05 	0.015072328
0.0055435435 	0.28125841 	1.7211939e-13 	-1.3992893e-05 	0.014706123
0.0055555556 	0.28125841 	1.7061686e-13 	-1.3320094e-05 	0.014339917
0.0055675676 	0.2812584 	1.6911433e-13 	-1.2647294e-05 	0.013973712
0.0055795796 	0.2812584 	1.676118e-13 	-1.1974495e-05 	0.013607507
0.0055915916 	0.28125839 	1.6610927e-13 	-1.1301695e-05 	0.013241301
0.0056036036 	0.28125839 	1.6460674e-13 	-1.0628896e-05 	0.012875096
0.0056156156 	0.28125838 	1.6310422e-13 	-9.9560965e-06 	0.01250889
0.0056276276 	0.28125838 	1.6160169e-13 	-9.2832971e-06 	0.012142685
0.0056396396 	0.28125838 	1.6009916e-13 	-8.6104976e-06 	0.011776479
0.0056516517 	0.28125837 	1.5847939e-13 	-7.9475512e-06 	0.011409849
0.0056636637 	0.28125837 	1.5321402e-13 	-7.590996e-06 	0.011030015
0.0056756757 	0.28125836 	1.4794864e-13 	-7.2344408e-06 	0.01065018
0.0056876877 	0.28125836 	1.4268327e-13 	-6.8778855e-06 	0.010270346
0.0056996997 	0.28125835 	1.374179e-13 	-6.5213303e-06 	0.0098905116
0.0057117117 	0.28125835 	1.3215253e-13 	-6.164775e-06 	0.0095106772
0.0057237237 	0.28125834 	1.2718924e-13 	-5.7790081e-06 	0.0091287778
0.0057357357 	0.28125834 	1.2232843e-13 	-5.3833323e-06 	0.0087461779
0.0057477477 	0.28125833 	1.1746762e-13 	-4.9876565e-06 	0.008363578
0.0057597598 	0.28125833 	1.1260681e-13 	-4.5919806e-06 	0.0079809781
0.0057717718 	0.28125832 	1.07746e-13 	-4.1963048e-06 	0.0075983782
0.0057837838 	0.28125832 	1.0288519e-13 	-3.800629e-06 	0.0072157783
0.0057957958 	0.28125832 	9.8024376e-14 	-3.4049531e-06 	0.0068331784
0.0058078078 	0.28125831 	9.3163565e-14 	-3.0092773e-06 	0.0064505785
0.0058198198 	0.28125831 	8.8302753e-14 	-2.6136015e-06 	0.0060679786
0.0058318318 	0.2812583 	8.3441942e-14 	-2.2179257e-06 	0.0056853788
0.0058438438 	0.2812583 	7.830001e-14 	-1.9755274e-06 	0.0052894592
0.0058558559 	0.28125829 	7.2972307e-14 	-1.8344184e-06 	0.0048847376
0.0058678679 	0.28125829 	6.7644604e-14 	-1.6933094e-06 	0.0044800161
0.0058798799 	0.28125829 	6.2316902e-14 	-1.5522004e-06 	0.0040752945
0.0058918919 	0.28125829 	5.6989199e-14 	-1.4110914e-06 	0.003670573
0.0059039039 	0.28125828 	5.070793e-14 	-1.2550974e-06 	0.0032628895
0.0059159159 	0.28125828 	4.4369439e-14 	-1.0982102e-06 	0.0028550284
0.0059279279 	0.28125828 	3.8030948e-14 	-9.4132306e-07 	0.0024471672
0.0059399399 	0.28125828 	3.1692456e-14 	-7.8443588e-07 	0.002039306
0.005951952 	0.28125827 	2.5353965e-14 	-6.275487e-07 	0.0016314448
0.005963964 	0.28125827 	1.9015474e-14 	-4.7066153e-07 	0.0012235836
0.005975976 	0.28125827 	1.2676983e-14 	-3.1377435e-07 	0.00081572239
0.005987988 	0.28125827 	6.3384913e-15 	-1.5688718e-07 	0.00040786119
0.006 	0.28125826 	4.5768892e-26 	-1.1328488e-18 	2.9450786e-15
