-0.006 	-0.015846883 	0 	0 	0
-0.005987988 	-0.015846867 	-1.1960683e-08 	4.32498e-07 	-0.00068383886
-0.005975976 	-0.01584685 	-2.3921366e-08 	8.6499601e-07 	-0.0013676777
-0.005963964 	-0.015846834 	-3.5882048e-08 	1.297494e-06 	-0.0020515166
-0.005951952 	-0.015846818 	-4.7842731e-08 	1.729992e-06 	-0.0027353554
-0.0059399399 	-0.015846801 	-5.9803414e-08 	2.16249e-06 	-0.0034191943
-0.0059279279 	-0.015846785 	-7.1764097e-08 	2.594988e-06 	-0.0041030332
-0.0059159159 	-0.015846768 	-8.3724779e-08 	3.027486e-06 	-0.004786872
-0.0059039039 	-0.015846752 	-9.5685462e-08 	3.459984e-06 	-0.0054707109
-0.0058918919 	-0.015846736 	-1.0764615e-07 	3.892482e-06 	-0.0061545498
-0.0058798799 	-0.015846719 	-1.1960683e-07 	4.32498e-06 	-0.0068383886
-0.0058678679 	-0.015846704 	-1.3193231e-07 	5.0542776e-06 	-0.0074869115
-0.0058558559 	-0.015846689 	-1.4383067e-07 	6.1648596e-06 	-0.0080855543
-0.0058438438 	-0.015846674 	-1.5572903e-07 	7.2754415e-06 	-0.0086841971
-0.0058318318 	-0.015846658 	-1.6762739e-07 	8.3860235e-06 	-0.0092828399
-0.0058198198 	-0.015846643 	-1.7952576e-07 	9.4966055e-06 	-0.0098814827
-0.0058078078 	-0.015846628 	-1.9142412e-07 	1.0607187e-05 	-0.010480126
-0.0057957958 	-0.015846613 	-2.0332248e-07 	1.1717769e-05 	-0.011078768
-0.0057837838 	-0.015846598 	-2.1522084e-07 	1.2828351e-05 	-0.011677411
-0.0057717718 	-0.015846583 	-2.2711921e-07 	1.3938933e-05 	-0.012276054
-0.0057597598 	-0.015846568 	-2.3901757e-07 	1.5049515e-05 	-0.012874697
-0.0057477477 	-0.015846553 	-2.5091593e-07 	1.6160097e-05 	-0.013473339
-0.0057357357 	-0.015846538 	-2.6281429e-07 	1.7270679e-05 	-0.014071982
-0.0057237237 	-0.015846526 	-2.7519877e-07 	1.8697994e-05 	-0.014635647
-0.0057117117 	-0.015846514 	-2.8724031e-07 	2.0522825e-05 	-0.01515783
-0.0056996997 	-0.015846502 	-2.9928185e-07 	2.2347655e-05 	-0.015680013
-0.0056876877 	-0.015846491 	-3.1132338e-07 	2.4172486e-05 	-0.016202196
-0.0056756757 	-0.015846479 	-3.2336492e-07 	2.5997316e-05 	-0.016724379
-0.0056636637 	-0.015846467 	-3.3540646e-07 	2.7822147e-05 	-0.017246562
-0.0056516517 	-0.015846456 	-3.47448e-07 	2.9646977e-05 	-0.017768745
-0.0056396396 	-0.015846444 	-3.5948954e-07 	3.1471808e-05 	-0.018290928
-0.0056276276 	-0.015846432 	-3.7153107e-07 	3.3296638e-05 	-0.01881311
-0.0056156156 	-0.015846421 	-3.8357261e-07 	3.5121468e-05 	-0.019335293
-0.0056036036 	-0.015846409 	-3.9561415e-07 	3.6946299e-05 	-0.019857476
-0.0055915916 	-0.015846397 	-4.0765569e-07 	3.8771129e-05 	-0.020379659
-0.0055795796 	-0.015846386 	-4.1969723e-07 	4.059596e-05 	-0.020901842
-0.0055675676 	-0.015846375 	-4.3213494e-07 	4.2338753e-05 	-0.021427676
-0.0055555556 	-0.015846368 	-4.4422696e-07 	4.4756927e-05 	-0.02186492
-0.0055435435 	-0.015846362 	-4.5627628e-07 	4.7213436e-05 	-0.022297599
-0.0055315315 	-0.015846356 	-4.6832559e-07 	4.9669944e-05 	-0.022730279
-0.0055195195 	-0.01584635 	-4.8037491e-07 	5.2126453e-05 	-0.023162958
-0.0055075075 	-0.015846344 	-4.9242423e-07 	5.4582961e-05 	-0.023595637
-0.0054954955 	-0.015846338 	-5.0447355e-07 	5.7039469e-05 	-0.024028317
-0.0054834835 	-0.015846332 	-5.1652287e-07 	5.9495978e-05 	-0.024460996
-0.0054714715 	-0.015846326 	-5.2857219e-07 	6.1952486e-05 	-0.024893675
-0.0054594595 	-0.015846319 	-5.4062151e-07 	6.4408995e-05 	-0.025326355
-0.0054474474 	-0.015846313 	-5.5267083e-07 	6.6865503e-05 	-0.025759034
-0.0054354354 	-0.015846307 	-5.6472015e-07 	6.9322012e-05 	-0.026191714
-0.0054234234 	-0.015846301 	-5.7676947e-07 	7.177852e-05 	-0.026624393
-0.0054114114 	-0.015846295 	-5.8881878e-07 	7.4235029e-05 	-0.027057072
-0.0053993994 	-0.015846289 	-6.008681e-07 	7.6691537e-05 	-0.027489752
-0.0053873874 	-0.015846283 	-6.1301497e-07 	7.911781e-05 	-0.027923248
-0.0053753754 	-0.015846281 	-6.2530459e-07 	8.1731462e-05 	-0.028298312
-0.0053633634 	-0.015846281 	-6.3713822e-07 	8.4657655e-05 	-0.028625486
-0.0053513514 	-0.015846282 	-6.4897184e-07 	8.7583849e-05 	-0.02895266
-0.0053393393 	-0.015846282 	-6.6080547e-07 	9.0510042e-05 	-0.029279834
-0.0053273273 	-0.015846282 	-6.726391e-07 	9.3436235e-05 	-0.029607008
-0.0053153153 	-0.015846282 	-6.8447273e-07 	9.6362429e-05 	-0.029934182
-0.0053033033 	-0.015846283 	-6.9630636e-07 	9.9288622e-05 	-0.030261356
-0.0052912913 	-0.015846283 	-7.0813998e-07 	0.00010221482 	-0.03058853
-0.0052792793 	-0.015846283 	-7.1997361e-07 	0.00010514101 	-0.030915704
-0.0052672673 	-0.015846284 	-7.3180724e-07 	0.0001080672 	-0.031242878
-0.0052552553 	-0.015846284 	-7.4364087e-07 	0.0001109934 	-0.031570052
-0.0052432432 	-0.015846284 	-7.554745e-07 	0.00011391959 	-0.031897226
-0.0052312312 	-0.015846285 	-7.6730812e-07 	0.00011684578 	-0.032224401
-0.0052192192 	-0.015846285 	-7.7914175e-07 	0.00011977198 	-0.032551575
-0.0052072072 	-0.015846285 	-7.9097538e-07 	0.00012269817 	-0.032878749
-0.0051951952 	-0.015846285 	-8.0280901e-07 	0.00012562436 	-0.033205923
-0.0051831832 	-0.015846286 	-8.1464264e-07 	0.00012855056 	-0.033533097
-0.0051711712 	-0.015846287 	-8.2688748e-07 	0.00013130364 	-0.033847375
-0.0051591592 	-0.015846295 	-8.3817732e-07 	0.00013445673 	-0.034049287
-0.0051471471 	-0.015846303 	-8.4946716e-07 	0.00013760982 	-0.0342512
-0.0051351351 	-0.015846311 	-8.60757e-07 	0.00014076291 	-0.034453112
-0.0051231231 	-0.015846319 	-8.7204684e-07 	0.000143916 	-0.034655024
-0.0051111111 	-0.015846327 	-8.8333668e-07 	0.00014706909 	-0.034856936
-0.0050990991 	-0.015846335 	-8.9462653e-07 	0.00015022218 	-0.035058848
-0.0050870871 	-0.015846343 	-9.0591637e-07 	0.00015337528 	-0.03526076
-0.0050750751 	-0.015846351 	-9.1720621e-07 	0.00015652837 	-0.035462673
-0.0050630631 	-0.015846359 	-9.2849605e-07 	0.00015968146 	-0.035664585
-0.0050510511 	-0.015846367 	-9.3978589e-07 	0.00016283455 	-0.035866497
-0.005039039 	-0.015846375 	-9.5107573e-07 	0.00016598764 	-0.036068409
-0.005027027 	-0.015846383 	-9.6236558e-07 	0.00016914073 	-0.036270321
-0.005015015 	-0.015846391 	-9.7365542e-07 	0.00017229382 	-0.036472234
-0.005003003 	-0.015846399 	-9.8494526e-07 	0.00017544692 	-0.036674146
-0.004990991 	-0.015846407 	-9.962351e-07 	0.00017860001 	-0.036876058
-0.004978979 	-0.015846415 	-1.0075249e-06 	0.0001817531 	-0.03707797
-0.004966967 	-0.015846423 	-1.0188148e-06 	0.00018490619 	-0.037279882
-0.004954955 	-0.015846431 	-1.0301046e-06 	0.00018805928 	-0.037481795
-0.0049429429 	-0.015846439 	-1.0414215e-06 	0.00019119798 	-0.037683869
-0.0049309309 	-0.01584645 	-1.0528532e-06 	0.00019405037 	-0.03783702
-0.0049189189 	-0.015846467 	-1.0631763e-06 	0.0001970626 	-0.037889025
-0.0049069069 	-0.015846484 	-1.0734994e-06 	0.00020007483 	-0.037941029
-0.0048948949 	-0.0158465 	-1.0838224e-06 	0.00020308707 	-0.037993034
-0.0048828829 	-0.015846517 	-1.0941455e-06 	0.0002060993 	-0.038045038
-0.0048708709 	-0.015846534 	-1.1044686e-06 	0.00020911153 	-0.038097043
-0.0048588589 	-0.015846551 	-1.1147917e-06 	0.00021212377 	-0.038149047
-0.0048468468 	-0.015846568 	-1.1251148e-06 	0.000215136 	-0.038201052
-0.0048348348 	-0.015846585 	-1.1354379e-06 	0.00021814823 	-0.038253056
-0.0048228228 	-0.015846602 	-1.145761e-06 	0.00022116046 	-0.038305061
-0.0048108108 	-0.015846619 	-1.1560841e-06 	0.0002241727 	-0.038357065
-0.0047987988 	-0.015846636 	-1.1664072e-06 	0.00022718493 	-0.03840907
-0.0047867868 	-0.015846653 	-1.1767302e-06 	0.00023019716 	-0.038461074
-0.0047747748 	-0.01584667 	-1.1870533e-06 	0.00023320939 	-0.038513079
-0.0047627628 	-0.015846686 	-1.1973764e-06 	0.00023622163 	-0.038565083
-0.0047507508 	-0.015846703 	-1.2076995e-06 	0.00023923386 	-0.038617088
-0.0047387387 	-0.01584672 	-1.2180226e-06 	0.00024224609 	-0.038669092
-0.0047267267 	-0.015846737 	-1.2283457e-06 	0.00024525832 	-0.038721097
-0.0047147147 	-0.015846754 	-1.2386688e-06 	0.00024827056 	-0.038773101
-0.0047027027 	-0.015846771 	-1.2489919e-06 	0.00025128279 	-0.038825106
-0.0046906907 	-0.015846788 	-1.259315e-06 	0.00025429502 	-0.03887711
-0.0046786787 	-0.015846805 	-1.269638e-06 	0.00025730725 	-0.038929115
-0.0046666667 	-0.015846821 	-1.2804073e-06 	0.00026003502 	-0.03898314
-0.0046546547 	-0.015846847 	-1.2895331e-06 	0.00026238954 	-0.038872319
-0.0046426426 	-0.015846873 	-1.2984529e-06 	0.00026471695 	-0.038743011
-0.0046306306 	-0.015846899 	-1.3073727e-06 	0.00026704437 	-0.038613704
-0.0046186186 	-0.015846926 	-1.3162924e-06 	0.00026937178 	-0.038484396
-0.0046066066 	-0.015846952 	-1.3252122e-06 	0.00027169919 	-0.038355088
-0.0045945946 	-0.015846978 	-1.334132e-06 	0.00027402661 	-0.038225781
-0.0045825826 	-0.015847005 	-1.3430518e-06 	0.00027635402 	-0.038096473
-0.0045705706 	-0.015847031 	-1.3519716e-06 	0.00027868143 	-0.037967166
-0.0045585586 	-0.015847058 	-1.3608914e-06 	0.00028100884 	-0.037837858
-0.0045465465 	-0.015847084 	-1.3698111e-06 	0.00028333626 	-0.03770855
-0.0045345345 	-0.01584711 	-1.3787309e-06 	0.00028566367 	-0.037579243
-0.0045225225 	-0.015847137 	-1.3876507e-06 	0.00028799108 	-0.037449935
-0.0045105105 	-0.015847163 	-1.3965705e-06 	0.00029031849 	-0.037320628
-0.0044984985 	-0.015847189 	-1.4054903e-06 	0.00029264591 	-0.03719132
-0.0044864865 	-0.015847216 	-1.4144101e-06 	0.00029497332 	-0.037062013
-0.0044744745 	-0.015847242 	-1.4233299e-06 	0.00029730073 	-0.036932705
-0.0044624625 	-0.015847268 	-1.4322496e-06 	0.00029962814 	-0.036803397
-0.0044504505 	-0.015847295 	-1.4411694e-06 	0.00030195556 	-0.03667409
-0.0044384384 	-0.015847321 	-1.4500892e-06 	0.00030428297 	-0.036544782
-0.0044264264 	-0.015847348 	-1.459009e-06 	0.00030661038 	-0.036415475
-0.0044144144 	-0.015847374 	-1.4679288e-06 	0.0003089378 	-0.036286167
-0.0044024024 	-0.0158474 	-1.4768486e-06 	0.00031126521 	-0.036156859
-0.0043903904 	-0.015847427 	-1.4857683e-06 	0.00031359262 	-0.036027552
-0.0043783784 	-0.015847453 	-1.4946881e-06 	0.00031592003 	-0.035898244
-0.0043663664 	-0.015847479 	-1.5037856e-06 	0.00031811143 	-0.035769535
-0.0043543544 	-0.015847508 	-1.5122946e-06 	0.00031956543 	-0.035542949
-0.0043423423 	-0.015847542 	-1.5196037e-06 	0.00032042978 	-0.03519056
-0.0043303303 	-0.015847577 	-1.5269128e-06 	0.00032129413 	-0.034838172
-0.0043183183 	-0.015847611 	-1.5342219e-06 	0.00032215848 	-0.034485783
-0.0043063063 	-0.015847645 	-1.5415309e-06 	0.00032302283 	-0.034133395
-0.0042942943 	-0.01584768 	-1.54884e-06 	0.00032388718 	-0.033781006
-0.0042822823 	-0.015847714 	-1.5561491e-06 	0.00032475153 	-0.033428618
-0.0042702703 	-0.015847748 	-1.5634582e-06 	0.00032561588 	-0.033076229
-0.0042582583 	-0.015847782 	-1.5707673e-06 	0.00032648023 	-0.032723841
-0.0042462462 	-0.015847817 	-1.5780764e-06 	0.00032734458 	-0.032371452
-0.0042342342 	-0.015847851 	-1.5853855e-06 	0.00032820893 	-0.032019064
-0.0042222222 	-0.015847885 	-1.5926946e-06 	0.00032907328 	-0.031666675
-0.0042102102 	-0.01584792 	-1.6000037e-06 	0.00032993764 	-0.031314287
-0.0041981982 	-0.015847954 	-1.6073128e-06 	0.00033080199 	-0.030961899
-0.0041861862 	-0.015847988 	-1.6146219e-06 	0.00033166634 	-0.03060951
-0.0041741742 	-0.015848022 	-1.621931e-06 	0.00033253069 	-0.030257122
-0.0041621622 	-0.015848057 	-1.6292401e-06 	0.00033339504 	-0.029904733
-0.0041501502 	-0.015848091 	-1.6365492e-06 	0.00033425939 	-0.029552345
-0.0041381381 	-0.015848125 	-1.6438583e-06 	0.00033512374 	-0.029199956
-0.0041261261 	-0.01584816 	-1.6511673e-06 	0.00033598809 	-0.028847568
-0.0041141141 	-0.015848194 	-1.6584764e-06 	0.00033685244 	-0.028495179
-0.0041021021 	-0.015848228 	-1.6657855e-06 	0.00033771679 	-0.028142791
-0.0040900901 	-0.015848262 	-1.6730946e-06 	0.00033858114 	-0.027790402
-0.0040780781 	-0.015848297 	-1.6804037e-06 	0.00033944549 	-0.027438014
-0.0040660661 	-0.015848331 	-1.6877128e-06 	0.00034030984 	-0.027085625
-0.0040540541 	-0.015848365 	-1.6950219e-06 	0.00034117419 	-0.026733237
-0.004042042 	-0.0158484 	-1.702331e-06 	0.00034203854 	-0.026380849
-0.00403003 	-0.015848434 	-1.7096401e-06 	0.00034290289 	-0.02602846
-0.004018018 	-0.015848467 	-1.7171253e-06 	0.00034356634 	-0.025676813
-0.004006006 	-0.015848503 	-1.7239701e-06 	0.00034283805 	-0.025165957
-0.003993994 	-0.015848541 	-1.7302138e-06 	0.00034114152 	-0.024530602
-0.003981982 	-0.015848579 	-1.7364576e-06 	0.00033944499 	-0.023895247
-0.00396997 	-0.015848617 	-1.7427013e-06 	0.00033774846 	-0.023259892
-0.003957958 	-0.015848655 	-1.7489451e-06 	0.00033605193 	-0.022624537
-0.0039459459 	-0.015848693 	-1.7551888e-06 	0.0003343554 	-0.021989182
-0.0039339339 	-0.015848731 	-1.7614325e-06 	0.00033265887 	-0.021353827
-0.0039219219 	-0.015848769 	-1.7676763e-06 	0.00033096234 	-0.020718473
-0.0039099099 	-0.015848807 	-1.77392e-06 	0.00032926581 	-0.020083118
-0.0038978979 	-0.015848845 	-1.7801637e-06 	0.00032756928 	-0.019447763
-0.0038858859 	-0.015848883 	-1.7864075e-06 	0.00032587275 	-0.018812408
-0.0038738739 	-0.015848921 	-1.7926512e-06 	0.00032417622 	-0.018177053
-0.0038618619 	-0.015848959 	-1.7988949e-06 	0.00032247969 	-0.017541698
-0.0038498498 	-0.015848997 	-1.8051387e-06 	0.00032078316 	-0.016906343
-0.0038378378 	-0.015849035 	-1.8113824e-06 	0.00031908663 	-0.016270988
-0.0038258258 	-0.015849073 	-1.8176262e-06 	0.0003173901 	-0.015635634
-0.0038138138 	-0.015849111 	-1.8238699e-06 	0.00031569357 	-0.015000279
-0.0038018018 	-0.015849149 	-1.8301136e-06 	0.00031399704 	-0.014364924
-0.0037897898 	-0.015849187 	-1.8363574e-06 	0.00031230051 	-0.013729569
-0.0037777778 	-0.015849225 	-1.8426011e-06 	0.00031060398 	-0.013094214
-0.0037657658 	-0.015849263 	-1.8488448e-06 	0.00030890745 	-0.012458859
-0.0037537538 	-0.015849301 	-1.8550886e-06 	0.00030721092 	-0.011823504
-0.0037417417 	-0.015849339 	-1.8613323e-06 	0.00030551439 	-0.01118815
-0.0037297297 	-0.015849377 	-1.8675761e-06 	0.00030381785 	-0.010552795
-0.0037177177 	-0.015849415 	-1.8738198e-06 	0.00030212132 	-0.0099174398
-0.0037057057 	-0.015849453 	-1.8800635e-06 	0.00030042479 	-0.009282085
-0.0036936937 	-0.015849491 	-1.8863073e-06 	0.00029872826 	-0.0086467301
-0.0036816817 	-0.015849529 	-1.892551e-06 	0.00029703173 	-0.0080113752
-0.0036696697 	-0.015849567 	-1.8987947e-06 	0.0002953352 	-0.0073760204
-0.0036576577 	-0.015849605 	-1.9050385e-06 	0.00029363867 	-0.0067406655
-0.0036456456 	-0.015849643 	-1.9112822e-06 	0.00029194214 	-0.0061053106
-0.0036336336 	-0.015849681 	-1.9175259e-06 	0.00029024561 	-0.0054699558
-0.0036216216 	-0.015849717 	-1.923691e-06 	0.00028834721 	-0.0048369118
-0.0036096096 	-0.015849754 	-1.9306734e-06 	0.00028296438 	-0.0038976884
-0.0035975976 	-0.015849791 	-1.9378551e-06 	0.00027673841 	-0.0028841342
-0.0035855856 	-0.015849828 	-1.9450367e-06 	0.00027051244 	-0.00187058
-0.0035735736 	-0.015849865 	-1.9522184e-06 	0.00026428647 	-0.00085702577
-0.0035615616 	-0.015849902 	-1.9594001e-06 	0.00025806051 	0.00015652845
-0.0035495495 	-0.015849939 	-1.9665817e-06 	0.00025183454 	0.0011700827
-0.0035375375 	-0.015849975 	-1.9737634e-06 	0.00024560857 	0.0021836369
-0.0035255255 	-0.015850012 	-1.9809451e-06 	0.0002393826 	0.0031971911
-0.0035135135 	-0.015850049 	-1.9881268e-06 	0.00023315663 	0.0042107453
-0.0035015015 	-0.015850086 	-1.9953084e-06 	0.00022693066 	0.0052242996
-0.0034894895 	-0.015850123 	-2.0024901e-06 	0.0002207047 	0.0062378538
-0.0034774775 	-0.01585016 	-2.0096718e-06 	0.00021447873 	0.007251408
-0.0034654655 	-0.015850197 	-2.0168534e-06 	0.00020825276 	0.0082649622
-0.0034534535 	-0.015850234 	-2.0240351e-06 	0.00020202679 	0.0092785164
-0.0034414414 	-0.015850271 	-2.0312168e-06 	0.00019580082 	0.010292071
-0.0034294294 	-0.015850308 	-2.0383984e-06 	0.00018957486 	0.011305625
-0.0034174174 	-0.015850345 	-2.0455801e-06 	0.00018334889 	0.012319179
-0.0034054054 	-0.015850381 	-2.0527618e-06 	0.00017712292 	0.013332733
-0.0033933934 	-0.015850418 	-2.0599434e-06 	0.00017089695 	0.014346288
-0.0033813814 	-0.015850455 	-2.0671251e-06 	0.00016467098 	0.015359842
-0.0033693694 	-0.015850492 	-2.0743068e-06 	0.00015844501 	0.016373396
-0.0033573574 	-0.015850529 	-2.0814885e-06 	0.00015221905 	0.01738695
-0.0033453453 	-0.015850566 	-2.0886701e-06 	0.00014599308 	0.018400504
-0.0033333333 	-0.015850603 	-2.0958518e-06 	0.00013976711 	0.019414059
-0.0033213213 	-0.01585064 	-2.1030335e-06 	0.00013354114 	0.020427613
-0.0033093093 	-0.015850677 	-2.1102151e-06 	0.00012731517 	0.021441167
-0.0032972973 	-0.015850714 	-2.1173968e-06 	0.0001210892 	0.022454721
-0.0032852853 	-0.015850751 	-2.1245785e-06 	0.00011486324 	0.023468276
-0.0032732733 	-0.015850787 	-2.1317601e-06 	0.00010863727 	0.02448183
-0.0032612613 	-0.015850824 	-2.1389418e-06 	0.0001024113 	0.025495384
-0.0032492492 	-0.015850861 	-2.1461235e-06 	9.6185332e-05 	0.026508938
-0.0032372372 	-0.015850898 	-2.1533051e-06 	8.9959363e-05 	0.027522492
-0.0032252252 	-0.015850935 	-2.1604868e-06 	8.3733395e-05 	0.028536047
-0.0032132132 	-0.015850972 	-2.1676685e-06 	7.7507427e-05 	0.029549601
-0.0032012012 	-0.015851009 	-2.1748502e-06 	7.1281459e-05 	0.030563155
-0.0031891892 	-0.015851046 	-2.1820318e-06 	6.505549e-05 	0.031576709
-0.0031771772 	-0.015851081 	-2.1886726e-06 	5.8926969e-05 	0.032582762
-0.0031651652 	-0.015851099 	-2.1963306e-06 	5.1504759e-05 	0.033660965
-0.0031531532 	-0.015851108 	-2.2045576e-06 	4.3376011e-05 	0.034778632
-0.0031411411 	-0.015851116 	-2.2127845e-06 	3.5247263e-05 	0.035896299
-0.0031291291 	-0.015851125 	-2.2210115e-06 	2.7118515e-05 	0.037013966
-0.0031171171 	-0.015851134 	-2.2292385e-06 	1.8989767e-05 	0.038131633
-0.0031051051 	-0.015851142 	-2.2374655e-06 	1.0861019e-05 	0.0392493
-0.0030930931 	-0.015851151 	-2.2456925e-06 	2.732271e-06 	0.040366967
-0.0030810811 	-0.01585116 	-2.2539194e-06 	-5.3964771e-06 	0.041484634
-0.0030690691 	-0.015851169 	-2.2621464e-06 	-1.3525225e-05 	0.042602301
-0.0030570571 	-0.015851177 	-2.2703734e-06 	-2.1653973e-05 	0.043719968
-0.003045045 	-0.015851186 	-2.2786004e-06 	-2.9782721e-05 	0.044837636
-0.003033033 	-0.015851195 	-2.2868273e-06 	-3.7911469e-05 	0.045955303
-0.003021021 	-0.015851204 	-2.2950543e-06 	-4.6040217e-05 	0.04707297
-0.003009009 	-0.015851212 	-2.3032813e-06 	-5.4168965e-05 	0.048190637
-0.002996997 	-0.015851221 	-2.3115083e-06 	-6.2297713e-05 	0.049308304
-0.002984985 	-0.01585123 	-2.3197353e-06 	-7.0426461e-05 	0.050425971
-0.002972973 	-0.015851238 	-2.3279622e-06 	-7.8555209e-05 	0.051543638
-0.002960961 	-0.015851247 	-2.3361892e-06 	-8.6683957e-05 	0.052661305
-0.0029489489 	-0.015851256 	-2.3444162e-06 	-9.4812705e-05 	0.053778972
-0.0029369369 	-0.015851265 	-2.3526432e-06 	-0.00010294145 	0.054896639
-0.0029249249 	-0.015851273 	-2.3608701e-06 	-0.0001110702 	0.056014306
-0.0029129129 	-0.015851282 	-2.3690971e-06 	-0.00011919895 	0.057131974
-0.0029009009 	-0.015851291 	-2.3773241e-06 	-0.0001273277 	0.058249641
-0.0028888889 	-0.015851299 	-2.3855511e-06 	-0.00013545645 	0.059367308
-0.0028768769 	-0.015851308 	-2.393778e-06 	-0.00014358519 	0.060484975
-0.0028648649 	-0.015851317 	-2.402005e-06 	-0.00015171394 	0.061602642
-0.0028528529 	-0.015851326 	-2.410232e-06 	-0.00015984269 	0.062720309
-0.0028408408 	-0.015851334 	-2.418459e-06 	-0.00016797144 	0.063837976
-0.0028288288 	-0.015851343 	-2.426686e-06 	-0.00017610019 	0.064955643
-0.0028168168 	-0.015851352 	-2.4349129e-06 	-0.00018422893 	0.06607331
-0.0028048048 	-0.015851361 	-2.4431399e-06 	-0.00019235768 	0.067190977
-0.0027927928 	-0.015851369 	-2.4513669e-06 	-0.00020048643 	0.068308644
-0.0027807808 	-0.015851378 	-2.4595939e-06 	-0.00020861518 	0.069426311
-0.0027687688 	-0.015851387 	-2.4678208e-06 	-0.00021674393 	0.070543979
-0.0027567568 	-0.015851395 	-2.4760478e-06 	-0.00022487267 	0.071661646
-0.0027447447 	-0.015851404 	-2.4842748e-06 	-0.00023300142 	0.072779313
-0.0027327327 	-0.015851413 	-2.4925018e-06 	-0.00024113017 	0.07389698
-0.0027207207 	-0.015851422 	-2.5007288e-06 	-0.00024925892 	0.075014647
-0.0027087087 	-0.01585143 	-2.5089557e-06 	-0.00025738767 	0.076132314
-0.0026966967 	-0.015851439 	-2.5171827e-06 	-0.00026551641 	0.077249981
-0.0026846847 	-0.015851448 	-2.5254097e-06 	-0.00027364516 	0.078367648
-0.0026726727 	-0.015851458 	-2.5329124e-06 	-0.00028143749 	0.079469815
-0.0026606607 	-0.015851377 	-2.5565702e-06 	-0.00030368733 	0.082587688
-0.0026486486 	-0.015851205 	-2.5964003e-06 	-0.00034040271 	0.087721635
-0.0026366366 	-0.015851034 	-2.6362304e-06 	-0.00037711809 	0.092855583
-0.0026246246 	-0.015850863 	-2.6760606e-06 	-0.00041383347 	0.097989531
-0.0026126126 	-0.015850692 	-2.7158907e-06 	-0.00045054885 	0.10312348
-0.0026006006 	-0.01585053 	-2.7535305e-06 	-0.0004856234 	0.10806464
-0.0025885886 	-0.015850488 	-2.7653531e-06 	-0.00049912884 	0.11005613
-0.0025765766 	-0.015850446 	-2.7771756e-06 	-0.00051263428 	0.11204761
-0.0025645646 	-0.015850404 	-2.7889981e-06 	-0.00052613972 	0.11403909
-0.0025525526 	-0.015850362 	-2.8008207e-06 	-0.00053964516 	0.11603058
-0.0025405405 	-0.015850319 	-2.8126432e-06 	-0.00055315059 	0.11802206
-0.0025285285 	-0.015850278 	-2.8243502e-06 	-0.00056659342 	0.12000957
-0.0025165165 	-0.015850238 	-2.8335468e-06 	-0.00058027722 	0.12209025
-0.0025045045 	-0.015850199 	-2.8425422e-06 	-0.00059408944 	0.12419064
-0.0024924925 	-0.015850159 	-2.8515377e-06 	-0.00060790165 	0.12629103
-0.0024804805 	-0.015850119 	-2.8605332e-06 	-0.00062171387 	0.12839143
-0.0024684685 	-0.01585008 	-2.8695286e-06 	-0.00063552609 	0.13049182
-0.0024564565 	-0.01585004 	-2.8785241e-06 	-0.00064933831 	0.13259221
-0.0024444444 	-0.015850001 	-2.8873881e-06 	-0.00066307485 	0.1346874
-0.0024324324 	-0.015849955 	-2.8939015e-06 	-0.0006770273 	0.13688932
-0.0024204204 	-0.015849907 	-2.9002059e-06 	-0.00069111423 	0.1391154
-0.0024084084 	-0.015849859 	-2.9065104e-06 	-0.00070520115 	0.14134148
-0.0023963964 	-0.015849811 	-2.9128148e-06 	-0.00071928808 	0.14356756
-0.0023843844 	-0.015849764 	-2.9191193e-06 	-0.000733375 	0.14579365
-0.0023723724 	-0.015849716 	-2.9254237e-06 	-0.00074746193 	0.14801973
-0.0023603604 	-0.015849668 	-2.9317281e-06 	-0.00076154885 	0.15024581
-0.0023483483 	-0.015849621 	-2.9378326e-06 	-0.00077550266 	0.15246203
-0.0023363363 	-0.015849565 	-2.9415899e-06 	-0.00078959934 	0.15481415
-0.0023243243 	-0.015849507 	-2.9451951e-06 	-0.00080376739 	0.15718424
-0.0023123123 	-0.01584945 	-2.9488003e-06 	-0.00081793543 	0.15955433
-0.0023003003 	-0.015849392 	-2.9524055e-06 	-0.00083210348 	0.16192442
-0.0022882883 	-0.015849335 	-2.9560108e-06 	-0.00084627152 	0.1642945
-0.0022762763 	-0.015849278 	-2.959616e-06 	-0.00086043957 	0.16666459
-0.0022642643 	-0.01584922 	-2.9632212e-06 	-0.00087460762 	0.16903468
-0.0022522523 	-0.015849163 	-2.9668264e-06 	-0.00088877566 	0.17140476
-0.0022402402 	-0.015849106 	-2.9702616e-06 	-0.00090279968 	0.17376304
-0.0022282282 	-0.01584904 	-2.9712217e-06 	-0.00091667467 	0.17627096
-0.0022162162 	-0.015848973 	-2.9719505e-06 	-0.00093059963 	0.17880342
-0.0022042042 	-0.015848906 	-2.9726793e-06 	-0.00094452458 	0.18133588
-0.0021921922 	-0.015848838 	-2.973408e-06 	-0.00095844954 	0.18386834
-0.0021801802 	-0.015848771 	-2.9741368e-06 	-0.0009723745 	0.1864008
-0.0021681682 	-0.015848704 	-2.9748655e-06 	-0.00098629945 	0.18893326
-0.0021561562 	-0.015848637 	-2.9755943e-06 	-0.0010002244 	0.19146572
-0.0021441441 	-0.015848569 	-2.9763231e-06 	-0.0010141494 	0.19399818
-0.0021321321 	-0.015848502 	-2.9770518e-06 	-0.0010280743 	0.19653064
-0.0021201201 	-0.015848435 	-2.9777705e-06 	-0.0010419858 	0.19906183
-0.0021081081 	-0.015848362 	-2.9762029e-06 	-0.0010551847 	0.20168948
-0.0020960961 	-0.015848285 	-2.973691e-06 	-0.0010683466 	0.20439954
-0.0020840841 	-0.015848207 	-2.971179e-06 	-0.0010815086 	0.2071096
-0.0020720721 	-0.015848129 	-2.9686671e-06 	-0.0010946706 	0.20981966
-0.0020600601 	-0.015848052 	-2.9661551e-06 	-0.0011078325 	0.21252972
-0.002048048 	-0.015847974 	-2.9636432e-06 	-0.0011209945 	0.21523978
-0.002036036 	-0.015847896 	-2.9611312e-06 	-0.0011341565 	0.21794983
-0.002024024 	-0.015847819 	-2.9586193e-06 	-0.0011473184 	0.22065989
-0.002012012 	-0.015847741 	-2.9561073e-06 	-0.0011604804 	0.22336995
-0.002 	-0.015847664 	-2.9535954e-06 	-0.0011736423 	0.22608001
-0.001987988 	-0.015847586 	-2.9510834e-06 	-0.0011868043 	0.22879007
-0.001975976 	-0.01584751 	-2.9483476e-06 	-0.0011996457 	0.23148125
-0.001963964 	-0.015847422 	-2.9420939e-06 	-0.0012112341 	0.23437443
-0.001951952 	-0.015847334 	-2.9358401e-06 	-0.0012228225 	0.23726762
-0.0019399399 	-0.015847246 	-2.9295864e-06 	-0.0012344109 	0.24016081
-0.0019279279 	-0.015847158 	-2.9233327e-06 	-0.0012459993 	0.243054
-0.0019159159 	-0.01584707 	-2.917079e-06 	-0.0012575877 	0.24594718
-0.0019039039 	-0.015846982 	-2.9108252e-06 	-0.0012691761 	0.24884037
-0.0018918919 	-0.015846894 	-2.9045715e-06 	-0.0012807645 	0.25173356
-0.0018798799 	-0.015846806 	-2.8983178e-06 	-0.0012923529 	0.25462675
-0.0018678679 	-0.015846719 	-2.8920641e-06 	-0.0013039413 	0.25751994
-0.0018558559 	-0.015846631 	-2.8858103e-06 	-0.0013155298 	0.26041312
-0.0018438438 	-0.015846543 	-2.8795566e-06 	-0.0013271182 	0.26330631
-0.0018318318 	-0.015846455 	-2.8733029e-06 	-0.0013387066 	0.2661995
-0.0018198198 	-0.015846369 	-2.8671852e-06 	-0.0013501317 	0.26906681
-0.0018078078 	-0.015846273 	-2.8572744e-06 	-0.0013592179 	0.27209925
-0.0017957958 	-0.015846177 	-2.8468392e-06 	-0.0013680392 	0.27515925
-0.0017837838 	-0.01584608 	-2.836404e-06 	-0.0013768605 	0.27821926
-0.0017717718 	-0.015845983 	-2.8259688e-06 	-0.0013856818 	0.28127926
-0.0017597598 	-0.015845886 	-2.8155336e-06 	-0.0013945031 	0.28433926
-0.0017477477 	-0.015845789 	-2.8050984e-06 	-0.0014033244 	0.28739926
-0.0017357357 	-0.015845693 	-2.7946631e-06 	-0.0014121457 	0.29045926
-0.0017237237 	-0.015845596 	-2.7842279e-06 	-0.001420967 	0.29351927
-0.0017117117 	-0.015845499 	-2.7737927e-06 	-0.0014297883 	0.29657927
-0.0016996997 	-0.015845402 	-2.7633575e-06 	-0.0014386096 	0.29963927
-0.0016876877 	-0.015845306 	-2.7529223e-06 	-0.0014474309 	0.30269927
-0.0016756757 	-0.015845209 	-2.7424871e-06 	-0.0014562522 	0.30575928
-0.0016636637 	-0.015845112 	-2.7320518e-06 	-0.0014650735 	0.30881928
-0.0016516517 	-0.015845015 	-2.7216166e-06 	-0.0014738947 	0.31187928
-0.0016396396 	-0.015844921 	-2.7115963e-06 	-0.0014825865 	0.31490246
-0.0016276276 	-0.01584482 	-2.6972885e-06 	-0.0014872735 	0.31806262
-0.0016156156 	-0.015844719 	-2.6827424e-06 	-0.0014917657 	0.32123167
-0.0016036036 	-0.015844617 	-2.6681962e-06 	-0.0014962579 	0.32440072
-0.0015915916 	-0.015844516 	-2.6536501e-06 	-0.0015007501 	0.32756977
-0.0015795796 	-0.015844415 	-2.6391039e-06 	-0.0015052423 	0.33073882
-0.0015675676 	-0.015844314 	-2.6245578e-06 	-0.0015097345 	0.33390786
-0.0015555556 	-0.015844213 	-2.6100117e-06 	-0.0015142267 	0.33707691
-0.0015435435 	-0.015844112 	-2.5954655e-06 	-0.0015187189 	0.34024596
-0.0015315315 	-0.01584401 	-2.5809194e-06 	-0.001523211 	0.34341501
-0.0015195195 	-0.015843909 	-2.5663733e-06 	-0.0015277032 	0.34658406
-0.0015075075 	-0.015843808 	-2.5518271e-06 	-0.0015321954 	0.3497531
-0.0014954955 	-0.015843707 	-2.537281e-06 	-0.0015366876 	0.35292215
-0.0014834835 	-0.015843606 	-2.5227349e-06 	-0.0015411798 	0.3560912
-0.0014714715 	-0.015843504 	-2.5081887e-06 	-0.001545672 	0.35926025
-0.0014594595 	-0.015843403 	-2.4936426e-06 	-0.0015501642 	0.3624293
-0.0014474474 	-0.015843302 	-2.4790965e-06 	-0.0015546564 	0.36559835
-0.0014354354 	-0.015843203 	-2.4652298e-06 	-0.0015590627 	0.36872256
-0.0014234234 	-0.015843098 	-2.4478698e-06 	-0.001557184 	0.3718785
-0.0014114114 	-0.015842992 	-2.4305099e-06 	-0.0015553054 	0.37503444
-0.0013993994 	-0.015842887 	-2.41315e-06 	-0.0015534267 	0.37819037
-0.0013873874 	-0.015842782 	-2.3957901e-06 	-0.0015515481 	0.38134631
-0.0013753754 	-0.015842676 	-2.3784302e-06 	-0.0015496695 	0.38450224
-0.0013633634 	-0.015842571 	-2.3610703e-06 	-0.0015477908 	0.38765818
-0.0013513514 	-0.015842465 	-2.3437103e-06 	-0.0015459122 	0.39081412
-0.0013393393 	-0.01584236 	-2.3263504e-06 	-0.0015440335 	0.39397005
-0.0013273273 	-0.015842255 	-2.3089905e-06 	-0.0015421549 	0.39712599
-0.0013153153 	-0.015842149 	-2.2916306e-06 	-0.0015402763 	0.40028192
-0.0013033033 	-0.015842044 	-2.2742707e-06 	-0.0015383976 	0.40343786
-0.0012912913 	-0.015841938 	-2.2569108e-06 	-0.001536519 	0.40659379
-0.0012792793 	-0.015841833 	-2.2395509e-06 	-0.0015346403 	0.40974973
-0.0012672673 	-0.015841728 	-2.2221909e-06 	-0.0015327617 	0.41290567
-0.0012552553 	-0.015841622 	-2.204831e-06 	-0.001530883 	0.4160616
-0.0012432432 	-0.015841517 	-2.1874711e-06 	-0.0015290044 	0.41921754
-0.0012312312 	-0.015841412 	-2.1701112e-06 	-0.0015271258 	0.42237347
-0.0012192192 	-0.015841306 	-2.1527513e-06 	-0.0015252471 	0.42552941
-0.0012072072 	-0.015841202 	-2.1359575e-06 	-0.0015235251 	0.42865482
-0.0011951952 	-0.015841114 	-2.1159379e-06 	-0.0015141294 	0.43204213
-0.0011831832 	-0.015841029 	-2.0949567e-06 	-0.0015027651 	0.43550336
-0.0011711712 	-0.015840944 	-2.0739754e-06 	-0.0014914009 	0.4389646
-0.0011591592 	-0.015840859 	-2.0529942e-06 	-0.0014800366 	0.44242584
-0.0011471471 	-0.015840774 	-2.0320129e-06 	-0.0014686723 	0.44588708
-0.0011351351 	-0.015840689 	-2.0110317e-06 	-0.0014573081 	0.44934831
-0.0011231231 	-0.015840604 	-1.9900505e-06 	-0.0014459438 	0.45280955
-0.0011111111 	-0.015840519 	-1.9690692e-06 	-0.0014345795 	0.45627079
-0.0010990991 	-0.015840434 	-1.948088e-06 	-0.0014232153 	0.45973202
-0.0010870871 	-0.015840349 	-1.9271067e-06 	-0.001411851 	0.46319326
-0.0010750751 	-0.015840264 	-1.9061255e-06 	-0.0014004867 	0.4666545
-0.0010630631 	-0.015840179 	-1.8851442e-06 	-0.0013891225 	0.47011573
-0.0010510511 	-0.015840095 	-1.864163e-06 	-0.0013777582 	0.47357697
-0.001039039 	-0.01584001 	-1.8431818e-06 	-0.0013663939 	0.47703821
-0.001027027 	-0.015839925 	-1.8222005e-06 	-0.0013550297 	0.48049945
-0.001015015 	-0.01583984 	-1.8012193e-06 	-0.0013436654 	0.48396068
-0.001003003 	-0.015839755 	-1.780238e-06 	-0.0013323011 	0.48742192
-0.00099099099 	-0.01583967 	-1.7592568e-06 	-0.0013209369 	0.49088316
-0.00097897898 	-0.015839585 	-1.7382755e-06 	-0.0013095726 	0.49434439
-0.00096696697 	-0.0158395 	-1.7172943e-06 	-0.0012982083 	0.49780563
-0.00095495495 	-0.015839415 	-1.6963131e-06 	-0.0012868441 	0.50126687
-0.00094294294 	-0.01583933 	-1.6759245e-06 	-0.001275952 	0.50469544
-0.00093093093 	-0.015839288 	-1.6637626e-06 	-0.0012625143 	0.5066593
-0.00091891892 	-0.015839247 	-1.6515064e-06 	-0.0012488745 	0.50863217
-0.00090690691 	-0.015839207 	-1.6391854e-06 	-0.0012350956 	0.51061126
-0.00089489489 	-0.015839166 	-1.6268643e-06 	-0.0012213167 	0.51259034
-0.00088288288 	-0.015839126 	-1.6145432e-06 	-0.0012075378 	0.51456943
-0.00087087087 	-0.015839085 	-1.6022221e-06 	-0.0011937589 	0.51654851
-0.00085885886 	-0.015839045 	-1.5899011e-06 	-0.00117998 	0.51852759
-0.00084684685 	-0.015839004 	-1.57758e-06 	-0.0011662011 	0.52050668
-0.00083483483 	-0.015838964 	-1.5652589e-06 	-0.0011524222 	0.52248576
-0.00082282282 	-0.015838923 	-1.5529378e-06 	-0.0011386433 	0.52446485
-0.00081081081 	-0.015838882 	-1.5406168e-06 	-0.0011248644 	0.52644393
-0.0007987988 	-0.015838842 	-1.5282957e-06 	-0.0011110855 	0.52842301
-0.00078678679 	-0.015838801 	-1.5159746e-06 	-0.0010973066 	0.5304021
-0.00077477477 	-0.015838761 	-1.5036535e-06 	-0.0010835277 	0.53238118
-0.00076276276 	-0.01583872 	-1.4913325e-06 	-0.0010697488 	0.53436026
-0.00075075075 	-0.01583868 	-1.4790114e-06 	-0.0010559699 	0.53633935
-0.00073873874 	-0.015838639 	-1.4666903e-06 	-0.001042191 	0.53831843
-0.00072672673 	-0.015838599 	-1.4543692e-06 	-0.0010284121 	0.54029752
-0.00071471471 	-0.015838558 	-1.4420482e-06 	-0.0010146332 	0.5422766
-0.0007027027 	-0.015838518 	-1.4297271e-06 	-0.0010008543 	0.54425568
-0.00069069069 	-0.015838477 	-1.417406e-06 	-0.0009870754 	0.54623477
-0.00067867868 	-0.015838436 	-1.4050849e-06 	-0.0009732965 	0.54821385
-0.00066666667 	-0.015838396 	-1.3927639e-06 	-0.0009595176 	0.55019294
-0.00065465465 	-0.015838355 	-1.3804428e-06 	-0.0009457387 	0.55217202
-0.00064264264 	-0.015838315 	-1.3681217e-06 	-0.00093195981 	0.5541511
-0.00063063063 	-0.015838274 	-1.3558006e-06 	-0.00091818091 	0.55613019
-0.00061861862 	-0.015838234 	-1.3434795e-06 	-0.00090440201 	0.55810927
-0.00060660661 	-0.015838193 	-1.3311585e-06 	-0.00089062311 	0.56008835
-0.00059459459 	-0.015838153 	-1.3188374e-06 	-0.00087684421 	0.56206744
-0.00058258258 	-0.015838112 	-1.3065163e-06 	-0.00086306531 	0.56404652
-0.00057057057 	-0.015838072 	-1.2941952e-06 	-0.00084928641 	0.56602561
-0.00055855856 	-0.015838031 	-1.2818742e-06 	-0.00083550751 	0.56800469
-0.00054654655 	-0.01583799 	-1.2695531e-06 	-0.00082172862 	0.56998377
-0.00053453453 	-0.01583795 	-1.257232e-06 	-0.00080794972 	0.57196286
-0.00052252252 	-0.015837909 	-1.2449109e-06 	-0.00079417082 	0.57394194
-0.00051051051 	-0.015837869 	-1.2325899e-06 	-0.00078039192 	0.57592103
-0.0004984985 	-0.015837828 	-1.2202688e-06 	-0.00076661302 	0.57790011
-0.00048648649 	-0.015837788 	-1.2079477e-06 	-0.00075283412 	0.57987919
-0.00047447447 	-0.015837747 	-1.1956266e-06 	-0.00073905522 	0.58185828
-0.00046246246 	-0.015837719 	-1.1886309e-06 	-0.00072160454 	0.58298423
-0.00045045045 	-0.015837695 	-1.1833968e-06 	-0.00070292483 	0.58382928
-0.00043843844 	-0.01583767 	-1.1781798e-06 	-0.00068420525 	0.58467411
-0.00042642643 	-0.015837646 	-1.1729628e-06 	-0.00066548566 	0.58551895
-0.00041441441 	-0.015837622 	-1.1677458e-06 	-0.00064676607 	0.58636378
-0.0004024024 	-0.015837597 	-1.1625289e-06 	-0.00062804649 	0.58720862
-0.00039039039 	-0.015837573 	-1.1573119e-06 	-0.0006093269 	0.58805346
-0.00037837838 	-0.015837548 	-1.1520949e-06 	-0.00059060731 	0.58889829
-0.00036636637 	-0.015837524 	-1.1468779e-06 	-0.00057188773 	0.58974313
-0.00035435435 	-0.0158375 	-1.141661e-06 	-0.00055316814 	0.59058796
-0.00034234234 	-0.015837475 	-1.136444e-06 	-0.00053444855 	0.5914328
-0.00033033033 	-0.015837451 	-1.131227e-06 	-0.00051572896 	0.59227764
-0.00031831832 	-0.015837426 	-1.12601e-06 	-0.00049700938 	0.59312247
-0.00030630631 	-0.015837402 	-1.1207931e-06 	-0.00047828979 	0.59396731
-0.00029429429 	-0.015837378 	-1.1155761e-06 	-0.0004595702 	0.59481214
-0.00028228228 	-0.015837353 	-1.1103591e-06 	-0.00044085062 	0.59565698
-0.00027027027 	-0.015837329 	-1.1051421e-06 	-0.00042213103 	0.59650182
-0.00025825826 	-0.015837305 	-1.0999252e-06 	-0.00040341144 	0.59734665
-0.00024624625 	-0.01583728 	-1.0947082e-06 	-0.00038469186 	0.59819149
-0.00023423423 	-0.015837256 	-1.0894912e-06 	-0.00036597227 	0.59903632
-0.00022222222 	-0.015837231 	-1.0842742e-06 	-0.00034725268 	0.59988116
-0.00021021021 	-0.015837207 	-1.0790573e-06 	-0.0003285331 	0.60072599
-0.0001981982 	-0.015837183 	-1.0738403e-06 	-0.00030981351 	0.60157083
-0.00018618619 	-0.015837158 	-1.0686233e-06 	-0.00029109392 	0.60241567
-0.00017417417 	-0.015837134 	-1.0634063e-06 	-0.00027237433 	0.6032605
-0.00016216216 	-0.01583711 	-1.0581894e-06 	-0.00025365475 	0.60410534
-0.00015015015 	-0.015837085 	-1.0529724e-06 	-0.00023493516 	0.60495017
-0.00013813814 	-0.015837061 	-1.0477554e-06 	-0.00021621557 	0.60579501
-0.00012612613 	-0.015837036 	-1.0425384e-06 	-0.00019749599 	0.60663985
-0.00011411411 	-0.015837012 	-1.0373215e-06 	-0.0001787764 	0.60748468
-0.0001021021 	-0.015836988 	-1.0321045e-06 	-0.00016005681 	0.60832952
-9.009009e-05 	-0.015836963 	-1.0268875e-06 	-0.00014133723 	0.60917435
-7.8078078e-05 	-0.015836939 	-1.0216705e-06 	-0.00012261764 	0.61001919
-6.6066066e-05 	-0.015836914 	-1.0164536e-06 	-0.00010389805 	0.61086403
-5.4054054e-05 	-0.01583689 	-1.0112366e-06 	-8.5178466e-05 	0.61170886
-4.2042042e-05 	-0.015836866 	-1.0060196e-06 	-6.6458879e-05 	0.6125537
-3.003003e-05 	-0.015836841 	-1.0008026e-06 	-4.7739292e-05 	0.61339853
-1.8018018e-05 	-0.015836817 	-9.9558567e-07 	-2.9019705e-05 	0.61424337
-6.006006e-06 	-0.015836793 	-9.9036869e-07 	-1.0300118e-05 	0.61508821
6.006006e-06 	-0.015836792 	-9.9056103e-07 	8.3894648e-06 	0.61508778
1.8018018e-05 	-0.015836816 	-9.9615758e-07 	2.705434e-05 	0.61424213
3.003003e-05 	-0.015836841 	-1.001701e-06 	4.5774304e-05 	0.61339681
4.2042042e-05 	-0.015836865 	-1.0072445e-06 	6.4494267e-05 	0.61255149
5.4054054e-05 	-0.015836889 	-1.0127879e-06 	8.3214231e-05 	0.61170617
6.6066066e-05 	-0.015836913 	-1.0183314e-06 	0.00010193419 	0.61086085
7.8078078e-05 	-0.015836938 	-1.0238748e-06 	0.00012065416 	0.61001553
9.009009e-05 	-0.015836962 	-1.0294183e-06 	0.00013937412 	0.60917021
0.0001021021 	-0.015836986 	-1.0349617e-06 	0.00015809408 	0.60832489
0.00011411411 	-0.01583701 	-1.0405052e-06 	0.00017681405 	0.60747956
0.00012612613 	-0.015837035 	-1.0460486e-06 	0.00019553401 	0.60663424
0.00013813814 	-0.015837059 	-1.051592e-06 	0.00021425397 	0.60578892
0.00015015015 	-0.015837083 	-1.0571355e-06 	0.00023297394 	0.6049436
0.00016216216 	-0.015837107 	-1.0626789e-06 	0.0002516939 	0.60409828
0.00017417417 	-0.015837132 	-1.0682224e-06 	0.00027041386 	0.60325296
0.00018618619 	-0.015837156 	-1.0737658e-06 	0.00028913383 	0.60240764
0.0001981982 	-0.01583718 	-1.0793093e-06 	0.00030785379 	0.60156232
0.00021021021 	-0.015837204 	-1.0848527e-06 	0.00032657375 	0.600717
0.00022222222 	-0.015837229 	-1.0903962e-06 	0.00034529372 	0.59987167
0.00023423423 	-0.015837253 	-1.0959396e-06 	0.00036401368 	0.59902635
0.00024624625 	-0.015837277 	-1.1014831e-06 	0.00038273365 	0.59818103
0.00025825826 	-0.015837301 	-1.1070265e-06 	0.00040145361 	0.59733571
0.00027027027 	-0.015837326 	-1.11257e-06 	0.00042017357 	0.59649039
0.00028228228 	-0.01583735 	-1.1181134e-06 	0.00043889354 	0.59564507
0.00029429429 	-0.015837374 	-1.1236569e-06 	0.0004576135 	0.59479975
0.00030630631 	-0.015837398 	-1.1292003e-06 	0.00047633346 	0.59395443
0.00031831832 	-0.015837423 	-1.1347438e-06 	0.00049505343 	0.5931091
0.00033033033 	-0.015837447 	-1.1402872e-06 	0.00051377339 	0.59226378
0.00034234234 	-0.015837471 	-1.1458306e-06 	0.00053249335 	0.59141846
0.00035435435 	-0.015837495 	-1.1513741e-06 	0.00055121332 	0.59057314
0.00036636637 	-0.01583752 	-1.1569175e-06 	0.00056993328 	0.58972782
0.00037837838 	-0.015837544 	-1.162461e-06 	0.00058865324 	0.5888825
0.00039039039 	-0.015837568 	-1.1680044e-06 	0.00060737321 	0.58803718
0.0004024024 	-0.015837592 	-1.1735479e-06 	0.00062609317 	0.58719186
0.00041441441 	-0.015837617 	-1.1790913e-06 	0.00064481313 	0.58634653
0.00042642643 	-0.015837641 	-1.1846348e-06 	0.0006635331 	0.58550121
0.00043843844 	-0.015837665 	-1.1901782e-06 	0.00068225306 	0.58465589
0.00045045045 	-0.015837689 	-1.1957217e-06 	0.00070097302 	0.58381057
0.00046246246 	-0.015837714 	-1.2012651e-06 	0.00071969299 	0.58296525
0.00047447447 	-0.015837742 	-1.2085458e-06 	0.00073710459 	0.58184282
0.00048648649 	-0.015837783 	-1.2211046e-06 	0.00075054094 	0.57987844
0.0004984985 	-0.015837824 	-1.233772e-06 	0.00076426209 	0.57790136
0.00051051051 	-0.015837865 	-1.2464608e-06 	0.00077803938 	0.57592178
0.00052252252 	-0.015837905 	-1.2591495e-06 	0.00079181668 	0.5739422
0.00053453453 	-0.015837946 	-1.2718383e-06 	0.00080559398 	0.57196262
0.00054654655 	-0.015837986 	-1.284527e-06 	0.00081937127 	0.56998304
0.00055855856 	-0.015838027 	-1.2972158e-06 	0.00083314857 	0.56800346
0.00057057057 	-0.015838067 	-1.3099045e-06 	0.00084692586 	0.56602388
0.00058258258 	-0.015838108 	-1.3225933e-06 	0.00086070316 	0.5640443
0.00059459459 	-0.015838148 	-1.335282e-06 	0.00087448046 	0.56206472
0.00060660661 	-0.015838189 	-1.3479708e-06 	0.00088825775 	0.56008514
0.00061861862 	-0.015838229 	-1.3606595e-06 	0.00090203505 	0.55810555
0.00063063063 	-0.01583827 	-1.3733483e-06 	0.00091581234 	0.55612597
0.00064264264 	-0.01583831 	-1.386037e-06 	0.00092958964 	0.55414639
0.00065465465 	-0.015838351 	-1.3987258e-06 	0.00094336693 	0.55216681
0.00066666667 	-0.015838392 	-1.4114145e-06 	0.00095714423 	0.55018723
0.00067867868 	-0.015838432 	-1.4241033e-06 	0.00097092153 	0.54820765
0.00069069069 	-0.015838473 	-1.436792e-06 	0.00098469882 	0.54622807
0.0007027027 	-0.015838513 	-1.4494808e-06 	0.00099847612 	0.54424849
0.00071471471 	-0.015838554 	-1.4621695e-06 	0.0010122534 	0.54226891
0.00072672673 	-0.015838594 	-1.4748583e-06 	0.0010260307 	0.54028933
0.00073873874 	-0.015838635 	-1.487547e-06 	0.001039808 	0.53830975
0.00075075075 	-0.015838675 	-1.5002358e-06 	0.0010535853 	0.53633017
0.00076276276 	-0.015838716 	-1.5129245e-06 	0.0010673626 	0.53435059
0.00077477477 	-0.015838756 	-1.5256133e-06 	0.0010811399 	0.53237101
0.00078678679 	-0.015838797 	-1.538302e-06 	0.0010949172 	0.53039143
0.0007987988 	-0.015838837 	-1.5509908e-06 	0.0011086945 	0.52841185
0.00081081081 	-0.015838878 	-1.5636795e-06 	0.0011224718 	0.52643227
0.00082282282 	-0.015838919 	-1.5763683e-06 	0.0011362491 	0.52445268
0.00083483483 	-0.015838959 	-1.589057e-06 	0.0011500264 	0.5224731
0.00084684685 	-0.015839 	-1.6017458e-06 	0.0011638037 	0.52049352
0.00085885886 	-0.01583904 	-1.6144345e-06 	0.001177581 	0.51851394
0.00087087087 	-0.015839081 	-1.6271233e-06 	0.0011913583 	0.51653436
0.00088288288 	-0.015839121 	-1.639812e-06 	0.0012051356 	0.51455478
0.00089489489 	-0.015839162 	-1.6525008e-06 	0.0012189128 	0.5125752
0.00090690691 	-0.015839202 	-1.6651895e-06 	0.0012326901 	0.51059562
0.00091891892 	-0.015839243 	-1.6778783e-06 	0.0012464674 	0.50861604
0.00093093093 	-0.015839283 	-1.690567e-06 	0.0012602447 	0.50663646
0.00094294294 	-0.015839324 	-1.7032558e-06 	0.001274022 	0.50465688
0.00095495495 	-0.015839409 	-1.7241635e-06 	0.0012849104 	0.50122748
0.00096696697 	-0.015839494 	-1.7456332e-06 	0.001296269 	0.49776551
0.00097897898 	-0.015839579 	-1.767103e-06 	0.0013076275 	0.49430355
0.00099099099 	-0.015839664 	-1.7885727e-06 	0.0013189861 	0.49084158
0.001003003 	-0.015839749 	-1.8100424e-06 	0.0013303447 	0.48737961
0.001015015 	-0.015839834 	-1.8315122e-06 	0.0013417033 	0.48391764
0.001027027 	-0.015839919 	-1.8529819e-06 	0.0013530618 	0.48045567
0.001039039 	-0.015840004 	-1.8744516e-06 	0.0013644204 	0.4769937
0.0010510511 	-0.015840089 	-1.8959214e-06 	0.001375779 	0.47353173
0.0010630631 	-0.015840174 	-1.9173911e-06 	0.0013871376 	0.47006976
0.0010750751 	-0.015840259 	-1.9388608e-06 	0.0013984961 	0.46660779
0.0010870871 	-0.015840344 	-1.9603306e-06 	0.0014098547 	0.46314582
0.0010990991 	-0.015840429 	-1.9818003e-06 	0.0014212133 	0.45968385
0.0011111111 	-0.015840514 	-2.00327e-06 	0.0014325718 	0.45622188
0.0011231231 	-0.015840599 	-2.0247397e-06 	0.0014439304 	0.45275991
0.0011351351 	-0.015840684 	-2.0462095e-06 	0.001455289 	0.44929794
0.0011471471 	-0.015840769 	-2.0676792e-06 	0.0014666476 	0.44583597
0.0011591592 	-0.015840853 	-2.0891489e-06 	0.0014780061 	0.442374
0.0011711712 	-0.015840938 	-2.1106187e-06 	0.0014893647 	0.43891203
0.0011831832 	-0.015841023 	-2.1320884e-06 	0.0015007233 	0.43545006
0.0011951952 	-0.015841108 	-2.1535581e-06 	0.0015120818 	0.43198809
0.0012072072 	-0.015841197 	-2.1740797e-06 	0.0015214722 	0.42860007
0.0012192192 	-0.015841301 	-2.1914014e-06 	0.0015231903 	0.425474
0.0012312312 	-0.015841406 	-2.2092628e-06 	0.0015250647 	0.42231741
0.0012432432 	-0.015841511 	-2.2271243e-06 	0.0015269391 	0.41916083
0.0012552553 	-0.015841617 	-2.2449858e-06 	0.0015288135 	0.41600424
0.0012672673 	-0.015841722 	-2.2628472e-06 	0.0015306879 	0.41284765
0.0012792793 	-0.015841828 	-2.2807087e-06 	0.0015325623 	0.40969107
0.0012912913 	-0.015841933 	-2.2985702e-06 	0.0015344367 	0.40653448
0.0013033033 	-0.015842038 	-2.3164316e-06 	0.0015363111 	0.4033779
0.0013153153 	-0.015842144 	-2.3342931e-06 	0.0015381855 	0.40022131
0.0013273273 	-0.015842249 	-2.3521545e-06 	0.0015400599 	0.39706472
0.0013393393 	-0.015842355 	-2.370016e-06 	0.0015419343 	0.39390814
0.0013513514 	-0.01584246 	-2.3878775e-06 	0.0015438087 	0.39075155
0.0013633634 	-0.015842565 	-2.4057389e-06 	0.0015456831 	0.38759496
0.0013753754 	-0.015842671 	-2.4236004e-06 	0.0015475575 	0.38443838
0.0013873874 	-0.015842776 	-2.4414619e-06 	0.0015494319 	0.38128179
0.0013993994 	-0.015842882 	-2.4593233e-06 	0.0015513063 	0.3781252
0.0014114114 	-0.015842987 	-2.4771848e-06 	0.0015531807 	0.37496862
0.0014234234 	-0.015843092 	-2.4950462e-06 	0.0015550551 	0.37181203
0.0014354354 	-0.015843198 	-2.5129077e-06 	0.0015569295 	0.36865545
0.0014474474 	-0.015843297 	-2.5274033e-06 	0.0015525203 	0.3655306
0.0014594595 	-0.015843398 	-2.5425221e-06 	0.0015480248 	0.36236093
0.0014714715 	-0.015843499 	-2.5576408e-06 	0.0015435293 	0.35919126
0.0014834835 	-0.015843601 	-2.5727596e-06 	0.0015390338 	0.35602159
0.0014954955 	-0.015843702 	-2.5878784e-06 	0.0015345383 	0.35285192
0.0015075075 	-0.015843803 	-2.6029971e-06 	0.0015300428 	0.34968225
0.0015195195 	-0.015843904 	-2.6181159e-06 	0.0015255473 	0.34651258
0.0015315315 	-0.015844006 	-2.6332347e-06 	0.0015210518 	0.34334291
0.0015435435 	-0.015844107 	-2.6483534e-06 	0.0015165563 	0.34017324
0.0015555556 	-0.015844208 	-2.6634722e-06 	0.0015120608 	0.33700357
0.0015675676 	-0.015844309 	-2.678591e-06 	0.0015075653 	0.3338339
0.0015795796 	-0.015844411 	-2.6937097e-06 	0.0015030698 	0.33066423
0.0015915916 	-0.015844512 	-2.7088285e-06 	0.0014985743 	0.32749456
0.0016036036 	-0.015844613 	-2.7239473e-06 	0.0014940789 	0.32432489
0.0016156156 	-0.015844714 	-2.739066e-06 	0.0014895834 	0.32115522
0.0016276276 	-0.015844816 	-2.7541848e-06 	0.0014850879 	0.31798555
0.0016396396 	-0.015844916 	-2.7690761e-06 	0.0014803976 	0.31482476
0.0016516517 	-0.015845011 	-2.7798217e-06 	0.001471704 	0.31180103
0.0016636637 	-0.015845108 	-2.7909126e-06 	0.0014628804 	0.30874046
0.0016756757 	-0.015845205 	-2.8020035e-06 	0.0014540569 	0.3056799
0.0016876877 	-0.015845302 	-2.8130944e-06 	0.0014452333 	0.30261934
0.0016996997 	-0.015845398 	-2.8241853e-06 	0.0014364098 	0.29955878
0.0017117117 	-0.015845495 	-2.8352762e-06 	0.0014275862 	0.29649821
0.0017237237 	-0.015845592 	-2.8463671e-06 	0.0014187627 	0.29343765
0.0017357357 	-0.015845689 	-2.8574581e-06 	0.0014099391 	0.29037709
0.0017477477 	-0.015845786 	-2.868549e-06 	0.0014011156 	0.28731653
0.0017597598 	-0.015845883 	-2.8796399e-06 	0.0013922921 	0.28425597
0.0017717718 	-0.015845979 	-2.8907308e-06 	0.0013834685 	0.2811954
0.0017837838 	-0.015846076 	-2.9018217e-06 	0.001374645 	0.27813484
0.0017957958 	-0.015846173 	-2.9129126e-06 	0.0013658214 	0.27507428
0.0018078078 	-0.01584627 	-2.9240035e-06 	0.0013569979 	0.27201372
0.0018198198 	-0.015846365 	-2.9346014e-06 	0.0013479097 	0.26898072
0.0018318318 	-0.015846452 	-2.9415317e-06 	0.0013364838 	0.26611294
0.0018438438 	-0.01584654 	-2.9485336e-06 	0.0013248945 	0.26321927
0.0018558559 	-0.015846628 	-2.9555355e-06 	0.0013133051 	0.26032561
0.0018678679 	-0.015846715 	-2.9625374e-06 	0.0013017158 	0.25743194
0.0018798799 	-0.015846803 	-2.9695393e-06 	0.0012901265 	0.25453827
0.0018918919 	-0.015846891 	-2.9765412e-06 	0.0012785371 	0.25164461
0.0019039039 	-0.015846979 	-2.9835431e-06 	0.0012669478 	0.24875094
0.0019159159 	-0.015847067 	-2.990545e-06 	0.0012553584 	0.24585727
0.0019279279 	-0.015847155 	-2.9975469e-06 	0.0012437691 	0.24296361
0.0019399399 	-0.015847243 	-3.0045488e-06 	0.0012321798 	0.24006994
0.001951952 	-0.015847331 	-3.0115507e-06 	0.0012205904 	0.23717627
0.001963964 	-0.015847419 	-3.0185526e-06 	0.0012090011 	0.23428261
0.001975976 	-0.015847507 	-3.0255545e-06 	0.0011974117 	0.23138894
0.001987988 	-0.015847583 	-3.0291942e-06 	0.0011845712 	0.22869738
0.002 	-0.015847661 	-3.0325355e-06 	0.0011714098 	0.22598693
0.002012012 	-0.015847739 	-3.0358768e-06 	0.0011582484 	0.22327649
0.002024024 	-0.015847816 	-3.039218e-06 	0.001145087 	0.22056604
0.002036036 	-0.015847894 	-3.0425593e-06 	0.0011319256 	0.21785559
0.002048048 	-0.015847972 	-3.0459006e-06 	0.0011187643 	0.21514515
0.0020600601 	-0.01584805 	-3.0492418e-06 	0.0011056029 	0.2124347
0.0020720721 	-0.015848127 	-3.0525831e-06 	0.0010924415 	0.20972425
0.0020840841 	-0.015848205 	-3.0559244e-06 	0.0010792801 	0.20701381
0.0020960961 	-0.015848283 	-3.0592656e-06 	0.0010661187 	0.20430336
0.0021081081 	-0.01584836 	-3.0626069e-06 	0.0010529574 	0.20159291
0.0021201201 	-0.015848433 	-3.0650748e-06 	0.0010397599 	0.19896492
0.0021321321 	-0.0158485 	-3.0652283e-06 	0.0010258506 	0.19643344
0.0021441441 	-0.015848568 	-3.0653682e-06 	0.0010119279 	0.19390069
0.0021561562 	-0.015848635 	-3.0655081e-06 	0.00099800523 	0.19136794
0.0021681682 	-0.015848702 	-3.0656481e-06 	0.00098408253 	0.18883519
0.0021801802 	-0.01584877 	-3.065788e-06 	0.00097015983 	0.18630244
0.0021921922 	-0.015848837 	-3.065928e-06 	0.00095623712 	0.18376969
0.0022042042 	-0.015848904 	-3.0660679e-06 	0.00094231442 	0.18123694
0.0022162162 	-0.015848972 	-3.0662078e-06 	0.00092839172 	0.17870419
0.0022282282 	-0.015849039 	-3.0663478e-06 	0.00091446901 	0.17617144
0.0022402402 	-0.015849105 	-3.0662672e-06 	0.00090059654 	0.17366325
0.0022522523 	-0.015849162 	-3.0636963e-06 	0.00088657668 	0.17130479
0.0022642643 	-0.015849219 	-3.0609288e-06 	0.00087241269 	0.16893452
0.0022762763 	-0.015849276 	-3.0581613e-06 	0.00085824869 	0.16656425
0.0022882883 	-0.015849334 	-3.0553938e-06 	0.0008440847 	0.16419398
0.0023003003 	-0.015849391 	-3.0526263e-06 	0.00082992071 	0.16182371
0.0023123123 	-0.015849449 	-3.0498588e-06 	0.00081575671 	0.15945344
0.0023243243 	-0.015849506 	-3.0470912e-06 	0.00080159272 	0.15708317
0.0023363363 	-0.015849564 	-3.0443237e-06 	0.00078742873 	0.15471289
0.0023483483 	-0.01584962 	-3.0414017e-06 	0.00077333632 	0.1523606
0.0023603604 	-0.015849667 	-3.0360332e-06 	0.00075938858 	0.15014431
0.0023723724 	-0.015849715 	-3.0304474e-06 	0.00074530763 	0.14791815
0.0023843844 	-0.015849763 	-3.0248616e-06 	0.00073122669 	0.145692
0.0023963964 	-0.015849811 	-3.0192757e-06 	0.00071714574 	0.14346584
0.0024084084 	-0.015849859 	-3.0136899e-06 	0.0007030648 	0.14123969
0.0024204204 	-0.015849907 	-3.008104e-06 	0.00068898385 	0.13901353
0.0024324324 	-0.015849954 	-3.0025182e-06 	0.0006749029 	0.13678737
0.0024444444 	-0.015850001 	-2.9967044e-06 	0.00066095678 	0.1345854
0.0024564565 	-0.01585004 	-2.9883517e-06 	0.00064722831 	0.13249026
0.0024684685 	-0.01585008 	-2.9798588e-06 	0.00063342411 	0.13038992
0.0024804805 	-0.015850119 	-2.9713659e-06 	0.00061961992 	0.12828957
0.0024924925 	-0.015850159 	-2.962873e-06 	0.00060581572 	0.12618923
0.0025045045 	-0.015850199 	-2.9543801e-06 	0.00059201152 	0.12408889
0.0025165165 	-0.015850238 	-2.9458871e-06 	0.00057820733 	0.12198854
0.0025285285 	-0.015850278 	-2.9371655e-06 	0.00056453191 	0.11990792
0.0025405405 	-0.015850319 	-2.9256489e-06 	0.00055109941 	0.1179206
0.0025525526 	-0.015850362 	-2.914007e-06 	0.00053760426 	0.11592929
0.0025645646 	-0.015850404 	-2.9023652e-06 	0.00052410911 	0.11393799
0.0025765766 	-0.015850446 	-2.8907233e-06 	0.00051061396 	0.11194668
0.0025885886 	-0.015850488 	-2.8790814e-06 	0.00049711882 	0.10995538
0.0026006006 	-0.015850531 	-2.8674395e-06 	0.00048362367 	0.10796407
0.0026126126 	-0.015850692 	-2.8294019e-06 	0.00044858365 	0.10302377
0.0026246246 	-0.015850863 	-2.7890559e-06 	0.00041190396 	0.097890714
0.0026366366 	-0.015851035 	-2.74871e-06 	0.00037522428 	0.092757657
0.0026486486 	-0.015851206 	-2.7083641e-06 	0.0003385446 	0.0876246
0.0026606607 	-0.015851377 	-2.6680182e-06 	0.00030186492 	0.082491543
0.0026726727 	-0.015851458 	-2.6441517e-06 	0.00027963773 	0.079374239
0.0026846847 	-0.015851448 	-2.6367478e-06 	0.00027185501 	0.07827232
0.0026966967 	-0.015851439 	-2.6286352e-06 	0.00026373572 	0.077154887
0.0027087087 	-0.015851431 	-2.6205225e-06 	0.00025561642 	0.076037454
0.0027207207 	-0.015851422 	-2.6124099e-06 	0.00024749713 	0.074920021
0.0027327327 	-0.015851413 	-2.6042972e-06 	0.00023937784 	0.073802588
0.0027447447 	-0.015851405 	-2.5961846e-06 	0.00023125855 	0.072685155
0.0027567568 	-0.015851396 	-2.588072e-06 	0.00022313926 	0.071567722
0.0027687688 	-0.015851387 	-2.5799593e-06 	0.00021501997 	0.070450289
0.0027807808 	-0.015851378 	-2.5718467e-06 	0.00020690068 	0.069332856
0.0027927928 	-0.01585137 	-2.5637341e-06 	0.00019878138 	0.068215423
0.0028048048 	-0.015851361 	-2.5556214e-06 	0.00019066209 	0.06709799
0.0028168168 	-0.015851352 	-2.5475088e-06 	0.0001825428 	0.065980557
0.0028288288 	-0.015851343 	-2.5393962e-06 	0.00017442351 	0.064863123
0.0028408408 	-0.015851335 	-2.5312835e-06 	0.00016630422 	0.06374569
0.0028528529 	-0.015851326 	-2.5231709e-06 	0.00015818493 	0.062628257
0.0028648649 	-0.015851317 	-2.5150582e-06 	0.00015006564 	0.061510824
0.0028768769 	-0.015851309 	-2.5069456e-06 	0.00014194634 	0.060393391
0.0028888889 	-0.0158513 	-2.498833e-06 	0.00013382705 	0.059275958
0.0029009009 	-0.015851291 	-2.4907203e-06 	0.00012570776 	0.058158525
0.0029129129 	-0.015851282 	-2.4826077e-06 	0.00011758847 	0.057041092
0.0029249249 	-0.015851274 	-2.4744951e-06 	0.00010946918 	0.055923659
0.0029369369 	-0.015851265 	-2.4663824e-06 	0.00010134989 	0.054806226
0.0029489489 	-0.015851256 	-2.4582698e-06 	9.3230596e-05 	0.053688793
0.002960961 	-0.015851247 	-2.4501571e-06 	8.5111305e-05 	0.05257136
0.002972973 	-0.015851239 	-2.4420445e-06 	7.6992014e-05 	0.051453927
0.002984985 	-0.01585123 	-2.4339319e-06 	6.8872722e-05 	0.050336494
0.002996997 	-0.015851221 	-2.4258192e-06 	6.0753431e-05 	0.049219061
0.003009009 	-0.015851213 	-2.4177066e-06 	5.263414e-05 	0.048101628
0.003021021 	-0.015851204 	-2.409594e-06 	4.4514848e-05 	0.046984195
0.003033033 	-0.015851195 	-2.4014813e-06 	3.6395557e-05 	0.045866762
0.003045045 	-0.015851186 	-2.3933687e-06 	2.8276265e-05 	0.044749329
0.0030570571 	-0.015851178 	-2.385256e-06 	2.0156974e-05 	0.043631896
0.0030690691 	-0.015851169 	-2.3771434e-06 	1.2037683e-05 	0.042514463
0.0030810811 	-0.01585116 	-2.3690308e-06 	3.9183913e-06 	0.04139703
0.0030930931 	-0.015851152 	-2.3609181e-06 	-4.2009e-06 	0.040279597
0.0031051051 	-0.015851143 	-2.3528055e-06 	-1.2320191e-05 	0.039162164
0.0031171171 	-0.015851134 	-2.3446929e-06 	-2.0439483e-05 	0.038044731
0.0031291291 	-0.015851125 	-2.3365802e-06 	-2.8558774e-05 	0.036927298
0.0031411411 	-0.015851117 	-2.3284676e-06 	-3.6678066e-05 	0.035809865
0.0031531532 	-0.015851108 	-2.3203549e-06 	-4.4797357e-05 	0.034692432
0.0031651652 	-0.015851099 	-2.3122423e-06 	-5.2916648e-05 	0.033574998
0.0031771772 	-0.015851081 	-2.304685e-06 	-6.0329068e-05 	0.032497053
0.0031891892 	-0.015851046 	-2.2981308e-06 	-6.6447188e-05 	0.031491299
0.0032012012 	-0.015851009 	-2.2912411e-06 	-7.2662773e-05 	0.030478029
0.0032132132 	-0.015850972 	-2.2843514e-06 	-7.8878358e-05 	0.029464758
0.0032252252 	-0.015850935 	-2.2774616e-06 	-8.5093943e-05 	0.028451488
0.0032372372 	-0.015850898 	-2.2705719e-06 	-9.1309529e-05 	0.027438217
0.0032492492 	-0.015850862 	-2.2636822e-06 	-9.7525114e-05 	0.026424947
0.0032612613 	-0.015850825 	-2.2567925e-06 	-0.0001037407 	0.025411677
0.0032732733 	-0.015850788 	-2.2499028e-06 	-0.00010995628 	0.024398406
0.0032852853 	-0.015850751 	-2.2430131e-06 	-0.00011617187 	0.023385136
0.0032972973 	-0.015850714 	-2.2361234e-06 	-0.00012238745 	0.022371865
0.0033093093 	-0.015850677 	-2.2292337e-06 	-0.00012860304 	0.021358595
0.0033213213 	-0.01585064 	-2.222344e-06 	-0.00013481862 	0.020345324
0.0033333333 	-0.015850603 	-2.2154543e-06 	-0.00014103421 	0.019332054
0.0033453453 	-0.015850566 	-2.2085646e-06 	-0.00014724979 	0.018318784
0.0033573574 	-0.015850529 	-2.2016749e-06 	-0.00015346538 	0.017305513
0.0033693694 	-0.015850492 	-2.1947851e-06 	-0.00015968096 	0.016292243
0.0033813814 	-0.015850455 	-2.1878954e-06 	-0.00016589655 	0.015278972
0.0033933934 	-0.015850419 	-2.1810057e-06 	-0.00017211213 	0.014265702
0.0034054054 	-0.015850382 	-2.174116e-06 	-0.00017832772 	0.013252431
0.0034174174 	-0.015850345 	-2.1672263e-06 	-0.0001845433 	0.012239161
0.0034294294 	-0.015850308 	-2.1603366e-06 	-0.00019075889 	0.011225891
0.0034414414 	-0.015850271 	-2.1534469e-06 	-0.00019697447 	0.01021262
0.0034534535 	-0.015850234 	-2.1465572e-06 	-0.00020319006 	0.0091993497
0.0034654655 	-0.015850197 	-2.1396675e-06 	-0.00020940564 	0.0081860793
0.0034774775 	-0.01585016 	-2.1327778e-06 	-0.00021562123 	0.0071728089
0.0034894895 	-0.015850123 	-2.1258881e-06 	-0.00022183681 	0.0061595384
0.0035015015 	-0.015850086 	-2.1189984e-06 	-0.0002280524 	0.005146268
0.0035135135 	-0.015850049 	-2.1121086e-06 	-0.00023426799 	0.0041329976
0.0035255255 	-0.015850012 	-2.1052189e-06 	-0.00024048357 	0.0031197271
0.0035375375 	-0.015849976 	-2.0983292e-06 	-0.00024669916 	0.0021064567
0.0035495495 	-0.015849939 	-2.0914395e-06 	-0.00025291474 	0.0010931863
0.0035615616 	-0.015849902 	-2.0845498e-06 	-0.00025913033 	7.9915859e-05
0.0035735736 	-0.015849865 	-2.0776601e-06 	-0.00026534591 	-0.00093335457
0.0035855856 	-0.015849828 	-2.0707704e-06 	-0.0002715615 	-0.001946625
0.0035975976 	-0.015849791 	-2.0638807e-06 	-0.00027777708 	-0.0029598954
0.0036096096 	-0.015849754 	-2.056991e-06 	-0.00028399267 	-0.0039731659
0.0036216216 	-0.015849717 	-2.0501959e-06 	-0.00028936553 	-0.0049120996
0.0036336336 	-0.015849681 	-2.0437983e-06 	-0.00029125572 	-0.0055448309
0.0036456456 	-0.015849643 	-2.0375541e-06 	-0.00029294398 	-0.0061798874
0.0036576577 	-0.015849605 	-2.0313099e-06 	-0.00029463224 	-0.0068149439
0.0036696697 	-0.015849567 	-2.0250657e-06 	-0.0002963205 	-0.0074500005
0.0036816817 	-0.015849529 	-2.0188215e-06 	-0.00029800876 	-0.008085057
0.0036936937 	-0.015849491 	-2.0125773e-06 	-0.00029969702 	-0.0087201136
0.0037057057 	-0.015849453 	-2.0063331e-06 	-0.00030138528 	-0.0093551701
0.0037177177 	-0.015849415 	-2.0000889e-06 	-0.00030307354 	-0.0099902267
0.0037297297 	-0.015849377 	-1.9938447e-06 	-0.0003047618 	-0.010625283
0.0037417417 	-0.015849339 	-1.9876005e-06 	-0.00030645006 	-0.01126034
0.0037537538 	-0.015849301 	-1.9813563e-06 	-0.00030813832 	-0.011895396
0.0037657658 	-0.015849263 	-1.9751121e-06 	-0.00030982658 	-0.012530453
0.0037777778 	-0.015849225 	-1.9688679e-06 	-0.00031151484 	-0.013165509
0.0037897898 	-0.015849187 	-1.9626237e-06 	-0.0003132031 	-0.013800566
0.0038018018 	-0.015849149 	-1.9563795e-06 	-0.00031489136 	-0.014435623
0.0038138138 	-0.015849111 	-1.9501353e-06 	-0.00031657962 	-0.015070679
0.0038258258 	-0.015849073 	-1.9438911e-06 	-0.00031826788 	-0.015705736
0.0038378378 	-0.015849035 	-1.9376469e-06 	-0.00031995614 	-0.016340792
0.0038498498 	-0.015848997 	-1.9314027e-06 	-0.0003216444 	-0.016975849
0.0038618619 	-0.015848959 	-1.9251585e-06 	-0.00032333266 	-0.017610905
0.0038738739 	-0.015848921 	-1.9189143e-06 	-0.00032502092 	-0.018245962
0.0038858859 	-0.015848883 	-1.9126701e-06 	-0.00032670918 	-0.018881018
0.0038978979 	-0.015848845 	-1.9064259e-06 	-0.00032839744 	-0.019516075
0.0039099099 	-0.015848807 	-1.9001817e-06 	-0.0003300857 	-0.020151131
0.0039219219 	-0.015848768 	-1.8939375e-06 	-0.00033177396 	-0.020786188
0.0039339339 	-0.01584873 	-1.8876933e-06 	-0.00033346222 	-0.021421245
0.0039459459 	-0.015848692 	-1.8814491e-06 	-0.00033515048 	-0.022056301
0.003957958 	-0.015848654 	-1.8752049e-06 	-0.00033683874 	-0.022691358
0.00396997 	-0.015848616 	-1.8689607e-06 	-0.000338527 	-0.023326414
0.003981982 	-0.015848578 	-1.8627165e-06 	-0.00034021526 	-0.023961471
0.003993994 	-0.01584854 	-1.8564722e-06 	-0.00034190352 	-0.024596527
0.004006006 	-0.015848502 	-1.850228e-06 	-0.00034359178 	-0.025231584
0.004018018 	-0.015848467 	-1.8431938e-06 	-0.00034431229 	-0.02574212
0.00403003 	-0.015848433 	-1.8353197e-06 	-0.00034364168 	-0.026093425
0.004042042 	-0.015848399 	-1.8276798e-06 	-0.00034277012 	-0.026445481
0.0040540541 	-0.015848365 	-1.8200398e-06 	-0.00034189855 	-0.026797536
0.0040660661 	-0.01584833 	-1.8123999e-06 	-0.00034102699 	-0.027149591
0.0040780781 	-0.015848296 	-1.8047599e-06 	-0.00034015542 	-0.027501647
0.0040900901 	-0.015848262 	-1.79712e-06 	-0.00033928386 	-0.027853702
0.0041021021 	-0.015848228 	-1.7894801e-06 	-0.0003384123 	-0.028205758
0.0041141141 	-0.015848193 	-1.7818401e-06 	-0.00033754073 	-0.028557813
0.0041261261 	-0.015848159 	-1.7742002e-06 	-0.00033666917 	-0.028909868
0.0041381381 	-0.015848125 	-1.7665603e-06 	-0.0003357976 	-0.029261924
0.0041501502 	-0.01584809 	-1.7589203e-06 	-0.00033492604 	-0.029613979
0.0041621622 	-0.015848056 	-1.7512804e-06 	-0.00033405448 	-0.029966035
0.0041741742 	-0.015848022 	-1.7436405e-06 	-0.00033318291 	-0.03031809
0.0041861862 	-0.015847988 	-1.7360005e-06 	-0.00033231135 	-0.030670145
0.0041981982 	-0.015847953 	-1.7283606e-06 	-0.00033143978 	-0.031022201
0.0042102102 	-0.015847919 	-1.7207207e-06 	-0.00033056822 	-0.031374256
0.0042222222 	-0.015847885 	-1.7130807e-06 	-0.00032969666 	-0.031726312
0.0042342342 	-0.01584785 	-1.7054408e-06 	-0.00032882509 	-0.032078367
0.0042462462 	-0.015847816 	-1.6978008e-06 	-0.00032795353 	-0.032430422
0.0042582583 	-0.015847782 	-1.6901609e-06 	-0.00032708196 	-0.032782478
0.0042702703 	-0.015847748 	-1.682521e-06 	-0.0003262104 	-0.033134533
0.0042822823 	-0.015847713 	-1.674881e-06 	-0.00032533883 	-0.033486589
0.0042942943 	-0.015847679 	-1.6672411e-06 	-0.00032446727 	-0.033838644
0.0043063063 	-0.015847645 	-1.6596012e-06 	-0.00032359571 	-0.034190699
0.0043183183 	-0.01584761 	-1.6519612e-06 	-0.00032272414 	-0.034542755
0.0043303303 	-0.015847576 	-1.6443213e-06 	-0.00032185258 	-0.03489481
0.0043423423 	-0.015847542 	-1.6366814e-06 	-0.00032098101 	-0.035246866
0.0043543544 	-0.015847507 	-1.6290414e-06 	-0.00032010945 	-0.035598921
0.0043663664 	-0.015847478 	-1.6200806e-06 	-0.00031864881 	-0.035825146
0.0043783784 	-0.015847452 	-1.6104402e-06 	-0.00031645116 	-0.035953482
0.0043903904 	-0.015847426 	-1.6009796e-06 	-0.00031411746 	-0.036082421
0.0044024024 	-0.0158474 	-1.591519e-06 	-0.00031178376 	-0.03621136
0.0044144144 	-0.015847373 	-1.5820584e-06 	-0.00030945006 	-0.036340299
0.0044264264 	-0.015847347 	-1.5725978e-06 	-0.00030711636 	-0.036469239
0.0044384384 	-0.015847321 	-1.5631372e-06 	-0.00030478266 	-0.036598178
0.0044504505 	-0.015847294 	-1.5536766e-06 	-0.00030244896 	-0.036727117
0.0044624625 	-0.015847268 	-1.544216e-06 	-0.00030011525 	-0.036856056
0.0044744745 	-0.015847241 	-1.5347554e-06 	-0.00029778155 	-0.036984996
0.0044864865 	-0.015847215 	-1.5252948e-06 	-0.00029544785 	-0.037113935
0.0044984985 	-0.015847189 	-1.5158342e-06 	-0.00029311415 	-0.037242874
0.0045105105 	-0.015847162 	-1.5063736e-06 	-0.00029078045 	-0.037371813
0.0045225225 	-0.015847136 	-1.496913e-06 	-0.00028844675 	-0.037500753
0.0045345345 	-0.01584711 	-1.4874524e-06 	-0.00028611305 	-0.037629692
0.0045465465 	-0.015847083 	-1.4779918e-06 	-0.00028377935 	-0.037758631
0.0045585586 	-0.015847057 	-1.4685312e-06 	-0.00028144565 	-0.037887571
0.0045705706 	-0.015847031 	-1.4590706e-06 	-0.00027911195 	-0.03801651
0.0045825826 	-0.015847004 	-1.44961e-06 	-0.00027677825 	-0.038145449
0.0045945946 	-0.015846978 	-1.4401494e-06 	-0.00027444455 	-0.038274388
0.0046066066 	-0.015846951 	-1.4306888e-06 	-0.00027211085 	-0.038403328
0.0046186186 	-0.015846925 	-1.4212282e-06 	-0.00026977715 	-0.038532267
0.0046306306 	-0.015846899 	-1.4117676e-06 	-0.00026744345 	-0.038661206
0.0046426426 	-0.015846872 	-1.402307e-06 	-0.00026510975 	-0.038790145
0.0046546547 	-0.015846846 	-1.3928464e-06 	-0.00026277605 	-0.038919085
0.0046666667 	-0.015846821 	-1.3831659e-06 	-0.00026041534 	-0.039029533
0.0046786787 	-0.015846804 	-1.371714e-06 	-0.00025768225 	-0.038975102
0.0046906907 	-0.015846787 	-1.360702e-06 	-0.00025466463 	-0.038922702
0.0047027027 	-0.01584677 	-1.3496899e-06 	-0.00025164701 	-0.038870301
0.0047147147 	-0.015846753 	-1.3386779e-06 	-0.00024862938 	-0.038817901
0.0047267267 	-0.015846736 	-1.3276658e-06 	-0.00024561176 	-0.038765501
0.0047387387 	-0.01584672 	-1.3166538e-06 	-0.00024259414 	-0.038713101
0.0047507508 	-0.015846703 	-1.3056418e-06 	-0.00023957652 	-0.038660701
0.0047627628 	-0.015846686 	-1.2946297e-06 	-0.00023655889 	-0.038608301
0.0047747748 	-0.015846669 	-1.2836177e-06 	-0.00023354127 	-0.0385559
0.0047867868 	-0.015846652 	-1.2726057e-06 	-0.00023052365 	-0.0385035
0.0047987988 	-0.015846635 	-1.2615936e-06 	-0.00022750603 	-0.0384511
0.0048108108 	-0.015846618 	-1.2505816e-06 	-0.0002244884 	-0.0383987
0.0048228228 	-0.015846601 	-1.2395696e-06 	-0.00022147078 	-0.0383463
0.0048348348 	-0.015846584 	-1.2285575e-06 	-0.00021845316 	-0.038293899
0.0048468468 	-0.015846567 	-1.2175455e-06 	-0.00021543554 	-0.038241499
0.0048588589 	-0.01584655 	-1.2065334e-06 	-0.00021241791 	-0.038189099
0.0048708709 	-0.015846534 	-1.1955214e-06 	-0.00020940029 	-0.038136699
0.0048828829 	-0.015846517 	-1.1845094e-06 	-0.00020638267 	-0.038084299
0.0048948949 	-0.0158465 	-1.1734973e-06 	-0.00020336505 	-0.038031898
0.0049069069 	-0.015846483 	-1.1624853e-06 	-0.00020034742 	-0.037979498
0.0049189189 	-0.015846466 	-1.1514733e-06 	-0.0001973298 	-0.037927098
0.0049309309 	-0.015846449 	-1.1404612e-06 	-0.00019431218 	-0.037874698
0.0049429429 	-0.015846438 	-1.1282548e-06 	-0.00019145502 	-0.037721129
0.004954955 	-0.01584643 	-1.116125e-06 	-0.00018831178 	-0.03751864
0.004966967 	-0.015846422 	-1.1040225e-06 	-0.00018515415 	-0.037316315
0.004978979 	-0.015846414 	-1.09192e-06 	-0.00018199652 	-0.037113989
0.004990991 	-0.015846406 	-1.0798175e-06 	-0.00017883889 	-0.036911663
0.005003003 	-0.015846398 	-1.067715e-06 	-0.00017568126 	-0.036709337
0.005015015 	-0.01584639 	-1.0556125e-06 	-0.00017252363 	-0.036507012
0.005027027 	-0.015846382 	-1.04351e-06 	-0.000169366 	-0.036304686
0.005039039 	-0.015846374 	-1.0314075e-06 	-0.00016620837 	-0.03610236
0.0050510511 	-0.015846366 	-1.019305e-06 	-0.00016305074 	-0.035900034
0.0050630631 	-0.015846358 	-1.0072025e-06 	-0.00015989311 	-0.035697708
0.0050750751 	-0.01584635 	-9.9510002e-07 	-0.00015673548 	-0.035495383
0.0050870871 	-0.015846342 	-9.8299753e-07 	-0.00015357785 	-0.035293057
0.0050990991 	-0.015846334 	-9.7089503e-07 	-0.00015042022 	-0.035090731
0.0051111111 	-0.015846327 	-9.5879254e-07 	-0.00014726259 	-0.034888405
0.0051231231 	-0.015846319 	-9.4669004e-07 	-0.00014410496 	-0.034686079
0.0051351351 	-0.015846311 	-9.3458754e-07 	-0.00014094733 	-0.034483754
0.0051471471 	-0.015846303 	-9.2248505e-07 	-0.0001377897 	-0.034281428
0.0051591592 	-0.015846295 	-9.1038255e-07 	-0.00013463207 	-0.034079102
0.0051711712 	-0.015846287 	-8.9828006e-07 	-0.00013147444 	-0.033876776
0.0051831832 	-0.015846285 	-8.8511705e-07 	-0.00012871756 	-0.033562067
0.0051951952 	-0.015846285 	-8.7236654e-07 	-0.00012578764 	-0.033234469
0.0052072072 	-0.015846284 	-8.5961603e-07 	-0.00012285772 	-0.032906872
0.0052192192 	-0.015846284 	-8.4686553e-07 	-0.0001199278 	-0.032579274
0.0052312312 	-0.015846284 	-8.3411502e-07 	-0.00011699788 	-0.032251677
0.0052432432 	-0.015846284 	-8.2136451e-07 	-0.00011406796 	-0.031924079
0.0052552553 	-0.015846283 	-8.08614e-07 	-0.00011113804 	-0.031596482
0.0052672673 	-0.015846283 	-7.9586349e-07 	-0.00010820811 	-0.031268885
0.0052792793 	-0.015846283 	-7.8311299e-07 	-0.00010527819 	-0.030941287
0.0052912913 	-0.015846282 	-7.7036248e-07 	-0.00010234827 	-0.03061369
0.0053033033 	-0.015846282 	-7.5761197e-07 	-9.941835e-05 	-0.030286092
0.0053153153 	-0.015846282 	-7.4486146e-07 	-9.6488429e-05 	-0.029958495
0.0053273273 	-0.015846282 	-7.3211095e-07 	-9.3558507e-05 	-0.029630897
0.0053393393 	-0.015846281 	-7.1936045e-07 	-9.0628586e-05 	-0.0293033
0.0053513514 	-0.015846281 	-7.0660994e-07 	-8.7698664e-05 	-0.028975703
0.0053633634 	-0.015846281 	-6.9385943e-07 	-8.4768743e-05 	-0.028648105
0.0053753754 	-0.01584628 	-6.8110892e-07 	-8.1838821e-05 	-0.028320508
0.0053873874 	-0.015846282 	-6.6785217e-07 	-7.9221783e-05 	-0.027945012
0.0053993994 	-0.015846288 	-6.5470113e-07 	-7.6792555e-05 	-0.027511087
0.0054114114 	-0.015846295 	-6.416516e-07 	-7.4333086e-05 	-0.027077981
0.0054234234 	-0.015846301 	-6.2860208e-07 	-7.1873618e-05 	-0.026644875
0.0054354354 	-0.015846307 	-6.1555255e-07 	-6.941415e-05 	-0.026211768
0.0054474474 	-0.015846313 	-6.0250303e-07 	-6.6954681e-05 	-0.025778662
0.0054594595 	-0.015846319 	-5.894535e-07 	-6.4495213e-05 	-0.025345556
0.0054714715 	-0.015846325 	-5.7640398e-07 	-6.2035745e-05 	-0.024912449
0.0054834835 	-0.015846331 	-5.6335445e-07 	-5.9576276e-05 	-0.024479343
0.0054954955 	-0.015846338 	-5.5030492e-07 	-5.7116808e-05 	-0.024046236
0.0055075075 	-0.015846344 	-5.372554e-07 	-5.465734e-05 	-0.02361313
0.0055195195 	-0.01584635 	-5.2420587e-07 	-5.2197871e-05 	-0.023180024
0.0055315315 	-0.015846356 	-5.1115635e-07 	-4.9738403e-05 	-0.022746917
0.0055435435 	-0.015846362 	-4.9810682e-07 	-4.7278935e-05 	-0.022313811
0.0055555556 	-0.015846368 	-4.8505729e-07 	-4.4819466e-05 	-0.021880705
0.0055675676 	-0.015846375 	-4.7196026e-07 	-4.2398366e-05 	-0.021443033
0.0055795796 	-0.015846386 	-4.5844244e-07 	-4.0653343e-05 	-0.020916766
0.0055915916 	-0.015846397 	-4.4533817e-07 	-3.8826279e-05 	-0.020394157
0.0056036036 	-0.015846409 	-4.322339e-07 	-3.6999216e-05 	-0.019871547
0.0056156156 	-0.015846421 	-4.1912963e-07 	-3.5172152e-05 	-0.019348938
0.0056276276 	-0.015846432 	-4.0602535e-07 	-3.3345089e-05 	-0.018826329
0.0056396396 	-0.015846444 	-3.9292108e-07 	-3.1518025e-05 	-0.018303719
0.0056516517 	-0.015846456 	-3.7981681e-07 	-2.9690961e-05 	-0.01778111
0.0056636637 	-0.015846467 	-3.6671254e-07 	-2.7863898e-05 	-0.017258501
0.0056756757 	-0.015846479 	-3.5360827e-07 	-2.6036834e-05 	-0.016735891
0.0056876877 	-0.015846491 	-3.40504e-07 	-2.4209771e-05 	-0.016213282
0.0056996997 	-0.015846502 	-3.2739973e-07 	-2.2382707e-05 	-0.015690673
0.0057117117 	-0.015846514 	-3.1429546e-07 	-2.0555644e-05 	-0.015168063
0.0057237237 	-0.015846526 	-3.0119119e-07 	-1.872858e-05 	-0.014645454
0.0057357357 	-0.015846538 	-2.8770395e-07 	-1.7299348e-05 	-0.014081358
0.0057477477 	-0.015846553 	-2.7470073e-07 	-1.6187201e-05 	-0.013482292
0.0057597598 	-0.015846568 	-2.6169751e-07 	-1.5075054e-05 	-0.012883226
0.0057717718 	-0.015846583 	-2.4869429e-07 	-1.3962907e-05 	-0.012284161
0.0057837838 	-0.015846599 	-2.3569107e-07 	-1.2850759e-05 	-0.011685095
0.0057957958 	-0.015846614 	-2.2268786e-07 	-1.1738612e-05 	-0.011086029
0.0058078078 	-0.015846629 	-2.0968464e-07 	-1.0626465e-05 	-0.010486963
0.0058198198 	-0.015846644 	-1.9668142e-07 	-9.5143178e-06 	-0.0098878976
0.0058318318 	-0.015846659 	-1.836782e-07 	-8.4021706e-06 	-0.0092888319
0.0058438438 	-0.015846674 	-1.7067499e-07 	-7.2900234e-06 	-0.0086897662
0.0058558559 	-0.015846689 	-1.5767177e-07 	-6.1778762e-06 	-0.0080907004
0.0058678679 	-0.015846704 	-1.4466855e-07 	-5.065729e-06 	-0.0074916347
0.0058798799 	-0.01584672 	-1.3119005e-07 	-4.3351414e-06 	-0.0068426798
0.0058918919 	-0.015846736 	-1.1807104e-07 	-3.9016272e-06 	-0.0061584119
0.0059039039 	-0.015846752 	-1.0495204e-07 	-3.4681131e-06 	-0.0054741439
0.0059159159 	-0.015846769 	-9.1833033e-08 	-3.0345989e-06 	-0.0047898759
0.0059279279 	-0.015846785 	-7.8714028e-08 	-2.6010848e-06 	-0.0041056079
0.0059399399 	-0.015846802 	-6.5595024e-08 	-2.1675707e-06 	-0.0034213399
0.005951952 	-0.015846818 	-5.2476019e-08 	-1.7340565e-06 	-0.0027370719
0.005963964 	-0.015846834 	-3.9357014e-08 	-1.3005424e-06 	-0.002052804
0.005975976 	-0.015846851 	-2.6238009e-08 	-8.6702827e-07 	-0.001368536
0.005987988 	-0.015846867 	-1.3119005e-08 	-4.3351414e-07 	-0.00068426798
0.006 	-0.015846884 	-9.4729532e-20 	-3.130313e-18 	-4.940953e-15
