-0.002 	0.04858299 	0 	0 	0
-0.001995996 	0.048582991 	-1.3115178e-14 	7.9198012e-07 	0.0038598091
-0.001991992 	0.048582993 	-2.6230355e-14 	1.5839602e-06 	0.0077196181
-0.001987988 	0.048582995 	-3.9345532e-14 	2.3759404e-06 	0.011579427
-0.001983984 	0.048582996 	-5.2460709e-14 	3.1679205e-06 	0.015439236
-0.00197998 	0.048582998 	-6.5575886e-14 	3.9599006e-06 	0.019299045
-0.001975976 	0.048583 	-7.8691063e-14 	4.7518807e-06 	0.023158854
-0.001971972 	0.048582999 	-1.0555648e-13 	5.4792799e-06 	0.026991375
-0.001967968 	0.048582998 	-1.3496707e-13 	6.1947252e-06 	0.030818845
-0.001963964 	0.048582997 	-1.6437765e-13 	6.9101706e-06 	0.034646315
-0.00195996 	0.048582995 	-1.9378824e-13 	7.6256159e-06 	0.038473785
-0.001955956 	0.048582994 	-2.2319882e-13 	8.3410612e-06 	0.042301255
-0.001951952 	0.048582993 	-2.5260941e-13 	9.0565065e-06 	0.046128725
-0.0019479479 	0.048582992 	-2.8201999e-13 	9.7719518e-06 	0.049956195
-0.0019439439 	0.04858301 	-3.0159754e-13 	1.108424e-05 	0.053695322
-0.0019399399 	0.048583059 	-3.0648985e-13 	1.3287885e-05 	0.057302515
-0.0019359359 	0.048583107 	-3.1138217e-13 	1.5491531e-05 	0.060909708
-0.0019319319 	0.048583156 	-3.1627449e-13 	1.7695176e-05 	0.064516901
-0.0019279279 	0.048583204 	-3.2116681e-13 	1.9898822e-05 	0.068124094
-0.0019239239 	0.048583253 	-3.2605913e-13 	2.2102467e-05 	0.071731287
-0.0019199199 	0.048583301 	-3.3095145e-13 	2.4306113e-05 	0.07533848
-0.0019159159 	0.048583347 	-3.3994616e-13 	2.6426815e-05 	0.078933866
-0.0019119119 	0.048583389 	-3.5465266e-13 	2.8432033e-05 	0.082512813
-0.0019079079 	0.048583431 	-3.6935916e-13 	3.0437252e-05 	0.08609176
-0.0019039039 	0.048583472 	-3.8406566e-13 	3.244247e-05 	0.089670707
-0.0018998999 	0.048583514 	-3.9877216e-13 	3.4447689e-05 	0.093249654
-0.0018958959 	0.048583556 	-4.1347866e-13 	3.6452908e-05 	0.096828601
-0.0018918919 	0.048583598 	-4.2818516e-13 	3.8458126e-05 	0.10040755
-0.0018878879 	0.04858364 	-4.4289166e-13 	4.0463345e-05 	0.1039865
-0.0018838839 	0.048583682 	-4.5759816e-13 	4.2468563e-05 	0.10756544
-0.0018798799 	0.048583725 	-4.5110206e-13 	4.6255424e-05 	0.11100516
-0.0018758759 	0.048583768 	-4.4407545e-13 	5.0086863e-05 	0.11444139
-0.0018718719 	0.048583812 	-4.3704885e-13 	5.3918303e-05 	0.11787762
-0.0018678679 	0.048583855 	-4.3002224e-13 	5.7749742e-05 	0.12131385
-0.0018638639 	0.048583898 	-4.2299563e-13 	6.1581181e-05 	0.12475008
-0.0018598599 	0.048583941 	-4.1596903e-13 	6.541262e-05 	0.12818631
-0.0018558559 	0.048583985 	-4.0894242e-13 	6.9244059e-05 	0.13162254
-0.0018518519 	0.048584028 	-4.0269629e-13 	7.3057007e-05 	0.13505744
-0.0018478478 	0.048584065 	-4.0995423e-13 	7.655001e-05 	0.13846929
-0.0018438438 	0.048584102 	-4.1721217e-13 	8.0043014e-05 	0.14188114
-0.0018398398 	0.048584139 	-4.2447011e-13 	8.3536018e-05 	0.14529299
-0.0018358358 	0.048584176 	-4.3172805e-13 	8.7029021e-05 	0.14870484
-0.0018318318 	0.048584213 	-4.3898599e-13 	9.0522025e-05 	0.15211669
-0.0018278278 	0.04858425 	-4.4624394e-13 	9.4015028e-05 	0.15552854
-0.0018238238 	0.048584287 	-4.5350188e-13 	9.7508032e-05 	0.15894039
-0.0018198198 	0.048584324 	-4.6075982e-13 	0.00010100104 	0.16235224
-0.0018158158 	0.048584361 	-4.6801776e-13 	0.00010449404 	0.16576409
-0.0018118118 	0.048584396 	-4.6587726e-13 	0.00010894322 	0.16909171
-0.0018078078 	0.04858443 	-4.5348543e-13 	0.00011443535 	0.17232746
-0.0018038038 	0.048584463 	-4.410936e-13 	0.00011992748 	0.17556321
-0.0017997998 	0.048584497 	-4.2870178e-13 	0.00012541961 	0.17879897
-0.0017957958 	0.04858453 	-4.1630995e-13 	0.00013091174 	0.18203472
-0.0017917918 	0.048584564 	-4.0391812e-13 	0.00013640387 	0.18527047
-0.0017877878 	0.048584597 	-3.9152629e-13 	0.000141896 	0.18850622
-0.0017837838 	0.048584631 	-3.7913446e-13 	0.00014738814 	0.19174197
-0.0017797798 	0.048584664 	-3.6674263e-13 	0.00015288027 	0.19497772
-0.0017757758 	0.048584695 	-3.6046754e-13 	0.00015813579 	0.19820386
-0.0017717718 	0.048584723 	-3.6047126e-13 	0.00016314843 	0.20142015
-0.0017677678 	0.048584751 	-3.6047498e-13 	0.00016816108 	0.20463643
-0.0017637638 	0.048584779 	-3.604787e-13 	0.00017317372 	0.20785272
-0.0017597598 	0.048584807 	-3.6048242e-13 	0.00017818637 	0.211069
-0.0017557558 	0.048584835 	-3.6048614e-13 	0.00018319901 	0.21428529
-0.0017517518 	0.048584863 	-3.6048985e-13 	0.00018821166 	0.21750157
-0.0017477477 	0.048584891 	-3.6049357e-13 	0.0001932243 	0.22071786
-0.0017437437 	0.048584919 	-3.6049729e-13 	0.00019823695 	0.22393414
-0.0017397397 	0.048584947 	-3.6050101e-13 	0.00020324959 	0.22715042
-0.0017357357 	0.048584975 	-3.6050473e-13 	0.00020826224 	0.23036671
-0.0017317317 	0.048585003 	-3.6039685e-13 	0.00021457252 	0.23344552
-0.0017277277 	0.048585031 	-3.6022366e-13 	0.00022164196 	0.2364439
-0.0017237237 	0.048585058 	-3.6005047e-13 	0.00022871141 	0.23944228
-0.0017197197 	0.048585086 	-3.5987728e-13 	0.00023578085 	0.24244066
-0.0017157157 	0.048585114 	-3.5970409e-13 	0.0002428503 	0.24543904
-0.0017117117 	0.048585142 	-3.595309e-13 	0.00024991975 	0.24843742
-0.0017077077 	0.04858517 	-3.5935771e-13 	0.00025698919 	0.2514358
-0.0017037037 	0.048585198 	-3.5918452e-13 	0.00026405864 	0.25443418
-0.0016996997 	0.048585226 	-3.5901133e-13 	0.00027112808 	0.25743256
-0.0016956957 	0.048585253 	-3.5883814e-13 	0.00027819753 	0.26043094
-0.0016916917 	0.048585279 	-3.5138863e-13 	0.00028499926 	0.26342357
-0.0016876877 	0.048585301 	-3.3465158e-13 	0.00029145929 	0.26640885
-0.0016836837 	0.048585324 	-3.1791454e-13 	0.00029791932 	0.26939414
-0.0016796797 	0.048585347 	-3.0117749e-13 	0.00030437934 	0.27237942
-0.0016756757 	0.048585369 	-2.8444045e-13 	0.00031083937 	0.27536471
-0.0016716717 	0.048585392 	-2.677034e-13 	0.00031729939 	0.27834999
-0.0016676677 	0.048585414 	-2.5096636e-13 	0.00032375942 	0.28133528
-0.0016636637 	0.048585437 	-2.3422931e-13 	0.00033021945 	0.28432057
-0.0016596597 	0.04858546 	-2.1749227e-13 	0.00033667947 	0.28730585
-0.0016556557 	0.048585482 	-2.0075522e-13 	0.0003431395 	0.29029114
-0.0016516517 	0.048585505 	-1.8401818e-13 	0.00034959953 	0.29327642
-0.0016476476 	0.048585527 	-1.6728114e-13 	0.00035605955 	0.29626171
-0.0016436436 	0.048585551 	-1.4739506e-13 	0.00036275036 	0.29921527
-0.0016396396 	0.048585578 	-1.0391433e-13 	0.00037117034 	0.30193113
-0.0016356356 	0.048585605 	-6.0433612e-14 	0.00037959032 	0.304647
-0.0016316316 	0.048585632 	-1.6952889e-14 	0.0003880103 	0.30736286
-0.0016276276 	0.048585659 	2.6527833e-14 	0.00039643029 	0.31007872
-0.0016236236 	0.048585687 	7.0008555e-14 	0.00040485027 	0.31279459
-0.0016196196 	0.048585714 	1.1348928e-13 	0.00041327025 	0.31551045
-0.0016156156 	0.048585741 	1.5697e-13 	0.00042169023 	0.31822631
-0.0016116116 	0.048585768 	2.0045072e-13 	0.00043011021 	0.32094218
-0.0016076076 	0.048585796 	2.4393144e-13 	0.00043853019 	0.32365804
-0.0016036036 	0.048585823 	2.8741217e-13 	0.00044695017 	0.3263739
-0.0015995996 	0.04858585 	3.3089289e-13 	0.00045537015 	0.32908977
-0.0015955956 	0.048585874 	3.5837141e-13 	0.00046339345 	0.33180292
-0.0015915916 	0.048585896 	3.7313713e-13 	0.00047110159 	0.33451393
-0.0015875876 	0.048585917 	3.8790285e-13 	0.00047880974 	0.33722493
-0.0015835836 	0.048585939 	4.0266857e-13 	0.00048651788 	0.33993593
-0.0015795796 	0.048585961 	4.1743429e-13 	0.00049422603 	0.34264694
-0.0015755756 	0.048585982 	4.3220001e-13 	0.00050193418 	0.34535794
-0.0015715716 	0.048586004 	4.4696572e-13 	0.00050964232 	0.34806894
-0.0015675676 	0.048586025 	4.6173144e-13 	0.00051735047 	0.35077995
-0.0015635636 	0.048586047 	4.7649716e-13 	0.00052505861 	0.35349095
-0.0015595596 	0.048586069 	4.9126288e-13 	0.00053276676 	0.35620196
-0.0015555556 	0.04858609 	5.060286e-13 	0.00054047491 	0.35891296
-0.0015515516 	0.048586112 	5.2079432e-13 	0.00054818305 	0.36162396
-0.0015475475 	0.048586133 	5.3556004e-13 	0.0005558912 	0.36433497
-0.0015435435 	0.048586155 	5.5032576e-13 	0.00056359935 	0.36704597
-0.0015395395 	0.048586183 	5.8114653e-13 	0.00057222244 	0.36956526
-0.0015355355 	0.048586216 	6.235553e-13 	0.0005815059 	0.37194619
-0.0015315315 	0.048586249 	6.6596406e-13 	0.00059078937 	0.37432711
-0.0015275275 	0.048586283 	7.0837283e-13 	0.00060007284 	0.37670803
-0.0015235235 	0.048586316 	7.507816e-13 	0.0006093563 	0.37908896
-0.0015195195 	0.048586349 	7.9319036e-13 	0.00061863977 	0.38146988
-0.0015155155 	0.048586382 	8.3559913e-13 	0.00062792324 	0.38385081
-0.0015115115 	0.048586415 	8.7800789e-13 	0.0006372067 	0.38623173
-0.0015075075 	0.048586448 	9.2041666e-13 	0.00064649017 	0.38861265
-0.0015035035 	0.048586481 	9.6282542e-13 	0.00065577364 	0.39099358
-0.0014994995 	0.048586514 	1.0052342e-12 	0.0006650571 	0.3933745
-0.0014954955 	0.048586547 	1.047643e-12 	0.00067434057 	0.39575542
-0.0014914915 	0.04858658 	1.0900517e-12 	0.00068362404 	0.39813635
-0.0014874875 	0.04858661 	1.1126297e-12 	0.00069255284 	0.4005198
-0.0014834835 	0.048586637 	1.1126298e-12 	0.00070107783 	0.40290613
-0.0014794795 	0.048586663 	1.1126298e-12 	0.00070960283 	0.40529246
-0.0014754755 	0.048586689 	1.1126298e-12 	0.00071812782 	0.40767879
-0.0014714715 	0.048586716 	1.1126299e-12 	0.00072665282 	0.41006512
-0.0014674675 	0.048586742 	1.1126299e-12 	0.00073517782 	0.41245144
-0.0014634635 	0.048586769 	1.11263e-12 	0.00074370281 	0.41483777
-0.0014594595 	0.048586795 	1.11263e-12 	0.00075222781 	0.4172241
-0.0014554555 	0.048586821 	1.1126301e-12 	0.00076075281 	0.41961043
-0.0014514515 	0.048586848 	1.1126301e-12 	0.0007692778 	0.42199676
-0.0014474474 	0.048586874 	1.1126302e-12 	0.0007778028 	0.42438309
-0.0014434434 	0.0485869 	1.1126302e-12 	0.00078632779 	0.42676942
-0.0014394394 	0.048586927 	1.1126303e-12 	0.00079485279 	0.42915575
-0.0014354354 	0.048586953 	1.1126303e-12 	0.00080337779 	0.43154208
-0.0014314314 	0.048586979 	1.1126304e-12 	0.00081190278 	0.43392841
-0.0014274274 	0.048587006 	1.1126304e-12 	0.00082042778 	0.43631474
-0.0014234234 	0.048587045 	1.1363874e-12 	0.00082941718 	0.43845864
-0.0014194194 	0.048587091 	1.1750846e-12 	0.00083869863 	0.44045009
-0.0014154154 	0.048587138 	1.2137819e-12 	0.00084798008 	0.44244153
-0.0014114114 	0.048587185 	1.2524791e-12 	0.00085726153 	0.44443298
-0.0014074074 	0.048587232 	1.2911764e-12 	0.00086654298 	0.44642443
-0.0014034034 	0.048587278 	1.3298737e-12 	0.00087582443 	0.44841587
-0.0013993994 	0.048587325 	1.3685709e-12 	0.00088510588 	0.45040732
-0.0013953954 	0.048587372 	1.4072682e-12 	0.00089438733 	0.45239877
-0.0013913914 	0.048587419 	1.4459654e-12 	0.00090366878 	0.45439021
-0.0013873874 	0.048587466 	1.4846627e-12 	0.00091295023 	0.45638166
-0.0013833834 	0.048587512 	1.52336e-12 	0.00092223169 	0.45837311
-0.0013793794 	0.048587559 	1.5620572e-12 	0.00093151314 	0.46036455
-0.0013753754 	0.048587606 	1.6007545e-12 	0.00094079459 	0.462356
-0.0013713714 	0.048587653 	1.6394518e-12 	0.00095007604 	0.46434745
-0.0013673674 	0.048587699 	1.678149e-12 	0.00095935749 	0.46633889
-0.0013633634 	0.04858774 	1.7159022e-12 	0.00096811252 	0.46834303
-0.0013593594 	0.048587778 	1.7533228e-12 	0.00097668207 	0.47035164
-0.0013553554 	0.048587816 	1.7907434e-12 	0.00098525162 	0.47236025
-0.0013513514 	0.048587854 	1.8281639e-12 	0.00099382117 	0.47436886
-0.0013473473 	0.048587892 	1.8655845e-12 	0.0010023907 	0.47637747
-0.0013433433 	0.04858793 	1.9030051e-12 	0.0010109603 	0.47838607
-0.0013393393 	0.048587968 	1.9404256e-12 	0.0010195298 	0.48039468
-0.0013353353 	0.048588006 	1.9778462e-12 	0.0010280994 	0.48240329
-0.0013313313 	0.048588045 	2.0152668e-12 	0.0010366689 	0.4844119
-0.0013273273 	0.048588083 	2.0526874e-12 	0.0010452385 	0.48642051
-0.0013233233 	0.048588121 	2.0901079e-12 	0.001053808 	0.48842912
-0.0013193193 	0.048588159 	2.1275285e-12 	0.0010623776 	0.49043772
-0.0013153153 	0.048588197 	2.1649491e-12 	0.0010709471 	0.49244633
-0.0013113113 	0.048588235 	2.2023697e-12 	0.0010795167 	0.49445494
-0.0013073073 	0.048588273 	2.2397902e-12 	0.0010880862 	0.49646355
-0.0013033033 	0.048588311 	2.2772108e-12 	0.0010966558 	0.49847216
-0.0012992993 	0.048588349 	2.3146314e-12 	0.0011052253 	0.50048077
-0.0012952953 	0.048588387 	2.3520519e-12 	0.0011137949 	0.50248938
-0.0012912913 	0.048588447 	2.3361487e-12 	0.0011219122 	0.5041567
-0.0012872873 	0.048588514 	2.3030745e-12 	0.0011298839 	0.50571413
-0.0012832833 	0.048588582 	2.2700002e-12 	0.0011378556 	0.50727156
-0.0012792793 	0.048588649 	2.236926e-12 	0.0011458273 	0.50882899
-0.0012752753 	0.048588716 	2.2038517e-12 	0.001153799 	0.51038642
-0.0012712713 	0.048588783 	2.1707775e-12 	0.0011617707 	0.51194385
-0.0012672673 	0.04858885 	2.1377032e-12 	0.0011697424 	0.51350128
-0.0012632633 	0.048588917 	2.104629e-12 	0.0011777141 	0.5150587
-0.0012592593 	0.048588984 	2.0715547e-12 	0.0011856858 	0.51661613
-0.0012552553 	0.048589051 	2.0384805e-12 	0.0011936575 	0.51817356
-0.0012512513 	0.048589118 	2.0054062e-12 	0.0012016292 	0.51973099
-0.0012472472 	0.048589185 	1.972332e-12 	0.0012096009 	0.52128842
-0.0012432432 	0.048589252 	1.9392577e-12 	0.0012175726 	0.52284585
-0.0012392392 	0.048589319 	1.9061835e-12 	0.0012255443 	0.52440328
-0.0012352352 	0.048589386 	1.8731092e-12 	0.001233516 	0.52596071
-0.0012312312 	0.048589453 	1.840035e-12 	0.0012414877 	0.52751813
-0.0012272272 	0.04858952 	1.8069607e-12 	0.0012494594 	0.52907556
-0.0012232232 	0.048589578 	1.8030522e-12 	0.0012569564 	0.53065823
-0.0012192192 	0.048589634 	1.8029655e-12 	0.0012643913 	0.53224421
-0.0012152152 	0.04858969 	1.8028788e-12 	0.0012718261 	0.53383019
-0.0012112112 	0.048589746 	1.8027922e-12 	0.0012792609 	0.53541616
-0.0012072072 	0.048589802 	1.8027055e-12 	0.0012866957 	0.53700214
-0.0012032032 	0.048589858 	1.8026188e-12 	0.0012941305 	0.53858812
-0.0011991992 	0.048589914 	1.8025322e-12 	0.0013015653 	0.5401741
-0.0011951952 	0.04858997 	1.8024455e-12 	0.0013090001 	0.54176007
-0.0011911912 	0.048590026 	1.8023588e-12 	0.001316435 	0.54334605
-0.0011871872 	0.048590082 	1.8022722e-12 	0.0013238698 	0.54493203
-0.0011831832 	0.048590138 	1.8021855e-12 	0.0013313046 	0.546518
-0.0011791792 	0.048590194 	1.8020988e-12 	0.0013387394 	0.54810398
-0.0011751752 	0.04859025 	1.8020121e-12 	0.0013461742 	0.54968996
-0.0011711712 	0.048590306 	1.8019255e-12 	0.001353609 	0.55127594
-0.0011671672 	0.048590362 	1.8018388e-12 	0.0013610439 	0.55286191
-0.0011631632 	0.048590418 	1.8017521e-12 	0.0013684787 	0.55444789
-0.0011591592 	0.048590474 	1.8016655e-12 	0.0013759135 	0.55603387
-0.0011551552 	0.048590531 	1.8015788e-12 	0.0013833483 	0.55761984
-0.0011511512 	0.048590587 	1.8014921e-12 	0.0013907831 	0.55920582
-0.0011471471 	0.048590643 	1.8014054e-12 	0.0013982179 	0.5607918
-0.0011431431 	0.048590714 	1.7726755e-12 	0.0014044656 	0.56214576
-0.0011391391 	0.048590802 	1.713622e-12 	0.0014094565 	0.5632541
-0.0011351351 	0.04859089 	1.6545684e-12 	0.0014144474 	0.56436245
-0.0011311311 	0.048590978 	1.5955149e-12 	0.0014194383 	0.56547079
-0.0011271271 	0.048591065 	1.5364613e-12 	0.0014244292 	0.56657913
-0.0011231231 	0.048591153 	1.4774078e-12 	0.0014294201 	0.56768747
-0.0011191191 	0.048591241 	1.4183542e-12 	0.0014344109 	0.56879581
-0.0011151151 	0.048591329 	1.3593006e-12 	0.0014394018 	0.56990415
-0.0011111111 	0.048591417 	1.3002471e-12 	0.0014443927 	0.57101249
-0.0011071071 	0.048591504 	1.2411935e-12 	0.0014493836 	0.57212083
-0.0011031031 	0.048591592 	1.18214e-12 	0.0014543745 	0.57322917
-0.0010990991 	0.04859168 	1.1230864e-12 	0.0014593654 	0.57433752
-0.0010950951 	0.048591768 	1.0640329e-12 	0.0014643563 	0.57544586
-0.0010910911 	0.048591856 	1.0049793e-12 	0.0014693472 	0.5765542
-0.0010870871 	0.048591944 	9.4592578e-13 	0.0014743381 	0.57766254
-0.0010830831 	0.048592031 	8.8687223e-13 	0.0014793289 	0.57877088
-0.0010790791 	0.048592119 	8.2781868e-13 	0.0014843198 	0.57987922
-0.0010750751 	0.048592207 	7.6876513e-13 	0.0014893107 	0.58098756
-0.0010710711 	0.048592295 	7.0971158e-13 	0.0014943016 	0.5820959
-0.0010670671 	0.048592378 	6.6109359e-13 	0.0014992158 	0.58321681
-0.0010630631 	0.048592453 	6.3208657e-13 	0.0015039859 	0.58436132
-0.0010590591 	0.048592528 	6.0307956e-13 	0.001508756 	0.58550583
-0.0010550551 	0.048592603 	5.7407255e-13 	0.0015135262 	0.58665035
-0.0010510511 	0.048592678 	5.4506554e-13 	0.0015182963 	0.58779486
-0.001047047 	0.048592753 	5.1605852e-13 	0.0015230664 	0.58893938
-0.001043043 	0.048592828 	4.8705151e-13 	0.0015278365 	0.59008389
-0.001039039 	0.048592903 	4.580445e-13 	0.0015326066 	0.5912284
-0.001035035 	0.048592978 	4.2903749e-13 	0.0015373767 	0.59237292
-0.001031031 	0.048593053 	4.0003047e-13 	0.0015421468 	0.59351743
-0.001027027 	0.048593128 	3.7102346e-13 	0.001546917 	0.59466194
-0.001023023 	0.048593203 	3.4201645e-13 	0.0015516871 	0.59580646
-0.001019019 	0.048593278 	3.1300944e-13 	0.0015564572 	0.59695097
-0.001015015 	0.048593353 	2.8400242e-13 	0.0015612273 	0.59809548
-0.001011011 	0.048593428 	2.5499541e-13 	0.0015659974 	0.59924
-0.001007007 	0.048593503 	2.259884e-13 	0.0015707675 	0.60038451
-0.001003003 	0.048593578 	1.9698139e-13 	0.0015755376 	0.60152902
-0.000998999 	0.048593653 	1.6797437e-13 	0.0015803078 	0.60267354
-0.00099499499 	0.048593728 	1.3896736e-13 	0.0015850779 	0.60381805
-0.00099099099 	0.048593804 	1.0996035e-13 	0.001589848 	0.60496257
-0.00098698699 	0.048593879 	8.0953335e-14 	0.0015946181 	0.60610708
-0.00098298298 	0.048593954 	5.1946322e-14 	0.0015993882 	0.60725159
-0.00097897898 	0.048594029 	2.2939309e-14 	0.0016041583 	0.60839611
-0.00097497497 	0.04859411 	5.3693945e-15 	0.0016080574 	0.60944624
-0.00097097097 	0.048594216 	3.1042487e-14 	0.0016086631 	0.61013954
-0.00096696697 	0.048594321 	5.671558e-14 	0.0016092688 	0.61083284
-0.00096296296 	0.048594427 	8.2388672e-14 	0.0016098744 	0.61152614
-0.00095895896 	0.048594533 	1.0806176e-13 	0.0016104801 	0.61221944
-0.00095495495 	0.048594639 	1.3373486e-13 	0.0016110858 	0.61291274
-0.00095095095 	0.048594744 	1.5940795e-13 	0.0016116915 	0.61360604
-0.00094694695 	0.04859485 	1.8508104e-13 	0.0016122971 	0.61429934
-0.00094294294 	0.048594956 	2.1075413e-13 	0.0016129028 	0.61499264
-0.00093893894 	0.048595062 	2.3642723e-13 	0.0016135085 	0.61568594
-0.00093493493 	0.048595167 	2.6210032e-13 	0.0016141142 	0.61637924
-0.00093093093 	0.048595273 	2.8777341e-13 	0.0016147199 	0.61707254
-0.00092692693 	0.048595379 	3.1344651e-13 	0.0016153255 	0.61776584
-0.00092292292 	0.048595485 	3.391196e-13 	0.0016159312 	0.61845914
-0.00091891892 	0.04859559 	3.6479269e-13 	0.0016165369 	0.61915244
-0.00091491491 	0.048595696 	3.9046578e-13 	0.0016171426 	0.61984574
-0.00091091091 	0.048595802 	4.1613888e-13 	0.0016177483 	0.62053904
-0.00090690691 	0.048595908 	4.4181197e-13 	0.0016183539 	0.62123234
-0.0009029029 	0.048596013 	4.6748506e-13 	0.0016189596 	0.62192564
-0.0008988989 	0.048596119 	4.9315815e-13 	0.0016195653 	0.62261894
-0.00089489489 	0.048596225 	5.1883125e-13 	0.001620171 	0.62331224
-0.00089089089 	0.04859633 	5.4450434e-13 	0.0016207767 	0.62400554
-0.00088688689 	0.048596429 	5.5733593e-13 	0.0016214635 	0.62471707
-0.00088288288 	0.048596522 	5.5733599e-13 	0.0016222314 	0.62544682
-0.00087887888 	0.048596614 	5.5733604e-13 	0.0016229993 	0.62617656
-0.00087487487 	0.048596706 	5.5733609e-13 	0.0016237672 	0.62690631
-0.00087087087 	0.048596798 	5.5733614e-13 	0.0016245351 	0.62763605
-0.00086686687 	0.048596891 	5.5733619e-13 	0.0016253031 	0.6283658
-0.00086286286 	0.048596983 	5.5733624e-13 	0.001626071 	0.62909554
-0.00085885886 	0.048597075 	5.5733629e-13 	0.0016268389 	0.62982529
-0.00085485485 	0.048597167 	5.5733634e-13 	0.0016276068 	0.63055504
-0.00085085085 	0.04859726 	5.5733639e-13 	0.0016283747 	0.63128478
-0.00084684685 	0.048597352 	5.5733644e-13 	0.0016291426 	0.63201453
-0.00084284284 	0.048597444 	5.5733649e-13 	0.0016299105 	0.63274427
-0.00083883884 	0.048597536 	5.5733655e-13 	0.0016306785 	0.63347402
-0.00083483483 	0.048597629 	5.573366e-13 	0.0016314464 	0.63420376
-0.00083083083 	0.048597721 	5.5733665e-13 	0.0016322143 	0.63493351
-0.00082682683 	0.048597813 	5.573367e-13 	0.0016329822 	0.63566325
-0.00082282282 	0.048597905 	5.5733675e-13 	0.0016337501 	0.636393
-0.00081881882 	0.048597998 	5.573368e-13 	0.001634518 	0.63712274
-0.00081481481 	0.04859809 	5.5733685e-13 	0.0016352859 	0.63785249
-0.00081081081 	0.048598182 	5.573369e-13 	0.0016360538 	0.63858224
-0.00080680681 	0.048598274 	5.5733695e-13 	0.0016368218 	0.63931198
-0.0008028028 	0.048598367 	5.57337e-13 	0.0016375897 	0.64004173
-0.0007987988 	0.048598459 	5.5733705e-13 	0.0016383576 	0.64077147
-0.00079479479 	0.048598551 	5.5733711e-13 	0.0016391255 	0.64150122
-0.00079079079 	0.048598643 	5.5733716e-13 	0.0016398934 	0.64223096
-0.00078678679 	0.048598735 	5.5733721e-13 	0.0016406613 	0.64296071
-0.00078278278 	0.048598826 	5.6304966e-13 	0.0016398353 	0.64360121
-0.00077877878 	0.048598912 	5.8551287e-13 	0.0016343352 	0.64398001
-0.00077477477 	0.048598998 	6.0797607e-13 	0.0016288352 	0.64435882
-0.00077077077 	0.048599084 	6.3043927e-13 	0.0016233351 	0.64473762
-0.00076676677 	0.048599169 	6.5290247e-13 	0.001617835 	0.64511643
-0.00076276276 	0.048599255 	6.7536567e-13 	0.001612335 	0.64549524
-0.00075875876 	0.048599341 	6.9782887e-13 	0.0016068349 	0.64587404
-0.00075475475 	0.048599427 	7.2029208e-13 	0.0016013349 	0.64625285
-0.00075075075 	0.048599513 	7.4275528e-13 	0.0015958348 	0.64663165
-0.00074674675 	0.048599598 	7.6521848e-13 	0.0015903347 	0.64701046
-0.00074274274 	0.048599684 	7.8768168e-13 	0.0015848347 	0.64738926
-0.00073873874 	0.04859977 	8.1014488e-13 	0.0015793346 	0.64776807
-0.00073473473 	0.048599856 	8.3260808e-13 	0.0015738345 	0.64814687
-0.00073073073 	0.048599942 	8.5507128e-13 	0.0015683345 	0.64852568
-0.00072672673 	0.048600027 	8.7753449e-13 	0.0015628344 	0.64890448
-0.00072272272 	0.048600113 	8.9999769e-13 	0.0015573343 	0.64928329
-0.00071871872 	0.048600199 	9.2246089e-13 	0.0015518343 	0.64966209
-0.00071471471 	0.048600285 	9.4492409e-13 	0.0015463342 	0.6500409
-0.00071071071 	0.048600371 	9.6738729e-13 	0.0015408342 	0.6504197
-0.00070670671 	0.048600456 	9.8985049e-13 	0.0015353341 	0.65079851
-0.0007027027 	0.048600542 	1.0123137e-12 	0.001529834 	0.65117731
-0.0006986987 	0.048600628 	1.0347769e-12 	0.001524334 	0.65155612
-0.00069469469 	0.048600714 	1.0572401e-12 	0.0015188339 	0.65193492
-0.00069069069 	0.0486008 	1.0797033e-12 	0.0015133338 	0.65231373
-0.00068668669 	0.048600885 	1.1021665e-12 	0.0015078338 	0.65269254
-0.00068268268 	0.048600966 	1.1104881e-12 	0.0015027346 	0.6530904
-0.00067867868 	0.048601043 	1.1104881e-12 	0.0014978714 	0.65349947
-0.00067467467 	0.04860112 	1.1104881e-12 	0.0014930081 	0.65390855
-0.00067067067 	0.048601198 	1.1104881e-12 	0.0014881448 	0.65431763
-0.00066666667 	0.048601275 	1.1104881e-12 	0.0014832816 	0.6547267
-0.00066266266 	0.048601352 	1.1104881e-12 	0.0014784183 	0.65513578
-0.00065865866 	0.04860143 	1.1104881e-12 	0.0014735551 	0.65554485
-0.00065465465 	0.048601507 	1.1104881e-12 	0.0014686918 	0.65595393
-0.00065065065 	0.048601584 	1.1104881e-12 	0.0014638286 	0.65636301
-0.00064664665 	0.048601661 	1.1104881e-12 	0.0014589653 	0.65677208
-0.00064264264 	0.048601739 	1.1104881e-12 	0.0014541021 	0.65718116
-0.00063863864 	0.048601816 	1.1104881e-12 	0.0014492388 	0.65759023
-0.00063463463 	0.048601893 	1.1104881e-12 	0.0014443755 	0.65799931
-0.00063063063 	0.048601971 	1.1104881e-12 	0.0014395123 	0.65840839
-0.00062662663 	0.048602048 	1.1104881e-12 	0.001434649 	0.65881746
-0.00062262262 	0.048602125 	1.1104881e-12 	0.0014297858 	0.65922654
-0.00061861862 	0.048602202 	1.1104881e-12 	0.0014249225 	0.65963561
-0.00061461461 	0.04860228 	1.110488e-12 	0.0014200593 	0.66004469
-0.00061061061 	0.048602357 	1.110488e-12 	0.001415196 	0.66045377
-0.00060660661 	0.048602434 	1.110488e-12 	0.0014103328 	0.66086284
-0.0006026026 	0.048602511 	1.110488e-12 	0.0014054695 	0.66127192
-0.0005985986 	0.048602589 	1.110488e-12 	0.0014006062 	0.66168099
-0.00059459459 	0.048602666 	1.110488e-12 	0.001395743 	0.66209007
-0.00059059059 	0.048602743 	1.110488e-12 	0.0013908797 	0.66249915
-0.00058658659 	0.048602821 	1.110488e-12 	0.0013860165 	0.66290822
-0.00058258258 	0.048602898 	1.110488e-12 	0.0013811532 	0.6633173
-0.00057857858 	0.048602975 	1.110488e-12 	0.00137629 	0.66372637
-0.00057457457 	0.048603052 	1.110488e-12 	0.0013714267 	0.66413545
-0.00057057057 	0.04860313 	1.110488e-12 	0.0013665635 	0.66454453
-0.00056656657 	0.048603207 	1.110488e-12 	0.0013617002 	0.6649536
-0.00056256256 	0.04860327 	1.110488e-12 	0.0013534245 	0.66515
-0.00055855856 	0.04860333 	1.110488e-12 	0.0013445864 	0.66531135
-0.00055455455 	0.048603391 	1.1104881e-12 	0.0013357483 	0.6654727
-0.00055055055 	0.048603451 	1.1104881e-12 	0.0013269101 	0.66563404
-0.00054654655 	0.048603511 	1.1104881e-12 	0.001318072 	0.66579539
-0.00054254254 	0.048603572 	1.1104881e-12 	0.0013092339 	0.66595673
-0.00053853854 	0.048603632 	1.1104882e-12 	0.0013003958 	0.66611808
-0.00053453453 	0.048603692 	1.1104882e-12 	0.0012915577 	0.66627943
-0.00053053053 	0.048603753 	1.1104882e-12 	0.0012827195 	0.66644077
-0.00052652653 	0.048603813 	1.1104882e-12 	0.0012738814 	0.66660212
-0.00052252252 	0.048603873 	1.1104882e-12 	0.0012650433 	0.66676347
-0.00051851852 	0.048603934 	1.1104883e-12 	0.0012562052 	0.66692481
-0.00051451451 	0.048603994 	1.1104883e-12 	0.001247367 	0.66708616
-0.00051051051 	0.048604055 	1.1104883e-12 	0.0012385289 	0.66724751
-0.00050650651 	0.048604115 	1.1104883e-12 	0.0012296908 	0.66740885
-0.0005025025 	0.048604175 	1.1104884e-12 	0.0012208527 	0.6675702
-0.0004984985 	0.048604236 	1.1104884e-12 	0.0012120145 	0.66773155
-0.00049449449 	0.048604296 	1.1104884e-12 	0.0012031764 	0.66789289
-0.00049049049 	0.048604356 	1.1104884e-12 	0.0011943383 	0.66805424
-0.00048648649 	0.048604417 	1.1104885e-12 	0.0011855002 	0.66821559
-0.00048248248 	0.048604477 	1.1104885e-12 	0.001176662 	0.66837693
-0.00047847848 	0.048604538 	1.1104885e-12 	0.0011678239 	0.66853828
-0.00047447447 	0.048604598 	1.1104885e-12 	0.0011589858 	0.66869962
-0.00047047047 	0.048604658 	1.1104885e-12 	0.0011501477 	0.66886097
-0.00046646647 	0.048604719 	1.1104886e-12 	0.0011413096 	0.66902232
-0.00046246246 	0.048604779 	1.1104886e-12 	0.0011324714 	0.66918366
-0.00045845846 	0.048604839 	1.1104886e-12 	0.0011236333 	0.66934501
-0.00045445445 	0.0486049 	1.1104886e-12 	0.0011147952 	0.66950636
-0.00045045045 	0.04860496 	1.1104887e-12 	0.0011059571 	0.6696677
-0.00044644645 	0.048605021 	1.1104887e-12 	0.0010971189 	0.66982905
-0.00044244244 	0.048605081 	1.1104887e-12 	0.0010882808 	0.6699904
-0.00043843844 	0.048605141 	1.1104887e-12 	0.0010794427 	0.67015174
-0.00043443443 	0.048605202 	1.1104888e-12 	0.0010706046 	0.67031309
-0.00043043043 	0.048605262 	1.1104888e-12 	0.0010617664 	0.67047444
-0.00042642643 	0.048605322 	1.1104888e-12 	0.0010529283 	0.67063578
-0.00042242242 	0.048605383 	1.1104888e-12 	0.0010440902 	0.67079713
-0.00041841842 	0.048605443 	1.1104888e-12 	0.0010352521 	0.67095848
-0.00041441441 	0.048605503 	1.1104889e-12 	0.001026414 	0.67111982
-0.00041041041 	0.048605565 	1.1074443e-12 	0.0010174488 	0.67127835
-0.00040640641 	0.04860563 	1.0900923e-12 	0.0010078868 	0.67142361
-0.0004024024 	0.048605696 	1.0727403e-12 	0.00099832475 	0.67156886
-0.0003983984 	0.048605761 	1.0553882e-12 	0.00098876272 	0.67171412
-0.00039439439 	0.048605827 	1.0380362e-12 	0.00097920068 	0.67185938
-0.00039039039 	0.048605892 	1.0206842e-12 	0.00096963865 	0.67200464
-0.00038638639 	0.048605958 	1.0033321e-12 	0.00096007662 	0.6721499
-0.00038238238 	0.048606023 	9.859801e-13 	0.00095051459 	0.67229516
-0.00037837838 	0.048606089 	9.6862806e-13 	0.00094095255 	0.67244042
-0.00037437437 	0.048606154 	9.5127602e-13 	0.00093139052 	0.67258568
-0.00037037037 	0.04860622 	9.3392399e-13 	0.00092182849 	0.67273094
-0.00036636637 	0.048606285 	9.1657195e-13 	0.00091226645 	0.6728762
-0.00036236236 	0.048606351 	8.9921992e-13 	0.00090270442 	0.67302146
-0.00035835836 	0.048606416 	8.8186788e-13 	0.00089314239 	0.67316672
-0.00035435435 	0.048606482 	8.6451585e-13 	0.00088358036 	0.67331198
-0.00035035035 	0.048606548 	8.4716381e-13 	0.00087401832 	0.67345724
-0.00034634635 	0.048606613 	8.2981178e-13 	0.00086445629 	0.6736025
-0.00034234234 	0.048606679 	8.1245974e-13 	0.00085489426 	0.67374776
-0.00033833834 	0.048606744 	7.951077e-13 	0.00084533223 	0.67389302
-0.00033433433 	0.04860681 	7.7775567e-13 	0.00083577019 	0.67403828
-0.00033033033 	0.048606875 	7.6040363e-13 	0.00082620816 	0.67418354
-0.00032632633 	0.048606941 	7.430516e-13 	0.00081664613 	0.6743288
-0.00032232232 	0.048607006 	7.2569956e-13 	0.00080708409 	0.67447405
-0.00031831832 	0.048607072 	7.0834753e-13 	0.00079752206 	0.67461931
-0.00031431431 	0.048607137 	6.9099549e-13 	0.00078796003 	0.67476457
-0.00031031031 	0.048607203 	6.7364346e-13 	0.000778398 	0.67490983
-0.00030630631 	0.048607268 	6.5629142e-13 	0.00076883596 	0.67505509
-0.0003023023 	0.048607334 	6.3893939e-13 	0.00075927393 	0.67520035
-0.0002982983 	0.048607399 	6.2158735e-13 	0.0007497119 	0.67534561
-0.00029429429 	0.048607465 	6.0423531e-13 	0.00074014987 	0.67549087
-0.00029029029 	0.04860753 	5.8688328e-13 	0.00073058783 	0.67563613
-0.00028628629 	0.048607596 	5.6953124e-13 	0.0007210258 	0.67578139
-0.00028228228 	0.048607656 	5.5528956e-13 	0.00071140645 	0.6759082
-0.00027827828 	0.048607695 	5.5528955e-13 	0.00070152464 	0.67595056
-0.00027427427 	0.048607733 	5.5528954e-13 	0.00069164283 	0.67599292
-0.00027027027 	0.048607771 	5.5528953e-13 	0.00068176103 	0.67603528
-0.00026626627 	0.04860781 	5.5528952e-13 	0.00067187922 	0.67607763
-0.00026226226 	0.048607848 	5.5528952e-13 	0.00066199741 	0.67611999
-0.00025825826 	0.048607886 	5.5528951e-13 	0.0006521156 	0.67616235
-0.00025425425 	0.048607925 	5.552895e-13 	0.0006422338 	0.67620471
-0.00025025025 	0.048607963 	5.5528949e-13 	0.00063235199 	0.67624706
-0.00024624625 	0.048608001 	5.5528948e-13 	0.00062247018 	0.67628942
-0.00024224224 	0.04860804 	5.5528947e-13 	0.00061258838 	0.67633178
-0.00023823824 	0.048608078 	5.5528946e-13 	0.00060270657 	0.67637414
-0.00023423423 	0.048608116 	5.5528945e-13 	0.00059282476 	0.67641649
-0.00023023023 	0.048608155 	5.5528945e-13 	0.00058294295 	0.67645885
-0.00022622623 	0.048608193 	5.5528944e-13 	0.00057306115 	0.67650121
-0.00022222222 	0.048608231 	5.5528943e-13 	0.00056317934 	0.67654356
-0.00021821822 	0.048608269 	5.5528942e-13 	0.00055329753 	0.67658592
-0.00021421421 	0.048608308 	5.5528941e-13 	0.00054341573 	0.67662828
-0.00021021021 	0.048608346 	5.552894e-13 	0.00053353392 	0.67667064
-0.00020620621 	0.048608384 	5.5528939e-13 	0.00052365211 	0.67671299
-0.0002022022 	0.048608423 	5.5528939e-13 	0.0005137703 	0.67675535
-0.0001981982 	0.048608461 	5.5528938e-13 	0.0005038885 	0.67679771
-0.00019419419 	0.048608499 	5.5528937e-13 	0.00049400669 	0.67684007
-0.00019019019 	0.048608538 	5.5528936e-13 	0.00048412488 	0.67688242
-0.00018618619 	0.048608576 	5.5528935e-13 	0.00047424308 	0.67692478
-0.00018218218 	0.048608614 	5.5528934e-13 	0.00046436127 	0.67696714
-0.00017817818 	0.048608653 	5.5528933e-13 	0.00045447946 	0.6770095
-0.00017417417 	0.048608691 	5.5528933e-13 	0.00044459765 	0.67705185
-0.00017017017 	0.048608729 	5.5528932e-13 	0.00043471585 	0.67709421
-0.00016616617 	0.048608768 	5.5528931e-13 	0.00042483404 	0.67713657
-0.00016216216 	0.048608806 	5.552893e-13 	0.00041495223 	0.67717892
-0.00015815816 	0.048608844 	5.5528929e-13 	0.00040507043 	0.67722128
-0.00015415415 	0.048608882 	5.5528928e-13 	0.00039518862 	0.67726364
-0.00015015015 	0.048608921 	5.5528927e-13 	0.00038530681 	0.677306
-0.00014614615 	0.048608959 	5.5528927e-13 	0.000375425 	0.67734835
-0.00014214214 	0.048608997 	5.5528926e-13 	0.0003655432 	0.67739071
-0.00013813814 	0.048609036 	5.5528925e-13 	0.00035566139 	0.67743307
-0.00013413413 	0.048609074 	5.5528924e-13 	0.00034577958 	0.67747543
-0.00013013013 	0.048609112 	5.5528923e-13 	0.00033589778 	0.67751778
-0.00012612613 	0.048609152 	5.4667764e-13 	0.00032578739 	0.67755762
-0.00012212212 	0.048609194 	5.2932282e-13 	0.00031544493 	0.6775949
-0.00011811812 	0.048609236 	5.1196801e-13 	0.00030510248 	0.67763218
-0.00011411411 	0.048609278 	4.9461319e-13 	0.00029476002 	0.67766945
-0.00011011011 	0.04860932 	4.7725837e-13 	0.00028441756 	0.67770673
-0.00010610611 	0.048609361 	4.5990356e-13 	0.00027407511 	0.67774401
-0.0001021021 	0.048609403 	4.4254874e-13 	0.00026373265 	0.67778129
-9.8098098e-05 	0.048609445 	4.2519392e-13 	0.00025339019 	0.67781857
-9.4094094e-05 	0.048609487 	4.0783911e-13 	0.00024304774 	0.67785584
-9.009009e-05 	0.048609528 	3.9048429e-13 	0.00023270528 	0.67789312
-8.6086086e-05 	0.04860957 	3.7312947e-13 	0.00022236282 	0.6779304
-8.2082082e-05 	0.048609612 	3.5577466e-13 	0.00021202037 	0.67796768
-7.8078078e-05 	0.048609654 	3.3841984e-13 	0.00020167791 	0.67800496
-7.4074074e-05 	0.048609696 	3.2106502e-13 	0.00019133545 	0.67804223
-7.007007e-05 	0.048609737 	3.0371021e-13 	0.000180993 	0.67807951
-6.6066066e-05 	0.048609779 	2.8635539e-13 	0.00017065054 	0.67811679
-6.2062062e-05 	0.048609821 	2.6900057e-13 	0.00016030808 	0.67815407
-5.8058058e-05 	0.048609863 	2.5164576e-13 	0.00014996563 	0.67819135
-5.4054054e-05 	0.048609904 	2.3429094e-13 	0.00013962317 	0.67822862
-5.005005e-05 	0.048609946 	2.1693612e-13 	0.00012928071 	0.6782659
-4.6046046e-05 	0.048609988 	1.9958131e-13 	0.00011893826 	0.67830318
-4.2042042e-05 	0.04861003 	1.8222649e-13 	0.0001085958 	0.67834046
-3.8038038e-05 	0.048610072 	1.6487167e-13 	9.8253342e-05 	0.67837773
-3.4034034e-05 	0.048610113 	1.4751686e-13 	8.7910885e-05 	0.67841501
-3.003003e-05 	0.048610155 	1.3016204e-13 	7.7568428e-05 	0.67845229
-2.6026026e-05 	0.048610197 	1.1280722e-13 	6.7225972e-05 	0.67848957
-2.2022022e-05 	0.048610239 	9.5452406e-14 	5.6883515e-05 	0.67852685
-1.8018018e-05 	0.048610281 	7.8097589e-14 	4.6541058e-05 	0.67856412
-1.4014014e-05 	0.048610322 	6.0742772e-14 	3.6198601e-05 	0.6786014
-1.001001e-05 	0.048610364 	4.3387956e-14 	2.5856144e-05 	0.67863868
-6.006006e-06 	0.048610406 	2.6033139e-14 	1.5513688e-05 	0.67867596
-2.002002e-06 	0.048610448 	8.6783223e-15 	5.1712309e-06 	0.67871324
2.002002e-06 	0.048610449 	9.0596597e-19 	-4.9409011e-06 	0.6787107
6.006006e-06 	0.048610411 	8.9000304e-19 	-1.4822708e-05 	0.67866834
1.001001e-05 	0.048610373 	8.7404011e-19 	-2.4704515e-05 	0.67862598
1.4014014e-05 	0.048610334 	8.5807718e-19 	-3.4586323e-05 	0.67858362
1.8018018e-05 	0.048610296 	8.4211425e-19 	-4.446813e-05 	0.67854127
2.2022022e-05 	0.048610258 	8.2615132e-19 	-5.4349937e-05 	0.67849891
2.6026026e-05 	0.04861022 	8.1018839e-19 	-6.4231744e-05 	0.67845655
3.003003e-05 	0.048610181 	7.9422547e-19 	-7.4113551e-05 	0.6784142
3.4034034e-05 	0.048610143 	7.7826254e-19 	-8.3995359e-05 	0.67837184
3.8038038e-05 	0.048610105 	7.6229961e-19 	-9.3877166e-05 	0.67832948
4.2042042e-05 	0.048610066 	7.4633668e-19 	-0.00010375897 	0.67828712
4.6046046e-05 	0.048610028 	7.3037375e-19 	-0.00011364078 	0.67824477
5.005005e-05 	0.04860999 	7.1441082e-19 	-0.00012352259 	0.67820241
5.4054054e-05 	0.048609951 	6.9844789e-19 	-0.00013340439 	0.67816005
5.8058058e-05 	0.048609913 	6.8248496e-19 	-0.0001432862 	0.67811769
6.2062062e-05 	0.048609875 	6.6652203e-19 	-0.00015316801 	0.67807534
6.6066066e-05 	0.048609836 	6.505591e-19 	-0.00016304982 	0.67803298
7.007007e-05 	0.048609798 	6.3459617e-19 	-0.00017293162 	0.67799062
7.4074074e-05 	0.04860976 	6.1863324e-19 	-0.00018281343 	0.67794827
7.8078078e-05 	0.048609721 	6.0267031e-19 	-0.00019269524 	0.67790591
8.2082082e-05 	0.048609683 	5.8670738e-19 	-0.00020257704 	0.67786355
8.6086086e-05 	0.048609645 	5.7074445e-19 	-0.00021245885 	0.67782119
9.009009e-05 	0.048609606 	5.5478152e-19 	-0.00022234066 	0.67777884
9.4094094e-05 	0.048609568 	5.3881859e-19 	-0.00023222247 	0.67773648
9.8098098e-05 	0.04860953 	5.2285566e-19 	-0.00024210427 	0.67769412
0.0001021021 	0.048609492 	5.0689273e-19 	-0.00025198608 	0.67765176
0.00010610611 	0.048609453 	4.909298e-19 	-0.00026186789 	0.67760941
0.00011011011 	0.048609415 	4.7496687e-19 	-0.0002717497 	0.67756705
0.00011411411 	0.048609377 	4.5900395e-19 	-0.0002816315 	0.67752469
0.00011811812 	0.048609338 	4.4304102e-19 	-0.00029151331 	0.67748233
0.00012212212 	0.0486093 	4.2707809e-19 	-0.00030139512 	0.67743998
0.00012612613 	0.048609262 	4.1111516e-19 	-0.00031127692 	0.67739762
0.00013013013 	0.048609223 	3.9515223e-19 	-0.00032115873 	0.67735526
0.00013413413 	0.048609185 	3.791893e-19 	-0.00033104054 	0.67731291
0.00013813814 	0.048609147 	3.6322637e-19 	-0.00034092235 	0.67727055
0.00014214214 	0.048609108 	3.4726344e-19 	-0.00035080415 	0.67722819
0.00014614615 	0.04860907 	3.3130051e-19 	-0.00036068596 	0.67718583
0.00015015015 	0.048609032 	3.1533758e-19 	-0.00037056777 	0.67714348
0.00015415415 	0.048608993 	2.9937465e-19 	-0.00038044957 	0.67710112
0.00015815816 	0.048608952 	1.4178456e-14 	-0.00039070771 	0.67706291
0.00016216216 	0.04860891 	3.1533293e-14 	-0.00040105017 	0.67702563
0.00016616617 	0.048608869 	4.888813e-14 	-0.00041139263 	0.67698835
0.00017017017 	0.048608827 	6.6242966e-14 	-0.00042173508 	0.67695108
0.00017417417 	0.048608785 	8.3597803e-14 	-0.00043207754 	0.6769138
0.00017817818 	0.048608743 	1.0095264e-13 	-0.00044242 	0.67687652
0.00018218218 	0.048608702 	1.1830748e-13 	-0.00045276245 	0.67683924
0.00018618619 	0.04860866 	1.3566231e-13 	-0.00046310491 	0.67680197
0.00019019019 	0.048608618 	1.5301715e-13 	-0.00047344737 	0.67676469
0.00019419419 	0.048608576 	1.7037199e-13 	-0.00048378982 	0.67672741
0.0001981982 	0.048608534 	1.8772682e-13 	-0.00049413228 	0.67669013
0.0002022022 	0.048608493 	2.0508166e-13 	-0.00050447474 	0.67665285
0.00020620621 	0.048608451 	2.224365e-13 	-0.00051481719 	0.67661558
0.00021021021 	0.048608409 	2.3979133e-13 	-0.00052515965 	0.6765783
0.00021421421 	0.048608367 	2.5714617e-13 	-0.00053550211 	0.67654102
0.00021821822 	0.048608326 	2.7450101e-13 	-0.00054584456 	0.67650374
0.00022222222 	0.048608284 	2.9185584e-13 	-0.00055618702 	0.67646646
0.00022622623 	0.048608242 	3.0921068e-13 	-0.00056652948 	0.67642919
0.00023023023 	0.0486082 	3.2656552e-13 	-0.00057687194 	0.67639191
0.00023423423 	0.048608158 	3.4392036e-13 	-0.00058721439 	0.67635463
0.00023823824 	0.048608117 	3.6127519e-13 	-0.00059755685 	0.67631735
0.00024224224 	0.048608075 	3.7863003e-13 	-0.00060789931 	0.67628007
0.00024624625 	0.048608033 	3.9598487e-13 	-0.00061824176 	0.6762428
0.00025025025 	0.048607991 	4.133397e-13 	-0.00062858422 	0.67620552
0.00025425425 	0.04860795 	4.3069454e-13 	-0.00063892668 	0.67616824
0.00025825826 	0.048607908 	4.4804938e-13 	-0.00064926913 	0.67613096
0.00026226226 	0.048607866 	4.6540421e-13 	-0.00065961159 	0.67609368
0.00026626627 	0.048607824 	4.8275905e-13 	-0.00066995405 	0.67605641
0.00027027027 	0.048607782 	5.0011389e-13 	-0.0006802965 	0.67601913
0.00027427427 	0.048607741 	5.1746872e-13 	-0.00069063896 	0.67598185
0.00027827828 	0.048607699 	5.3482356e-13 	-0.00070098142 	0.67594457
0.00028228228 	0.048607657 	5.521784e-13 	-0.00071132387 	0.67590729
0.00028628629 	0.0486076 	5.5528924e-13 	-0.00072043165 	0.67576819
0.00029029029 	0.04860754 	5.5528923e-13 	-0.00072926977 	0.67560684
0.00029429429 	0.048607479 	5.5528922e-13 	-0.0007381079 	0.67544549
0.0002982983 	0.048607419 	5.5528921e-13 	-0.00074694602 	0.67528415
0.0003023023 	0.048607359 	5.552892e-13 	-0.00075578414 	0.6751228
0.00030630631 	0.048607298 	5.5528919e-13 	-0.00076462227 	0.67496145
0.00031031031 	0.048607238 	5.5528918e-13 	-0.00077346039 	0.67480011
0.00031431431 	0.048607177 	5.5528917e-13 	-0.00078229851 	0.67463876
0.00031831832 	0.048607117 	5.5528916e-13 	-0.00079113664 	0.67447742
0.00032232232 	0.048607057 	5.5528915e-13 	-0.00079997476 	0.67431607
0.00032632633 	0.048606996 	5.5528914e-13 	-0.00080881288 	0.67415472
0.00033033033 	0.048606936 	5.5528913e-13 	-0.00081765101 	0.67399338
0.00033433433 	0.048606876 	5.5528912e-13 	-0.00082648913 	0.67383203
0.00033833834 	0.048606815 	5.5528911e-13 	-0.00083532725 	0.67367068
0.00034234234 	0.048606755 	5.552891e-13 	-0.00084416538 	0.67350934
0.00034634635 	0.048606694 	5.5528909e-13 	-0.0008530035 	0.67334799
0.00035035035 	0.048606634 	5.5528907e-13 	-0.00086184162 	0.67318664
0.00035435435 	0.048606574 	5.5528906e-13 	-0.00087067975 	0.6730253
0.00035835836 	0.048606513 	5.5528905e-13 	-0.00087951787 	0.67286395
0.00036236236 	0.048606453 	5.5528904e-13 	-0.00088835599 	0.6727026
0.00036636637 	0.048606393 	5.5528903e-13 	-0.00089719412 	0.67254126
0.00037037037 	0.048606332 	5.5528902e-13 	-0.00090603224 	0.67237991
0.00037437437 	0.048606272 	5.5528901e-13 	-0.00091487036 	0.67221856
0.00037837838 	0.048606211 	5.55289e-13 	-0.00092370849 	0.67205722
0.00038238238 	0.048606151 	5.5528899e-13 	-0.00093254661 	0.67189587
0.00038638639 	0.048606091 	5.5528898e-13 	-0.00094138473 	0.67173453
0.00039039039 	0.04860603 	5.5528897e-13 	-0.00095022286 	0.67157318
0.00039439439 	0.04860597 	5.5528896e-13 	-0.00095906098 	0.67141183
0.0003983984 	0.04860591 	5.5528895e-13 	-0.0009678991 	0.67125049
0.0004024024 	0.048605849 	5.5528894e-13 	-0.00097673723 	0.67108914
0.00040640641 	0.048605789 	5.5528893e-13 	-0.00098557535 	0.67092779
0.00041041041 	0.048605728 	5.5528892e-13 	-0.00099441347 	0.67076645
0.00041441441 	0.048605668 	5.5528891e-13 	-0.0010032516 	0.6706051
0.00041841842 	0.048605608 	5.552889e-13 	-0.0010120897 	0.67044375
0.00042242242 	0.048605547 	5.5528889e-13 	-0.0010209278 	0.67028241
0.00042642643 	0.048605487 	5.5528888e-13 	-0.001029766 	0.67012106
0.00043043043 	0.048605427 	5.5528886e-13 	-0.0010386041 	0.66995971
0.00043443443 	0.048605366 	5.5528885e-13 	-0.0010474422 	0.66979837
0.00043843844 	0.048605305 	5.5528381e-13 	-0.00105638 	0.66963924
0.00044244244 	0.04860524 	5.5524726e-13 	-0.0010659421 	0.66949398
0.00044644645 	0.048605174 	5.5521071e-13 	-0.0010755041 	0.66934872
0.00045045045 	0.048605109 	5.5517417e-13 	-0.0010850661 	0.66920346
0.00045445445 	0.048605043 	5.5513762e-13 	-0.0010946282 	0.6690582
0.00045845846 	0.048604978 	5.5510107e-13 	-0.0011041902 	0.66891294
0.00046246246 	0.048604912 	5.5506452e-13 	-0.0011137522 	0.66876768
0.00046646647 	0.048604847 	5.5502797e-13 	-0.0011233143 	0.66862242
0.00047047047 	0.048604781 	5.5499142e-13 	-0.0011328763 	0.66847716
0.00047447447 	0.048604716 	5.5495487e-13 	-0.0011424383 	0.6683319
0.00047847848 	0.04860465 	5.5491832e-13 	-0.0011520004 	0.66818664
0.00048248248 	0.048604585 	5.5488177e-13 	-0.0011615624 	0.66804138
0.00048648649 	0.048604519 	5.5484522e-13 	-0.0011711244 	0.66789612
0.00049049049 	0.048604453 	5.5480867e-13 	-0.0011806864 	0.66775086
0.00049449449 	0.048604388 	5.5477213e-13 	-0.0011902485 	0.6676056
0.0004984985 	0.048604322 	5.5473558e-13 	-0.0011998105 	0.66746034
0.0005025025 	0.048604257 	5.5469903e-13 	-0.0012093725 	0.66731508
0.00050650651 	0.048604191 	5.5466248e-13 	-0.0012189346 	0.66716982
0.00051051051 	0.048604126 	5.5462593e-13 	-0.0012284966 	0.66702457
0.00051451451 	0.04860406 	5.5458938e-13 	-0.0012380586 	0.66687931
0.00051851852 	0.048603995 	5.5455283e-13 	-0.0012476207 	0.66673405
0.00052252252 	0.048603929 	5.5451628e-13 	-0.0012571827 	0.66658879
0.00052652653 	0.048603864 	5.5447973e-13 	-0.0012667447 	0.66644353
0.00053053053 	0.048603798 	5.5444318e-13 	-0.0012763068 	0.66629827
0.00053453453 	0.048603733 	5.5440664e-13 	-0.0012858688 	0.66615301
0.00053853854 	0.048603667 	5.5437009e-13 	-0.0012954308 	0.66600775
0.00054254254 	0.048603602 	5.5433354e-13 	-0.0013049929 	0.66586249
0.00054654655 	0.048603536 	5.5429699e-13 	-0.0013145549 	0.66571723
0.00055055055 	0.048603471 	5.5426044e-13 	-0.0013241169 	0.66557197
0.00055455455 	0.048603405 	5.5422389e-13 	-0.001333679 	0.66542671
0.00055855856 	0.04860334 	5.5418734e-13 	-0.001343241 	0.66528145
0.00056256256 	0.048603274 	5.5415079e-13 	-0.001352803 	0.66513619
0.00056656657 	0.048603207 	5.5411941e-13 	-0.0013617002 	0.6649536
0.00057057057 	0.04860313 	5.5411937e-13 	-0.0013665635 	0.66454453
0.00057457457 	0.048603052 	5.5411933e-13 	-0.0013714267 	0.66413545
0.00057857858 	0.048602975 	5.541193e-13 	-0.00137629 	0.66372637
0.00058258258 	0.048602898 	5.5411926e-13 	-0.0013811532 	0.6633173
0.00058658659 	0.048602821 	5.5411922e-13 	-0.0013860165 	0.66290822
0.00059059059 	0.048602743 	5.5411918e-13 	-0.0013908797 	0.66249915
0.00059459459 	0.048602666 	5.5411914e-13 	-0.001395743 	0.66209007
0.0005985986 	0.048602589 	5.541191e-13 	-0.0014006062 	0.66168099
0.0006026026 	0.048602511 	5.5411907e-13 	-0.0014054695 	0.66127192
0.00060660661 	0.048602434 	5.5411903e-13 	-0.0014103328 	0.66086284
0.00061061061 	0.048602357 	5.5411899e-13 	-0.001415196 	0.66045377
0.00061461461 	0.04860228 	5.5411895e-13 	-0.0014200593 	0.66004469
0.00061861862 	0.048602202 	5.5411891e-13 	-0.0014249225 	0.65963561
0.00062262262 	0.048602125 	5.5411888e-13 	-0.0014297858 	0.65922654
0.00062662663 	0.048602048 	5.5411884e-13 	-0.001434649 	0.65881746
0.00063063063 	0.048601971 	5.541188e-13 	-0.0014395123 	0.65840839
0.00063463463 	0.048601893 	5.5411876e-13 	-0.0014443755 	0.65799931
0.00063863864 	0.048601816 	5.5411872e-13 	-0.0014492388 	0.65759023
0.00064264264 	0.048601739 	5.5411869e-13 	-0.0014541021 	0.65718116
0.00064664665 	0.048601661 	5.5411865e-13 	-0.0014589653 	0.65677208
0.00065065065 	0.048601584 	5.5411861e-13 	-0.0014638286 	0.65636301
0.00065465465 	0.048601507 	5.5411857e-13 	-0.0014686918 	0.65595393
0.00065865866 	0.04860143 	5.5411853e-13 	-0.0014735551 	0.65554485
0.00066266266 	0.048601352 	5.5411849e-13 	-0.0014784183 	0.65513578
0.00066666667 	0.048601275 	5.5411846e-13 	-0.0014832816 	0.6547267
0.00067067067 	0.048601198 	5.5411842e-13 	-0.0014881448 	0.65431763
0.00067467467 	0.04860112 	5.5411838e-13 	-0.0014930081 	0.65390855
0.00067867868 	0.048601043 	5.5411834e-13 	-0.0014978714 	0.65349947
0.00068268268 	0.048600966 	5.541183e-13 	-0.0015027346 	0.6530904
0.00068668669 	0.048600885 	5.4578212e-13 	-0.0015078338 	0.65269254
0.00069069069 	0.0486008 	5.2327964e-13 	-0.0015133338 	0.65231373
0.00069469469 	0.048600714 	5.0077716e-13 	-0.0015188339 	0.65193492
0.0006986987 	0.048600628 	4.7827468e-13 	-0.001524334 	0.65155612
0.0007027027 	0.048600542 	4.557722e-13 	-0.001529834 	0.65117731
0.00070670671 	0.048600456 	4.3326973e-13 	-0.0015353341 	0.65079851
0.00071071071 	0.048600371 	4.1076725e-13 	-0.0015408342 	0.6504197
0.00071471471 	0.048600285 	3.8826477e-13 	-0.0015463342 	0.6500409
0.00071871872 	0.048600199 	3.6576229e-13 	-0.0015518343 	0.64966209
0.00072272272 	0.048600113 	3.4325981e-13 	-0.0015573343 	0.64928329
0.00072672673 	0.048600027 	3.2075733e-13 	-0.0015628344 	0.64890448
0.00073073073 	0.048599942 	2.9825486e-13 	-0.0015683345 	0.64852568
0.00073473473 	0.048599856 	2.7575238e-13 	-0.0015738345 	0.64814687
0.00073873874 	0.04859977 	2.532499e-13 	-0.0015793346 	0.64776807
0.00074274274 	0.048599684 	2.3074742e-13 	-0.0015848347 	0.64738926
0.00074674675 	0.048599598 	2.0824494e-13 	-0.0015903347 	0.64701046
0.00075075075 	0.048599513 	1.8574246e-13 	-0.0015958348 	0.64663165
0.00075475475 	0.048599427 	1.6323999e-13 	-0.0016013349 	0.64625285
0.00075875876 	0.048599341 	1.4073751e-13 	-0.0016068349 	0.64587404
0.00076276276 	0.048599255 	1.1823503e-13 	-0.001612335 	0.64549524
0.00076676677 	0.048599169 	9.5732552e-14 	-0.001617835 	0.64511643
0.00077077077 	0.048599084 	7.3230073e-14 	-0.0016233351 	0.64473762
0.00077477477 	0.048598998 	5.0727595e-14 	-0.0016288352 	0.64435882
0.00077877878 	0.048598912 	2.8225117e-14 	-0.0016343352 	0.64398001
0.00078278278 	0.048598826 	5.7226388e-15 	-0.0016398353 	0.64360121
0.00078678679 	0.048598735 	2.6851887e-19 	-0.0016406613 	0.64296071
0.00079079079 	0.048598643 	3.1882346e-19 	-0.0016398934 	0.64223096
0.00079479479 	0.048598551 	3.6912805e-19 	-0.0016391255 	0.64150122
0.0007987988 	0.048598459 	4.1943264e-19 	-0.0016383576 	0.64077147
0.0008028028 	0.048598367 	4.6973724e-19 	-0.0016375897 	0.64004173
0.00080680681 	0.048598274 	5.2004183e-19 	-0.0016368218 	0.63931198
0.00081081081 	0.048598182 	5.7034642e-19 	-0.0016360538 	0.63858224
0.00081481481 	0.04859809 	6.2065102e-19 	-0.0016352859 	0.63785249
0.00081881882 	0.048597998 	6.7095561e-19 	-0.001634518 	0.63712274
0.00082282282 	0.048597905 	7.212602e-19 	-0.0016337501 	0.636393
0.00082682683 	0.048597813 	7.7156479e-19 	-0.0016329822 	0.63566325
0.00083083083 	0.048597721 	8.2186939e-19 	-0.0016322143 	0.63493351
0.00083483483 	0.048597629 	8.7217398e-19 	-0.0016314464 	0.63420376
0.00083883884 	0.048597536 	9.2247857e-19 	-0.0016306785 	0.63347402
0.00084284284 	0.048597444 	9.7278316e-19 	-0.0016299105 	0.63274427
0.00084684685 	0.048597352 	1.0230878e-18 	-0.0016291426 	0.63201453
0.00085085085 	0.04859726 	1.0733923e-18 	-0.0016283747 	0.63128478
0.00085485485 	0.048597167 	1.1236969e-18 	-0.0016276068 	0.63055504
0.00085885886 	0.048597075 	1.1740015e-18 	-0.0016268389 	0.62982529
0.00086286286 	0.048596983 	1.2243061e-18 	-0.001626071 	0.62909554
0.00086686687 	0.048596891 	1.2746107e-18 	-0.0016253031 	0.6283658
0.00087087087 	0.048596798 	1.3249153e-18 	-0.0016245351 	0.62763605
0.00087487487 	0.048596706 	1.3752199e-18 	-0.0016237672 	0.62690631
0.00087887888 	0.048596614 	1.4255245e-18 	-0.0016229993 	0.62617656
0.00088288288 	0.048596522 	1.4758291e-18 	-0.0016222314 	0.62544682
0.00088688689 	0.048596429 	1.5261337e-18 	-0.0016214635 	0.62471707
0.00089089089 	0.04859633 	1.5258001e-18 	-0.0016207767 	0.62400554
0.00089489489 	0.048596225 	1.4747889e-18 	-0.001620171 	0.62331224
0.0008988989 	0.048596119 	1.4237778e-18 	-0.0016195653 	0.62261894
0.0009029029 	0.048596013 	1.3727667e-18 	-0.0016189596 	0.62192564
0.00090690691 	0.048595908 	1.3217556e-18 	-0.0016183539 	0.62123234
0.00091091091 	0.048595802 	1.2707445e-18 	-0.0016177483 	0.62053904
0.00091491491 	0.048595696 	1.2197333e-18 	-0.0016171426 	0.61984574
0.00091891892 	0.04859559 	1.1687222e-18 	-0.0016165369 	0.61915244
0.00092292292 	0.048595485 	1.1177111e-18 	-0.0016159312 	0.61845914
0.00092692693 	0.048595379 	1.0667e-18 	-0.0016153255 	0.61776584
0.00093093093 	0.048595273 	1.0156889e-18 	-0.0016147199 	0.61707254
0.00093493493 	0.048595167 	9.6467776e-19 	-0.0016141142 	0.61637924
0.00093893894 	0.048595062 	9.1366664e-19 	-0.0016135085 	0.61568594
0.00094294294 	0.048594956 	8.6265552e-19 	-0.0016129028 	0.61499264
0.00094694695 	0.04859485 	8.1164441e-19 	-0.0016122971 	0.61429934
0.00095095095 	0.048594744 	7.6063329e-19 	-0.0016116915 	0.61360604
0.00095495495 	0.048594639 	7.0962217e-19 	-0.0016110858 	0.61291274
0.00095895896 	0.048594533 	6.5861105e-19 	-0.0016104801 	0.61221944
0.00096296296 	0.048594427 	6.0759993e-19 	-0.0016098744 	0.61152614
0.00096696697 	0.048594321 	5.5658882e-19 	-0.0016092688 	0.61083284
0.00097097097 	0.048594216 	5.055777e-19 	-0.0016086631 	0.61013954
0.00097497497 	0.04859411 	4.5456658e-19 	-0.0016080574 	0.60944624
0.00097897898 	0.048594029 	4.5872763e-19 	-0.0016041583 	0.60839611
0.00098298298 	0.048593954 	4.7748087e-19 	-0.0015993882 	0.60725159
0.00098698699 	0.048593879 	4.9623411e-19 	-0.0015946181 	0.60610708
0.00099099099 	0.048593804 	5.1498734e-19 	-0.001589848 	0.60496257
0.00099499499 	0.048593728 	5.3374058e-19 	-0.0015850779 	0.60381805
0.000998999 	0.048593653 	5.5249382e-19 	-0.0015803078 	0.60267354
0.001003003 	0.048593578 	5.7124705e-19 	-0.0015755376 	0.60152902
0.001007007 	0.048593503 	5.9000029e-19 	-0.0015707675 	0.60038451
0.001011011 	0.048593428 	6.0875352e-19 	-0.0015659974 	0.59924
0.001015015 	0.048593353 	6.2750676e-19 	-0.0015612273 	0.59809548
0.001019019 	0.048593278 	6.4626e-19 	-0.0015564572 	0.59695097
0.001023023 	0.048593203 	6.6501323e-19 	-0.0015516871 	0.59580646
0.001027027 	0.048593128 	6.8376647e-19 	-0.001546917 	0.59466194
0.001031031 	0.048593053 	7.0251971e-19 	-0.0015421468 	0.59351743
0.001035035 	0.048592978 	7.2127294e-19 	-0.0015373767 	0.59237292
0.001039039 	0.048592903 	7.4002618e-19 	-0.0015326066 	0.5912284
0.001043043 	0.048592828 	7.5877942e-19 	-0.0015278365 	0.59008389
0.001047047 	0.048592753 	7.7753265e-19 	-0.0015230664 	0.58893938
0.0010510511 	0.048592678 	7.9628589e-19 	-0.0015182963 	0.58779486
0.0010550551 	0.048592603 	8.1503912e-19 	-0.0015135262 	0.58665035
0.0010590591 	0.048592528 	8.3379236e-19 	-0.001508756 	0.58550583
0.0010630631 	0.048592453 	8.525456e-19 	-0.0015039859 	0.58436132
0.0010670671 	0.048592378 	8.7129883e-19 	-0.0014992158 	0.58321681
0.0010710711 	0.048592295 	8.6337517e-19 	-0.0014943016 	0.5820959
0.0010750751 	0.048592207 	8.4125597e-19 	-0.0014893107 	0.58098756
0.0010790791 	0.048592119 	8.1913677e-19 	-0.0014843198 	0.57987922
0.0010830831 	0.048592031 	7.9701757e-19 	-0.0014793289 	0.57877088
0.0010870871 	0.048591944 	7.7489837e-19 	-0.0014743381 	0.57766254
0.0010910911 	0.048591856 	7.5277916e-19 	-0.0014693472 	0.5765542
0.0010950951 	0.048591768 	7.3065996e-19 	-0.0014643563 	0.57544586
0.0010990991 	0.04859168 	7.0854076e-19 	-0.0014593654 	0.57433752
0.0011031031 	0.048591592 	6.8642156e-19 	-0.0014543745 	0.57322917
0.0011071071 	0.048591504 	6.6430236e-19 	-0.0014493836 	0.57212083
0.0011111111 	0.048591417 	6.4218315e-19 	-0.0014443927 	0.57101249
0.0011151151 	0.048591329 	6.2006395e-19 	-0.0014394018 	0.56990415
0.0011191191 	0.048591241 	5.9794475e-19 	-0.0014344109 	0.56879581
0.0011231231 	0.048591153 	5.7582555e-19 	-0.0014294201 	0.56768747
0.0011271271 	0.048591065 	5.5370635e-19 	-0.0014244292 	0.56657913
0.0011311311 	0.048590978 	5.3158714e-19 	-0.0014194383 	0.56547079
0.0011351351 	0.04859089 	5.0946794e-19 	-0.0014144474 	0.56436245
0.0011391391 	0.048590802 	4.8734874e-19 	-0.0014094565 	0.5632541
0.0011431431 	0.048590714 	4.6522954e-19 	-0.0014044656 	0.56214576
0.0011471471 	0.048590643 	-1.6939878e-14 	-0.0013982179 	0.5607918
0.0011511512 	0.048590587 	-4.9881795e-14 	-0.0013907831 	0.55920582
0.0011551552 	0.048590531 	-8.2823712e-14 	-0.0013833483 	0.55761984
0.0011591592 	0.048590474 	-1.1576563e-13 	-0.0013759135 	0.55603387
0.0011631632 	0.048590418 	-1.4870755e-13 	-0.0013684787 	0.55444789
0.0011671672 	0.048590362 	-1.8164946e-13 	-0.0013610439 	0.55286191
0.0011711712 	0.048590306 	-2.1459138e-13 	-0.001353609 	0.55127594
0.0011751752 	0.04859025 	-2.475333e-13 	-0.0013461742 	0.54968996
0.0011791792 	0.048590194 	-2.8047522e-13 	-0.0013387394 	0.54810398
0.0011831832 	0.048590138 	-3.1341713e-13 	-0.0013313046 	0.546518
0.0011871872 	0.048590082 	-3.4635905e-13 	-0.0013238698 	0.54493203
0.0011911912 	0.048590026 	-3.7930097e-13 	-0.001316435 	0.54334605
0.0011951952 	0.04858997 	-4.1224289e-13 	-0.0013090001 	0.54176007
0.0011991992 	0.048589914 	-4.451848e-13 	-0.0013015653 	0.5401741
0.0012032032 	0.048589858 	-4.7812672e-13 	-0.0012941305 	0.53858812
0.0012072072 	0.048589802 	-5.1106864e-13 	-0.0012866957 	0.53700214
0.0012112112 	0.048589746 	-5.4401055e-13 	-0.0012792609 	0.53541616
0.0012152152 	0.04858969 	-5.7695247e-13 	-0.0012718261 	0.53383019
0.0012192192 	0.048589634 	-6.0989439e-13 	-0.0012643913 	0.53224421
0.0012232232 	0.048589578 	-6.4283631e-13 	-0.0012569564 	0.53065823
0.0012272272 	0.04858952 	-6.7591174e-13 	-0.0012494594 	0.52907556
0.0012312312 	0.048589453 	-7.1000605e-13 	-0.0012414877 	0.52751813
0.0012352352 	0.048589386 	-7.4410036e-13 	-0.001233516 	0.52596071
0.0012392392 	0.048589319 	-7.7819468e-13 	-0.0012255443 	0.52440328
0.0012432432 	0.048589252 	-8.1228899e-13 	-0.0012175726 	0.52284585
0.0012472472 	0.048589185 	-8.463833e-13 	-0.0012096009 	0.52128842
0.0012512513 	0.048589118 	-8.8047762e-13 	-0.0012016292 	0.51973099
0.0012552553 	0.048589051 	-9.1457193e-13 	-0.0011936575 	0.51817356
0.0012592593 	0.048588984 	-9.4866624e-13 	-0.0011856858 	0.51661613
0.0012632633 	0.048588917 	-9.8276055e-13 	-0.0011777141 	0.5150587
0.0012672673 	0.04858885 	-1.0168549e-12 	-0.0011697424 	0.51350128
0.0012712713 	0.048588783 	-1.0509492e-12 	-0.0011617707 	0.51194385
0.0012752753 	0.048588716 	-1.0850435e-12 	-0.001153799 	0.51038642
0.0012792793 	0.048588649 	-1.1191378e-12 	-0.0011458273 	0.50882899
0.0012832833 	0.048588582 	-1.1532321e-12 	-0.0011378556 	0.50727156
0.0012872873 	0.048588514 	-1.1873264e-12 	-0.0011298839 	0.50571413
0.0012912913 	0.048588447 	-1.2214207e-12 	-0.0011219122 	0.5041567
0.0012952953 	0.048588387 	-1.2472236e-12 	-0.0011137949 	0.50248938
0.0012992993 	0.048588349 	-1.2472776e-12 	-0.0011052253 	0.50048077
0.0013033033 	0.048588311 	-1.2473316e-12 	-0.0010966558 	0.49847216
0.0013073073 	0.048588273 	-1.2473857e-12 	-0.0010880862 	0.49646355
0.0013113113 	0.048588235 	-1.2474397e-12 	-0.0010795167 	0.49445494
0.0013153153 	0.048588197 	-1.2474937e-12 	-0.0010709471 	0.49244633
0.0013193193 	0.048588159 	-1.2475478e-12 	-0.0010623776 	0.49043772
0.0013233233 	0.048588121 	-1.2476018e-12 	-0.001053808 	0.48842912
0.0013273273 	0.048588083 	-1.2476559e-12 	-0.0010452385 	0.48642051
0.0013313313 	0.048588045 	-1.2477099e-12 	-0.0010366689 	0.4844119
0.0013353353 	0.048588006 	-1.2477639e-12 	-0.0010280994 	0.48240329
0.0013393393 	0.048587968 	-1.247818e-12 	-0.0010195298 	0.48039468
0.0013433433 	0.04858793 	-1.247872e-12 	-0.0010109603 	0.47838607
0.0013473473 	0.048587892 	-1.247926e-12 	-0.0010023907 	0.47637747
0.0013513514 	0.048587854 	-1.2479801e-12 	-0.00099382117 	0.47436886
0.0013553554 	0.048587816 	-1.2480341e-12 	-0.00098525162 	0.47236025
0.0013593594 	0.048587778 	-1.2480881e-12 	-0.00097668207 	0.47035164
0.0013633634 	0.04858774 	-1.2481422e-12 	-0.00096811252 	0.46834303
0.0013673674 	0.048587699 	-1.2481879e-12 	-0.00095935749 	0.46633889
0.0013713714 	0.048587653 	-1.24821e-12 	-0.00095007604 	0.46434745
0.0013753754 	0.048587606 	-1.248232e-12 	-0.00094079459 	0.462356
0.0013793794 	0.048587559 	-1.2482541e-12 	-0.00093151314 	0.46036455
0.0013833834 	0.048587512 	-1.2482762e-12 	-0.00092223169 	0.45837311
0.0013873874 	0.048587466 	-1.2482982e-12 	-0.00091295023 	0.45638166
0.0013913914 	0.048587419 	-1.2483203e-12 	-0.00090366878 	0.45439021
0.0013953954 	0.048587372 	-1.2483424e-12 	-0.00089438733 	0.45239877
0.0013993994 	0.048587325 	-1.2483645e-12 	-0.00088510588 	0.45040732
0.0014034034 	0.048587278 	-1.2483865e-12 	-0.00087582443 	0.44841587
0.0014074074 	0.048587232 	-1.2484086e-12 	-0.00086654298 	0.44642443
0.0014114114 	0.048587185 	-1.2484307e-12 	-0.00085726153 	0.44443298
0.0014154154 	0.048587138 	-1.2484528e-12 	-0.00084798008 	0.44244153
0.0014194194 	0.048587091 	-1.2484748e-12 	-0.00083869863 	0.44045009
0.0014234234 	0.048587045 	-1.2484969e-12 	-0.00082941718 	0.43845864
0.0014274274 	0.048587006 	-1.249054e-12 	-0.00082042778 	0.43631474
0.0014314314 	0.048586979 	-1.2504618e-12 	-0.00081190278 	0.43392841
0.0014354354 	0.048586953 	-1.2518696e-12 	-0.00080337779 	0.43154208
0.0014394394 	0.048586927 	-1.2532775e-12 	-0.00079485279 	0.42915575
0.0014434434 	0.0485869 	-1.2546853e-12 	-0.00078632779 	0.42676942
0.0014474474 	0.048586874 	-1.2560931e-12 	-0.0007778028 	0.42438309
0.0014514515 	0.048586848 	-1.2575009e-12 	-0.0007692778 	0.42199676
0.0014554555 	0.048586821 	-1.2589088e-12 	-0.00076075281 	0.41961043
0.0014594595 	0.048586795 	-1.2603166e-12 	-0.00075222781 	0.4172241
0.0014634635 	0.048586769 	-1.2617244e-12 	-0.00074370281 	0.41483777
0.0014674675 	0.048586742 	-1.2631322e-12 	-0.00073517782 	0.41245144
0.0014714715 	0.048586716 	-1.2645401e-12 	-0.00072665282 	0.41006512
0.0014754755 	0.048586689 	-1.2659479e-12 	-0.00071812782 	0.40767879
0.0014794795 	0.048586663 	-1.2673557e-12 	-0.00070960283 	0.40529246
0.0014834835 	0.048586637 	-1.2687636e-12 	-0.00070107783 	0.40290613
0.0014874875 	0.04858661 	-1.2701714e-12 	-0.00069255284 	0.4005198
0.0014914915 	0.04858658 	-1.2474615e-12 	-0.00068362404 	0.39813635
0.0014954955 	0.048586547 	-1.2035685e-12 	-0.00067434057 	0.39575542
0.0014994995 	0.048586514 	-1.1596755e-12 	-0.00066505711 	0.3933745
0.0015035035 	0.048586481 	-1.1157825e-12 	-0.00065577364 	0.39099358
0.0015075075 	0.048586448 	-1.0718896e-12 	-0.00064649017 	0.38861265
0.0015115115 	0.048586415 	-1.0279966e-12 	-0.00063720671 	0.38623173
0.0015155155 	0.048586382 	-9.8410356e-13 	-0.00062792324 	0.38385081
0.0015195195 	0.048586349 	-9.4021056e-13 	-0.00061863977 	0.38146988
0.0015235235 	0.048586316 	-8.9631757e-13 	-0.00060935631 	0.37908896
0.0015275275 	0.048586283 	-8.5242457e-13 	-0.00060007284 	0.37670803
0.0015315315 	0.048586249 	-8.0853157e-13 	-0.00059078937 	0.37432711
0.0015355355 	0.048586216 	-7.6463858e-13 	-0.00058150591 	0.37194619
0.0015395395 	0.048586183 	-7.2074558e-13 	-0.00057222244 	0.36956526
0.0015435435 	0.048586155 	-7.0351354e-13 	-0.00056359935 	0.36704597
0.0015475475 	0.048586133 	-7.2322013e-13 	-0.0005558912 	0.36433497
0.0015515516 	0.048586112 	-7.4292671e-13 	-0.00054818305 	0.36162396
0.0015555556 	0.04858609 	-7.6263329e-13 	-0.00054047491 	0.35891296
0.0015595596 	0.048586069 	-7.8233988e-13 	-0.00053276676 	0.35620196
0.0015635636 	0.048586047 	-8.0204646e-13 	-0.00052505862 	0.35349095
0.0015675676 	0.048586025 	-8.2175304e-13 	-0.00051735047 	0.35077995
0.0015715716 	0.048586004 	-8.4145963e-13 	-0.00050964232 	0.34806894
0.0015755756 	0.048585982 	-8.6116621e-13 	-0.00050193418 	0.34535794
0.0015795796 	0.048585961 	-8.8087279e-13 	-0.00049422603 	0.34264694
0.0015835836 	0.048585939 	-9.0057938e-13 	-0.00048651789 	0.33993593
0.0015875876 	0.048585917 	-9.2028596e-13 	-0.00047880974 	0.33722493
0.0015915916 	0.048585896 	-9.3999254e-13 	-0.00047110159 	0.33451393
0.0015955956 	0.048585874 	-9.5969913e-13 	-0.00046339345 	0.33180292
0.0015995996 	0.04858585 	-9.7288368e-13 	-0.00045537015 	0.32908977
0.0016036036 	0.048585823 	-9.7785865e-13 	-0.00044695017 	0.3263739
0.0016076076 	0.048585796 	-9.8283362e-13 	-0.00043853019 	0.32365804
0.0016116116 	0.048585768 	-9.8780859e-13 	-0.00043011021 	0.32094218
0.0016156156 	0.048585741 	-9.9278356e-13 	-0.00042169023 	0.31822631
0.0016196196 	0.048585714 	-9.9775853e-13 	-0.00041327025 	0.31551045
0.0016236236 	0.048585687 	-1.0027335e-12 	-0.00040485027 	0.31279459
0.0016276276 	0.048585659 	-1.0077085e-12 	-0.00039643029 	0.31007872
0.0016316316 	0.048585632 	-1.0126834e-12 	-0.00038801031 	0.30736286
0.0016356356 	0.048585605 	-1.0176584e-12 	-0.00037959033 	0.304647
0.0016396396 	0.048585578 	-1.0226334e-12 	-0.00037117034 	0.30193113
0.0016436436 	0.048585551 	-1.0276083e-12 	-0.00036275036 	0.29921527
0.0016476476 	0.048585527 	-9.9320688e-13 	-0.00035605955 	0.29626171
0.0016516517 	0.048585505 	-9.5355006e-13 	-0.00034959953 	0.29327642
0.0016556557 	0.048585482 	-9.1389324e-13 	-0.0003431395 	0.29029114
0.0016596597 	0.04858546 	-8.7423642e-13 	-0.00033667947 	0.28730585
0.0016636637 	0.048585437 	-8.3457961e-13 	-0.00033021945 	0.28432057
0.0016676677 	0.048585414 	-7.9492279e-13 	-0.00032375942 	0.28133528
0.0016716717 	0.048585392 	-7.5526597e-13 	-0.0003172994 	0.27834999
0.0016756757 	0.048585369 	-7.1560915e-13 	-0.00031083937 	0.27536471
0.0016796797 	0.048585347 	-6.7595233e-13 	-0.00030437934 	0.27237942
0.0016836837 	0.048585324 	-6.3629551e-13 	-0.00029791932 	0.26939414
0.0016876877 	0.048585301 	-5.9663869e-13 	-0.00029145929 	0.26640885
0.0016916917 	0.048585279 	-5.5698187e-13 	-0.00028499926 	0.26342357
0.0016956957 	0.048585253 	-5.4272181e-13 	-0.00027819753 	0.26043094
0.0016996997 	0.048585226 	-5.4835884e-13 	-0.00027112808 	0.25743256
0.0017037037 	0.048585198 	-5.5399586e-13 	-0.00026405864 	0.25443418
0.0017077077 	0.04858517 	-5.5963289e-13 	-0.00025698919 	0.2514358
0.0017117117 	0.048585142 	-5.6526992e-13 	-0.00024991975 	0.24843742
0.0017157157 	0.048585114 	-5.7090695e-13 	-0.0002428503 	0.24543904
0.0017197197 	0.048585086 	-5.7654397e-13 	-0.00023578086 	0.24244066
0.0017237237 	0.048585058 	-5.82181e-13 	-0.00022871141 	0.23944228
0.0017277277 	0.048585031 	-5.8781803e-13 	-0.00022164196 	0.2364439
0.0017317317 	0.048585003 	-5.9345506e-13 	-0.00021457252 	0.23344552
0.0017357357 	0.048584975 	-5.9465029e-13 	-0.00020826224 	0.23036671
0.0017397397 	0.048584947 	-5.8825318e-13 	-0.00020324959 	0.22715042
0.0017437437 	0.048584919 	-5.8185608e-13 	-0.00019823695 	0.22393414
0.0017477477 	0.048584891 	-5.7545897e-13 	-0.0001932243 	0.22071786
0.0017517518 	0.048584863 	-5.6906186e-13 	-0.00018821166 	0.21750157
0.0017557558 	0.048584835 	-5.6266476e-13 	-0.00018319901 	0.21428529
0.0017597598 	0.048584807 	-5.5626765e-13 	-0.00017818637 	0.211069
0.0017637638 	0.048584779 	-5.4987054e-13 	-0.00017317372 	0.20785272
0.0017677678 	0.048584751 	-5.4347344e-13 	-0.00016816108 	0.20463643
0.0017717718 	0.048584723 	-5.3707633e-13 	-0.00016314843 	0.20142015
0.0017757758 	0.048584695 	-5.3067922e-13 	-0.00015813579 	0.19820386
0.0017797798 	0.048584664 	-5.3066257e-13 	-0.00015288027 	0.19497772
0.0017837838 	0.048584631 	-5.3686168e-13 	-0.00014738814 	0.19174197
0.0017877878 	0.048584597 	-5.4306079e-13 	-0.000141896 	0.18850622
0.0017917918 	0.048584564 	-5.492599e-13 	-0.00013640387 	0.18527047
0.0017957958 	0.04858453 	-5.5545901e-13 	-0.00013091174 	0.18203472
0.0017997998 	0.048584497 	-5.6165812e-13 	-0.00012541961 	0.17879897
0.0018038038 	0.048584463 	-5.6785723e-13 	-0.00011992748 	0.17556321
0.0018078078 	0.04858443 	-5.7405634e-13 	-0.00011443535 	0.17232746
0.0018118118 	0.048584396 	-5.8025545e-13 	-0.00010894322 	0.16909171
0.0018158158 	0.048584361 	-5.7943398e-13 	-0.00010449404 	0.16576409
0.0018198198 	0.048584324 	-5.7217602e-13 	-0.00010100104 	0.16235224
0.0018238238 	0.048584287 	-5.6491806e-13 	-9.7508032e-05 	0.15894039
0.0018278278 	0.04858425 	-5.5766011e-13 	-9.4015028e-05 	0.15552854
0.0018318318 	0.048584213 	-5.5040215e-13 	-9.0522025e-05 	0.15211669
0.0018358358 	0.048584176 	-5.4314419e-13 	-8.7029021e-05 	0.14870484
0.0018398398 	0.048584139 	-5.3588624e-13 	-8.3536018e-05 	0.14529299
0.0018438438 	0.048584102 	-5.2862828e-13 	-8.0043014e-05 	0.14188114
0.0018478478 	0.048584065 	-5.2137032e-13 	-7.6550011e-05 	0.13846929
0.0018518519 	0.048584028 	-5.1411237e-13 	-7.3057007e-05 	0.13505744
0.0018558559 	0.048583985 	-5.1370867e-13 	-6.9244059e-05 	0.13162254
0.0018598599 	0.048583941 	-5.1370112e-13 	-6.541262e-05 	0.12818631
0.0018638639 	0.048583898 	-5.1369356e-13 	-6.1581181e-05 	0.12475008
0.0018678679 	0.048583855 	-5.1368601e-13 	-5.7749742e-05 	0.12131385
0.0018718719 	0.048583812 	-5.1367846e-13 	-5.3918303e-05 	0.11787762
0.0018758759 	0.048583768 	-5.136709e-13 	-5.0086864e-05 	0.11444139
0.0018798799 	0.048583725 	-5.1366335e-13 	-4.6255424e-05 	0.11100516
0.0018838839 	0.048583682 	-5.132385e-13 	-4.2468563e-05 	0.10756544
0.0018878879 	0.04858364 	-4.9613565e-13 	-4.0463345e-05 	0.1039865
0.0018918919 	0.048583598 	-4.790328e-13 	-3.8458126e-05 	0.10040755
0.0018958959 	0.048583556 	-4.6192996e-13 	-3.6452908e-05 	0.096828601
0.0018998999 	0.048583514 	-4.4482711e-13 	-3.4447689e-05 	0.093249654
0.0019039039 	0.048583472 	-4.2772426e-13 	-3.244247e-05 	0.089670707
0.0019079079 	0.048583431 	-4.1062142e-13 	-3.0437252e-05 	0.08609176
0.0019119119 	0.048583389 	-3.9351857e-13 	-2.8432033e-05 	0.082512813
0.0019159159 	0.048583347 	-3.7641572e-13 	-2.6426815e-05 	0.078933866
0.0019199199 	0.048583301 	-3.617345e-13 	-2.4306113e-05 	0.07533848
0.0019239239 	0.048583253 	-3.4879258e-13 	-2.2102467e-05 	0.071731287
0.0019279279 	0.048583204 	-3.3585065e-13 	-1.9898822e-05 	0.068124094
0.0019319319 	0.048583156 	-3.2290873e-13 	-1.7695176e-05 	0.064516901
0.0019359359 	0.048583107 	-3.099668e-13 	-1.5491531e-05 	0.060909708
0.0019399399 	0.048583059 	-2.9702488e-13 	-1.3287885e-05 	0.057302515
0.0019439439 	0.04858301 	-2.8408295e-13 	-1.108424e-05 	0.053695322
0.0019479479 	0.048582992 	-2.6290522e-13 	-9.7719518e-06 	0.049956195
0.001951952 	0.048582993 	-2.3621288e-13 	-9.0565065e-06 	0.046128725
0.001955956 	0.048582994 	-2.0952054e-13 	-8.3410612e-06 	0.042301255
0.00195996 	0.048582995 	-1.828282e-13 	-7.6256159e-06 	0.038473785
0.001963964 	0.048582997 	-1.5613586e-13 	-6.9101706e-06 	0.034646315
0.001967968 	0.048582998 	-1.2944352e-13 	-6.1947253e-06 	0.030818845
0.001971972 	0.048582999 	-1.0275118e-13 	-5.4792799e-06 	0.026991375
0.001975976 	0.048583 	-7.8192431e-14 	-4.7518807e-06 	0.023158854
0.00197998 	0.048582998 	-6.5160359e-14 	-3.9599006e-06 	0.019299045
0.001983984 	0.048582996 	-5.2128287e-14 	-3.1679205e-06 	0.015439236
0.001987988 	0.048582995 	-3.9096215e-14 	-2.3759404e-06 	0.011579427
0.001991992 	0.048582993 	-2.6064144e-14 	-1.5839602e-06 	0.0077196181
0.001995996 	0.048582991 	-1.3032072e-14 	-7.9198012e-07 	0.0038598091
0.002 	0.04858299 	0 	0 	0
