-0.006 	-0.014426189 	0 	0 	0
-0.005987988 	-0.014426172 	-1.5924982e-08 	2.5642693e-07 	-0.00072368617
-0.005975976 	-0.014426155 	-3.1849964e-08 	5.1285387e-07 	-0.0014473723
-0.005963964 	-0.014426138 	-4.7774946e-08 	7.692808e-07 	-0.0021710585
-0.005951952 	-0.014426121 	-6.3699928e-08 	1.0257077e-06 	-0.0028947447
-0.0059399399 	-0.014426104 	-7.962491e-08 	1.2821347e-06 	-0.0036184308
-0.0059279279 	-0.014426087 	-9.5549892e-08 	1.5385616e-06 	-0.004342117
-0.0059159159 	-0.01442607 	-1.1147487e-07 	1.7949885e-06 	-0.0050658032
-0.0059039039 	-0.014426052 	-1.2754489e-07 	2.0423864e-06 	-0.0057912918
-0.0058918919 	-0.014426035 	-1.4410331e-07 	2.2593792e-06 	-0.0065228502
-0.0058798799 	-0.014426017 	-1.6066174e-07 	2.4763719e-06 	-0.0072544086
-0.0058678679 	-0.014426007 	-1.7625395e-07 	3.0997412e-06 	-0.0078992842
-0.0058558559 	-0.014425999 	-1.9172007e-07 	3.7761471e-06 	-0.0085328468
-0.0058438438 	-0.01442599 	-2.0718618e-07 	4.452553e-06 	-0.0091664093
-0.0058318318 	-0.014425981 	-2.226523e-07 	5.1289589e-06 	-0.0097999719
-0.0058198198 	-0.014425973 	-2.3811841e-07 	5.8053648e-06 	-0.010433534
-0.0058078078 	-0.014425964 	-2.5358453e-07 	6.4817707e-06 	-0.011067097
-0.0057957958 	-0.014425955 	-2.6905064e-07 	7.1581766e-06 	-0.01170066
-0.0057837838 	-0.014425947 	-2.8451676e-07 	7.8345825e-06 	-0.012334222
-0.0057717718 	-0.014425938 	-3.0002187e-07 	8.5042166e-06 	-0.012968273
-0.0057597598 	-0.014425931 	-3.1604687e-07 	9.0835674e-06 	-0.013608832
-0.0057477477 	-0.014425924 	-3.3207186e-07 	9.6629182e-06 	-0.014249391
-0.0057357357 	-0.014425917 	-3.478029e-07 	1.0457164e-05 	-0.014853996
-0.0057237237 	-0.014425911 	-3.6311174e-07 	1.1560037e-05 	-0.015406964
-0.0057117117 	-0.014425905 	-3.7842059e-07 	1.2662909e-05 	-0.015959933
-0.0056996997 	-0.014425899 	-3.9372944e-07 	1.3765781e-05 	-0.016512902
-0.0056876877 	-0.014425892 	-4.0903829e-07 	1.4868653e-05 	-0.017065871
-0.0056756757 	-0.014425886 	-4.2434713e-07 	1.5971525e-05 	-0.01761884
-0.0056636637 	-0.01442588 	-4.3965598e-07 	1.7074397e-05 	-0.018171809
-0.0056516517 	-0.014425874 	-4.5496483e-07 	1.817727e-05 	-0.018724778
-0.0056396396 	-0.014425868 	-4.7027368e-07 	1.9280142e-05 	-0.019277746
-0.0056276276 	-0.014425862 	-4.8558252e-07 	2.0383014e-05 	-0.019830715
-0.0056156156 	-0.014425856 	-5.0109956e-07 	2.1419432e-05 	-0.02038628
-0.0056036036 	-0.014425852 	-5.1691402e-07 	2.2360915e-05 	-0.020945552
-0.0055915916 	-0.014425847 	-5.3272847e-07 	2.3302399e-05 	-0.021504825
-0.0055795796 	-0.014425843 	-5.4823581e-07 	2.4446963e-05 	-0.022024475
-0.0055675676 	-0.014425841 	-5.6327331e-07 	2.5902192e-05 	-0.022483511
-0.0055555556 	-0.014425839 	-5.7831082e-07 	2.7357421e-05 	-0.022942548
-0.0055435435 	-0.014425837 	-5.9334832e-07 	2.8812651e-05 	-0.023401584
-0.0055315315 	-0.014425835 	-6.0838583e-07 	3.026788e-05 	-0.023860621
-0.0055195195 	-0.014425833 	-6.2342334e-07 	3.172311e-05 	-0.024319657
-0.0055075075 	-0.014425831 	-6.3846084e-07 	3.3178339e-05 	-0.024778694
-0.0054954955 	-0.014425829 	-6.5349835e-07 	3.4633568e-05 	-0.02523773
-0.0054834835 	-0.014425827 	-6.6853585e-07 	3.6088798e-05 	-0.025696767
-0.0054714715 	-0.014425825 	-6.8357336e-07 	3.7544027e-05 	-0.026155803
-0.0054594595 	-0.014425823 	-6.9861086e-07 	3.8999256e-05 	-0.02661484
-0.0054474474 	-0.014425821 	-7.1367344e-07 	4.0442476e-05 	-0.027074176
-0.0054354354 	-0.01442582 	-7.291785e-07 	4.1673731e-05 	-0.0275388
-0.0054234234 	-0.014425819 	-7.4468355e-07 	4.2904986e-05 	-0.028003423
-0.0054114114 	-0.014425818 	-7.6018861e-07 	4.4136241e-05 	-0.028468047
-0.0053993994 	-0.01442582 	-7.7512448e-07 	4.5648517e-05 	-0.028859566
-0.0053873874 	-0.014425822 	-7.8972892e-07 	4.7324421e-05 	-0.029208519
-0.0053753754 	-0.014425825 	-8.0433336e-07 	4.9000326e-05 	-0.029557471
-0.0053633634 	-0.014425828 	-8.1893781e-07 	5.067623e-05 	-0.029906424
-0.0053513514 	-0.014425831 	-8.3354225e-07 	5.2352135e-05 	-0.030255376
-0.0053393393 	-0.014425833 	-8.4814669e-07 	5.4028039e-05 	-0.030604329
-0.0053273273 	-0.014425836 	-8.6275114e-07 	5.5703944e-05 	-0.030953281
-0.0053153153 	-0.014425839 	-8.7735558e-07 	5.7379848e-05 	-0.031302234
-0.0053033033 	-0.014425842 	-8.9196002e-07 	5.9055753e-05 	-0.031651187
-0.0052912913 	-0.014425844 	-9.0656447e-07 	6.0731657e-05 	-0.032000139
-0.0052792793 	-0.014425847 	-9.2116891e-07 	6.2407562e-05 	-0.032349092
-0.0052672673 	-0.01442585 	-9.3577335e-07 	6.4083466e-05 	-0.032698044
-0.0052552553 	-0.014425852 	-9.503778e-07 	6.5759371e-05 	-0.033046997
-0.0052432432 	-0.014425856 	-9.6532483e-07 	6.7220526e-05 	-0.0333997
-0.0052312312 	-0.014425859 	-9.8037595e-07 	6.8616446e-05 	-0.033753543
-0.0052192192 	-0.014425862 	-9.9542706e-07 	7.0012365e-05 	-0.034107385
-0.0052072072 	-0.014425866 	-1.0104782e-06 	7.1408285e-05 	-0.034461228
-0.0051951952 	-0.014425874 	-1.0245479e-06 	7.3077558e-05 	-0.034695786
-0.0051831832 	-0.014425882 	-1.0384911e-06 	7.4782064e-05 	-0.03491497
-0.0051711712 	-0.01442589 	-1.0524343e-06 	7.6486571e-05 	-0.035134153
-0.0051591592 	-0.014425899 	-1.0663776e-06 	7.8191078e-05 	-0.035353336
-0.0051471471 	-0.014425907 	-1.0803208e-06 	7.9895585e-05 	-0.03557252
-0.0051351351 	-0.014425915 	-1.094264e-06 	8.1600092e-05 	-0.035791703
-0.0051231231 	-0.014425924 	-1.1082072e-06 	8.3304599e-05 	-0.036010886
-0.0051111111 	-0.014425932 	-1.1221505e-06 	8.5009105e-05 	-0.036230069
-0.0050990991 	-0.01442594 	-1.1360937e-06 	8.6713612e-05 	-0.036449253
-0.0050870871 	-0.014425949 	-1.1500369e-06 	8.8418119e-05 	-0.036668436
-0.0050750751 	-0.014425957 	-1.1639801e-06 	9.0122626e-05 	-0.036887619
-0.0050630631 	-0.014425966 	-1.1779234e-06 	9.1827133e-05 	-0.037106803
-0.0050510511 	-0.014425974 	-1.1918666e-06 	9.353164e-05 	-0.037325986
-0.005039039 	-0.014425982 	-1.2058098e-06 	9.5236146e-05 	-0.037545169
-0.005027027 	-0.014425991 	-1.2198844e-06 	9.6845472e-05 	-0.037765605
-0.005015015 	-0.014425999 	-1.2342763e-06 	9.8225004e-05 	-0.037989064
-0.005003003 	-0.014426008 	-1.2486682e-06 	9.9604537e-05 	-0.038212522
-0.004990991 	-0.014426016 	-1.2630601e-06 	0.00010098407 	-0.038435981
-0.004978979 	-0.014426025 	-1.277452e-06 	0.0001023636 	-0.03865944
-0.004966967 	-0.014426039 	-1.2905786e-06 	0.00010380638 	-0.038741977
-0.004954955 	-0.014426054 	-1.3035496e-06 	0.00010525694 	-0.038807171
-0.0049429429 	-0.014426069 	-1.3165205e-06 	0.0001067075 	-0.038872365
-0.0049309309 	-0.014426084 	-1.3294914e-06 	0.00010815806 	-0.038937558
-0.0049189189 	-0.014426099 	-1.3424623e-06 	0.00010960862 	-0.039002752
-0.0049069069 	-0.014426114 	-1.3554332e-06 	0.00011105918 	-0.039067946
-0.0048948949 	-0.014426129 	-1.3684041e-06 	0.00011250974 	-0.03913314
-0.0048828829 	-0.014426143 	-1.381375e-06 	0.0001139603 	-0.039198333
-0.0048708709 	-0.014426158 	-1.394346e-06 	0.00011541086 	-0.039263527
-0.0048588589 	-0.014426173 	-1.4073169e-06 	0.00011686142 	-0.039328721
-0.0048468468 	-0.014426188 	-1.4202878e-06 	0.00011831198 	-0.039393914
-0.0048348348 	-0.014426203 	-1.4332587e-06 	0.00011976255 	-0.039459108
-0.0048228228 	-0.014426218 	-1.4462296e-06 	0.00012121311 	-0.039524302
-0.0048108108 	-0.014426233 	-1.4592005e-06 	0.00012266367 	-0.039589496
-0.0047987988 	-0.014426248 	-1.4721715e-06 	0.00012411423 	-0.039654689
-0.0047867868 	-0.014426263 	-1.4851424e-06 	0.00012556479 	-0.039719883
-0.0047747748 	-0.014426278 	-1.4982768e-06 	0.00012689675 	-0.039786373
-0.0047627628 	-0.014426292 	-1.5117321e-06 	0.00012799587 	-0.039855407
-0.0047507508 	-0.014426307 	-1.5251874e-06 	0.00012909498 	-0.039924442
-0.0047387387 	-0.014426321 	-1.5386427e-06 	0.0001301941 	-0.039993476
-0.0047267267 	-0.014426336 	-1.552098e-06 	0.00013129322 	-0.040062511
-0.0047147147 	-0.014426353 	-1.5649131e-06 	0.00013228568 	-0.040066883
-0.0047027027 	-0.014426375 	-1.5765056e-06 	0.00013307445 	-0.039947775
-0.0046906907 	-0.014426397 	-1.5880981e-06 	0.00013386322 	-0.039828667
-0.0046786787 	-0.014426419 	-1.5996906e-06 	0.00013465198 	-0.039709559
-0.0046666667 	-0.014426441 	-1.6112831e-06 	0.00013544075 	-0.039590451
-0.0046546547 	-0.014426462 	-1.6228756e-06 	0.00013622952 	-0.039471343
-0.0046426426 	-0.014426484 	-1.6344681e-06 	0.00013701829 	-0.039352235
-0.0046306306 	-0.014426506 	-1.6460606e-06 	0.00013780706 	-0.039233127
-0.0046186186 	-0.014426528 	-1.6576531e-06 	0.00013859583 	-0.039114019
-0.0046066066 	-0.01442655 	-1.6692455e-06 	0.0001393846 	-0.038994911
-0.0045945946 	-0.014426572 	-1.680838e-06 	0.00014017337 	-0.038875803
-0.0045825826 	-0.014426594 	-1.6924305e-06 	0.00014096213 	-0.038756695
-0.0045705706 	-0.014426616 	-1.704023e-06 	0.0001417509 	-0.038637587
-0.0045585586 	-0.014426637 	-1.7156155e-06 	0.00014253967 	-0.038518479
-0.0045465465 	-0.014426659 	-1.727208e-06 	0.00014332844 	-0.038399371
-0.0045345345 	-0.014426681 	-1.7388005e-06 	0.00014411721 	-0.038280263
-0.0045225225 	-0.014426703 	-1.750393e-06 	0.00014490598 	-0.038161155
-0.0045105105 	-0.014426725 	-1.7619855e-06 	0.00014569475 	-0.038042047
-0.0044984985 	-0.014426747 	-1.773578e-06 	0.00014648352 	-0.037922939
-0.0044864865 	-0.014426768 	-1.7854989e-06 	0.0001470747 	-0.037805962
-0.0044744745 	-0.014426789 	-1.7976701e-06 	0.00014751529 	-0.037690608
-0.0044624625 	-0.01442681 	-1.8098413e-06 	0.00014795588 	-0.037575255
-0.0044504505 	-0.014426831 	-1.8220125e-06 	0.00014839647 	-0.037459902
-0.0044384384 	-0.014426852 	-1.8341838e-06 	0.00014883706 	-0.037344548
-0.0044264264 	-0.014426873 	-1.846355e-06 	0.00014927765 	-0.037229195
-0.0044144144 	-0.014426901 	-1.8563265e-06 	0.00014891326 	-0.036908675
-0.0044024024 	-0.014426929 	-1.8660617e-06 	0.00014846236 	-0.036566107
-0.0043903904 	-0.014426957 	-1.8757968e-06 	0.00014801146 	-0.036223538
-0.0043783784 	-0.014426985 	-1.8855319e-06 	0.00014756057 	-0.03588097
-0.0043663664 	-0.014427013 	-1.8952671e-06 	0.00014710967 	-0.035538402
-0.0043543544 	-0.014427041 	-1.9050022e-06 	0.00014665877 	-0.035195833
-0.0043423423 	-0.014427068 	-1.9147374e-06 	0.00014620788 	-0.034853265
-0.0043303303 	-0.014427096 	-1.9244725e-06 	0.00014575698 	-0.034510697
-0.0043183183 	-0.014427124 	-1.9342077e-06 	0.00014530609 	-0.034168129
-0.0043063063 	-0.014427152 	-1.9439428e-06 	0.00014485519 	-0.03382556
-0.0042942943 	-0.01442718 	-1.953678e-06 	0.00014440429 	-0.033482992
-0.0042822823 	-0.014427208 	-1.9634131e-06 	0.0001439534 	-0.033140424
-0.0042702703 	-0.014427236 	-1.9731482e-06 	0.0001435025 	-0.032797855
-0.0042582583 	-0.014427264 	-1.9828834e-06 	0.0001430516 	-0.032455287
-0.0042462462 	-0.014427292 	-1.9926185e-06 	0.00014260071 	-0.032112719
-0.0042342342 	-0.01442732 	-2.0023537e-06 	0.00014214981 	-0.03177015
-0.0042222222 	-0.014427348 	-2.0120888e-06 	0.00014169892 	-0.031427582
-0.0042102102 	-0.014427376 	-2.021824e-06 	0.00014124802 	-0.031085014
-0.0041981982 	-0.014427404 	-2.0315591e-06 	0.00014079712 	-0.030742446
-0.0041861862 	-0.014427432 	-2.0412942e-06 	0.00014034623 	-0.030399877
-0.0041741742 	-0.01442746 	-2.0510294e-06 	0.00013989533 	-0.030057309
-0.0041621622 	-0.014427487 	-2.0612259e-06 	0.00013926286 	-0.02971738
-0.0041501502 	-0.014427514 	-2.0717238e-06 	0.00013851177 	-0.029379176
-0.0041381381 	-0.014427541 	-2.0822216e-06 	0.00013776068 	-0.029040971
-0.0041261261 	-0.014427567 	-2.0927195e-06 	0.0001370096 	-0.028702766
-0.0041141141 	-0.014427594 	-2.1032174e-06 	0.00013625851 	-0.028364562
-0.0041021021 	-0.014427621 	-2.1137152e-06 	0.00013550742 	-0.028026357
-0.0040900901 	-0.014427648 	-2.1236856e-06 	0.00013444171 	-0.027637662
-0.0040780781 	-0.01442768 	-2.1312458e-06 	0.00013193829 	-0.027018242
-0.0040660661 	-0.014427711 	-2.1388059e-06 	0.00012943486 	-0.026398822
-0.0040540541 	-0.014427742 	-2.1463661e-06 	0.00012693143 	-0.025779403
-0.004042042 	-0.014427774 	-2.1539263e-06 	0.000124428 	-0.025159983
-0.00403003 	-0.014427805 	-2.1614864e-06 	0.00012192457 	-0.024540564
-0.004018018 	-0.014427836 	-2.1690466e-06 	0.00011942114 	-0.023921144
-0.004006006 	-0.014427868 	-2.1766067e-06 	0.00011691772 	-0.023301724
-0.003993994 	-0.014427899 	-2.1841669e-06 	0.00011441429 	-0.022682305
-0.003981982 	-0.01442793 	-2.191727e-06 	0.00011191086 	-0.022062885
-0.00396997 	-0.014427961 	-2.1992872e-06 	0.00010940743 	-0.021443466
-0.003957958 	-0.014427993 	-2.2068473e-06 	0.000106904 	-0.020824046
-0.0039459459 	-0.014428024 	-2.2144075e-06 	0.00010440058 	-0.020204626
-0.0039339339 	-0.014428055 	-2.2219677e-06 	0.00010189715 	-0.019585207
-0.0039219219 	-0.014428087 	-2.2295278e-06 	9.939372e-05 	-0.018965787
-0.0039099099 	-0.014428118 	-2.237088e-06 	9.6890292e-05 	-0.018346368
-0.0038978979 	-0.014428149 	-2.2446481e-06 	9.4386864e-05 	-0.017726948
-0.0038858859 	-0.014428181 	-2.2522083e-06 	9.1883436e-05 	-0.017107529
-0.0038738739 	-0.014428212 	-2.2597684e-06 	8.9380008e-05 	-0.016488109
-0.0038618619 	-0.014428243 	-2.2673286e-06 	8.687658e-05 	-0.015868689
-0.0038498498 	-0.014428274 	-2.2748887e-06 	8.4373152e-05 	-0.01524927
-0.0038378378 	-0.014428306 	-2.2824489e-06 	8.1869724e-05 	-0.01462985
-0.0038258258 	-0.014428337 	-2.2900091e-06 	7.9366296e-05 	-0.014010431
-0.0038138138 	-0.014428368 	-2.2975692e-06 	7.6862868e-05 	-0.013391011
-0.0038018018 	-0.0144284 	-2.3051493e-06 	7.4355469e-05 	-0.012771726
-0.0037897898 	-0.01442843 	-2.313664e-06 	7.1661623e-05 	-0.012158782
-0.0037777778 	-0.01442846 	-2.3221788e-06 	6.8967778e-05 	-0.011545838
-0.0037657658 	-0.014428489 	-2.3306935e-06 	6.6273933e-05 	-0.010932894
-0.0037537538 	-0.014428519 	-2.3392082e-06 	6.3580087e-05 	-0.010319949
-0.0037417417 	-0.014428549 	-2.347723e-06 	6.0886242e-05 	-0.009707005
-0.0037297297 	-0.014428579 	-2.3562377e-06 	5.8192397e-05 	-0.0090940607
-0.0037177177 	-0.014428609 	-2.3647525e-06 	5.5498551e-05 	-0.0084811164
-0.0037057057 	-0.014428639 	-2.3715909e-06 	5.0446418e-05 	-0.0076027553
-0.0036936937 	-0.014428669 	-2.3778171e-06 	4.4533178e-05 	-0.0066274799
-0.0036816817 	-0.0144287 	-2.3840434e-06 	3.8619938e-05 	-0.0056522044
-0.0036696697 	-0.01442873 	-2.3902697e-06 	3.2706698e-05 	-0.004676929
-0.0036576577 	-0.01442876 	-2.396496e-06 	2.6793458e-05 	-0.0037016535
-0.0036456456 	-0.01442879 	-2.4027223e-06 	2.0880219e-05 	-0.0027263781
-0.0036336336 	-0.01442882 	-2.4089486e-06 	1.4966979e-05 	-0.0017511026
-0.0036216216 	-0.01442885 	-2.4151748e-06 	9.0537389e-06 	-0.00077582716
-0.0036096096 	-0.014428881 	-2.4214011e-06 	3.1404991e-06 	0.0001994483
-0.0035975976 	-0.014428911 	-2.4276274e-06 	-2.7727407e-06 	0.0011747238
-0.0035855856 	-0.014428941 	-2.4338537e-06 	-8.6859806e-06 	0.0021499992
-0.0035735736 	-0.014428971 	-2.44008e-06 	-1.459922e-05 	0.0031252747
-0.0035615616 	-0.014429001 	-2.4463063e-06 	-2.051246e-05 	0.0041005501
-0.0035495495 	-0.014429031 	-2.4525325e-06 	-2.64257e-05 	0.0050758256
-0.0035375375 	-0.014429061 	-2.4587588e-06 	-3.233894e-05 	0.006051101
-0.0035255255 	-0.014429092 	-2.4649851e-06 	-3.825218e-05 	0.0070263765
-0.0035135135 	-0.014429122 	-2.4712114e-06 	-4.4165419e-05 	0.0080016519
-0.0035015015 	-0.014429152 	-2.4774377e-06 	-5.0078659e-05 	0.0089769274
-0.0034894895 	-0.014429182 	-2.483664e-06 	-5.5991899e-05 	0.0099522028
-0.0034774775 	-0.014429212 	-2.4898902e-06 	-6.1905139e-05 	0.010927478
-0.0034654655 	-0.014429242 	-2.4961165e-06 	-6.7818379e-05 	0.011902754
-0.0034534535 	-0.014429273 	-2.5023428e-06 	-7.3731619e-05 	0.012878029
-0.0034414414 	-0.014429303 	-2.5085691e-06 	-7.9644858e-05 	0.013853305
-0.0034294294 	-0.014429333 	-2.5147954e-06 	-8.5558098e-05 	0.01482858
-0.0034174174 	-0.014429363 	-2.5210217e-06 	-9.1471338e-05 	0.015803856
-0.0034054054 	-0.014429393 	-2.5272479e-06 	-9.7384578e-05 	0.016779131
-0.0033933934 	-0.014429423 	-2.5334742e-06 	-0.00010329782 	0.017754406
-0.0033813814 	-0.014429453 	-2.5399289e-06 	-0.00010919796 	0.018725655
-0.0033693694 	-0.014429482 	-2.5468492e-06 	-0.00011507139 	0.01968869
-0.0033573574 	-0.014429511 	-2.5537695e-06 	-0.00012094482 	0.020651725
-0.0033453453 	-0.014429539 	-2.5606899e-06 	-0.00012681824 	0.021614761
-0.0033333333 	-0.014429568 	-2.5676102e-06 	-0.00013269167 	0.022577796
-0.0033213213 	-0.014429597 	-2.5745306e-06 	-0.0001385651 	0.023540832
-0.0033093093 	-0.014429626 	-2.5814509e-06 	-0.00014443853 	0.024503867
-0.0032972973 	-0.014429655 	-2.5883712e-06 	-0.00015031196 	0.025466902
-0.0032852853 	-0.014429682 	-2.5952268e-06 	-0.00015625049 	0.026435416
-0.0032732733 	-0.014429695 	-2.6010987e-06 	-0.0001631778 	0.02748713
-0.0032612613 	-0.014429707 	-2.6069706e-06 	-0.00017010511 	0.028538844
-0.0032492492 	-0.014429719 	-2.6128425e-06 	-0.00017703242 	0.029590559
-0.0032372372 	-0.014429732 	-2.6187144e-06 	-0.00018395973 	0.030642273
-0.0032252252 	-0.014429744 	-2.6245862e-06 	-0.00019088703 	0.031693987
-0.0032132132 	-0.014429756 	-2.6304581e-06 	-0.00019781434 	0.032745701
-0.0032012012 	-0.014429769 	-2.63633e-06 	-0.00020474165 	0.033797415
-0.0031891892 	-0.014429781 	-2.6422019e-06 	-0.00021166896 	0.034849129
-0.0031771772 	-0.014429793 	-2.6480738e-06 	-0.00021859627 	0.035900844
-0.0031651652 	-0.014429806 	-2.6539457e-06 	-0.00022552358 	0.036952558
-0.0031531532 	-0.014429818 	-2.6598176e-06 	-0.00023245088 	0.038004272
-0.0031411411 	-0.01442983 	-2.6656895e-06 	-0.00023937819 	0.039055986
-0.0031291291 	-0.014429843 	-2.6715614e-06 	-0.0002463055 	0.0401077
-0.0031171171 	-0.014429855 	-2.6774333e-06 	-0.00025323281 	0.041159415
-0.0031051051 	-0.014429867 	-2.6833052e-06 	-0.00026016012 	0.042211129
-0.0030930931 	-0.01442988 	-2.689177e-06 	-0.00026708743 	0.043262843
-0.0030810811 	-0.014429892 	-2.6950489e-06 	-0.00027401473 	0.044314557
-0.0030690691 	-0.014429904 	-2.7009208e-06 	-0.00028094204 	0.045366271
-0.0030570571 	-0.014429917 	-2.7067927e-06 	-0.00028786935 	0.046417985
-0.003045045 	-0.014429929 	-2.7126646e-06 	-0.00029479666 	0.0474697
-0.003033033 	-0.014429941 	-2.7185365e-06 	-0.00030172397 	0.048521414
-0.003021021 	-0.014429954 	-2.7244084e-06 	-0.00030865128 	0.049573128
-0.003009009 	-0.014429966 	-2.7302803e-06 	-0.00031557858 	0.050624842
-0.002996997 	-0.014429978 	-2.7361522e-06 	-0.00032250589 	0.051676556
-0.002984985 	-0.014429991 	-2.7420241e-06 	-0.0003294332 	0.05272827
-0.002972973 	-0.014430003 	-2.747896e-06 	-0.00033636051 	0.053779985
-0.002960961 	-0.014430015 	-2.7537678e-06 	-0.00034328782 	0.054831699
-0.0029489489 	-0.014430028 	-2.7596397e-06 	-0.00035021513 	0.055883413
-0.0029369369 	-0.01443004 	-2.7655116e-06 	-0.00035714244 	0.056935127
-0.0029249249 	-0.014430052 	-2.7713835e-06 	-0.00036406974 	0.057986841
-0.0029129129 	-0.014430065 	-2.7772554e-06 	-0.00037099705 	0.059038556
-0.0029009009 	-0.014430078 	-2.7830156e-06 	-0.00037769598 	0.060073094
-0.0028888889 	-0.014430091 	-2.7887733e-06 	-0.00038438968 	0.061107239
-0.0028768769 	-0.014430104 	-2.794531e-06 	-0.00039108338 	0.062141385
-0.0028648649 	-0.014430117 	-2.8002887e-06 	-0.00039777709 	0.06317553
-0.0028528529 	-0.01443013 	-2.8060464e-06 	-0.00040447079 	0.064209675
-0.0028408408 	-0.014430143 	-2.811804e-06 	-0.00041116449 	0.065243821
-0.0028288288 	-0.014430156 	-2.8175617e-06 	-0.00041785819 	0.066277966
-0.0028168168 	-0.014430169 	-2.8233194e-06 	-0.00042455189 	0.067312112
-0.0028048048 	-0.014430182 	-2.8290771e-06 	-0.0004312456 	0.068346257
-0.0027927928 	-0.014430121 	-2.8470626e-06 	-0.00045100864 	0.071462098
-0.0027807808 	-0.014430012 	-2.8732001e-06 	-0.00047948458 	0.075965737
-0.0027687688 	-0.014429902 	-2.8993375e-06 	-0.00050796052 	0.080469375
-0.0027567568 	-0.014429792 	-2.9254749e-06 	-0.00053643646 	0.084973013
-0.0027447447 	-0.014429686 	-2.9507362e-06 	-0.0005644221 	0.089432493
-0.0027327327 	-0.014429588 	-2.973874e-06 	-0.00059121939 	0.093784948
-0.0027207207 	-0.014429562 	-2.9812059e-06 	-0.00060275564 	0.095686446
-0.0027087087 	-0.014429539 	-2.9880192e-06 	-0.00061379107 	0.097507513
-0.0026966967 	-0.014429515 	-2.9948325e-06 	-0.00062482651 	0.099328579
-0.0026846847 	-0.014429492 	-3.0016457e-06 	-0.00063586194 	0.10114965
-0.0026726727 	-0.014429468 	-3.0083805e-06 	-0.00064685577 	0.10296736
-0.0026606607 	-0.014429449 	-3.0142327e-06 	-0.00065738197 	0.10474735
-0.0026486486 	-0.014429425 	-3.0189452e-06 	-0.00066837904 	0.10660686
-0.0026366366 	-0.014429398 	-3.0228326e-06 	-0.00067971705 	0.10852394
-0.0026246246 	-0.014429371 	-3.0267199e-06 	-0.00069105506 	0.11044103
-0.0026126126 	-0.014429344 	-3.0306073e-06 	-0.00070239307 	0.11235811
-0.0026006006 	-0.014429317 	-3.0344946e-06 	-0.00071373108 	0.1142752
-0.0025885886 	-0.014429291 	-3.0383489e-06 	-0.00072505006 	0.11619066
-0.0025765766 	-0.014429266 	-3.041347e-06 	-0.00073587667 	0.11806401
-0.0025645646 	-0.014429238 	-3.0438165e-06 	-0.00074695273 	0.11998881
-0.0025525526 	-0.014429203 	-3.0452311e-06 	-0.00075852659 	0.12201628
-0.0025405405 	-0.014429169 	-3.0466456e-06 	-0.00077010044 	0.12404376
-0.0025285285 	-0.014429134 	-3.0480602e-06 	-0.0007816743 	0.12607123
-0.0025165165 	-0.014429099 	-3.0494748e-06 	-0.00079324816 	0.12809871
-0.0025045045 	-0.014429064 	-3.0508893e-06 	-0.00080482201 	0.13012618
-0.0024924925 	-0.014429029 	-3.0522624e-06 	-0.0008163715 	0.13215148
-0.0024804805 	-0.014428997 	-3.0527854e-06 	-0.00082742149 	0.13413203
-0.0024684685 	-0.014428964 	-3.0531684e-06 	-0.00083854173 	0.13613237
-0.0024564565 	-0.014428921 	-3.0524666e-06 	-0.00085020611 	0.13828594
-0.0024444444 	-0.014428878 	-3.0517648e-06 	-0.00086187049 	0.14043951
-0.0024324324 	-0.014428835 	-3.051063e-06 	-0.00087353486 	0.14259308
-0.0024204204 	-0.014428792 	-3.0503612e-06 	-0.00088519924 	0.14474665
-0.0024084084 	-0.014428749 	-3.0496594e-06 	-0.00089686362 	0.14690022
-0.0023963964 	-0.014428706 	-3.0489576e-06 	-0.00090852799 	0.14905379
-0.0023843844 	-0.014428663 	-3.0482558e-06 	-0.00092019237 	0.15120735
-0.0023723724 	-0.014428623 	-3.0466491e-06 	-0.00093133784 	0.15331112
-0.0023603604 	-0.014428583 	-3.0450265e-06 	-0.00094247412 	0.15541401
-0.0023483483 	-0.014428534 	-3.0426491e-06 	-0.00095391388 	0.15766937
-0.0023363363 	-0.014428483 	-3.0400722e-06 	-0.00096543385 	0.15996504
-0.0023243243 	-0.014428431 	-3.0374953e-06 	-0.00097695382 	0.16226071
-0.0023123123 	-0.014428379 	-3.0349184e-06 	-0.0009884738 	0.16455638
-0.0023003003 	-0.014428328 	-3.0323415e-06 	-0.00099999377 	0.16685205
-0.0022882883 	-0.014428276 	-3.0297646e-06 	-0.0010115137 	0.16914772
-0.0022762763 	-0.014428225 	-3.0271877e-06 	-0.0010230337 	0.17144339
-0.0022642643 	-0.014428173 	-3.0246108e-06 	-0.0010345537 	0.17373906
-0.0022522523 	-0.014428124 	-3.0213908e-06 	-0.0010457124 	0.17599616
-0.0022402402 	-0.014428076 	-3.0178968e-06 	-0.0010567172 	0.17823683
-0.0022282282 	-0.014428025 	-3.0142122e-06 	-0.0010677181 	0.18052294
-0.0022162162 	-0.014427963 	-3.0098326e-06 	-0.001078705 	0.18297469
-0.0022042042 	-0.014427902 	-3.0054531e-06 	-0.0010896919 	0.18542644
-0.0021921922 	-0.014427841 	-3.0010735e-06 	-0.0011006787 	0.18787819
-0.0021801802 	-0.01442778 	-2.9966939e-06 	-0.0011116656 	0.19032994
-0.0021681682 	-0.014427719 	-2.9923144e-06 	-0.0011226525 	0.19278169
-0.0021561562 	-0.014427658 	-2.9879348e-06 	-0.0011336394 	0.19523344
-0.0021441441 	-0.014427597 	-2.9835552e-06 	-0.0011446263 	0.19768519
-0.0021321321 	-0.014427536 	-2.9791756e-06 	-0.0011556131 	0.20013694
-0.0021201201 	-0.014427475 	-2.9747643e-06 	-0.0011665814 	0.20258636
-0.0021081081 	-0.014427417 	-2.9695715e-06 	-0.0011770917 	0.20497843
-0.0020960961 	-0.01442736 	-2.9643787e-06 	-0.001187602 	0.20737051
-0.0020840841 	-0.014427299 	-2.9589389e-06 	-0.0011979637 	0.20981141
-0.0020720721 	-0.014427228 	-2.9526192e-06 	-0.0012077958 	0.21242636
-0.0020600601 	-0.014427157 	-2.9462994e-06 	-0.0012176279 	0.2150413
-0.002048048 	-0.014427086 	-2.9399797e-06 	-0.00122746 	0.21765624
-0.002036036 	-0.014427015 	-2.9336599e-06 	-0.0012372921 	0.22027119
-0.002024024 	-0.014426944 	-2.9273402e-06 	-0.0012471243 	0.22288613
-0.002012012 	-0.014426873 	-2.9210204e-06 	-0.0012569564 	0.22550107
-0.002 	-0.014426802 	-2.9147007e-06 	-0.0012667885 	0.22811602
-0.001987988 	-0.014426731 	-2.9083809e-06 	-0.0012766206 	0.23073096
-0.001975976 	-0.01442666 	-2.9020612e-06 	-0.0012864527 	0.2333459
-0.001963964 	-0.014426589 	-2.8957414e-06 	-0.0012962848 	0.23596085
-0.001951952 	-0.014426521 	-2.8889658e-06 	-0.0013057928 	0.23852377
-0.0019399399 	-0.014426453 	-2.8820836e-06 	-0.0013152249 	0.24107453
-0.0019279279 	-0.014426386 	-2.8752014e-06 	-0.001324657 	0.24362528
-0.0019159159 	-0.014426311 	-2.8672816e-06 	-0.0013330509 	0.24630968
-0.0019039039 	-0.01442623 	-2.8587032e-06 	-0.0013407858 	0.2490789
-0.0018918919 	-0.01442615 	-2.8501248e-06 	-0.0013485207 	0.25184813
-0.0018798799 	-0.01442607 	-2.8415464e-06 	-0.0013562555 	0.25461735
-0.0018678679 	-0.014425989 	-2.832968e-06 	-0.0013639904 	0.25738657
-0.0018558559 	-0.014425909 	-2.8243897e-06 	-0.0013717253 	0.2601558
-0.0018438438 	-0.014425829 	-2.8158113e-06 	-0.0013794602 	0.26292502
-0.0018318318 	-0.014425748 	-2.8072329e-06 	-0.0013871951 	0.26569424
-0.0018198198 	-0.014425668 	-2.7986545e-06 	-0.00139493 	0.26846347
-0.0018078078 	-0.014425588 	-2.7900761e-06 	-0.0014026649 	0.27123269
-0.0017957958 	-0.014425507 	-2.7814977e-06 	-0.0014103998 	0.27400191
-0.0017837838 	-0.014425427 	-2.7729193e-06 	-0.0014181347 	0.27677114
-0.0017717718 	-0.01442535 	-2.7642e-06 	-0.0014256516 	0.27948609
-0.0017597598 	-0.014425273 	-2.7554466e-06 	-0.0014331156 	0.28218791
-0.0017477477 	-0.014425196 	-2.7466932e-06 	-0.0014405797 	0.28488972
-0.0017357357 	-0.014425118 	-2.7375179e-06 	-0.001447493 	0.2876236
-0.0017237237 	-0.014425031 	-2.7263775e-06 	-0.0014518407 	0.29050688
-0.0017117117 	-0.014424945 	-2.7152371e-06 	-0.0014561884 	0.29339015
-0.0016996997 	-0.014424858 	-2.7040967e-06 	-0.0014605361 	0.29627343
-0.0016876877 	-0.014424772 	-2.6929563e-06 	-0.0014648838 	0.2991567
-0.0016756757 	-0.014424685 	-2.6818158e-06 	-0.0014692315 	0.30203998
-0.0016636637 	-0.014424598 	-2.6706754e-06 	-0.0014735792 	0.30492325
-0.0016516517 	-0.014424512 	-2.659535e-06 	-0.0014779269 	0.30780653
-0.0016396396 	-0.014424425 	-2.6483946e-06 	-0.0014822746 	0.3106898
-0.0016276276 	-0.014424339 	-2.6372541e-06 	-0.0014866223 	0.31357308
-0.0016156156 	-0.014424252 	-2.6261137e-06 	-0.0014909701 	0.31645635
-0.0016036036 	-0.014424166 	-2.6149733e-06 	-0.0014953178 	0.31933963
-0.0015915916 	-0.014424079 	-2.6038329e-06 	-0.0014996655 	0.3222229
-0.0015795796 	-0.014423992 	-2.5926925e-06 	-0.0015040132 	0.32510618
-0.0015675676 	-0.014423909 	-2.5817505e-06 	-0.001508298 	0.3279367
-0.0015555556 	-0.014423825 	-2.5708631e-06 	-0.0015125655 	0.3307527
-0.0015435435 	-0.014423742 	-2.5599757e-06 	-0.001516833 	0.3335687
-0.0015315315 	-0.014423659 	-2.5490883e-06 	-0.0015211005 	0.33638471
-0.0015195195 	-0.01442357 	-2.5364471e-06 	-0.0015219635 	0.33926126
-0.0015075075 	-0.014423477 	-2.5229366e-06 	-0.0015211388 	0.34216781
-0.0014954955 	-0.014423385 	-2.5094261e-06 	-0.0015203142 	0.34507437
-0.0014834835 	-0.014423292 	-2.4959155e-06 	-0.0015194895 	0.34798093
-0.0014714715 	-0.0144232 	-2.482405e-06 	-0.0015186649 	0.35088749
-0.0014594595 	-0.014423108 	-2.4688945e-06 	-0.0015178402 	0.35379405
-0.0014474474 	-0.014423015 	-2.455384e-06 	-0.0015170156 	0.35670061
-0.0014354354 	-0.014422923 	-2.4418735e-06 	-0.001516191 	0.35960716
-0.0014234234 	-0.014422831 	-2.428363e-06 	-0.0015153663 	0.36251372
-0.0014114114 	-0.014422738 	-2.4148524e-06 	-0.0015145417 	0.36542028
-0.0013993994 	-0.014422646 	-2.4013419e-06 	-0.001513717 	0.36832684
-0.0013873874 	-0.014422553 	-2.3878314e-06 	-0.0015128924 	0.3712334
-0.0013753754 	-0.014422461 	-2.3743209e-06 	-0.0015120678 	0.37413996
-0.0013633634 	-0.014422369 	-2.3608104e-06 	-0.0015112431 	0.37704651
-0.0013513514 	-0.014422276 	-2.3472998e-06 	-0.0015104185 	0.37995307
-0.0013393393 	-0.014422185 	-2.3340499e-06 	-0.0015096778 	0.38283062
-0.0013273273 	-0.014422096 	-2.3210852e-06 	-0.0015090291 	0.38567639
-0.0013153153 	-0.014422007 	-2.3081206e-06 	-0.0015083804 	0.38852217
-0.0013033033 	-0.014421917 	-2.2951559e-06 	-0.0015077317 	0.39136794
-0.0012912913 	-0.014421828 	-2.2821913e-06 	-0.0015070829 	0.39421372
-0.0012792793 	-0.014421741 	-2.2650088e-06 	-0.0014995723 	0.3974414
-0.0012672673 	-0.014421655 	-2.2468298e-06 	-0.0014904405 	0.40075931
-0.0012552553 	-0.014421569 	-2.2286507e-06 	-0.0014813087 	0.40407721
-0.0012432432 	-0.014421482 	-2.2104717e-06 	-0.0014721769 	0.40739512
-0.0012312312 	-0.014421396 	-2.1922927e-06 	-0.0014630451 	0.41071303
-0.0012192192 	-0.01442131 	-2.1741137e-06 	-0.0014539133 	0.41403094
-0.0012072072 	-0.014421224 	-2.1559347e-06 	-0.0014447814 	0.41734884
-0.0011951952 	-0.014421137 	-2.1377556e-06 	-0.0014356496 	0.42066675
-0.0011831832 	-0.014421051 	-2.1195766e-06 	-0.0014265178 	0.42398466
-0.0011711712 	-0.014420965 	-2.1013976e-06 	-0.001417386 	0.42730256
-0.0011591592 	-0.014420879 	-2.0832186e-06 	-0.0014082542 	0.43062047
-0.0011471471 	-0.014420792 	-2.0650396e-06 	-0.0013991224 	0.43393838
-0.0011351351 	-0.014420706 	-2.0468605e-06 	-0.0013899906 	0.43725629
-0.0011231231 	-0.01442062 	-2.0286815e-06 	-0.0013808588 	0.44057419
-0.0011111111 	-0.014420534 	-2.0105025e-06 	-0.001371727 	0.4438921
-0.0010990991 	-0.014420447 	-1.9923235e-06 	-0.0013625952 	0.44721001
-0.0010870871 	-0.014420361 	-1.9741445e-06 	-0.0013534634 	0.45052791
-0.0010750751 	-0.014420275 	-1.9562992e-06 	-0.0013445963 	0.4538228
-0.0010630631 	-0.014420189 	-1.9386984e-06 	-0.0013359232 	0.45710081
-0.0010510511 	-0.014420103 	-1.9210976e-06 	-0.0013272501 	0.46037883
-0.001039039 	-0.014420017 	-1.9034968e-06 	-0.0013185769 	0.46365685
-0.001027027 	-0.014419931 	-1.8858959e-06 	-0.0013099038 	0.46693487
-0.001015015 	-0.014419857 	-1.8700972e-06 	-0.0013002501 	0.46982038
-0.001003003 	-0.014419815 	-1.8588913e-06 	-0.0012880972 	0.47170554
-0.00099099099 	-0.014419772 	-1.8476854e-06 	-0.0012759443 	0.4735907
-0.00097897898 	-0.01441973 	-1.8364796e-06 	-0.0012637914 	0.47547586
-0.00096696697 	-0.014419687 	-1.8252737e-06 	-0.0012516384 	0.47736103
-0.00095495495 	-0.014419644 	-1.8140678e-06 	-0.0012394855 	0.47924619
-0.00094294294 	-0.014419602 	-1.8028619e-06 	-0.0012273326 	0.48113135
-0.00093093093 	-0.014419559 	-1.791656e-06 	-0.0012151797 	0.48301651
-0.00091891892 	-0.014419517 	-1.7804502e-06 	-0.0012030268 	0.48490167
-0.00090690691 	-0.014419474 	-1.7692443e-06 	-0.0011908739 	0.48678684
-0.00089489489 	-0.014419432 	-1.7579788e-06 	-0.0011786477 	0.48867724
-0.00088288288 	-0.014419389 	-1.7465234e-06 	-0.0011661875 	0.49058438
-0.00087087087 	-0.014419347 	-1.7350679e-06 	-0.0011537272 	0.49249152
-0.00085885886 	-0.014419304 	-1.7236124e-06 	-0.001141267 	0.49439865
-0.00084684685 	-0.014419262 	-1.712157e-06 	-0.0011288067 	0.49630579
-0.00083483483 	-0.014419219 	-1.7007015e-06 	-0.0011163465 	0.49821293
-0.00082282282 	-0.014419177 	-1.689246e-06 	-0.0011038862 	0.50012007
-0.00081081081 	-0.014419135 	-1.6777906e-06 	-0.001091426 	0.5020272
-0.0007987988 	-0.014419092 	-1.6663351e-06 	-0.0010789658 	0.50393434
-0.00078678679 	-0.01441905 	-1.6548796e-06 	-0.0010665055 	0.50584148
-0.00077477477 	-0.014419007 	-1.6434242e-06 	-0.0010540453 	0.50774862
-0.00076276276 	-0.014418965 	-1.6319687e-06 	-0.001041585 	0.50965575
-0.00075075075 	-0.014418922 	-1.6205132e-06 	-0.0010291248 	0.51156289
-0.00073873874 	-0.01441888 	-1.6090578e-06 	-0.0010166645 	0.51347003
-0.00072672673 	-0.014418838 	-1.5976023e-06 	-0.0010042043 	0.51537717
-0.00071471471 	-0.014418795 	-1.5861468e-06 	-0.00099174405 	0.5172843
-0.0007027027 	-0.014418753 	-1.5746914e-06 	-0.00097928381 	0.51919144
-0.00069069069 	-0.01441871 	-1.5632359e-06 	-0.00096682357 	0.52109858
-0.00067867868 	-0.014418668 	-1.5517804e-06 	-0.00095436333 	0.52300572
-0.00066666667 	-0.014418625 	-1.540325e-06 	-0.00094190308 	0.52491285
-0.00065465465 	-0.014418583 	-1.5288695e-06 	-0.00092944284 	0.52681999
-0.00064264264 	-0.014418541 	-1.517414e-06 	-0.0009169826 	0.52872713
-0.00063063063 	-0.014418498 	-1.5059586e-06 	-0.00090452235 	0.53063427
-0.00061861862 	-0.014418456 	-1.4945031e-06 	-0.00089206211 	0.5325414
-0.00060660661 	-0.014418413 	-1.4830476e-06 	-0.00087960187 	0.53444854
-0.00059459459 	-0.014418371 	-1.4715922e-06 	-0.00086714163 	0.53635568
-0.00058258258 	-0.014418328 	-1.4601367e-06 	-0.00085468138 	0.53826282
-0.00057057057 	-0.014418286 	-1.4486812e-06 	-0.00084222114 	0.54016995
-0.00055855856 	-0.014418243 	-1.4372258e-06 	-0.0008297609 	0.54207709
-0.00054654655 	-0.014418201 	-1.4257703e-06 	-0.00081730065 	0.54398423
-0.00053453453 	-0.014418159 	-1.4143148e-06 	-0.00080484041 	0.54589137
-0.00052252252 	-0.014418116 	-1.4028594e-06 	-0.00079238017 	0.5477985
-0.00051051051 	-0.014418074 	-1.3914039e-06 	-0.00077991993 	0.54970564
-0.0004984985 	-0.014418048 	-1.3855341e-06 	-0.00076230736 	0.55065803
-0.00048648649 	-0.014418025 	-1.3803484e-06 	-0.00074406383 	0.55149351
-0.00047447447 	-0.014418001 	-1.3751627e-06 	-0.0007258203 	0.55232899
-0.00046246246 	-0.014417978 	-1.3699769e-06 	-0.00070757678 	0.55316446
-0.00045045045 	-0.014417954 	-1.3647912e-06 	-0.00068933325 	0.55399994
-0.00043843844 	-0.01441793 	-1.3596054e-06 	-0.00067108973 	0.55483541
-0.00042642643 	-0.014417907 	-1.3544197e-06 	-0.0006528462 	0.55567089
-0.00041441441 	-0.014417883 	-1.349234e-06 	-0.00063460268 	0.55650636
-0.0004024024 	-0.01441786 	-1.3440482e-06 	-0.00061635915 	0.55734184
-0.00039039039 	-0.014417836 	-1.3388625e-06 	-0.00059811562 	0.55817731
-0.00037837838 	-0.014417813 	-1.3336614e-06 	-0.00057976499 	0.55901612
-0.00036636637 	-0.014417789 	-1.3284576e-06 	-0.00056139511 	0.55985552
-0.00035435435 	-0.014417765 	-1.3232538e-06 	-0.00054302523 	0.56069493
-0.00034234234 	-0.014417742 	-1.31805e-06 	-0.00052465535 	0.56153433
-0.00033033033 	-0.014417718 	-1.3128462e-06 	-0.00050628547 	0.56237373
-0.00031831832 	-0.014417694 	-1.3076424e-06 	-0.00048791559 	0.56321313
-0.00030630631 	-0.014417671 	-1.3024386e-06 	-0.00046954571 	0.56405254
-0.00029429429 	-0.014417647 	-1.2972348e-06 	-0.00045117583 	0.56489194
-0.00028228228 	-0.014417623 	-1.292031e-06 	-0.00043280595 	0.56573134
-0.00027027027 	-0.0144176 	-1.2868272e-06 	-0.00041443607 	0.56657075
-0.00025825826 	-0.014417576 	-1.2816234e-06 	-0.0003960662 	0.56741015
-0.00024624625 	-0.014417552 	-1.2764196e-06 	-0.00037769632 	0.56824955
-0.00023423423 	-0.014417529 	-1.2712158e-06 	-0.00035932644 	0.56908896
-0.00022222222 	-0.014417505 	-1.266012e-06 	-0.00034095656 	0.56992836
-0.00021021021 	-0.014417481 	-1.2608082e-06 	-0.00032258668 	0.57076776
-0.0001981982 	-0.014417458 	-1.2556044e-06 	-0.0003042168 	0.57160717
-0.00018618619 	-0.014417434 	-1.2504006e-06 	-0.00028584692 	0.57244657
-0.00017417417 	-0.01441741 	-1.2451968e-06 	-0.00026747704 	0.57328597
-0.00016216216 	-0.014417387 	-1.239993e-06 	-0.00024910716 	0.57412537
-0.00015015015 	-0.014417363 	-1.2347892e-06 	-0.00023073728 	0.57496478
-0.00013813814 	-0.014417339 	-1.2295854e-06 	-0.0002123674 	0.57580418
-0.00012612613 	-0.014417316 	-1.2243816e-06 	-0.00019399752 	0.57664358
-0.00011411411 	-0.014417292 	-1.2191777e-06 	-0.00017562764 	0.57748299
-0.0001021021 	-0.014417268 	-1.2139739e-06 	-0.00015725776 	0.57832239
-9.009009e-05 	-0.014417245 	-1.2087701e-06 	-0.00013888788 	0.57916179
-7.8078078e-05 	-0.014417221 	-1.2035663e-06 	-0.000120518 	0.5800012
-6.6066066e-05 	-0.014417197 	-1.1983625e-06 	-0.00010214812 	0.5808406
-5.4054054e-05 	-0.014417174 	-1.1931587e-06 	-8.3778245e-05 	0.58168
-4.2042042e-05 	-0.01441715 	-1.1879549e-06 	-6.5408366e-05 	0.58251941
-3.003003e-05 	-0.014417127 	-1.1827511e-06 	-4.7038486e-05 	0.58335881
-1.8018018e-05 	-0.014417103 	-1.1775473e-06 	-2.8668607e-05 	0.58419821
-6.006006e-06 	-0.014417079 	-1.1723435e-06 	-1.0298727e-05 	0.58503761
6.006006e-06 	-0.014417079 	-1.1724868e-06 	8.0083824e-06 	0.58503925
1.8018018e-05 	-0.014417102 	-1.1779772e-06 	2.6252722e-05 	0.5842031
3.003003e-05 	-0.014417126 	-1.1834676e-06 	4.4497062e-05 	0.58336696
4.2042042e-05 	-0.014417149 	-1.1889579e-06 	6.2741402e-05 	0.58253082
5.4054054e-05 	-0.014417172 	-1.1944483e-06 	8.0985742e-05 	0.58169468
6.6066066e-05 	-0.014417196 	-1.1999387e-06 	9.9230082e-05 	0.58085854
7.8078078e-05 	-0.014417219 	-1.2054291e-06 	0.00011747442 	0.5800224
9.009009e-05 	-0.014417242 	-1.2109194e-06 	0.00013571876 	0.57918626
0.0001021021 	-0.014417266 	-1.2164098e-06 	0.0001539631 	0.57835012
0.00011411411 	-0.014417289 	-1.2219002e-06 	0.00017220744 	0.57751398
0.00012612613 	-0.014417312 	-1.2274293e-06 	0.00019050944 	0.57667606
0.00013813814 	-0.014417336 	-1.2330045e-06 	0.00020888001 	0.57583603
0.00015015015 	-0.014417359 	-1.2385796e-06 	0.00022725058 	0.574996
0.00016216216 	-0.014417383 	-1.2441548e-06 	0.00024562115 	0.57415597
0.00017417417 	-0.014417406 	-1.24973e-06 	0.00026399172 	0.57331594
0.00018618619 	-0.01441743 	-1.2553051e-06 	0.00028236229 	0.57247591
0.0001981982 	-0.014417453 	-1.2608803e-06 	0.00030073286 	0.57163588
0.00021021021 	-0.014417476 	-1.2664555e-06 	0.00031910343 	0.57079585
0.00022222222 	-0.0144175 	-1.2720306e-06 	0.000337474 	0.56995582
0.00023423423 	-0.014417523 	-1.2776058e-06 	0.00035584457 	0.56911579
0.00024624625 	-0.014417547 	-1.283181e-06 	0.00037421514 	0.56827576
0.00025825826 	-0.01441757 	-1.2887561e-06 	0.0003925857 	0.56743573
0.00027027027 	-0.014417594 	-1.2943313e-06 	0.00041095627 	0.5665957
0.00028228228 	-0.014417617 	-1.2999065e-06 	0.00042932684 	0.56575567
0.00029429429 	-0.014417641 	-1.3054816e-06 	0.00044769741 	0.56491564
0.00030630631 	-0.014417664 	-1.3110568e-06 	0.00046606798 	0.5640756
0.00031831832 	-0.014417687 	-1.316632e-06 	0.00048443855 	0.56323557
0.00033033033 	-0.014417711 	-1.3222071e-06 	0.00050280912 	0.56239554
0.00034234234 	-0.014417734 	-1.3277823e-06 	0.00052117969 	0.56155551
0.00035435435 	-0.014417758 	-1.3333575e-06 	0.00053955026 	0.56071548
0.00036636637 	-0.014417781 	-1.3389326e-06 	0.00055792083 	0.55987545
0.00037837838 	-0.014417805 	-1.3445078e-06 	0.0005762914 	0.55903542
0.00039039039 	-0.014417828 	-1.3500829e-06 	0.00059466197 	0.55819539
0.0004024024 	-0.014417852 	-1.3556581e-06 	0.00061303254 	0.55735536
0.00041441441 	-0.014417875 	-1.3612333e-06 	0.0006314031 	0.55651533
0.00042642643 	-0.014417899 	-1.3668084e-06 	0.00064977367 	0.5556753
0.00043843844 	-0.014417922 	-1.3723836e-06 	0.00066814424 	0.55483527
0.00045045045 	-0.014417945 	-1.3779588e-06 	0.00068651481 	0.55399524
0.00046246246 	-0.014417969 	-1.3835339e-06 	0.00070488538 	0.55315521
0.00047447447 	-0.014417992 	-1.3891091e-06 	0.00072325595 	0.55231518
0.00048648649 	-0.014418016 	-1.3946843e-06 	0.00074162652 	0.55147515
0.0004984985 	-0.014418039 	-1.4002594e-06 	0.00075999709 	0.55063512
0.00051051051 	-0.014418065 	-1.406488e-06 	0.00077768929 	0.549681
0.00052252252 	-0.014418107 	-1.4180521e-06 	0.00078984203 	0.54779521
0.00053453453 	-0.01441815 	-1.4296162e-06 	0.00080199476 	0.54590942
0.00054654655 	-0.014418192 	-1.4411803e-06 	0.0008141475 	0.54402363
0.00055855856 	-0.014418235 	-1.4527444e-06 	0.00082630023 	0.54213784
0.00057057057 	-0.014418277 	-1.4643085e-06 	0.00083845297 	0.54025205
0.00058258258 	-0.01441832 	-1.4758726e-06 	0.0008506057 	0.53836626
0.00059459459 	-0.014418362 	-1.4874367e-06 	0.00086275843 	0.53648047
0.00060660661 	-0.014418405 	-1.4990008e-06 	0.00087491117 	0.53459468
0.00061861862 	-0.014418447 	-1.5105649e-06 	0.0008870639 	0.5327089
0.00063063063 	-0.01441849 	-1.5221493e-06 	0.00089923687 	0.53082166
0.00064264264 	-0.014418532 	-1.5340214e-06 	0.00091169661 	0.52891392
0.00065465465 	-0.014418574 	-1.5458934e-06 	0.00092415635 	0.52700618
0.00066666667 	-0.014418617 	-1.5577654e-06 	0.00093661609 	0.52509844
0.00067867868 	-0.014418659 	-1.5696375e-06 	0.00094907583 	0.5231907
0.00069069069 	-0.014418701 	-1.5815095e-06 	0.00096153557 	0.52128297
0.0007027027 	-0.014418744 	-1.5933816e-06 	0.00097399531 	0.51937523
0.00071471471 	-0.014418786 	-1.6052536e-06 	0.00098645505 	0.51746749
0.00072672673 	-0.014418828 	-1.6171256e-06 	0.00099891478 	0.51555975
0.00073873874 	-0.014418871 	-1.6289977e-06 	0.0010113745 	0.51365201
0.00075075075 	-0.014418913 	-1.6408697e-06 	0.0010238343 	0.51174427
0.00076276276 	-0.014418955 	-1.6527418e-06 	0.001036294 	0.50983653
0.00077477477 	-0.014418998 	-1.6646138e-06 	0.0010487537 	0.50792879
0.00078678679 	-0.01441904 	-1.6764859e-06 	0.0010612135 	0.50602106
0.0007987988 	-0.014419083 	-1.6883579e-06 	0.0010736732 	0.50411332
0.00081081081 	-0.014419125 	-1.7002299e-06 	0.001086133 	0.50220558
0.00082282282 	-0.014419167 	-1.712102e-06 	0.0010985927 	0.50029784
0.00083483483 	-0.01441921 	-1.723974e-06 	0.0011110524 	0.4983901
0.00084684685 	-0.014419252 	-1.7358461e-06 	0.0011235122 	0.49648236
0.00085885886 	-0.014419294 	-1.7477181e-06 	0.0011359719 	0.49457462
0.00087087087 	-0.014419337 	-1.7595901e-06 	0.0011484317 	0.49266688
0.00088288288 	-0.014419379 	-1.7714622e-06 	0.0011608914 	0.49075915
0.00089489489 	-0.014419421 	-1.7833342e-06 	0.0011733511 	0.48885141
0.00090690691 	-0.014419464 	-1.7952063e-06 	0.0011858109 	0.48694367
0.00091891892 	-0.014419506 	-1.8070783e-06 	0.0011982706 	0.48503593
0.00093093093 	-0.014419548 	-1.8189504e-06 	0.0012107304 	0.48312819
0.00094294294 	-0.014419591 	-1.8308224e-06 	0.0012231901 	0.48122045
0.00095495495 	-0.014419633 	-1.8426944e-06 	0.0012356498 	0.47931271
0.00096696697 	-0.014419676 	-1.8545665e-06 	0.0012481096 	0.47740497
0.00097897898 	-0.014419718 	-1.8664385e-06 	0.0012605693 	0.47549723
0.00099099099 	-0.01441976 	-1.8783106e-06 	0.0012730291 	0.4735895
0.001003003 	-0.014419803 	-1.8901826e-06 	0.0012854888 	0.47168176
0.001015015 	-0.014419845 	-1.9020546e-06 	0.0012979485 	0.46977402
0.001027027 	-0.014419919 	-1.9183899e-06 	0.0013076867 	0.46688152
0.001039039 	-0.014420005 	-1.9364764e-06 	0.001316357 	0.46360264
0.0010510511 	-0.014420091 	-1.954563e-06 	0.0013250272 	0.46032376
0.0010630631 	-0.014420176 	-1.9726495e-06 	0.0013336975 	0.45704487
0.0010750751 	-0.014420262 	-1.990736e-06 	0.0013423678 	0.45376599
0.0010870871 	-0.014420349 	-2.0091048e-06 	0.0013512317 	0.45047025
0.0010990991 	-0.014420435 	-2.027859e-06 	0.0013603601 	0.44715151
0.0011111111 	-0.014420521 	-2.0466131e-06 	0.0013694884 	0.44383276
0.0011231231 	-0.014420607 	-2.0653673e-06 	0.0013786167 	0.44051401
0.0011351351 	-0.014420693 	-2.0841215e-06 	0.0013877451 	0.43719526
0.0011471471 	-0.01442078 	-2.1028757e-06 	0.0013968734 	0.43387651
0.0011591592 	-0.014420866 	-2.1216299e-06 	0.0014060018 	0.43055777
0.0011711712 	-0.014420952 	-2.1403841e-06 	0.0014151301 	0.42723902
0.0011831832 	-0.014421038 	-2.1591382e-06 	0.0014242584 	0.42392027
0.0011951952 	-0.014421125 	-2.1778924e-06 	0.0014333868 	0.42060152
0.0012072072 	-0.014421211 	-2.1966466e-06 	0.0014425151 	0.41728277
0.0012192192 	-0.014421297 	-2.2154008e-06 	0.0014516435 	0.41396402
0.0012312312 	-0.014421383 	-2.234155e-06 	0.0014607718 	0.41064528
0.0012432432 	-0.014421469 	-2.2529092e-06 	0.0014699001 	0.40732653
0.0012552553 	-0.014421556 	-2.2716633e-06 	0.0014790285 	0.40400778
0.0012672673 	-0.014421642 	-2.2904175e-06 	0.0014881568 	0.40068903
0.0012792793 	-0.014421728 	-2.3091717e-06 	0.0014972852 	0.39737028
0.0012912913 	-0.014421815 	-2.3269165e-06 	0.0015047927 	0.39414179
0.0013033033 	-0.014421904 	-2.3403887e-06 	0.0015054398 	0.39129533
0.0013153153 	-0.014421994 	-2.353861e-06 	0.001506087 	0.38844886
0.0013273273 	-0.014422083 	-2.3673333e-06 	0.0015067341 	0.38560239
0.0013393393 	-0.014422172 	-2.3808055e-06 	0.0015073812 	0.38275593
0.0013513514 	-0.014422263 	-2.3946281e-06 	0.0015081201 	0.3798777
0.0013633634 	-0.014422355 	-2.4087706e-06 	0.0015089426 	0.37697045
0.0013753754 	-0.014422448 	-2.4229131e-06 	0.0015097651 	0.37406321
0.0013873874 	-0.01442254 	-2.4370556e-06 	0.0015105876 	0.37115597
0.0013993994 	-0.014422633 	-2.4511982e-06 	0.0015114102 	0.36824873
0.0014114114 	-0.014422725 	-2.4653407e-06 	0.0015122327 	0.36534148
0.0014234234 	-0.014422817 	-2.4794832e-06 	0.0015130552 	0.36243424
0.0014354354 	-0.01442291 	-2.4936257e-06 	0.0015138778 	0.359527
0.0014474474 	-0.014423002 	-2.5077682e-06 	0.0015147003 	0.35661976
0.0014594595 	-0.014423094 	-2.5219107e-06 	0.0015155228 	0.35371252
0.0014714715 	-0.014423187 	-2.5360532e-06 	0.0015163453 	0.35080527
0.0014834835 	-0.014423279 	-2.5501957e-06 	0.0015171679 	0.34789803
0.0014954955 	-0.014423371 	-2.5643383e-06 	0.0015179904 	0.34499079
0.0015075075 	-0.014423464 	-2.5784808e-06 	0.0015188129 	0.34208355
0.0015195195 	-0.014423556 	-2.5926233e-06 	0.0015196355 	0.3391763
0.0015315315 	-0.014423645 	-2.605856e-06 	0.0015187709 	0.33629909
0.0015435435 	-0.014423729 	-2.6172533e-06 	0.0015145031 	0.33348247
0.0015555556 	-0.014423812 	-2.6286505e-06 	0.0015102352 	0.33066584
0.0015675676 	-0.014423895 	-2.6400478e-06 	0.0015059673 	0.32784921
0.0015795796 	-0.014423979 	-2.6515455e-06 	0.001501682 	0.32501807
0.0015915916 	-0.014424066 	-2.663408e-06 	0.0014973334 	0.32213417
0.0016036036 	-0.014424152 	-2.6752705e-06 	0.0014929847 	0.31925028
0.0016156156 	-0.014424239 	-2.687133e-06 	0.0014886361 	0.31636638
0.0016276276 	-0.014424325 	-2.6989955e-06 	0.0014842875 	0.31348248
0.0016396396 	-0.014424412 	-2.710858e-06 	0.0014799389 	0.31059858
0.0016516517 	-0.014424499 	-2.7227205e-06 	0.0014755902 	0.30771468
0.0016636637 	-0.014424585 	-2.734583e-06 	0.0014712416 	0.30483078
0.0016756757 	-0.014424672 	-2.7464455e-06 	0.001466893 	0.30194689
0.0016876877 	-0.014424758 	-2.758308e-06 	0.0014625443 	0.29906299
0.0016996997 	-0.014424845 	-2.7701705e-06 	0.0014581957 	0.29617909
0.0017117117 	-0.014424931 	-2.782033e-06 	0.0014538471 	0.29329519
0.0017237237 	-0.014425018 	-2.7938955e-06 	0.0014494984 	0.29041129
0.0017357357 	-0.014425105 	-2.805758e-06 	0.0014451498 	0.2875274
0.0017477477 	-0.014425183 	-2.8153911e-06 	0.0014382369 	0.28479296
0.0017597598 	-0.01442526 	-2.8245458e-06 	0.0014307736 	0.28209061
0.0017717718 	-0.014425337 	-2.8337004e-06 	0.0014233103 	0.27938826
0.0017837838 	-0.014425414 	-2.8428805e-06 	0.001415794 	0.27667277
0.0017957958 	-0.014425494 	-2.8521654e-06 	0.0014080593 	0.273903
0.0018078078 	-0.014425575 	-2.8614503e-06 	0.0014003246 	0.27113324
0.0018198198 	-0.014425655 	-2.8707352e-06 	0.0013925899 	0.26836347
0.0018318318 	-0.014425735 	-2.8800201e-06 	0.0013848552 	0.26559371
0.0018438438 	-0.014425816 	-2.889305e-06 	0.0013771205 	0.26282395
0.0018558559 	-0.014425896 	-2.8985899e-06 	0.0013693858 	0.26005418
0.0018678679 	-0.014425977 	-2.9078748e-06 	0.0013616511 	0.25728442
0.0018798799 	-0.014426057 	-2.9171597e-06 	0.0013539163 	0.25451466
0.0018918919 	-0.014426137 	-2.9264446e-06 	0.0013461816 	0.25174489
0.0019039039 	-0.014426218 	-2.9357295e-06 	0.0013384469 	0.24897513
0.0019159159 	-0.014426298 	-2.9450144e-06 	0.0013307122 	0.24620536
0.0019279279 	-0.014426373 	-2.9534573e-06 	0.0013223192 	0.24352046
0.0019399399 	-0.014426441 	-2.9605737e-06 	0.001312889 	0.24096927
0.001951952 	-0.014426508 	-2.96769e-06 	0.0013034589 	0.23841807
0.001963964 	-0.014426576 	-2.9747627e-06 	0.0012939528 	0.2358547
0.001975976 	-0.014426647 	-2.9816493e-06 	0.0012841221 	0.23323931
0.001987988 	-0.014426718 	-2.9885358e-06 	0.0012742914 	0.23062392
0.002 	-0.014426789 	-2.9954223e-06 	0.0012644607 	0.22800853
0.002012012 	-0.014426861 	-3.0023088e-06 	0.00125463 	0.22539314
0.002024024 	-0.014426932 	-3.0091953e-06 	0.0012447994 	0.22277775
0.002036036 	-0.014427003 	-3.0160818e-06 	0.0012349687 	0.22016235
0.002048048 	-0.014427074 	-3.0229683e-06 	0.001225138 	0.21754696
0.0020600601 	-0.014427145 	-3.0298548e-06 	0.0012153073 	0.21493157
0.0020720721 	-0.014427216 	-3.0367414e-06 	0.0012054766 	0.21231618
0.0020840841 	-0.014427287 	-3.0436279e-06 	0.0011956459 	0.20970079
0.0020960961 	-0.014427347 	-3.0492673e-06 	0.0011852871 	0.20725952
0.0021081081 	-0.014427405 	-3.0545568e-06 	0.0011747801 	0.2048671
0.0021201201 	-0.014427463 	-3.0598464e-06 	0.0011642731 	0.20247468
0.0021321321 	-0.014427524 	-3.0645942e-06 	0.0011533077 	0.20002491
0.0021441441 	-0.014427585 	-3.06932e-06 	0.0011423236 	0.19757281
0.0021561562 	-0.014427646 	-3.0740458e-06 	0.0011313395 	0.19512071
0.0021681682 	-0.014427707 	-3.0787716e-06 	0.0011203555 	0.19266861
0.0021801802 	-0.014427768 	-3.0834973e-06 	0.0011093714 	0.19021651
0.0021921922 	-0.014427829 	-3.0882231e-06 	0.0010983873 	0.1877644
0.0022042042 	-0.014427891 	-3.0929489e-06 	0.0010874032 	0.1853123
0.0022162162 	-0.014427952 	-3.0976747e-06 	0.0010764192 	0.1828602
0.0022282282 	-0.014428013 	-3.1024005e-06 	0.0010654351 	0.1804081
0.0022402402 	-0.014428064 	-3.1061942e-06 	0.0010544385 	0.17812174
0.0022522523 	-0.014428112 	-3.1097321e-06 	0.0010434385 	0.17588082
0.0022642643 	-0.014428162 	-3.1130189e-06 	0.0010322844 	0.17362348
0.0022762763 	-0.014428213 	-3.1157157e-06 	0.0010207688 	0.17132756
0.0022882883 	-0.014428265 	-3.1184126e-06 	0.0010092531 	0.16903165
0.0023003003 	-0.014428316 	-3.1211094e-06 	0.00099773746 	0.16673573
0.0023123123 	-0.014428368 	-3.1238062e-06 	0.0009862218 	0.16443981
0.0023243243 	-0.01442842 	-3.1265031e-06 	0.00097470615 	0.16214389
0.0023363363 	-0.014428471 	-3.1291999e-06 	0.00096319049 	0.15984797
0.0023483483 	-0.014428523 	-3.1318968e-06 	0.00095167483 	0.15755206
0.0023603604 	-0.014428572 	-3.1343822e-06 	0.00094023983 	0.15529647
0.0023723724 	-0.014428612 	-3.1360676e-06 	0.00092910996 	0.15319346
0.0023843844 	-0.014428652 	-3.137735e-06 	0.00091797089 	0.15108956
0.0023963964 	-0.014428695 	-3.1383867e-06 	0.00090631249 	0.14893585
0.0024084084 	-0.014428738 	-3.1390384e-06 	0.00089465409 	0.14678214
0.0024204204 	-0.014428781 	-3.1396901e-06 	0.00088299569 	0.14462844
0.0024324324 	-0.014428824 	-3.1403418e-06 	0.00087133729 	0.14247473
0.0024444444 	-0.014428867 	-3.1409935e-06 	0.00085967889 	0.14032102
0.0024564565 	-0.014428909 	-3.1416452e-06 	0.00084802049 	0.13816731
0.0024684685 	-0.014428952 	-3.1422969e-06 	0.00083636209 	0.1360136
0.0024804805 	-0.014428986 	-3.1419873e-06 	0.00082524981 	0.13401324
0.0024924925 	-0.014429018 	-3.1415536e-06 	0.00081420806 	0.13203268
0.0025045045 	-0.014429053 	-3.1400545e-06 	0.00080266639 	0.13000737
0.0025165165 	-0.014429088 	-3.1385034e-06 	0.00079110033 	0.12797987
0.0025285285 	-0.014429123 	-3.1369523e-06 	0.00077953428 	0.12595237
0.0025405405 	-0.014429158 	-3.1354011e-06 	0.00076796822 	0.12392488
0.0025525526 	-0.014429192 	-3.13385e-06 	0.00075640217 	0.12189738
0.0025645646 	-0.014429227 	-3.1322989e-06 	0.00074483611 	0.11986988
0.0025765766 	-0.014429255 	-3.1298169e-06 	0.00073376948 	0.11794516
0.0025885886 	-0.014429279 	-3.1268684e-06 	0.00072295311 	0.11607193
0.0026006006 	-0.014429306 	-3.1228828e-06 	0.00071164395 	0.11415658
0.0026126126 	-0.014429333 	-3.1188571e-06 	0.00070031575 	0.11223961
0.0026246246 	-0.01442936 	-3.1148314e-06 	0.00068898755 	0.11032263
0.0026366366 	-0.014429387 	-3.1108057e-06 	0.00067765935 	0.10840565
0.0026486486 	-0.014429414 	-3.10678e-06 	0.00066633115 	0.10648867
0.0026606607 	-0.014429438 	-3.1019424e-06 	0.00065534504 	0.10462933
0.0026726727 	-0.014429458 	-3.0959835e-06 	0.00064483142 	0.10284961
0.0026846847 	-0.014429481 	-3.0891922e-06 	0.00063384975 	0.10103215
0.0026966967 	-0.014429505 	-3.0823269e-06 	0.00062282643 	0.099211336
0.0027087087 	-0.014429528 	-3.0754616e-06 	0.00061180311 	0.097390519
0.0027207207 	-0.014429552 	-3.0685963e-06 	0.00060077979 	0.095569703
0.0027327327 	-0.014429578 	-3.0611905e-06 	0.00058925652 	0.093668482
0.0027447447 	-0.014429676 	-3.0373141e-06 	0.00056249829 	0.089317124
0.0027567568 	-0.014429782 	-3.0120858e-06 	0.00053455123 	0.084858714
0.0027687688 	-0.014429891 	-2.9862997e-06 	0.00050611365 	0.080356134
0.0027807808 	-0.014430001 	-2.9605136e-06 	0.00047767608 	0.075853554
0.0027927928 	-0.014430111 	-2.9347275e-06 	0.0004492385 	0.071350974
0.0028048048 	-0.014430171 	-2.9170482e-06 	0.00042950265 	0.068235891
0.0028168168 	-0.014430158 	-2.9115292e-06 	0.00042281938 	0.067202055
0.0028288288 	-0.014430145 	-2.9060102e-06 	0.00041613611 	0.066168218
0.0028408408 	-0.014430132 	-2.9004912e-06 	0.00040945284 	0.065134381
0.0028528529 	-0.014430119 	-2.8949722e-06 	0.00040276957 	0.064100544
0.0028648649 	-0.014430106 	-2.8894532e-06 	0.00039608631 	0.063066708
0.0028768769 	-0.014430093 	-2.8839341e-06 	0.00038940304 	0.062032871
0.0028888889 	-0.01443008 	-2.8784151e-06 	0.00038271977 	0.060999034
0.0029009009 	-0.014430067 	-2.8728961e-06 	0.0003760365 	0.059965197
0.0029129129 	-0.014430054 	-2.8673688e-06 	0.000369348 	0.058930967
0.0029249249 	-0.014430042 	-2.8614767e-06 	0.00036243087 	0.057879545
0.0029369369 	-0.014430029 	-2.8555847e-06 	0.00035551374 	0.056828123
0.0029489489 	-0.014430017 	-2.8496926e-06 	0.0003485966 	0.055776702
0.002960961 	-0.014430005 	-2.8438006e-06 	0.00034167947 	0.05472528
0.002972973 	-0.014429992 	-2.8379085e-06 	0.00033476234 	0.053673858
0.002984985 	-0.01442998 	-2.8320165e-06 	0.0003278452 	0.052622436
0.002996997 	-0.014429968 	-2.8261244e-06 	0.00032092807 	0.051571014
0.003009009 	-0.014429955 	-2.8202324e-06 	0.00031401094 	0.050519592
0.003021021 	-0.014429943 	-2.8143403e-06 	0.0003070938 	0.04946817
0.003033033 	-0.014429931 	-2.8084483e-06 	0.00030017667 	0.048416748
0.003045045 	-0.014429918 	-2.8025562e-06 	0.00029325954 	0.047365327
0.0030570571 	-0.014429906 	-2.7966642e-06 	0.0002863424 	0.046313905
0.0030690691 	-0.014429894 	-2.7907721e-06 	0.00027942527 	0.045262483
0.0030810811 	-0.014429882 	-2.78488e-06 	0.00027250814 	0.044211061
0.0030930931 	-0.014429869 	-2.778988e-06 	0.000265591 	0.043159639
0.0031051051 	-0.014429857 	-2.7730959e-06 	0.00025867387 	0.042108217
0.0031171171 	-0.014429845 	-2.7672039e-06 	0.00025175674 	0.041056795
0.0031291291 	-0.014429832 	-2.7613118e-06 	0.0002448396 	0.040005373
0.0031411411 	-0.01442982 	-2.7554198e-06 	0.00023792247 	0.038953952
0.0031531532 	-0.014429808 	-2.7495277e-06 	0.00023100534 	0.03790253
0.0031651652 	-0.014429795 	-2.7436357e-06 	0.0002240882 	0.036851108
0.0031771772 	-0.014429783 	-2.7377436e-06 	0.00021717107 	0.035799686
0.0031891892 	-0.014429771 	-2.7318516e-06 	0.00021025394 	0.034748264
0.0032012012 	-0.014429758 	-2.7259595e-06 	0.00020333681 	0.033696842
0.0032132132 	-0.014429746 	-2.7200675e-06 	0.00019641967 	0.03264542
0.0032252252 	-0.014429734 	-2.7141754e-06 	0.00018950254 	0.031593998
0.0032372372 	-0.014429721 	-2.7082834e-06 	0.00018258541 	0.030542577
0.0032492492 	-0.014429709 	-2.7023913e-06 	0.00017566827 	0.029491155
0.0032612613 	-0.014429697 	-2.6964993e-06 	0.00016875114 	0.028439733
0.0032732733 	-0.014429684 	-2.6906072e-06 	0.00016183401 	0.027388311
0.0032852853 	-0.014429672 	-2.6847152e-06 	0.00015491687 	0.026336889
0.0032972973 	-0.014429644 	-2.678963e-06 	0.00014898924 	0.025368745
0.0033093093 	-0.014429616 	-2.67322e-06 	0.00014312676 	0.024406085
0.0033213213 	-0.014429587 	-2.6674771e-06 	0.00013726428 	0.023443425
0.0033333333 	-0.014429558 	-2.6617341e-06 	0.00013140179 	0.022480765
0.0033453453 	-0.014429529 	-2.6559911e-06 	0.00012553931 	0.021518105
0.0033573574 	-0.0144295 	-2.6502482e-06 	0.00011967683 	0.020555444
0.0033693694 	-0.014429472 	-2.6445052e-06 	0.00011381435 	0.019592784
0.0033813814 	-0.014429443 	-2.6387622e-06 	0.00010795187 	0.018630124
0.0033933934 	-0.014429413 	-2.6328328e-06 	0.00010206253 	0.017659237
0.0034054054 	-0.014429383 	-2.6268119e-06 	9.6160018e-05 	0.016684315
0.0034174174 	-0.014429353 	-2.620791e-06 	9.0257508e-05 	0.015709394
0.0034294294 	-0.014429323 	-2.6147701e-06 	8.4354998e-05 	0.014734472
0.0034414414 	-0.014429293 	-2.6087492e-06 	7.8452489e-05 	0.013759551
0.0034534535 	-0.014429262 	-2.6027283e-06 	7.2549979e-05 	0.012784629
0.0034654655 	-0.014429232 	-2.5967074e-06 	6.664747e-05 	0.011809708
0.0034774775 	-0.014429202 	-2.5906865e-06 	6.074496e-05 	0.010834786
0.0034894895 	-0.014429172 	-2.5846656e-06 	5.484245e-05 	0.0098598649
0.0035015015 	-0.014429142 	-2.5786447e-06 	4.8939941e-05 	0.0088849434
0.0035135135 	-0.014429112 	-2.5726238e-06 	4.3037431e-05 	0.007910022
0.0035255255 	-0.014429082 	-2.5666029e-06 	3.7134922e-05 	0.0069351005
0.0035375375 	-0.014429051 	-2.560582e-06 	3.1232412e-05 	0.005960179
0.0035495495 	-0.014429021 	-2.5545611e-06 	2.5329903e-05 	0.0049852576
0.0035615616 	-0.014428991 	-2.5485402e-06 	1.9427393e-05 	0.0040103361
0.0035735736 	-0.014428961 	-2.5425193e-06 	1.3524883e-05 	0.0030354146
0.0035855856 	-0.014428931 	-2.5364984e-06 	7.6223738e-06 	0.0020604932
0.0035975976 	-0.014428901 	-2.5304775e-06 	1.7198642e-06 	0.0010855717
0.0036096096 	-0.014428871 	-2.5244566e-06 	-4.1826454e-06 	0.00011065021
0.0036216216 	-0.01442884 	-2.5184357e-06 	-1.0085155e-05 	-0.00086427126
0.0036336336 	-0.01442881 	-2.5124148e-06 	-1.5987665e-05 	-0.0018391927
0.0036456456 	-0.01442878 	-2.5063939e-06 	-2.1890174e-05 	-0.0028141142
0.0036576577 	-0.01442875 	-2.500373e-06 	-2.7792684e-05 	-0.0037890357
0.0036696697 	-0.01442872 	-2.4943521e-06 	-3.3695193e-05 	-0.0047639571
0.0036816817 	-0.01442869 	-2.4883312e-06 	-3.9597703e-05 	-0.0057388786
0.0036936937 	-0.01442866 	-2.4823103e-06 	-4.5500213e-05 	-0.0067138001
0.0037057057 	-0.014428629 	-2.4762894e-06 	-5.1402722e-05 	-0.0076887215
0.0037177177 	-0.014428599 	-2.4699968e-06 	-5.6444727e-05 	-0.0085667195
0.0037297297 	-0.014428569 	-2.4629598e-06 	-5.9130089e-05 	-0.0091792757
0.0037417417 	-0.01442854 	-2.4559228e-06 	-6.1815451e-05 	-0.0097918318
0.0037537538 	-0.01442851 	-2.4488858e-06 	-6.4500813e-05 	-0.010404388
0.0037657658 	-0.01442848 	-2.4418488e-06 	-6.7186175e-05 	-0.011016944
0.0037777778 	-0.01442845 	-2.4348118e-06 	-6.9871537e-05 	-0.0116295
0.0037897898 	-0.01442842 	-2.4277748e-06 	-7.2556899e-05 	-0.012242056
0.0038018018 	-0.01442839 	-2.4207378e-06 	-7.5242261e-05 	-0.012854612
0.0038138138 	-0.014428359 	-2.4138777e-06 	-7.7741303e-05 	-0.01347353
0.0038258258 	-0.014428327 	-2.4070213e-06 	-8.0236377e-05 	-0.014092582
0.0038378378 	-0.014428296 	-2.400165e-06 	-8.2731451e-05 	-0.014711635
0.0038498498 	-0.014428265 	-2.3933086e-06 	-8.5226525e-05 	-0.015330688
0.0038618619 	-0.014428233 	-2.3864523e-06 	-8.7721598e-05 	-0.015949741
0.0038738739 	-0.014428202 	-2.3795959e-06 	-9.0216672e-05 	-0.016568793
0.0038858859 	-0.014428171 	-2.3727396e-06 	-9.2711746e-05 	-0.017187846
0.0038978979 	-0.014428139 	-2.3658832e-06 	-9.520682e-05 	-0.017806899
0.0039099099 	-0.014428108 	-2.3590269e-06 	-9.7701894e-05 	-0.018425951
0.0039219219 	-0.014428077 	-2.3521706e-06 	-0.00010019697 	-0.019045004
0.0039339339 	-0.014428045 	-2.3453142e-06 	-0.00010269204 	-0.019664057
0.0039459459 	-0.014428014 	-2.3384579e-06 	-0.00010518711 	-0.020283109
0.003957958 	-0.014427983 	-2.3316015e-06 	-0.00010768219 	-0.020902162
0.00396997 	-0.014427952 	-2.3247452e-06 	-0.00011017726 	-0.021521215
0.003981982 	-0.01442792 	-2.3178888e-06 	-0.00011267234 	-0.022140267
0.003993994 	-0.014427889 	-2.3110325e-06 	-0.00011516741 	-0.02275932
0.004006006 	-0.014427858 	-2.3041761e-06 	-0.00011766248 	-0.023378373
0.004018018 	-0.014427826 	-2.2973198e-06 	-0.00012015756 	-0.023997426
0.00403003 	-0.014427795 	-2.2904634e-06 	-0.00012265263 	-0.024616478
0.004042042 	-0.014427764 	-2.2836071e-06 	-0.00012514771 	-0.025235531
0.0040540541 	-0.014427732 	-2.2767507e-06 	-0.00012764278 	-0.025854584
0.0040660661 	-0.014427701 	-2.2698944e-06 	-0.00013013785 	-0.026473636
0.0040780781 	-0.01442767 	-2.2630381e-06 	-0.00013263293 	-0.027092689
0.0040900901 	-0.014427638 	-2.2561817e-06 	-0.000135128 	-0.027711742
0.0041021021 	-0.014427611 	-2.2469061e-06 	-0.00013618638 	-0.028100024
0.0041141141 	-0.014427584 	-2.2371011e-06 	-0.00013693037 	-0.028437806
0.0041261261 	-0.014427558 	-2.2272961e-06 	-0.00013767435 	-0.028775587
0.0041381381 	-0.014427531 	-2.2174911e-06 	-0.00013841834 	-0.029113369
0.0041501502 	-0.014427504 	-2.2076861e-06 	-0.00013916232 	-0.02945115
0.0041621622 	-0.014427477 	-2.1978811e-06 	-0.00013990631 	-0.029788932
0.0041741742 	-0.01442745 	-2.1883268e-06 	-0.00014053169 	-0.030128446
0.0041861862 	-0.014427422 	-2.1791561e-06 	-0.00014097552 	-0.030470612
0.0041981982 	-0.014427394 	-2.1699855e-06 	-0.00014141935 	-0.030812778
0.0042102102 	-0.014427366 	-2.1608149e-06 	-0.00014186318 	-0.031154944
0.0042222222 	-0.014427338 	-2.1516442e-06 	-0.00014230702 	-0.031497111
0.0042342342 	-0.01442731 	-2.1424736e-06 	-0.00014275085 	-0.031839277
0.0042462462 	-0.014427282 	-2.133303e-06 	-0.00014319468 	-0.032181443
0.0042582583 	-0.014427254 	-2.1241323e-06 	-0.00014363851 	-0.032523609
0.0042702703 	-0.014427226 	-2.1149617e-06 	-0.00014408234 	-0.032865775
0.0042822823 	-0.014427198 	-2.1057911e-06 	-0.00014452617 	-0.033207942
0.0042942943 	-0.01442717 	-2.0966204e-06 	-0.00014497 	-0.033550108
0.0043063063 	-0.014427143 	-2.0874498e-06 	-0.00014541383 	-0.033892274
0.0043183183 	-0.014427115 	-2.0782792e-06 	-0.00014585766 	-0.03423444
0.0043303303 	-0.014427087 	-2.0691085e-06 	-0.0001463015 	-0.034576607
0.0043423423 	-0.014427059 	-2.0599379e-06 	-0.00014674533 	-0.034918773
0.0043543544 	-0.014427031 	-2.0507673e-06 	-0.00014718916 	-0.035260939
0.0043663664 	-0.014427003 	-2.0415966e-06 	-0.00014763299 	-0.035603105
0.0043783784 	-0.014426975 	-2.032426e-06 	-0.00014807682 	-0.035945272
0.0043903904 	-0.014426947 	-2.0232554e-06 	-0.00014852065 	-0.036287438
0.0044024024 	-0.014426919 	-2.0140847e-06 	-0.00014896448 	-0.036629604
0.0044144144 	-0.014426891 	-2.0049141e-06 	-0.00014940831 	-0.03697177
0.0044264264 	-0.014426863 	-1.9954215e-06 	-0.00014976574 	-0.037291883
0.0044384384 	-0.014426842 	-1.9829326e-06 	-0.0001493192 	-0.037406779
0.0044504505 	-0.014426821 	-1.9704437e-06 	-0.00014887265 	-0.037521675
0.0044624625 	-0.0144268 	-1.9579548e-06 	-0.0001484261 	-0.037636571
0.0044744745 	-0.014426779 	-1.9454659e-06 	-0.00014797956 	-0.037751467
0.0044864865 	-0.014426758 	-1.932977e-06 	-0.00014753301 	-0.037866363
0.0044984985 	-0.014426737 	-1.9208476e-06 	-0.00014693585 	-0.037982892
0.0045105105 	-0.014426715 	-1.9091898e-06 	-0.00014614109 	-0.038101563
0.0045225225 	-0.014426693 	-1.8975319e-06 	-0.00014534634 	-0.038220234
0.0045345345 	-0.014426671 	-1.8858741e-06 	-0.00014455158 	-0.038338905
0.0045465465 	-0.01442665 	-1.8742162e-06 	-0.00014375682 	-0.038457576
0.0045585586 	-0.014426628 	-1.8625584e-06 	-0.00014296207 	-0.038576247
0.0045705706 	-0.014426606 	-1.8509005e-06 	-0.00014216731 	-0.038694918
0.0045825826 	-0.014426584 	-1.8392427e-06 	-0.00014137256 	-0.038813589
0.0045945946 	-0.014426562 	-1.8275848e-06 	-0.0001405778 	-0.03893226
0.0046066066 	-0.01442654 	-1.815927e-06 	-0.00013978304 	-0.039050931
0.0046186186 	-0.014426518 	-1.8042691e-06 	-0.00013898829 	-0.039169602
0.0046306306 	-0.014426496 	-1.7926113e-06 	-0.00013819353 	-0.039288273
0.0046426426 	-0.014426475 	-1.7809534e-06 	-0.00013739877 	-0.039406944
0.0046546547 	-0.014426453 	-1.7692956e-06 	-0.00013660402 	-0.039525615
0.0046666667 	-0.014426431 	-1.7576378e-06 	-0.00013580926 	-0.039644286
0.0046786787 	-0.014426409 	-1.7459799e-06 	-0.0001350145 	-0.039762957
0.0046906907 	-0.014426387 	-1.7343221e-06 	-0.00013421975 	-0.039881628
0.0047027027 	-0.014426365 	-1.7226642e-06 	-0.00013342499 	-0.040000299
0.0047147147 	-0.014426343 	-1.7110064e-06 	-0.00013263023 	-0.04011897
0.0047267267 	-0.014426326 	-1.6974635e-06 	-0.00013163247 	-0.040114131
0.0047387387 	-0.014426312 	-1.6829335e-06 	-0.0001305284 	-0.040044614
0.0047507508 	-0.014426297 	-1.6684035e-06 	-0.00012942434 	-0.039975097
0.0047627628 	-0.014426283 	-1.6538735e-06 	-0.00012832027 	-0.039905579
0.0047747748 	-0.014426268 	-1.6393436e-06 	-0.0001272162 	-0.039836062
0.0047867868 	-0.014426253 	-1.6253754e-06 	-0.00012587924 	-0.039769103
0.0047987988 	-0.014426238 	-1.6116935e-06 	-0.00012442366 	-0.039703446
0.0048108108 	-0.014426223 	-1.5980115e-06 	-0.00012296808 	-0.039637788
0.0048228228 	-0.014426208 	-1.5843295e-06 	-0.00012151249 	-0.039572131
0.0048348348 	-0.014426194 	-1.5706476e-06 	-0.00012005691 	-0.039506474
0.0048468468 	-0.014426179 	-1.5569656e-06 	-0.00011860132 	-0.039440817
0.0048588589 	-0.014426164 	-1.5432837e-06 	-0.00011714574 	-0.03937516
0.0048708709 	-0.014426149 	-1.5296017e-06 	-0.00011569016 	-0.039309503
0.0048828829 	-0.014426134 	-1.5159197e-06 	-0.00011423457 	-0.039243846
0.0048948949 	-0.014426119 	-1.5022378e-06 	-0.00011277899 	-0.039178189
0.0049069069 	-0.014426104 	-1.4885558e-06 	-0.0001113234 	-0.039112532
0.0049189189 	-0.014426089 	-1.4748739e-06 	-0.00010986782 	-0.039046875
0.0049309309 	-0.014426074 	-1.4611919e-06 	-0.00010841224 	-0.038981218
0.0049429429 	-0.014426059 	-1.4475099e-06 	-0.00010695665 	-0.038915561
0.004954955 	-0.014426044 	-1.433828e-06 	-0.00010550107 	-0.038849903
0.004966967 	-0.01442603 	-1.420146e-06 	-0.00010404549 	-0.038784246
0.004978979 	-0.014426015 	-1.4062172e-06 	-0.00010259779 	-0.038701242
0.004990991 	-0.014426007 	-1.3902822e-06 	-0.00010121417 	-0.038477284
0.005003003 	-0.014425998 	-1.3743472e-06 	-9.9830548e-05 	-0.038253327
0.005015015 	-0.01442599 	-1.3584123e-06 	-9.8446928e-05 	-0.03802937
0.005027027 	-0.014425981 	-1.3424773e-06 	-9.7063309e-05 	-0.037805412
0.005039039 	-0.014425973 	-1.3271216e-06 	-9.544983e-05 	-0.037584491
0.0050510511 	-0.014425964 	-1.3120058e-06 	-9.3741141e-05 	-0.037364828
0.0050630631 	-0.014425956 	-1.29689e-06 	-9.2032453e-05 	-0.037145165
0.0050750751 	-0.014425948 	-1.2817742e-06 	-9.0323765e-05 	-0.036925501
0.0050870871 	-0.014425939 	-1.2666584e-06 	-8.8615077e-05 	-0.036705838
0.0050990991 	-0.014425931 	-1.2515426e-06 	-8.6906389e-05 	-0.036486175
0.0051111111 	-0.014425923 	-1.2364268e-06 	-8.51977e-05 	-0.036266511
0.0051231231 	-0.014425914 	-1.221311e-06 	-8.3489012e-05 	-0.036046848
0.0051351351 	-0.014425906 	-1.2061952e-06 	-8.1780324e-05 	-0.035827185
0.0051471471 	-0.014425898 	-1.1910794e-06 	-8.0071636e-05 	-0.035607521
0.0051591592 	-0.014425889 	-1.1759636e-06 	-7.8362948e-05 	-0.035387858
0.0051711712 	-0.014425881 	-1.1608478e-06 	-7.665426e-05 	-0.035168194
0.0051831832 	-0.014425873 	-1.145732e-06 	-7.4945571e-05 	-0.034948531
0.0051951952 	-0.014425864 	-1.1306162e-06 	-7.3236883e-05 	-0.034728868
0.0052072072 	-0.014425856 	-1.1153019e-06 	-7.1563525e-05 	-0.034493826
0.0052192192 	-0.014425853 	-1.0984474e-06 	-7.0164263e-05 	-0.034139477
0.0052312312 	-0.01442585 	-1.081593e-06 	-6.8765e-05 	-0.033785127
0.0052432432 	-0.014425846 	-1.0647385e-06 	-6.7365738e-05 	-0.033430778
0.0052552553 	-0.014425843 	-1.0480733e-06 	-6.5901219e-05 	-0.033077573
0.0052672673 	-0.014425841 	-1.0320309e-06 	-6.4221879e-05 	-0.032728131
0.0052792793 	-0.014425838 	-1.0159885e-06 	-6.2542539e-05 	-0.03237869
0.0052912913 	-0.014425835 	-9.9994613e-07 	-6.08632e-05 	-0.032029249
0.0053033033 	-0.014425832 	-9.8390374e-07 	-5.918386e-05 	-0.031679807
0.0053153153 	-0.01442583 	-9.6786135e-07 	-5.750452e-05 	-0.031330366
0.0053273273 	-0.014425827 	-9.5181896e-07 	-5.5825181e-05 	-0.030980925
0.0053393393 	-0.014425824 	-9.3577657e-07 	-5.4145841e-05 	-0.030631483
0.0053513514 	-0.014425822 	-9.1973418e-07 	-5.2466502e-05 	-0.030282042
0.0053633634 	-0.014425819 	-9.0369178e-07 	-5.0787162e-05 	-0.029932601
0.0053753754 	-0.014425816 	-8.8764939e-07 	-4.9107822e-05 	-0.02958316
0.0053873874 	-0.014425813 	-8.71607e-07 	-4.7428483e-05 	-0.029233718
0.0053993994 	-0.014425811 	-8.5556461e-07 	-4.5749143e-05 	-0.028884277
0.0054114114 	-0.014425809 	-8.3901229e-07 	-4.4233708e-05 	-0.028492262
0.0054234234 	-0.01442581 	-8.2158421e-07 	-4.2999765e-05 	-0.028027129
0.0054354354 	-0.014425811 	-8.0415613e-07 	-4.1765823e-05 	-0.027561996
0.0054474474 	-0.014425812 	-7.8672805e-07 	-4.0531881e-05 	-0.027096863
0.0054594595 	-0.014425814 	-7.700934e-07 	-3.9085902e-05 	-0.026637035
0.0054714715 	-0.014425816 	-7.5350371e-07 	-3.762791e-05 	-0.026177507
0.0054834835 	-0.014425818 	-7.3691402e-07 	-3.6169918e-05 	-0.025717979
0.0054954955 	-0.01442582 	-7.2032433e-07 	-3.4711925e-05 	-0.025258451
0.0055075075 	-0.014425822 	-7.0373464e-07 	-3.3253933e-05 	-0.024798923
0.0055195195 	-0.014425824 	-6.8714495e-07 	-3.179594e-05 	-0.024339395
0.0055315315 	-0.014425826 	-6.7055526e-07 	-3.0337948e-05 	-0.023879866
0.0055435435 	-0.014425828 	-6.5396557e-07 	-2.8879956e-05 	-0.023420338
0.0055555556 	-0.01442583 	-6.3737588e-07 	-2.7421963e-05 	-0.02296081
0.0055675676 	-0.014425832 	-6.2078619e-07 	-2.5963971e-05 	-0.022501282
0.0055795796 	-0.014425834 	-6.041965e-07 	-2.4505978e-05 	-0.022041754
0.0055915916 	-0.014425838 	-5.8689974e-07 	-2.3359054e-05 	-0.021521603
0.0056036036 	-0.014425843 	-5.6914077e-07 	-2.2415472e-05 	-0.020961823
0.0056156156 	-0.014425848 	-5.5138179e-07 	-2.1471891e-05 	-0.020402043
0.0056276276 	-0.014425853 	-5.3414466e-07 	-2.0433345e-05 	-0.019845982
0.0056396396 	-0.014425859 	-5.1727283e-07 	-1.9328323e-05 	-0.019292522
0.0056516517 	-0.014425865 	-5.0040099e-07 	-1.8223301e-05 	-0.018739063
0.0056636637 	-0.014425871 	-4.8352916e-07 	-1.711828e-05 	-0.018185604
0.0056756757 	-0.014425877 	-4.6665732e-07 	-1.6013258e-05 	-0.017632145
0.0056876877 	-0.014425884 	-4.4978549e-07 	-1.4908236e-05 	-0.017078686
0.0056996997 	-0.01442589 	-4.3291365e-07 	-1.3803215e-05 	-0.016525227
0.0057117117 	-0.014425896 	-4.1604182e-07 	-1.2698193e-05 	-0.015971768
0.0057237237 	-0.014425902 	-3.9916998e-07 	-1.1593171e-05 	-0.015418309
0.0057357357 	-0.014425908 	-3.8229815e-07 	-1.048815e-05 	-0.01486485
0.0057477477 	-0.014425915 	-3.6481035e-07 	-9.6920921e-06 	-0.014259747
0.0057597598 	-0.014425922 	-3.4689365e-07 	-9.1111655e-06 	-0.013618685
0.0057717718 	-0.014425929 	-3.2897696e-07 	-8.5302388e-06 	-0.012977623
0.0057837838 	-0.014425938 	-3.1193649e-07 	-7.8590066e-06 	-0.012343085
0.0057957958 	-0.014425946 	-2.9496174e-07 	-7.1810008e-06 	-0.011709037
0.0058078078 	-0.014425955 	-2.7798699e-07 	-6.502995e-06 	-0.011074988
0.0058198198 	-0.014425964 	-2.6101224e-07 	-5.8249892e-06 	-0.010440939
0.0058318318 	-0.014425973 	-2.4403749e-07 	-5.1469834e-06 	-0.0098068907
0.0058438438 	-0.014425981 	-2.2706275e-07 	-4.4689777e-06 	-0.0091728421
0.0058558559 	-0.01442599 	-2.10088e-07 	-3.7909719e-06 	-0.0085387935
0.0058678679 	-0.014425999 	-1.9311325e-07 	-3.1129661e-06 	-0.0079047449
0.0058798799 	-0.014426008 	-1.7597482e-07 	-2.4880467e-06 	-0.0072593804
0.0058918919 	-0.014426026 	-1.5758225e-07 	-2.2698848e-06 	-0.0065273114
0.0059039039 	-0.014426044 	-1.3918968e-07 	-2.051723e-06 	-0.0057952425
0.0059159159 	-0.014426061 	-1.2158599e-07 	-1.8031576e-06 	-0.0050692565
0.0059279279 	-0.014426078 	-1.0421656e-07 	-1.5455636e-06 	-0.004345077
0.0059399399 	-0.014426095 	-8.6847135e-08 	-1.2879697e-06 	-0.0036208975
0.005951952 	-0.014426112 	-6.9477708e-08 	-1.0303758e-06 	-0.002896718
0.005963964 	-0.01442613 	-5.2108281e-08 	-7.7278182e-07 	-0.0021725385
0.005975976 	-0.014426147 	-3.4738854e-08 	-5.1518788e-07 	-0.001448359
0.005987988 	-0.014426164 	-1.7369427e-08 	-2.5759394e-07 	-0.00072417951
0.006 	-0.014426181 	-1.2416671e-19 	-1.8414305e-18 	-5.1768541e-15
