-0.006 	-0.012098196 	0 	0 	0
-0.005987988 	-0.012098174 	-1.6696712e-08 	4.6639272e-08 	-0.00075699099
-0.005975976 	-0.012098151 	-3.3237572e-08 	8.5955771e-08 	-0.0015147621
-0.005963964 	-0.012098129 	-4.9778432e-08 	1.2527227e-07 	-0.0022725332
-0.005951952 	-0.012098107 	-6.6319292e-08 	1.6458877e-07 	-0.0030303043
-0.0059399399 	-0.012098085 	-8.2860152e-08 	2.0390527e-07 	-0.0037880754
-0.0059279279 	-0.012098062 	-9.9401012e-08 	2.4322177e-07 	-0.0045458466
-0.0059159159 	-0.01209804 	-1.1594187e-07 	2.8253827e-07 	-0.0053036177
-0.0059039039 	-0.012098018 	-1.3248273e-07 	3.2185477e-07 	-0.0060613888
-0.0058918919 	-0.012097996 	-1.4902359e-07 	3.6117127e-07 	-0.0068191599
-0.0058798799 	-0.012097985 	-1.6533101e-07 	4.7480361e-07 	-0.0075279166
-0.0058678679 	-0.012097985 	-1.8096272e-07 	6.1860147e-07 	-0.0081924794
-0.0058558559 	-0.012097984 	-1.9659442e-07 	7.6239932e-07 	-0.0088570421
-0.0058438438 	-0.012097984 	-2.1222613e-07 	9.0619718e-07 	-0.0095216049
-0.0058318318 	-0.012097984 	-2.2785784e-07 	1.049995e-06 	-0.010186168
-0.0058198198 	-0.012097984 	-2.4348955e-07 	1.1937929e-06 	-0.01085073
-0.0058078078 	-0.012097984 	-2.5912125e-07 	1.3375907e-06 	-0.011515293
-0.0057957958 	-0.012097983 	-2.7475296e-07 	1.4813886e-06 	-0.012179856
-0.0057837838 	-0.012097983 	-2.9038467e-07 	1.6251864e-06 	-0.012844419
-0.0057717718 	-0.012097983 	-3.0601638e-07 	1.7689843e-06 	-0.013508982
-0.0057597598 	-0.012097983 	-3.2164808e-07 	1.9127822e-06 	-0.014173544
-0.0057477477 	-0.012097984 	-3.3728134e-07 	2.1515437e-06 	-0.014774318
-0.0057357357 	-0.012097985 	-3.5250101e-07 	2.3699444e-06 	-0.015356191
-0.0057237237 	-0.012097987 	-3.6772068e-07 	2.5883452e-06 	-0.015938064
-0.0057117117 	-0.012097988 	-3.8294035e-07 	2.8067459e-06 	-0.016519937
-0.0056996997 	-0.01209799 	-3.9816002e-07 	3.0251467e-06 	-0.017101811
-0.0056876877 	-0.012097991 	-4.1337969e-07 	3.2435474e-06 	-0.017683684
-0.0056756757 	-0.012097993 	-4.2859936e-07 	3.4619481e-06 	-0.018265557
-0.0056636637 	-0.012097994 	-4.4381903e-07 	3.6803489e-06 	-0.018847431
-0.0056516517 	-0.012097996 	-4.590387e-07 	3.8987496e-06 	-0.019429304
-0.0056396396 	-0.012097997 	-4.7425837e-07 	4.1171504e-06 	-0.020011177
-0.0056276276 	-0.012097999 	-4.8947804e-07 	4.3355511e-06 	-0.02059305
-0.0056156156 	-0.012098 	-5.046977e-07 	4.5539518e-06 	-0.021174924
-0.0056036036 	-0.012098003 	-5.2014985e-07 	4.8384631e-06 	-0.021702178
-0.0055915916 	-0.012098006 	-5.3513378e-07 	5.0673807e-06 	-0.022188175
-0.0055795796 	-0.01209801 	-5.5011771e-07 	5.2962983e-06 	-0.022674173
-0.0055675676 	-0.012098014 	-5.6510164e-07 	5.5252159e-06 	-0.02316017
-0.0055555556 	-0.012098018 	-5.8008557e-07 	5.7541335e-06 	-0.023646168
-0.0055435435 	-0.012098022 	-5.9506951e-07 	5.9830511e-06 	-0.024132165
-0.0055315315 	-0.012098025 	-6.1005344e-07 	6.2119687e-06 	-0.024618163
-0.0055195195 	-0.012098029 	-6.2503737e-07 	6.4408863e-06 	-0.02510416
-0.0055075075 	-0.012098033 	-6.400213e-07 	6.6698039e-06 	-0.025590157
-0.0054954955 	-0.012098037 	-6.5500523e-07 	6.8987215e-06 	-0.026076155
-0.0054834835 	-0.012098041 	-6.6998917e-07 	7.1276391e-06 	-0.026562152
-0.0054714715 	-0.012098044 	-6.849731e-07 	7.3565567e-06 	-0.02704815
-0.0054594595 	-0.012098048 	-6.9995703e-07 	7.5854743e-06 	-0.027534147
-0.0054474474 	-0.012098052 	-7.1494096e-07 	7.8143919e-06 	-0.028020145
-0.0054354354 	-0.012098057 	-7.3032112e-07 	8.0678738e-06 	-0.028424744
-0.0054234234 	-0.012098064 	-7.4539166e-07 	8.2119137e-06 	-0.028799157
-0.0054114114 	-0.01209807 	-7.6046221e-07 	8.3559536e-06 	-0.029173569
-0.0053993994 	-0.012098077 	-7.7553276e-07 	8.4999934e-06 	-0.029547981
-0.0053873874 	-0.012098083 	-7.9060331e-07 	8.6440333e-06 	-0.029922393
-0.0053753754 	-0.01209809 	-8.0567385e-07 	8.7880732e-06 	-0.030296805
-0.0053633634 	-0.012098096 	-8.207444e-07 	8.9321131e-06 	-0.030671217
-0.0053513514 	-0.012098103 	-8.3581495e-07 	9.076153e-06 	-0.03104563
-0.0053393393 	-0.012098109 	-8.508855e-07 	9.2201929e-06 	-0.031420042
-0.0053273273 	-0.012098116 	-8.6595604e-07 	9.3642328e-06 	-0.031794454
-0.0053153153 	-0.012098122 	-8.8102659e-07 	9.5082727e-06 	-0.032168866
-0.0053033033 	-0.012098129 	-8.9609714e-07 	9.6523126e-06 	-0.032543278
-0.0052912913 	-0.012098135 	-9.1116768e-07 	9.7963525e-06 	-0.032917691
-0.0052792793 	-0.012098142 	-9.2623823e-07 	9.9403924e-06 	-0.033292103
-0.0052672673 	-0.012098148 	-9.4130878e-07 	1.0084432e-05 	-0.033666515
-0.0052552553 	-0.012098155 	-9.5639481e-07 	1.0229331e-05 	-0.034038514
-0.0052432432 	-0.012098164 	-9.7212482e-07 	1.0264285e-05 	-0.034280901
-0.0052312312 	-0.012098174 	-9.8771526e-07 	1.0191266e-05 	-0.0345249
-0.0052192192 	-0.012098184 	-1.0033057e-06 	1.0118246e-05 	-0.034768898
-0.0052072072 	-0.012098194 	-1.0188962e-06 	1.0045226e-05 	-0.035012896
-0.0051951952 	-0.012098203 	-1.0344866e-06 	9.972206e-06 	-0.035256894
-0.0051831832 	-0.012098213 	-1.050077e-06 	9.8991862e-06 	-0.035500892
-0.0051711712 	-0.012098223 	-1.0656675e-06 	9.8261664e-06 	-0.035744891
-0.0051591592 	-0.012098233 	-1.0812579e-06 	9.7531465e-06 	-0.035988889
-0.0051471471 	-0.012098242 	-1.0968484e-06 	9.6801267e-06 	-0.036232887
-0.0051351351 	-0.012098252 	-1.1124388e-06 	9.6071069e-06 	-0.036476885
-0.0051231231 	-0.012098262 	-1.1280293e-06 	9.534087e-06 	-0.036720884
-0.0051111111 	-0.012098272 	-1.1436197e-06 	9.4610672e-06 	-0.036964882
-0.0050990991 	-0.012098281 	-1.1592102e-06 	9.3880474e-06 	-0.03720888
-0.0050870871 	-0.012098291 	-1.1748006e-06 	9.3150276e-06 	-0.037452878
-0.0050750751 	-0.012098301 	-1.1903911e-06 	9.2420077e-06 	-0.037696877
-0.0050630631 	-0.012098311 	-1.2059815e-06 	9.1689879e-06 	-0.037940875
-0.0050510511 	-0.01209832 	-1.221572e-06 	9.0959681e-06 	-0.038184873
-0.005039039 	-0.012098331 	-1.2372201e-06 	8.999339e-06 	-0.038395767
-0.005027027 	-0.012098345 	-1.2535418e-06 	8.6045118e-06 	-0.038485329
-0.005015015 	-0.012098358 	-1.2700347e-06 	8.1311178e-06 	-0.038576162
-0.005003003 	-0.012098372 	-1.2865276e-06 	7.6577238e-06 	-0.038666995
-0.004990991 	-0.012098385 	-1.3030206e-06 	7.1843298e-06 	-0.038757828
-0.004978979 	-0.012098399 	-1.3195135e-06 	6.7109358e-06 	-0.038848661
-0.004966967 	-0.012098412 	-1.3360064e-06 	6.2375418e-06 	-0.038939494
-0.004954955 	-0.012098426 	-1.3524994e-06 	5.7641477e-06 	-0.039030327
-0.0049429429 	-0.012098439 	-1.3689923e-06 	5.2907537e-06 	-0.03912116
-0.0049309309 	-0.012098453 	-1.3854852e-06 	4.8173597e-06 	-0.039211993
-0.0049189189 	-0.012098467 	-1.4019781e-06 	4.3439657e-06 	-0.039302826
-0.0049069069 	-0.01209848 	-1.4184711e-06 	3.8705717e-06 	-0.039393659
-0.0048948949 	-0.012098494 	-1.434964e-06 	3.3971777e-06 	-0.039484493
-0.0048828829 	-0.012098507 	-1.4514569e-06 	2.9237837e-06 	-0.039575326
-0.0048708709 	-0.012098521 	-1.4679498e-06 	2.4503897e-06 	-0.039666159
-0.0048588589 	-0.012098534 	-1.4844428e-06 	1.9769957e-06 	-0.039756992
-0.0048468468 	-0.012098548 	-1.5009357e-06 	1.5036017e-06 	-0.039847825
-0.0048348348 	-0.012098561 	-1.5174286e-06 	1.0302077e-06 	-0.039938658
-0.0048228228 	-0.012098575 	-1.5339216e-06 	5.5681369e-07 	-0.040029491
-0.0048108108 	-0.012098589 	-1.5504145e-06 	8.3419684e-08 	-0.040120324
-0.0047987988 	-0.012098602 	-1.5668963e-06 	-3.9348855e-07 	-0.040209344
-0.0047867868 	-0.01209862 	-1.583155e-06 	-1.3621688e-06 	-0.040116042
-0.0047747748 	-0.012098638 	-1.6004693e-06 	-2.4858826e-06 	-0.040025876
-0.0047627628 	-0.012098655 	-1.6177837e-06 	-3.6095964e-06 	-0.039935709
-0.0047507508 	-0.012098673 	-1.635098e-06 	-4.7333101e-06 	-0.039845543
-0.0047387387 	-0.012098691 	-1.6524124e-06 	-5.8570239e-06 	-0.039755377
-0.0047267267 	-0.012098708 	-1.6697267e-06 	-6.9807377e-06 	-0.039665211
-0.0047147147 	-0.012098726 	-1.687041e-06 	-8.1044514e-06 	-0.039575045
-0.0047027027 	-0.012098743 	-1.7043554e-06 	-9.2281652e-06 	-0.039484879
-0.0046906907 	-0.012098761 	-1.7216697e-06 	-1.0351879e-05 	-0.039394713
-0.0046786787 	-0.012098779 	-1.738984e-06 	-1.1475593e-05 	-0.039304546
-0.0046666667 	-0.012098796 	-1.7562984e-06 	-1.2599307e-05 	-0.03921438
-0.0046546547 	-0.012098814 	-1.7736127e-06 	-1.372302e-05 	-0.039124214
-0.0046426426 	-0.012098832 	-1.7909271e-06 	-1.4846734e-05 	-0.039034048
-0.0046306306 	-0.012098849 	-1.8082414e-06 	-1.5970448e-05 	-0.038943882
-0.0046186186 	-0.012098867 	-1.8255557e-06 	-1.7094162e-05 	-0.038853716
-0.0046066066 	-0.012098884 	-1.8428701e-06 	-1.8217875e-05 	-0.038763549
-0.0045945946 	-0.012098902 	-1.8601844e-06 	-1.9341589e-05 	-0.038673383
-0.0045825826 	-0.01209892 	-1.8774988e-06 	-2.0465303e-05 	-0.038583217
-0.0045705706 	-0.012098937 	-1.8948131e-06 	-2.1589017e-05 	-0.038493051
-0.0045585586 	-0.012098955 	-1.9121274e-06 	-2.271273e-05 	-0.038402885
-0.0045465465 	-0.012098973 	-1.9294418e-06 	-2.3836444e-05 	-0.038312719
-0.0045345345 	-0.01209899 	-1.9467561e-06 	-2.4960158e-05 	-0.038222553
-0.0045225225 	-0.012099008 	-1.9637257e-06 	-2.6154946e-05 	-0.038110811
-0.0045105105 	-0.01209903 	-1.9790027e-06 	-2.8136219e-05 	-0.037800824
-0.0044984985 	-0.012099051 	-1.9959724e-06 	-3.0251287e-05 	-0.037494919
-0.0044864865 	-0.012099073 	-2.0129421e-06 	-3.2366354e-05 	-0.037189014
-0.0044744745 	-0.012099094 	-2.0299117e-06 	-3.4481422e-05 	-0.036883109
-0.0044624625 	-0.012099116 	-2.0468814e-06 	-3.659649e-05 	-0.036577203
-0.0044504505 	-0.012099137 	-2.0638511e-06 	-3.8711557e-05 	-0.036271298
-0.0044384384 	-0.012099158 	-2.0808207e-06 	-4.0826625e-05 	-0.035965393
-0.0044264264 	-0.01209918 	-2.0977904e-06 	-4.2941693e-05 	-0.035659488
-0.0044144144 	-0.012099201 	-2.1147601e-06 	-4.505676e-05 	-0.035353583
-0.0044024024 	-0.012099223 	-2.1317297e-06 	-4.7171828e-05 	-0.035047678
-0.0043903904 	-0.012099244 	-2.1486994e-06 	-4.9286896e-05 	-0.034741773
-0.0043783784 	-0.012099265 	-2.1656691e-06 	-5.1401963e-05 	-0.034435867
-0.0043663664 	-0.012099287 	-2.1826387e-06 	-5.3517031e-05 	-0.034129962
-0.0043543544 	-0.012099308 	-2.1996084e-06 	-5.5632099e-05 	-0.033824057
-0.0043423423 	-0.012099329 	-2.2165781e-06 	-5.7747166e-05 	-0.033518152
-0.0043303303 	-0.012099351 	-2.2335477e-06 	-5.9862234e-05 	-0.033212247
-0.0043183183 	-0.012099372 	-2.2505174e-06 	-6.1977302e-05 	-0.032906342
-0.0043063063 	-0.012099394 	-2.2674871e-06 	-6.4092369e-05 	-0.032600437
-0.0042942943 	-0.012099415 	-2.2844567e-06 	-6.6207437e-05 	-0.032294532
-0.0042822823 	-0.012099436 	-2.3014264e-06 	-6.8322505e-05 	-0.031988626
-0.0042702703 	-0.012099458 	-2.3183961e-06 	-7.0437572e-05 	-0.031682721
-0.0042582583 	-0.012099479 	-2.3353657e-06 	-7.255264e-05 	-0.031376816
-0.0042462462 	-0.0120995 	-2.3523354e-06 	-7.4667708e-05 	-0.031070911
-0.0042342342 	-0.012099522 	-2.3693051e-06 	-7.6782775e-05 	-0.030765006
-0.0042222222 	-0.012099543 	-2.3862747e-06 	-7.8897843e-05 	-0.030459101
-0.0042102102 	-0.012099565 	-2.4025936e-06 	-8.1150484e-05 	-0.030124456
-0.0041981982 	-0.01209959 	-2.4147917e-06 	-8.4636779e-05 	-0.029551434
-0.0041861862 	-0.012099614 	-2.4290456e-06 	-8.8229314e-05 	-0.028985068
-0.0041741742 	-0.012099638 	-2.4432996e-06 	-9.182185e-05 	-0.028418703
-0.0041621622 	-0.012099662 	-2.4575535e-06 	-9.5414385e-05 	-0.027852338
-0.0041501502 	-0.012099686 	-2.4718074e-06 	-9.9006921e-05 	-0.027285972
-0.0041381381 	-0.01209971 	-2.4860614e-06 	-0.00010259946 	-0.026719607
-0.0041261261 	-0.012099734 	-2.5003153e-06 	-0.00010619199 	-0.026153241
-0.0041141141 	-0.012099758 	-2.5145693e-06 	-0.00010978453 	-0.025586876
-0.0041021021 	-0.012099782 	-2.5288232e-06 	-0.00011337706 	-0.025020511
-0.0040900901 	-0.012099806 	-2.5430772e-06 	-0.0001169696 	-0.024454145
-0.0040780781 	-0.012099831 	-2.5573311e-06 	-0.00012056213 	-0.02388778
-0.0040660661 	-0.012099855 	-2.571585e-06 	-0.00012415467 	-0.023321414
-0.0040540541 	-0.012099879 	-2.585839e-06 	-0.0001277472 	-0.022755049
-0.004042042 	-0.012099903 	-2.6000929e-06 	-0.00013133974 	-0.022188684
-0.00403003 	-0.012099927 	-2.6143469e-06 	-0.00013493227 	-0.021622318
-0.004018018 	-0.012099951 	-2.6286008e-06 	-0.00013852481 	-0.021055953
-0.004006006 	-0.012099975 	-2.6428548e-06 	-0.00014211735 	-0.020489587
-0.003993994 	-0.012099999 	-2.6571087e-06 	-0.00014570988 	-0.019923222
-0.003981982 	-0.012100023 	-2.6713626e-06 	-0.00014930242 	-0.019356856
-0.00396997 	-0.012100047 	-2.6856166e-06 	-0.00015289495 	-0.018790491
-0.003957958 	-0.012100071 	-2.6998705e-06 	-0.00015648749 	-0.018224126
-0.0039459459 	-0.012100095 	-2.7141245e-06 	-0.00016008002 	-0.01765776
-0.0039339339 	-0.01210012 	-2.7283784e-06 	-0.00016367256 	-0.017091395
-0.0039219219 	-0.012100144 	-2.7426324e-06 	-0.00016726509 	-0.016525029
-0.0039099099 	-0.012100168 	-2.7568863e-06 	-0.00017085763 	-0.015958664
-0.0038978979 	-0.012100192 	-2.7711402e-06 	-0.00017445016 	-0.015392299
-0.0038858859 	-0.012100216 	-2.7853942e-06 	-0.0001780427 	-0.014825933
-0.0038738739 	-0.01210024 	-2.7996481e-06 	-0.00018163524 	-0.014259568
-0.0038618619 	-0.012100264 	-2.8139021e-06 	-0.00018522777 	-0.013693202
-0.0038498498 	-0.012100288 	-2.8243937e-06 	-0.00019021537 	-0.012916079
-0.0038378378 	-0.012100312 	-2.83433e-06 	-0.00019606235 	-0.012026258
-0.0038258258 	-0.012100336 	-2.8446288e-06 	-0.00020191348 	-0.011139441
-0.0038138138 	-0.012100359 	-2.8549276e-06 	-0.00020776462 	-0.010252623
-0.0038018018 	-0.012100383 	-2.8652264e-06 	-0.00021361576 	-0.009365806
-0.0037897898 	-0.012100406 	-2.8755252e-06 	-0.00021946689 	-0.0084789886
-0.0037777778 	-0.01210043 	-2.8858241e-06 	-0.00022531803 	-0.0075921711
-0.0037657658 	-0.012100454 	-2.8961229e-06 	-0.00023116916 	-0.0067053537
-0.0037537538 	-0.012100477 	-2.9064217e-06 	-0.0002370203 	-0.0058185363
-0.0037417417 	-0.012100501 	-2.9167205e-06 	-0.00024287144 	-0.0049317189
-0.0037297297 	-0.012100524 	-2.9270193e-06 	-0.00024872257 	-0.0040449014
-0.0037177177 	-0.012100548 	-2.9373181e-06 	-0.00025457371 	-0.003158084
-0.0037057057 	-0.012100571 	-2.9476169e-06 	-0.00026042484 	-0.0022712666
-0.0036936937 	-0.012100595 	-2.9579157e-06 	-0.00026627598 	-0.0013844492
-0.0036816817 	-0.012100619 	-2.9682145e-06 	-0.00027212712 	-0.00049763176
-0.0036696697 	-0.012100642 	-2.9785133e-06 	-0.00027797825 	0.00038918566
-0.0036576577 	-0.012100666 	-2.9888121e-06 	-0.00028382939 	0.0012760031
-0.0036456456 	-0.012100689 	-2.9991109e-06 	-0.00028968053 	0.0021628205
-0.0036336336 	-0.012100713 	-3.0094097e-06 	-0.00029553166 	0.0030496379
-0.0036216216 	-0.012100736 	-3.0197085e-06 	-0.0003013828 	0.0039364553
-0.0036096096 	-0.01210076 	-3.0300073e-06 	-0.00030723393 	0.0048232728
-0.0035975976 	-0.012100784 	-3.0403061e-06 	-0.00031308507 	0.0057100902
-0.0035855856 	-0.012100807 	-3.0506049e-06 	-0.00031893621 	0.0065969076
-0.0035735736 	-0.012100831 	-3.0609037e-06 	-0.00032478734 	0.007483725
-0.0035615616 	-0.012100854 	-3.0712025e-06 	-0.00033063848 	0.0083705424
-0.0035495495 	-0.012100878 	-3.0815013e-06 	-0.00033648961 	0.0092573599
-0.0035375375 	-0.012100902 	-3.0918001e-06 	-0.00034234075 	0.010144177
-0.0035255255 	-0.012100925 	-3.1020989e-06 	-0.00034819189 	0.011030995
-0.0035135135 	-0.012100949 	-3.1123977e-06 	-0.00035404302 	0.011917812
-0.0035015015 	-0.012100972 	-3.1226965e-06 	-0.00035989416 	0.01280463
-0.0034894895 	-0.012100996 	-3.1329953e-06 	-0.0003657453 	0.013691447
-0.0034774775 	-0.012101019 	-3.1432941e-06 	-0.00037159643 	0.014578264
-0.0034654655 	-0.012101043 	-3.1535929e-06 	-0.00037744757 	0.015465082
-0.0034534535 	-0.012101065 	-3.1631593e-06 	-0.00038332066 	0.016365175
-0.0034414414 	-0.012101081 	-3.1696989e-06 	-0.00038925605 	0.01731908
-0.0034294294 	-0.012101096 	-3.1768793e-06 	-0.00039509774 	0.018258618
-0.0034174174 	-0.012101112 	-3.1840596e-06 	-0.00040093944 	0.019198157
-0.0034054054 	-0.012101128 	-3.19124e-06 	-0.00040678113 	0.020137695
-0.0033933934 	-0.012101144 	-3.1984204e-06 	-0.00041262282 	0.021077233
-0.0033813814 	-0.01210116 	-3.2056008e-06 	-0.00041846452 	0.022016771
-0.0033693694 	-0.012101175 	-3.2127812e-06 	-0.00042430621 	0.022956309
-0.0033573574 	-0.012101191 	-3.2199616e-06 	-0.0004301479 	0.023895847
-0.0033453453 	-0.012101207 	-3.227142e-06 	-0.0004359896 	0.024835386
-0.0033333333 	-0.012101223 	-3.2343224e-06 	-0.00044183129 	0.025774924
-0.0033213213 	-0.012101239 	-3.2415028e-06 	-0.00044767299 	0.026714462
-0.0033093093 	-0.012101254 	-3.2486832e-06 	-0.00045351468 	0.027654
-0.0032972973 	-0.01210127 	-3.2558636e-06 	-0.00045935637 	0.028593538
-0.0032852853 	-0.012101286 	-3.263044e-06 	-0.00046519807 	0.029533076
-0.0032732733 	-0.012101302 	-3.2702243e-06 	-0.00047103976 	0.030472615
-0.0032612613 	-0.012101318 	-3.2774047e-06 	-0.00047688146 	0.031412153
-0.0032492492 	-0.012101333 	-3.2845851e-06 	-0.00048272315 	0.032351691
-0.0032372372 	-0.012101349 	-3.2917655e-06 	-0.00048856484 	0.033291229
-0.0032252252 	-0.012101365 	-3.2989459e-06 	-0.00049440654 	0.034230767
-0.0032132132 	-0.012101381 	-3.3061263e-06 	-0.00050024823 	0.035170305
-0.0032012012 	-0.012101397 	-3.3133067e-06 	-0.00050608993 	0.036109843
-0.0031891892 	-0.012101412 	-3.3204871e-06 	-0.00051193162 	0.037049382
-0.0031771772 	-0.012101428 	-3.3276675e-06 	-0.00051777331 	0.03798892
-0.0031651652 	-0.012101444 	-3.3348479e-06 	-0.00052361501 	0.038928458
-0.0031531532 	-0.01210146 	-3.3420283e-06 	-0.0005294567 	0.039867996
-0.0031411411 	-0.012101476 	-3.3492087e-06 	-0.0005352984 	0.040807534
-0.0031291291 	-0.012101492 	-3.3563891e-06 	-0.00054114009 	0.041747072
-0.0031171171 	-0.012101507 	-3.3635694e-06 	-0.00054698178 	0.042686611
-0.0031051051 	-0.012101523 	-3.3707498e-06 	-0.00055282348 	0.043626149
-0.0030930931 	-0.012101539 	-3.3779302e-06 	-0.00055866517 	0.044565687
-0.0030810811 	-0.012101555 	-3.3851106e-06 	-0.00056450687 	0.045505225
-0.0030690691 	-0.012101571 	-3.392291e-06 	-0.00057034856 	0.046444763
-0.0030570571 	-0.012101586 	-3.3994714e-06 	-0.00057619025 	0.047384301
-0.003045045 	-0.012101602 	-3.4066518e-06 	-0.00058203195 	0.04832384
-0.003033033 	-0.012101618 	-3.4138322e-06 	-0.00058787364 	0.049263378
-0.003021021 	-0.012101634 	-3.4210126e-06 	-0.00059371534 	0.050202916
-0.003009009 	-0.01210165 	-3.428193e-06 	-0.00059955703 	0.051142454
-0.002996997 	-0.012101647 	-3.4392489e-06 	-0.00060913788 	0.05277365
-0.002984985 	-0.012101594 	-3.4630434e-06 	-0.00062931936 	0.056401796
-0.002972973 	-0.01210154 	-3.4868378e-06 	-0.00064950084 	0.060029943
-0.002960961 	-0.012101487 	-3.5106323e-06 	-0.00066968233 	0.063658089
-0.0029489489 	-0.012101434 	-3.5344268e-06 	-0.00068986381 	0.067286235
-0.0029369369 	-0.01210138 	-3.5582212e-06 	-0.00071004529 	0.070914381
-0.0029249249 	-0.012101344 	-3.5752196e-06 	-0.00072627028 	0.073844944
-0.0029129129 	-0.012101341 	-3.5788505e-06 	-0.00073477968 	0.075424287
-0.0029009009 	-0.012101338 	-3.5824814e-06 	-0.00074328908 	0.077003629
-0.0028888889 	-0.012101335 	-3.5861123e-06 	-0.00075179848 	0.078582972
-0.0028768769 	-0.012101332 	-3.5897432e-06 	-0.00076030788 	0.080162315
-0.0028648649 	-0.012101329 	-3.5933741e-06 	-0.00076881728 	0.081741657
-0.0028528529 	-0.012101327 	-3.597005e-06 	-0.00077732668 	0.083321
-0.0028408408 	-0.012101316 	-3.5978042e-06 	-0.0007860835 	0.084961023
-0.0028288288 	-0.012101303 	-3.5964421e-06 	-0.00079488309 	0.086623138
-0.0028168168 	-0.012101289 	-3.59508e-06 	-0.00080368268 	0.088285252
-0.0028048048 	-0.012101276 	-3.5937179e-06 	-0.00081248227 	0.089947367
-0.0027927928 	-0.012101262 	-3.5923558e-06 	-0.00082128185 	0.091609482
-0.0027807808 	-0.012101249 	-3.5909937e-06 	-0.00083008144 	0.093271596
-0.0027687688 	-0.012101235 	-3.5896316e-06 	-0.00083888103 	0.094933711
-0.0027567568 	-0.012101221 	-3.5882419e-06 	-0.00084770303 	0.096601918
-0.0027447447 	-0.012101199 	-3.5837397e-06 	-0.00085671159 	0.098365382
-0.0027327327 	-0.012101178 	-3.5787662e-06 	-0.00086566406 	0.10012195
-0.0027207207 	-0.012101156 	-3.5737927e-06 	-0.00087461653 	0.10187851
-0.0027087087 	-0.012101135 	-3.5688191e-06 	-0.00088356901 	0.10363507
-0.0026966967 	-0.012101113 	-3.5638456e-06 	-0.00089252148 	0.10539164
-0.0026846847 	-0.012101091 	-3.5588721e-06 	-0.00090147395 	0.1071482
-0.0026726727 	-0.01210107 	-3.5538985e-06 	-0.00091042642 	0.10890476
-0.0026606607 	-0.012101048 	-3.548925e-06 	-0.0009193789 	0.11066133
-0.0026486486 	-0.012101024 	-3.5437232e-06 	-0.00092843262 	0.11247389
-0.0026366366 	-0.012100996 	-3.5364112e-06 	-0.00093742557 	0.11433758
-0.0026246246 	-0.012100968 	-3.5290992e-06 	-0.00094641851 	0.11620127
-0.0026126126 	-0.012100941 	-3.5217873e-06 	-0.00095541145 	0.11806496
-0.0026006006 	-0.012100913 	-3.5144753e-06 	-0.0009644044 	0.11992865
-0.0025885886 	-0.012100885 	-3.5071634e-06 	-0.00097339734 	0.12179234
-0.0025765766 	-0.012100858 	-3.4998514e-06 	-0.00098239029 	0.12365604
-0.0025645646 	-0.01210083 	-3.4925394e-06 	-0.00099138323 	0.12551973
-0.0025525526 	-0.012100802 	-3.4852275e-06 	-0.0010003762 	0.12738342
-0.0025405405 	-0.012100775 	-3.4779155e-06 	-0.0010093691 	0.12924711
-0.0025285285 	-0.012100742 	-3.470615e-06 	-0.0010183844 	0.13120117
-0.0025165165 	-0.012100707 	-3.4620478e-06 	-0.0010272635 	0.13318499
-0.0025045045 	-0.012100673 	-3.4534807e-06 	-0.0010361426 	0.13516881
-0.0024924925 	-0.012100638 	-3.4449135e-06 	-0.0010450218 	0.13715263
-0.0024804805 	-0.012100603 	-3.4363464e-06 	-0.0010539009 	0.13913645
-0.0024684685 	-0.012100569 	-3.4277792e-06 	-0.00106278 	0.14112026
-0.0024564565 	-0.012100534 	-3.419212e-06 	-0.0010716591 	0.14310408
-0.0024444444 	-0.012100499 	-3.4106449e-06 	-0.0010805382 	0.1450879
-0.0024324324 	-0.012100465 	-3.4020777e-06 	-0.0010894174 	0.14707172
-0.0024204204 	-0.01210043 	-3.3935105e-06 	-0.0010982965 	0.14905554
-0.0024084084 	-0.012100395 	-3.3849434e-06 	-0.0011071756 	0.15103936
-0.0023963964 	-0.012100356 	-3.3768465e-06 	-0.0011159489 	0.1531118
-0.0023843844 	-0.012100313 	-3.367765e-06 	-0.0011244484 	0.15522751
-0.0023723724 	-0.01210027 	-3.3586836e-06 	-0.0011329479 	0.15734321
-0.0023603604 	-0.012100227 	-3.3496022e-06 	-0.0011414474 	0.15945892
-0.0023483483 	-0.012100185 	-3.3405208e-06 	-0.0011499468 	0.16157463
-0.0023363363 	-0.012100142 	-3.3314394e-06 	-0.0011584463 	0.16369034
-0.0023243243 	-0.012100099 	-3.322358e-06 	-0.0011669458 	0.16580605
-0.0023123123 	-0.012100057 	-3.3132766e-06 	-0.0011754453 	0.16792176
-0.0023003003 	-0.012100014 	-3.3041952e-06 	-0.0011839448 	0.17003747
-0.0022882883 	-0.012099971 	-3.2951138e-06 	-0.0011924443 	0.17215318
-0.0022762763 	-0.012099928 	-3.2860324e-06 	-0.0012009438 	0.17426889
-0.0022642643 	-0.012099886 	-3.276951e-06 	-0.0012094432 	0.1763846
-0.0022522523 	-0.012099843 	-3.2678696e-06 	-0.0012179427 	0.17850031
-0.0022402402 	-0.012099791 	-3.2591508e-06 	-0.0012257545 	0.18077021
-0.0022282282 	-0.012099739 	-3.2498526e-06 	-0.0012334386 	0.1830251
-0.0022162162 	-0.012099687 	-3.2405544e-06 	-0.0012411226 	0.18528
-0.0022042042 	-0.012099636 	-3.2312562e-06 	-0.0012488067 	0.18753489
-0.0021921922 	-0.012099584 	-3.2219579e-06 	-0.0012564907 	0.18978978
-0.0021801802 	-0.012099532 	-3.2126597e-06 	-0.0012641748 	0.19204468
-0.0021681682 	-0.012099481 	-3.2033615e-06 	-0.0012718588 	0.19429957
-0.0021561562 	-0.012099429 	-3.1940633e-06 	-0.0012795429 	0.19655446
-0.0021441441 	-0.012099377 	-3.184765e-06 	-0.0012872269 	0.19880935
-0.0021321321 	-0.012099326 	-3.1754668e-06 	-0.001294911 	0.20106425
-0.0021201201 	-0.012099274 	-3.1661686e-06 	-0.0013025951 	0.20331914
-0.0021081081 	-0.012099223 	-3.1568704e-06 	-0.0013102791 	0.20557403
-0.0020960961 	-0.012099171 	-3.1475721e-06 	-0.0013179632 	0.20782893
-0.0020840841 	-0.012099119 	-3.1382739e-06 	-0.0013256472 	0.21008382
-0.0020720721 	-0.01209906 	-3.1290731e-06 	-0.0013323751 	0.21245644
-0.0020600601 	-0.012099 	-3.1194406e-06 	-0.0013385667 	0.21484717
-0.002048048 	-0.012098939 	-3.1098082e-06 	-0.0013447583 	0.21723791
-0.002036036 	-0.012098878 	-3.1001757e-06 	-0.0013509499 	0.21962864
-0.002024024 	-0.012098818 	-3.0905432e-06 	-0.0013571415 	0.22201938
-0.002012012 	-0.012098757 	-3.0809107e-06 	-0.0013633331 	0.22441011
-0.002 	-0.012098697 	-3.0712782e-06 	-0.0013695248 	0.22680084
-0.001987988 	-0.012098636 	-3.0616457e-06 	-0.0013757164 	0.22919158
-0.001975976 	-0.012098575 	-3.0520132e-06 	-0.001381908 	0.23158231
-0.001963964 	-0.012098515 	-3.0423807e-06 	-0.0013880996 	0.23397304
-0.001951952 	-0.012098454 	-3.0327482e-06 	-0.0013942912 	0.23636378
-0.0019399399 	-0.012098393 	-3.0231157e-06 	-0.0014004828 	0.23875451
-0.0019279279 	-0.012098333 	-3.0134832e-06 	-0.0014066744 	0.24114525
-0.0019159159 	-0.012098272 	-3.0038507e-06 	-0.001412866 	0.24353598
-0.0019039039 	-0.012098212 	-2.9942182e-06 	-0.0014190576 	0.24592671
-0.0018918919 	-0.012098151 	-2.9845858e-06 	-0.0014252492 	0.24831745
-0.0018798799 	-0.012098085 	-2.974709e-06 	-0.0014302296 	0.25079119
-0.0018678679 	-0.012098017 	-2.9644016e-06 	-0.0014339658 	0.25329327
-0.0018558559 	-0.01209795 	-2.9540942e-06 	-0.001437702 	0.25579534
-0.0018438438 	-0.012097882 	-2.9437868e-06 	-0.0014414382 	0.25829742
-0.0018318318 	-0.012097814 	-2.9334794e-06 	-0.0014451745 	0.2607995
-0.0018198198 	-0.012097746 	-2.923172e-06 	-0.0014489107 	0.26330157
-0.0018078078 	-0.012097678 	-2.9128645e-06 	-0.0014526469 	0.26580365
-0.0017957958 	-0.01209761 	-2.9025571e-06 	-0.0014563831 	0.26830573
-0.0017837838 	-0.012097542 	-2.8922497e-06 	-0.0014601193 	0.2708078
-0.0017717718 	-0.012097474 	-2.8819423e-06 	-0.0014638556 	0.27330988
-0.0017597598 	-0.012097406 	-2.8716349e-06 	-0.0014675918 	0.27581196
-0.0017477477 	-0.012097338 	-2.8613275e-06 	-0.001471328 	0.27831403
-0.0017357357 	-0.01209727 	-2.85102e-06 	-0.0014750642 	0.28081611
-0.0017237237 	-0.012097203 	-2.8407126e-06 	-0.0014788004 	0.28331819
-0.0017117117 	-0.012097135 	-2.8304052e-06 	-0.0014825367 	0.28582026
-0.0016996997 	-0.012097067 	-2.8200978e-06 	-0.0014862729 	0.28832234
-0.0016876877 	-0.012096999 	-2.8097904e-06 	-0.0014900091 	0.29082442
-0.0016756757 	-0.012096931 	-2.799483e-06 	-0.0014937453 	0.29332649
-0.0016636637 	-0.012096862 	-2.7890152e-06 	-0.0014968856 	0.29584501
-0.0016516517 	-0.012096786 	-2.7777421e-06 	-0.0014967358 	0.29841786
-0.0016396396 	-0.012096711 	-2.7665157e-06 	-0.001496608 	0.30097162
-0.0016276276 	-0.012096636 	-2.7552892e-06 	-0.0014964803 	0.30352538
-0.0016156156 	-0.012096561 	-2.7440627e-06 	-0.0014963526 	0.30607915
-0.0016036036 	-0.012096486 	-2.7328362e-06 	-0.0014962248 	0.30863291
-0.0015915916 	-0.012096411 	-2.7216097e-06 	-0.0014960971 	0.31118667
-0.0015795796 	-0.012096336 	-2.7103833e-06 	-0.0014959694 	0.31374043
-0.0015675676 	-0.012096261 	-2.6991568e-06 	-0.0014958416 	0.3162942
-0.0015555556 	-0.012096186 	-2.6879303e-06 	-0.0014957139 	0.31884796
-0.0015435435 	-0.012096111 	-2.6767038e-06 	-0.0014955862 	0.32140172
-0.0015315315 	-0.012096036 	-2.6654773e-06 	-0.0014954584 	0.32395549
-0.0015195195 	-0.012095961 	-2.6542508e-06 	-0.0014953307 	0.32650925
-0.0015075075 	-0.012095886 	-2.6430244e-06 	-0.001495203 	0.32906301
-0.0014954955 	-0.012095811 	-2.6317979e-06 	-0.0014950752 	0.33161678
-0.0014834835 	-0.012095736 	-2.6205714e-06 	-0.0014949475 	0.33417054
-0.0014714715 	-0.01209566 	-2.6093449e-06 	-0.0014948198 	0.3367243
-0.0014594595 	-0.012095585 	-2.5981184e-06 	-0.001494692 	0.33927807
-0.0014474474 	-0.01209551 	-2.586892e-06 	-0.0014945643 	0.34183183
-0.0014354354 	-0.012095435 	-2.5756655e-06 	-0.0014944366 	0.34438559
-0.0014234234 	-0.01209536 	-2.564439e-06 	-0.0014943088 	0.34693936
-0.0014114114 	-0.012095283 	-2.5518248e-06 	-0.0014919022 	0.34967231
-0.0013993994 	-0.0120952 	-2.5365481e-06 	-0.0014849557 	0.35274627
-0.0013873874 	-0.012095118 	-2.521344e-06 	-0.0014780783 	0.35581003
-0.0013753754 	-0.012095036 	-2.5061399e-06 	-0.0014712008 	0.35887379
-0.0013633634 	-0.012094954 	-2.4909358e-06 	-0.0014643233 	0.36193754
-0.0013513514 	-0.012094872 	-2.4757316e-06 	-0.0014574459 	0.3650013
-0.0013393393 	-0.012094789 	-2.4605275e-06 	-0.0014505684 	0.36806506
-0.0013273273 	-0.012094707 	-2.4453234e-06 	-0.0014436909 	0.37112881
-0.0013153153 	-0.012094625 	-2.4301192e-06 	-0.0014368134 	0.37419257
-0.0013033033 	-0.012094543 	-2.4149151e-06 	-0.001429936 	0.37725633
-0.0012912913 	-0.012094461 	-2.399711e-06 	-0.0014230585 	0.38032009
-0.0012792793 	-0.012094378 	-2.3845068e-06 	-0.001416181 	0.38338384
-0.0012672673 	-0.012094296 	-2.3693027e-06 	-0.0014093036 	0.3864476
-0.0012552553 	-0.012094214 	-2.3540986e-06 	-0.0014024261 	0.38951136
-0.0012432432 	-0.012094132 	-2.3388945e-06 	-0.0013955486 	0.39257511
-0.0012312312 	-0.01209405 	-2.3236903e-06 	-0.0013886712 	0.39563887
-0.0012192192 	-0.012093967 	-2.3084862e-06 	-0.0013817937 	0.39870263
-0.0012072072 	-0.012093885 	-2.2932821e-06 	-0.0013749162 	0.40176639
-0.0011951952 	-0.012093803 	-2.2780779e-06 	-0.0013680388 	0.40483014
-0.0011831832 	-0.012093721 	-2.2628738e-06 	-0.0013611613 	0.4078939
-0.0011711712 	-0.012093639 	-2.2476697e-06 	-0.0013542838 	0.41095766
-0.0011591592 	-0.012093556 	-2.2324655e-06 	-0.0013474064 	0.41402141
-0.0011471471 	-0.012093474 	-2.2172614e-06 	-0.0013405289 	0.41708517
-0.0011351351 	-0.012093392 	-2.2020573e-06 	-0.0013336514 	0.42014893
-0.0011231231 	-0.012093338 	-2.1906823e-06 	-0.0013240574 	0.42230303
-0.0011111111 	-0.012093296 	-2.180969e-06 	-0.0013132844 	0.42406238
-0.0010990991 	-0.012093255 	-2.1712556e-06 	-0.0013025115 	0.42582173
-0.0010870871 	-0.012093213 	-2.1615423e-06 	-0.0012917386 	0.42758108
-0.0010750751 	-0.012093171 	-2.151829e-06 	-0.0012809657 	0.42934042
-0.0010630631 	-0.012093129 	-2.1421156e-06 	-0.0012701927 	0.43109977
-0.0010510511 	-0.012093088 	-2.1324023e-06 	-0.0012594198 	0.43285912
-0.001039039 	-0.012093046 	-2.122689e-06 	-0.0012486469 	0.43461847
-0.001027027 	-0.012093004 	-2.1129756e-06 	-0.001237874 	0.43637782
-0.001015015 	-0.012092963 	-2.1032623e-06 	-0.001227101 	0.43813717
-0.001003003 	-0.012092921 	-2.093549e-06 	-0.0012163281 	0.43989652
-0.00099099099 	-0.012092879 	-2.0838356e-06 	-0.0012055552 	0.44165587
-0.00097897898 	-0.012092837 	-2.0741223e-06 	-0.0011947822 	0.44341522
-0.00096696697 	-0.012092796 	-2.064409e-06 	-0.0011840093 	0.44517457
-0.00095495495 	-0.012092754 	-2.0546957e-06 	-0.0011732364 	0.44693392
-0.00094294294 	-0.012092712 	-2.0449823e-06 	-0.0011624635 	0.44869327
-0.00093093093 	-0.012092671 	-2.035269e-06 	-0.0011516905 	0.45045262
-0.00091891892 	-0.012092629 	-2.0255557e-06 	-0.0011409176 	0.45221197
-0.00090690691 	-0.012092587 	-2.0158423e-06 	-0.0011301447 	0.45397132
-0.00089489489 	-0.012092546 	-2.006129e-06 	-0.0011193718 	0.45573067
-0.00088288288 	-0.012092504 	-1.9964157e-06 	-0.0011085988 	0.45749002
-0.00087087087 	-0.012092462 	-1.9867023e-06 	-0.0010978259 	0.45924937
-0.00085885886 	-0.01209242 	-1.976989e-06 	-0.001087053 	0.46100872
-0.00084684685 	-0.012092379 	-1.9672757e-06 	-0.0010762801 	0.46276807
-0.00083483483 	-0.012092337 	-1.9575623e-06 	-0.0010655071 	0.46452742
-0.00082282282 	-0.012092295 	-1.947849e-06 	-0.0010547342 	0.46628677
-0.00081081081 	-0.012092254 	-1.9381357e-06 	-0.0010439613 	0.46804612
-0.0007987988 	-0.012092212 	-1.9284223e-06 	-0.0010331884 	0.46980547
-0.00078678679 	-0.01209217 	-1.918709e-06 	-0.0010224154 	0.47156482
-0.00077477477 	-0.012092128 	-1.9089957e-06 	-0.0010116425 	0.47332417
-0.00076276276 	-0.012092087 	-1.8992823e-06 	-0.0010008696 	0.47508352
-0.00075075075 	-0.012092045 	-1.889569e-06 	-0.00099009665 	0.47684287
-0.00073873874 	-0.012092003 	-1.8798557e-06 	-0.00097932373 	0.47860222
-0.00072672673 	-0.012091962 	-1.8701424e-06 	-0.0009685508 	0.48036157
-0.00071471471 	-0.01209192 	-1.860429e-06 	-0.00095777788 	0.48212092
-0.0007027027 	-0.012091878 	-1.8507157e-06 	-0.00094700495 	0.48388027
-0.00069069069 	-0.012091837 	-1.8410024e-06 	-0.00093623202 	0.48563962
-0.00067867868 	-0.012091795 	-1.831289e-06 	-0.0009254591 	0.48739897
-0.00066666667 	-0.012091753 	-1.8215757e-06 	-0.00091468617 	0.48915832
-0.00065465465 	-0.012091711 	-1.8118624e-06 	-0.00090391325 	0.49091767
-0.00064264264 	-0.01209167 	-1.802149e-06 	-0.00089314032 	0.49267702
-0.00063063063 	-0.012091628 	-1.7924357e-06 	-0.0008823674 	0.49443637
-0.00061861862 	-0.012091586 	-1.7827224e-06 	-0.00087159447 	0.49619572
-0.00060660661 	-0.012091545 	-1.773009e-06 	-0.00086082154 	0.49795507
-0.00059459459 	-0.012091503 	-1.7632957e-06 	-0.00085004862 	0.49971442
-0.00058258258 	-0.012091461 	-1.7535824e-06 	-0.00083927569 	0.50147377
-0.00057057057 	-0.012091419 	-1.7436944e-06 	-0.00082832659 	0.50325167
-0.00055855856 	-0.012091389 	-1.7369529e-06 	-0.00081344896 	0.50444976
-0.00054654655 	-0.012091366 	-1.7323728e-06 	-0.0007959907 	0.50525362
-0.00053453453 	-0.012091343 	-1.7277927e-06 	-0.00077853244 	0.50605749
-0.00052252252 	-0.01209132 	-1.7232127e-06 	-0.00076107417 	0.50686135
-0.00051051051 	-0.012091297 	-1.7186326e-06 	-0.00074361591 	0.50766522
-0.0004984985 	-0.012091274 	-1.7140526e-06 	-0.00072615765 	0.50846909
-0.00048648649 	-0.012091251 	-1.7094725e-06 	-0.00070869938 	0.50927295
-0.00047447447 	-0.012091228 	-1.7048924e-06 	-0.00069124112 	0.51007682
-0.00046246246 	-0.012091205 	-1.7003124e-06 	-0.00067378286 	0.51088068
-0.00045045045 	-0.012091182 	-1.6957323e-06 	-0.0006563246 	0.51168455
-0.00043843844 	-0.012091159 	-1.6911523e-06 	-0.00063886633 	0.51248842
-0.00042642643 	-0.012091136 	-1.6865722e-06 	-0.00062140807 	0.51329228
-0.00041441441 	-0.012091113 	-1.6819921e-06 	-0.00060394981 	0.51409615
-0.0004024024 	-0.01209109 	-1.6774121e-06 	-0.00058649154 	0.51490001
-0.00039039039 	-0.012091067 	-1.672832e-06 	-0.00056903328 	0.51570388
-0.00037837838 	-0.012091044 	-1.668252e-06 	-0.00055157502 	0.51650774
-0.00036636637 	-0.012091022 	-1.6636719e-06 	-0.00053411675 	0.51731161
-0.00035435435 	-0.012090999 	-1.6590919e-06 	-0.00051665849 	0.51811548
-0.00034234234 	-0.012090976 	-1.6545118e-06 	-0.00049920023 	0.51891934
-0.00033033033 	-0.012090953 	-1.6499317e-06 	-0.00048174196 	0.51972321
-0.00031831832 	-0.01209093 	-1.6453517e-06 	-0.0004642837 	0.52052707
-0.00030630631 	-0.012090907 	-1.6407716e-06 	-0.00044682544 	0.52133094
-0.00029429429 	-0.012090884 	-1.6361916e-06 	-0.00042936717 	0.52213481
-0.00028228228 	-0.012090861 	-1.6316115e-06 	-0.00041190891 	0.52293867
-0.00027027027 	-0.012090838 	-1.6270314e-06 	-0.00039445065 	0.52374254
-0.00025825826 	-0.012090815 	-1.6224514e-06 	-0.00037699239 	0.5245464
-0.00024624625 	-0.012090792 	-1.6178713e-06 	-0.00035953412 	0.52535027
-0.00023423423 	-0.012090769 	-1.6132913e-06 	-0.00034207586 	0.52615413
-0.00022222222 	-0.012090746 	-1.6087112e-06 	-0.0003246176 	0.526958
-0.00021021021 	-0.012090723 	-1.6041312e-06 	-0.00030715933 	0.52776187
-0.0001981982 	-0.0120907 	-1.5995511e-06 	-0.00028970107 	0.52856573
-0.00018618619 	-0.012090677 	-1.594971e-06 	-0.00027224281 	0.5293696
-0.00017417417 	-0.012090654 	-1.590391e-06 	-0.00025478454 	0.53017346
-0.00016216216 	-0.012090631 	-1.5858109e-06 	-0.00023732628 	0.53097733
-0.00015015015 	-0.012090608 	-1.5812309e-06 	-0.00021986802 	0.5317812
-0.00013813814 	-0.012090586 	-1.5766508e-06 	-0.00020240975 	0.53258506
-0.00012612613 	-0.012090563 	-1.5720707e-06 	-0.00018495149 	0.53338893
-0.00011411411 	-0.01209054 	-1.5674907e-06 	-0.00016749323 	0.53419279
-0.0001021021 	-0.012090517 	-1.5629106e-06 	-0.00015003496 	0.53499666
-9.009009e-05 	-0.012090494 	-1.5583306e-06 	-0.0001325767 	0.53580053
-7.8078078e-05 	-0.012090471 	-1.5537505e-06 	-0.00011511844 	0.53660439
-6.6066066e-05 	-0.012090448 	-1.5491705e-06 	-9.7660175e-05 	0.53740826
-5.4054054e-05 	-0.012090425 	-1.5445904e-06 	-8.0201912e-05 	0.53821212
-4.2042042e-05 	-0.012090402 	-1.5400103e-06 	-6.2743649e-05 	0.53901599
-3.003003e-05 	-0.012090379 	-1.5354303e-06 	-4.5285386e-05 	0.53981985
-1.8018018e-05 	-0.012090356 	-1.5308502e-06 	-2.7827123e-05 	0.54062372
-6.006006e-06 	-0.012090333 	-1.5261932e-06 	-1.0266361e-05 	0.54143215
6.006006e-06 	-0.012090333 	-1.5265281e-06 	7.2792253e-06 	0.54143557
1.8018018e-05 	-0.012090355 	-1.5319079e-06 	2.4739172e-05 	0.54063083
3.003003e-05 	-0.012090378 	-1.5372877e-06 	4.2199118e-05 	0.5398261
4.2042042e-05 	-0.012090401 	-1.5426675e-06 	5.9659064e-05 	0.53902136
5.4054054e-05 	-0.012090423 	-1.5480473e-06 	7.711901e-05 	0.53821662
6.6066066e-05 	-0.012090446 	-1.5534271e-06 	9.4578956e-05 	0.53741189
7.8078078e-05 	-0.012090469 	-1.5588069e-06 	0.0001120389 	0.53660715
9.009009e-05 	-0.012090491 	-1.5641867e-06 	0.00012949885 	0.53580241
0.0001021021 	-0.012090514 	-1.5695665e-06 	0.00014695879 	0.53499768
0.00011411411 	-0.012090536 	-1.5749463e-06 	0.00016441874 	0.53419294
0.00012612613 	-0.012090559 	-1.5803261e-06 	0.00018187869 	0.53338821
0.00013813814 	-0.012090582 	-1.5857059e-06 	0.00019933863 	0.53258347
0.00015015015 	-0.012090604 	-1.5910857e-06 	0.00021679858 	0.53177873
0.00016216216 	-0.012090627 	-1.5964655e-06 	0.00023425853 	0.530974
0.00017417417 	-0.012090649 	-1.6018453e-06 	0.00025171847 	0.53016926
0.00018618619 	-0.012090672 	-1.6072251e-06 	0.00026917842 	0.52936453
0.0001981982 	-0.012090695 	-1.6126049e-06 	0.00028663836 	0.52855979
0.00021021021 	-0.012090717 	-1.6179847e-06 	0.00030409831 	0.52775505
0.00022222222 	-0.01209074 	-1.6233645e-06 	0.00032155826 	0.52695032
0.00023423423 	-0.012090763 	-1.6287443e-06 	0.0003390182 	0.52614558
0.00024624625 	-0.012090785 	-1.6341241e-06 	0.00035647815 	0.52534084
0.00025825826 	-0.012090808 	-1.6395039e-06 	0.00037393809 	0.52453611
0.00027027027 	-0.01209083 	-1.6448837e-06 	0.00039139804 	0.52373137
0.00028228228 	-0.012090853 	-1.6502635e-06 	0.00040885799 	0.52292664
0.00029429429 	-0.012090876 	-1.6556433e-06 	0.00042631793 	0.5221219
0.00030630631 	-0.012090898 	-1.6610231e-06 	0.00044377788 	0.52131716
0.00031831832 	-0.012090921 	-1.6664029e-06 	0.00046123783 	0.52051243
0.00033033033 	-0.012090944 	-1.6717827e-06 	0.00047869777 	0.51970769
0.00034234234 	-0.012090966 	-1.6771625e-06 	0.00049615772 	0.51890296
0.00035435435 	-0.012090989 	-1.6825423e-06 	0.00051361766 	0.51809822
0.00036636637 	-0.012091011 	-1.6879221e-06 	0.00053107761 	0.51729348
0.00037837838 	-0.012091034 	-1.6933019e-06 	0.00054853756 	0.51648875
0.00039039039 	-0.012091057 	-1.6986817e-06 	0.0005659975 	0.51568401
0.0004024024 	-0.012091079 	-1.7040615e-06 	0.00058345745 	0.51487927
0.00041441441 	-0.012091102 	-1.7094413e-06 	0.00060091739 	0.51407454
0.00042642643 	-0.012091124 	-1.7148211e-06 	0.00061837734 	0.5132698
0.00043843844 	-0.012091147 	-1.7202009e-06 	0.00063583729 	0.51246507
0.00045045045 	-0.01209117 	-1.7255807e-06 	0.00065329723 	0.51166033
0.00046246246 	-0.012091192 	-1.7309605e-06 	0.00067075718 	0.51085559
0.00047447447 	-0.012091215 	-1.7363403e-06 	0.00068821713 	0.51005086
0.00048648649 	-0.012091238 	-1.7417201e-06 	0.00070567707 	0.50924612
0.0004984985 	-0.01209126 	-1.7470999e-06 	0.00072313702 	0.50844139
0.00051051051 	-0.012091283 	-1.7524797e-06 	0.00074059696 	0.50763665
0.00052252252 	-0.012091305 	-1.7578595e-06 	0.00075805691 	0.50683191
0.00053453453 	-0.012091328 	-1.7632393e-06 	0.00077551686 	0.50602718
0.00054654655 	-0.012091351 	-1.7686191e-06 	0.0007929768 	0.50522244
0.00055855856 	-0.012091373 	-1.7740008e-06 	0.00081052207 	0.50441392
0.00057057057 	-0.012091404 	-1.7814665e-06 	0.00082540257 	0.5032212
0.00058258258 	-0.012091445 	-1.7920379e-06 	0.00083617727 	0.5014611
0.00059459459 	-0.012091487 	-1.8026093e-06 	0.00084695198 	0.49970099
0.00060660661 	-0.012091528 	-1.8131807e-06 	0.00085772668 	0.49794089
0.00061861862 	-0.01209157 	-1.8237522e-06 	0.00086850139 	0.49618079
0.00063063063 	-0.012091611 	-1.8343236e-06 	0.00087927609 	0.49442069
0.00064264264 	-0.012091653 	-1.844895e-06 	0.0008900508 	0.49266059
0.00065465465 	-0.012091695 	-1.8554664e-06 	0.0009008255 	0.49090048
0.00066666667 	-0.012091736 	-1.8660379e-06 	0.00091160021 	0.48914038
0.00067867868 	-0.012091778 	-1.8766093e-06 	0.00092237491 	0.48738028
0.00069069069 	-0.012091819 	-1.8871807e-06 	0.00093314962 	0.48562018
0.0007027027 	-0.012091861 	-1.8977522e-06 	0.00094392432 	0.48386008
0.00071471471 	-0.012091902 	-1.9083236e-06 	0.00095469903 	0.48209997
0.00072672673 	-0.012091944 	-1.918895e-06 	0.00096547373 	0.48033987
0.00073873874 	-0.012091986 	-1.9294664e-06 	0.00097624844 	0.47857977
0.00075075075 	-0.012092027 	-1.9400379e-06 	0.00098702314 	0.47681967
0.00076276276 	-0.012092069 	-1.9506093e-06 	0.00099779785 	0.47505956
0.00077477477 	-0.01209211 	-1.9611807e-06 	0.0010085726 	0.47329946
0.00078678679 	-0.012092152 	-1.9717521e-06 	0.0010193473 	0.47153936
0.0007987988 	-0.012092193 	-1.9823236e-06 	0.001030122 	0.46977926
0.00081081081 	-0.012092235 	-1.992895e-06 	0.0010408967 	0.46801916
0.00082282282 	-0.012092277 	-2.0034664e-06 	0.0010516714 	0.46625905
0.00083483483 	-0.012092318 	-2.0140378e-06 	0.0010624461 	0.46449895
0.00084684685 	-0.01209236 	-2.0246093e-06 	0.0010732208 	0.46273885
0.00085885886 	-0.012092401 	-2.0351807e-06 	0.0010839955 	0.46097875
0.00087087087 	-0.012092443 	-2.0457521e-06 	0.0010947702 	0.45921864
0.00088288288 	-0.012092484 	-2.0563236e-06 	0.0011055449 	0.45745854
0.00089489489 	-0.012092526 	-2.066895e-06 	0.0011163196 	0.45569844
0.00090690691 	-0.012092568 	-2.0774664e-06 	0.0011270943 	0.45393834
0.00091891892 	-0.012092609 	-2.0880378e-06 	0.001137869 	0.45217824
0.00093093093 	-0.012092651 	-2.0986093e-06 	0.0011486437 	0.45041813
0.00094294294 	-0.012092692 	-2.1091807e-06 	0.0011594184 	0.44865803
0.00095495495 	-0.012092734 	-2.1197521e-06 	0.0011701931 	0.44689793
0.00096696697 	-0.012092775 	-2.1303235e-06 	0.0011809678 	0.44513783
0.00097897898 	-0.012092817 	-2.140895e-06 	0.0011917425 	0.44337773
0.00099099099 	-0.012092859 	-2.1514664e-06 	0.0012025172 	0.44161762
0.001003003 	-0.0120929 	-2.1620378e-06 	0.0012132919 	0.43985752
0.001015015 	-0.012092942 	-2.1726092e-06 	0.0012240667 	0.43809742
0.001027027 	-0.012092983 	-2.1831807e-06 	0.0012348414 	0.43633732
0.001039039 	-0.012093025 	-2.1937521e-06 	0.0012456161 	0.43457721
0.0010510511 	-0.012093066 	-2.2043235e-06 	0.0012563908 	0.43281711
0.0010630631 	-0.012093108 	-2.214895e-06 	0.0012671655 	0.43105701
0.0010750751 	-0.01209315 	-2.2254664e-06 	0.0012779402 	0.42929691
0.0010870871 	-0.012093191 	-2.2360378e-06 	0.0012887149 	0.42753681
0.0010990991 	-0.012093233 	-2.2466092e-06 	0.0012994896 	0.4257767
0.0011111111 	-0.012093274 	-2.2571807e-06 	0.0013102643 	0.4240166
0.0011231231 	-0.012093316 	-2.2677958e-06 	0.0013211395 	0.4222459
0.0011351351 	-0.01209337 	-2.2802622e-06 	0.0013309124 	0.42007229
0.0011471471 	-0.012093452 	-2.2968404e-06 	0.0013377903 	0.41700755
0.0011591592 	-0.012093534 	-2.3134186e-06 	0.0013446681 	0.41394282
0.0011711712 	-0.012093616 	-2.3299968e-06 	0.001351546 	0.41087808
0.0011831832 	-0.012093699 	-2.346575e-06 	0.0013584239 	0.40781335
0.0011951952 	-0.012093781 	-2.3631532e-06 	0.0013653018 	0.40474861
0.0012072072 	-0.012093863 	-2.3797314e-06 	0.0013721797 	0.40168388
0.0012192192 	-0.012093945 	-2.3963097e-06 	0.0013790576 	0.39861914
0.0012312312 	-0.012094027 	-2.4128879e-06 	0.0013859355 	0.39555441
0.0012432432 	-0.012094109 	-2.4294661e-06 	0.0013928133 	0.39248967
0.0012552553 	-0.012094191 	-2.4460443e-06 	0.0013996912 	0.38942494
0.0012672673 	-0.012094273 	-2.4626225e-06 	0.0014065691 	0.38636021
0.0012792793 	-0.012094355 	-2.4792007e-06 	0.001413447 	0.38329547
0.0012912913 	-0.012094438 	-2.4957789e-06 	0.0014203249 	0.38023074
0.0013033033 	-0.01209452 	-2.5123571e-06 	0.0014272028 	0.377166
0.0013153153 	-0.012094602 	-2.5289353e-06 	0.0014340806 	0.37410127
0.0013273273 	-0.012094684 	-2.5455135e-06 	0.0014409585 	0.37103653
0.0013393393 	-0.012094766 	-2.5620917e-06 	0.0014478364 	0.3679718
0.0013513514 	-0.012094848 	-2.5786699e-06 	0.0014547143 	0.36490706
0.0013633634 	-0.01209493 	-2.5952481e-06 	0.0014615922 	0.36184233
0.0013753754 	-0.012095012 	-2.6118263e-06 	0.0014684701 	0.35877759
0.0013873874 	-0.012095095 	-2.6284045e-06 	0.001475348 	0.35571286
0.0013993994 	-0.012095177 	-2.6449827e-06 	0.0014822258 	0.35264812
0.0014114114 	-0.012095259 	-2.6615605e-06 	0.0014891726 	0.34957319
0.0014234234 	-0.012095337 	-2.6757648e-06 	0.0014915799 	0.34683944
0.0014354354 	-0.012095412 	-2.688836e-06 	0.0014917088 	0.34428496
0.0014474474 	-0.012095487 	-2.7019073e-06 	0.0014918377 	0.34173048
0.0014594595 	-0.012095561 	-2.7149785e-06 	0.0014919666 	0.339176
0.0014714715 	-0.012095636 	-2.7280497e-06 	0.0014920955 	0.33662151
0.0014834835 	-0.012095711 	-2.741121e-06 	0.0014922244 	0.33406703
0.0014954955 	-0.012095786 	-2.7541922e-06 	0.0014923533 	0.33151255
0.0015075075 	-0.012095861 	-2.7672635e-06 	0.0014924822 	0.32895807
0.0015195195 	-0.012095936 	-2.7803347e-06 	0.0014926111 	0.32640359
0.0015315315 	-0.012096011 	-2.793406e-06 	0.00149274 	0.3238491
0.0015435435 	-0.012096086 	-2.8064772e-06 	0.0014928689 	0.32129462
0.0015555556 	-0.012096161 	-2.8195484e-06 	0.0014929978 	0.31874014
0.0015675676 	-0.012096236 	-2.8326197e-06 	0.0014931267 	0.31618566
0.0015795796 	-0.012096311 	-2.8456909e-06 	0.0014932556 	0.31363118
0.0015915916 	-0.012096386 	-2.8587622e-06 	0.0014933845 	0.31107669
0.0016036036 	-0.012096461 	-2.8718334e-06 	0.0014935134 	0.30852221
0.0016156156 	-0.012096536 	-2.8849046e-06 	0.0014936423 	0.30596773
0.0016276276 	-0.012096611 	-2.8979759e-06 	0.0014937712 	0.30341325
0.0016396396 	-0.012096686 	-2.9110471e-06 	0.0014939001 	0.30085877
0.0016516517 	-0.012096761 	-2.9241184e-06 	0.001494029 	0.29830429
0.0016636637 	-0.012096837 	-2.93708e-06 	0.0014941798 	0.29573073
0.0016756757 	-0.012096906 	-2.9500134e-06 	0.0014910417 	0.29321157
0.0016876877 	-0.012096974 	-2.9629804e-06 	0.0014873079 	0.29070887
0.0016996997 	-0.012097042 	-2.9759473e-06 	0.0014835742 	0.28820617
0.0017117117 	-0.01209711 	-2.9889143e-06 	0.0014798404 	0.28570346
0.0017237237 	-0.012097178 	-3.0018813e-06 	0.0014761066 	0.28320076
0.0017357357 	-0.012097246 	-3.0148483e-06 	0.0014723729 	0.28069806
0.0017477477 	-0.012097314 	-3.0278153e-06 	0.0014686391 	0.27819536
0.0017597598 	-0.012097381 	-3.0407822e-06 	0.0014649054 	0.27569265
0.0017717718 	-0.012097449 	-3.0537492e-06 	0.0014611716 	0.27318995
0.0017837838 	-0.012097517 	-3.0667162e-06 	0.0014574378 	0.27068725
0.0017957958 	-0.012097585 	-3.0796832e-06 	0.0014537041 	0.26818455
0.0018078078 	-0.012097653 	-3.0926502e-06 	0.0014499703 	0.26568185
0.0018198198 	-0.012097721 	-3.1056172e-06 	0.0014462366 	0.26317914
0.0018318318 	-0.012097789 	-3.1185841e-06 	0.0014425028 	0.26067644
0.0018438438 	-0.012097857 	-3.1315511e-06 	0.0014387691 	0.25817374
0.0018558559 	-0.012097925 	-3.1445181e-06 	0.0014350353 	0.25567104
0.0018678679 	-0.012097993 	-3.1574851e-06 	0.0014313015 	0.25316833
0.0018798799 	-0.01209806 	-3.1704521e-06 	0.0014275678 	0.25066563
0.0018918919 	-0.012098126 	-3.1830587e-06 	0.0014225902 	0.24819131
0.0019039039 	-0.012098187 	-3.1959117e-06 	0.0014164021 	0.24580005
0.0019159159 	-0.012098247 	-3.2087646e-06 	0.0014102141 	0.24340879
0.0019279279 	-0.012098308 	-3.2216176e-06 	0.0014040261 	0.24101753
0.0019399399 	-0.012098368 	-3.2344706e-06 	0.001397838 	0.23862628
0.001951952 	-0.012098429 	-3.2473236e-06 	0.00139165 	0.23623502
0.001963964 	-0.01209849 	-3.2601765e-06 	0.001385462 	0.23384376
0.001975976 	-0.01209855 	-3.2730295e-06 	0.0013792739 	0.2314525
0.001987988 	-0.012098611 	-3.2858825e-06 	0.0013730859 	0.22906124
0.002 	-0.012098671 	-3.2987355e-06 	0.0013668979 	0.22666998
0.002012012 	-0.012098732 	-3.3115885e-06 	0.0013607098 	0.22427872
0.002024024 	-0.012098793 	-3.3244414e-06 	0.0013545218 	0.22188746
0.002036036 	-0.012098853 	-3.3372944e-06 	0.0013483338 	0.2194962
0.002048048 	-0.012098914 	-3.3501474e-06 	0.0013421457 	0.21710494
0.0020600601 	-0.012098975 	-3.3630004e-06 	0.0013359577 	0.21471368
0.0020720721 	-0.012099035 	-3.3758533e-06 	0.0013297697 	0.21232242
0.0020840841 	-0.012099094 	-3.3882368e-06 	0.0013230454 	0.20994931
0.0020960961 	-0.012099146 	-3.4006404e-06 	0.0013153661 	0.20769399
0.0021081081 	-0.012099198 	-3.413044e-06 	0.0013076868 	0.20543868
0.0021201201 	-0.012099249 	-3.4254476e-06 	0.0013000075 	0.20318336
0.0021321321 	-0.012099301 	-3.4378512e-06 	0.0012923282 	0.20092804
0.0021441441 	-0.012099352 	-3.4502548e-06 	0.0012846489 	0.19867273
0.0021561562 	-0.012099404 	-3.4626585e-06 	0.0012769696 	0.19641741
0.0021681682 	-0.012099456 	-3.4750621e-06 	0.0012692903 	0.1941621
0.0021801802 	-0.012099507 	-3.4874657e-06 	0.001261611 	0.19190678
0.0021921922 	-0.012099559 	-3.4998693e-06 	0.0012539317 	0.18965147
0.0022042042 	-0.012099611 	-3.5122729e-06 	0.0012462524 	0.18739615
0.0022162162 	-0.012099662 	-3.5246765e-06 	0.0012385731 	0.18514083
0.0022282282 	-0.012099714 	-3.5370801e-06 	0.0012308938 	0.18288552
0.0022402402 	-0.012099766 	-3.5494837e-06 	0.0012232145 	0.1806302
0.0022522523 	-0.012099818 	-3.5616155e-06 	0.0012154073 	0.17835988
0.0022642643 	-0.012099861 	-3.5729053e-06 	0.0012069139 	0.17624385
0.0022762763 	-0.012099904 	-3.5841951e-06 	0.0011984205 	0.17412783
0.0022882883 	-0.012099946 	-3.595485e-06 	0.001189927 	0.1720118
0.0023003003 	-0.012099989 	-3.6067748e-06 	0.0011814336 	0.16989578
0.0023123123 	-0.012100032 	-3.6180646e-06 	0.0011729402 	0.16777975
0.0023243243 	-0.012100075 	-3.6293544e-06 	0.0011644467 	0.16566373
0.0023363363 	-0.012100117 	-3.6406442e-06 	0.0011559533 	0.1635477
0.0023483483 	-0.01210016 	-3.651934e-06 	0.0011474599 	0.16143167
0.0023603604 	-0.012100203 	-3.6632238e-06 	0.0011389665 	0.15931565
0.0023723724 	-0.012100246 	-3.6745136e-06 	0.001130473 	0.15719962
0.0023843844 	-0.012100288 	-3.6858035e-06 	0.0011219796 	0.1550836
0.0023963964 	-0.012100331 	-3.6970933e-06 	0.0011134862 	0.15296757
0.0024084084 	-0.012100371 	-3.7074556e-06 	0.0011047194 	0.15089487
0.0024204204 	-0.012100406 	-3.7168456e-06 	0.0010958478 	0.14891085
0.0024324324 	-0.01210044 	-3.7262356e-06 	0.0010869762 	0.14692682
0.0024444444 	-0.012100475 	-3.7356256e-06 	0.0010781045 	0.1449428
0.0024564565 	-0.01210051 	-3.7450156e-06 	0.0010692329 	0.14295878
0.0024684685 	-0.012100544 	-3.7544056e-06 	0.0010603613 	0.14097476
0.0024804805 	-0.012100579 	-3.7637956e-06 	0.0010514897 	0.13899074
0.0024924925 	-0.012100614 	-3.7731856e-06 	0.0010426181 	0.13700671
0.0025045045 	-0.012100648 	-3.7825756e-06 	0.0010337465 	0.13502269
0.0025165165 	-0.012100683 	-3.7919656e-06 	0.0010248749 	0.13303867
0.0025285285 	-0.012100718 	-3.8013557e-06 	0.0010160033 	0.13105465
0.0025405405 	-0.01210075 	-3.8098919e-06 	0.0010069959 	0.12910043
0.0025525526 	-0.012100778 	-3.8166536e-06 	0.00099801208 	0.12723665
0.0025645646 	-0.012100806 	-3.8234154e-06 	0.00098902827 	0.12537288
0.0025765766 	-0.012100833 	-3.8301772e-06 	0.00098004445 	0.12350911
0.0025885886 	-0.012100861 	-3.8369389e-06 	0.00097106063 	0.12164534
0.0026006006 	-0.012100889 	-3.8437007e-06 	0.00096207681 	0.11978157
0.0026126126 	-0.012100916 	-3.8504625e-06 	0.000953093 	0.11791779
0.0026246246 	-0.012100944 	-3.8572242e-06 	0.00094410918 	0.11605402
0.0026366366 	-0.012100972 	-3.863986e-06 	0.00093512536 	0.11419025
0.0026486486 	-0.012100999 	-3.8707478e-06 	0.00092614154 	0.11232648
0.0026606607 	-0.012101024 	-3.8758395e-06 	0.00091709783 	0.11051391
0.0026726727 	-0.012101046 	-3.8793793e-06 	0.00090815628 	0.1087574
0.0026846847 	-0.012101067 	-3.882919e-06 	0.00089921474 	0.10700089
0.0026966967 	-0.012101089 	-3.8864588e-06 	0.00089027319 	0.10524438
0.0027087087 	-0.01210111 	-3.8899986e-06 	0.00088133165 	0.10348786
0.0027207207 	-0.012101132 	-3.8935384e-06 	0.0008723901 	0.10173135
0.0027327327 	-0.012101153 	-3.8970782e-06 	0.00086344855 	0.099974844
0.0027447447 	-0.012101175 	-3.900618e-06 	0.00085450701 	0.098218333
0.0027567568 	-0.012101197 	-3.9043394e-06 	0.00084550927 	0.09645492
0.0027687688 	-0.012101211 	-3.9044127e-06 	0.00083670013 	0.094786905
0.0027807808 	-0.012101224 	-3.904273e-06 	0.00082791351 	0.09312499
0.0027927928 	-0.012101238 	-3.9041334e-06 	0.0008191269 	0.091463075
0.0028048048 	-0.012101252 	-3.9039937e-06 	0.00081034029 	0.08980116
0.0028168168 	-0.012101265 	-3.903854e-06 	0.00080155367 	0.088139244
0.0028288288 	-0.012101279 	-3.9037143e-06 	0.00079276706 	0.086477329
0.0028408408 	-0.012101292 	-3.9035747e-06 	0.00078398045 	0.084815414
0.0028528529 	-0.012101302 	-3.9022187e-06 	0.00077523733 	0.083175645
0.0028648649 	-0.012101305 	-3.8980432e-06 	0.00076674328 	0.081596665
0.0028768769 	-0.012101308 	-3.8938676e-06 	0.00075824923 	0.080017685
0.0028888889 	-0.012101311 	-3.889692e-06 	0.00074975517 	0.078438705
0.0029009009 	-0.012101314 	-3.8855165e-06 	0.00074126112 	0.076859724
0.0029129129 	-0.012101317 	-3.8813409e-06 	0.00073276707 	0.075280744
0.0029249249 	-0.012101319 	-3.8771654e-06 	0.00072427302 	0.073701764
0.0029369369 	-0.012101356 	-3.8621263e-06 	0.00070808118 	0.070772177
0.0029489489 	-0.012101409 	-3.84115e-06 	0.00068794232 	0.067145333
0.002960961 	-0.012101463 	-3.8201737e-06 	0.00066780346 	0.063518489
0.002972973 	-0.012101516 	-3.7991974e-06 	0.0006476646 	0.059891645
0.002984985 	-0.012101569 	-3.7782211e-06 	0.00062752574 	0.056264801
0.002996997 	-0.012101623 	-3.7572448e-06 	0.00060738688 	0.052637957
0.003009009 	-0.012101625 	-3.7458897e-06 	0.00059782562 	0.051007387
0.003021021 	-0.01210161 	-3.7374703e-06 	0.00059199599 	0.050068259
0.003033033 	-0.012101594 	-3.7290508e-06 	0.00058616635 	0.049129131
0.003045045 	-0.012101578 	-3.7206314e-06 	0.00058033671 	0.048190003
0.0030570571 	-0.012101562 	-3.7122119e-06 	0.00057450708 	0.047250875
0.0030690691 	-0.012101546 	-3.7037925e-06 	0.00056867744 	0.046311747
0.0030810811 	-0.012101531 	-3.695373e-06 	0.00056284781 	0.045372619
0.0030930931 	-0.012101515 	-3.6869536e-06 	0.00055701817 	0.044433491
0.0031051051 	-0.012101499 	-3.6785341e-06 	0.00055118853 	0.043494363
0.0031171171 	-0.012101483 	-3.6701147e-06 	0.0005453589 	0.042555234
0.0031291291 	-0.012101468 	-3.6616953e-06 	0.00053952926 	0.041616106
0.0031411411 	-0.012101452 	-3.6532758e-06 	0.00053369963 	0.040676978
0.0031531532 	-0.012101436 	-3.6448564e-06 	0.00052786999 	0.03973785
0.0031651652 	-0.01210142 	-3.6364369e-06 	0.00052204035 	0.038798722
0.0031771772 	-0.012101404 	-3.6280175e-06 	0.00051621072 	0.037859594
0.0031891892 	-0.012101389 	-3.619598e-06 	0.00051038108 	0.036920466
0.0032012012 	-0.012101373 	-3.6111786e-06 	0.00050455145 	0.035981338
0.0032132132 	-0.012101357 	-3.6027591e-06 	0.00049872181 	0.03504221
0.0032252252 	-0.012101341 	-3.5943397e-06 	0.00049289217 	0.034103082
0.0032372372 	-0.012101325 	-3.5859202e-06 	0.00048706254 	0.033163954
0.0032492492 	-0.01210131 	-3.5775008e-06 	0.0004812329 	0.032224826
0.0032612613 	-0.012101294 	-3.5690814e-06 	0.00047540326 	0.031285698
0.0032732733 	-0.012101278 	-3.5606619e-06 	0.00046957363 	0.03034657
0.0032852853 	-0.012101262 	-3.5522425e-06 	0.00046374399 	0.029407441
0.0032972973 	-0.012101247 	-3.543823e-06 	0.00045791436 	0.028468313
0.0033093093 	-0.012101231 	-3.5354036e-06 	0.00045208472 	0.027529185
0.0033213213 	-0.012101215 	-3.5269841e-06 	0.00044625508 	0.026590057
0.0033333333 	-0.012101199 	-3.5185647e-06 	0.00044042545 	0.025650929
0.0033453453 	-0.012101183 	-3.5101452e-06 	0.00043459581 	0.024711801
0.0033573574 	-0.012101168 	-3.5017258e-06 	0.00042876618 	0.023772673
0.0033693694 	-0.012101152 	-3.4933064e-06 	0.00042293654 	0.022833545
0.0033813814 	-0.012101136 	-3.4848869e-06 	0.0004171069 	0.021894417
0.0033933934 	-0.01210112 	-3.4764675e-06 	0.00041127727 	0.020955289
0.0034054054 	-0.012101104 	-3.468048e-06 	0.00040544763 	0.020016161
0.0034174174 	-0.012101089 	-3.4596286e-06 	0.000399618 	0.019077033
0.0034294294 	-0.012101073 	-3.4512091e-06 	0.00039378836 	0.018137905
0.0034414414 	-0.012101057 	-3.4427897e-06 	0.00038795872 	0.017198777
0.0034534535 	-0.012101042 	-3.4354102e-06 	0.0003820351 	0.016245264
0.0034654655 	-0.01210102 	-3.4231884e-06 	0.00037617434 	0.015345663
0.0034774775 	-0.012100996 	-3.4097937e-06 	0.00037033569 	0.014459362
0.0034894895 	-0.012100972 	-3.3963989e-06 	0.00036449704 	0.013573061
0.0035015015 	-0.012100949 	-3.3830041e-06 	0.00035865839 	0.01268676
0.0035135135 	-0.012100925 	-3.3696094e-06 	0.00035281973 	0.011800459
0.0035255255 	-0.012100902 	-3.3562146e-06 	0.00034698108 	0.010914157
0.0035375375 	-0.012100878 	-3.3428199e-06 	0.00034114243 	0.010027856
0.0035495495 	-0.012100855 	-3.3294251e-06 	0.00033530377 	0.0091415551
0.0035615616 	-0.012100831 	-3.3160303e-06 	0.00032946512 	0.0082552539
0.0035735736 	-0.012100808 	-3.3026356e-06 	0.00032362647 	0.0073689527
0.0035855856 	-0.012100784 	-3.2892408e-06 	0.00031778782 	0.0064826516
0.0035975976 	-0.012100761 	-3.2758461e-06 	0.00031194916 	0.0055963504
0.0036096096 	-0.012100737 	-3.2624513e-06 	0.00030611051 	0.0047100492
0.0036216216 	-0.012100713 	-3.2490566e-06 	0.00030027186 	0.003823748
0.0036336336 	-0.01210069 	-3.2356618e-06 	0.0002944332 	0.0029374468
0.0036456456 	-0.012100666 	-3.222267e-06 	0.00028859455 	0.0020511456
0.0036576577 	-0.012100643 	-3.2088723e-06 	0.0002827559 	0.0011648444
0.0036696697 	-0.012100619 	-3.1954775e-06 	0.00027691725 	0.00027854325
0.0036816817 	-0.012100596 	-3.1820828e-06 	0.00027107859 	-0.00060775794
0.0036936937 	-0.012100572 	-3.168688e-06 	0.00026523994 	-0.0014940591
0.0037057057 	-0.012100549 	-3.1552932e-06 	0.00025940129 	-0.0023803603
0.0037177177 	-0.012100525 	-3.1418985e-06 	0.00025356264 	-0.0032666615
0.0037297297 	-0.012100501 	-3.1285037e-06 	0.00024772398 	-0.0041529627
0.0037417417 	-0.012100478 	-3.115109e-06 	0.00024188533 	-0.0050392639
0.0037537538 	-0.012100454 	-3.1017142e-06 	0.00023604668 	-0.0059255651
0.0037657658 	-0.012100431 	-3.0883194e-06 	0.00023020802 	-0.0068118662
0.0037777778 	-0.012100407 	-3.0749247e-06 	0.00022436937 	-0.0076981674
0.0037897898 	-0.012100384 	-3.0615299e-06 	0.00021853072 	-0.0085844686
0.0038018018 	-0.01210036 	-3.0481352e-06 	0.00021269207 	-0.0094707698
0.0038138138 	-0.012100337 	-3.0347404e-06 	0.00020685341 	-0.010357071
0.0038258258 	-0.012100313 	-3.0213457e-06 	0.00020101476 	-0.011243372
0.0038378378 	-0.012100289 	-3.0079509e-06 	0.00019517611 	-0.012129673
0.0038498498 	-0.012100266 	-2.994959e-06 	0.00018934155 	-0.013018984
0.0038618619 	-0.012100241 	-2.9821324e-06 	0.00018436503 	-0.013795607
0.0038738739 	-0.012100217 	-2.9664231e-06 	0.00018078186 	-0.014361444
0.0038858859 	-0.012100193 	-2.9507138e-06 	0.00017719869 	-0.014927281
0.0038978979 	-0.012100169 	-2.9350044e-06 	0.00017361553 	-0.015493118
0.0039099099 	-0.012100145 	-2.9192951e-06 	0.00017003236 	-0.016058954
0.0039219219 	-0.012100121 	-2.9035858e-06 	0.0001664492 	-0.016624791
0.0039339339 	-0.012100097 	-2.8878765e-06 	0.00016286603 	-0.017190628
0.0039459459 	-0.012100073 	-2.8721672e-06 	0.00015928286 	-0.017756465
0.003957958 	-0.012100049 	-2.8564579e-06 	0.0001556997 	-0.018322302
0.00396997 	-0.012100025 	-2.8407486e-06 	0.00015211653 	-0.018888139
0.003981982 	-0.012100001 	-2.8250393e-06 	0.00014853337 	-0.019453976
0.003993994 	-0.012099977 	-2.8093299e-06 	0.0001449502 	-0.020019812
0.004006006 	-0.012099952 	-2.7936206e-06 	0.00014136703 	-0.020585649
0.004018018 	-0.012099928 	-2.7779113e-06 	0.00013778387 	-0.021151486
0.00403003 	-0.012099904 	-2.762202e-06 	0.0001342007 	-0.021717323
0.004042042 	-0.01209988 	-2.7464927e-06 	0.00013061754 	-0.02228316
0.0040540541 	-0.012099856 	-2.7307834e-06 	0.00012703437 	-0.022848997
0.0040660661 	-0.012099832 	-2.7150741e-06 	0.00012345121 	-0.023414833
0.0040780781 	-0.012099808 	-2.6993648e-06 	0.00011986804 	-0.02398067
0.0040900901 	-0.012099784 	-2.6836554e-06 	0.00011628487 	-0.024546507
0.0041021021 	-0.01209976 	-2.6679461e-06 	0.00011270171 	-0.025112344
0.0041141141 	-0.012099736 	-2.6522368e-06 	0.00010911854 	-0.025678181
0.0041261261 	-0.012099712 	-2.6365275e-06 	0.00010553538 	-0.026244018
0.0041381381 	-0.012099688 	-2.6208182e-06 	0.00010195221 	-0.026809855
0.0041501502 	-0.012099664 	-2.6051089e-06 	9.8369044e-05 	-0.027375691
0.0041621622 	-0.012099639 	-2.5893996e-06 	9.4785878e-05 	-0.027941528
0.0041741742 	-0.012099615 	-2.5736903e-06 	9.1202712e-05 	-0.028507365
0.0041861862 	-0.012099591 	-2.5579809e-06 	8.7619546e-05 	-0.029073202
0.0041981982 	-0.012099567 	-2.5422716e-06 	8.403638e-05 	-0.029639039
0.0042102102 	-0.012099543 	-2.5274993e-06 	8.055938e-05 	-0.030211552
0.0042222222 	-0.012099521 	-2.5109766e-06 	7.8314278e-05 	-0.030545648
0.0042342342 	-0.012099499 	-2.4941724e-06 	7.6206548e-05 	-0.030850999
0.0042462462 	-0.012099478 	-2.4773682e-06 	7.4098817e-05 	-0.03115635
0.0042582583 	-0.012099457 	-2.460564e-06 	7.1991087e-05 	-0.031461702
0.0042702703 	-0.012099435 	-2.4437598e-06 	6.9883357e-05 	-0.031767053
0.0042822823 	-0.012099414 	-2.4269556e-06 	6.7775627e-05 	-0.032072404
0.0042942943 	-0.012099393 	-2.4101514e-06 	6.5667896e-05 	-0.032377755
0.0043063063 	-0.012099371 	-2.3933472e-06 	6.3560166e-05 	-0.032683106
0.0043183183 	-0.01209935 	-2.376543e-06 	6.1452436e-05 	-0.032988457
0.0043303303 	-0.012099328 	-2.3597388e-06 	5.9344706e-05 	-0.033293808
0.0043423423 	-0.012099307 	-2.3429346e-06 	5.7236975e-05 	-0.033599159
0.0043543544 	-0.012099286 	-2.3261304e-06 	5.5129245e-05 	-0.03390451
0.0043663664 	-0.012099264 	-2.3093262e-06 	5.3021515e-05 	-0.034209861
0.0043783784 	-0.012099243 	-2.292522e-06 	5.0913785e-05 	-0.034515212
0.0043903904 	-0.012099222 	-2.2757178e-06 	4.8806054e-05 	-0.034820563
0.0044024024 	-0.0120992 	-2.2589136e-06 	4.6698324e-05 	-0.035125914
0.0044144144 	-0.012099179 	-2.2421094e-06 	4.4590594e-05 	-0.035431265
0.0044264264 	-0.012099157 	-2.2253052e-06 	4.2482863e-05 	-0.035736616
0.0044384384 	-0.012099136 	-2.208501e-06 	4.0375133e-05 	-0.036041967
0.0044504505 	-0.012099115 	-2.1916968e-06 	3.8267403e-05 	-0.036347318
0.0044624625 	-0.012099093 	-2.1748926e-06 	3.6159673e-05 	-0.036652669
0.0044744745 	-0.012099072 	-2.1580884e-06 	3.4051942e-05 	-0.03695802
0.0044864865 	-0.01209905 	-2.1412842e-06 	3.1944212e-05 	-0.037263371
0.0044984985 	-0.012099029 	-2.12448e-06 	2.9836482e-05 	-0.037568723
0.0045105105 	-0.012099008 	-2.1076758e-06 	2.7728752e-05 	-0.037874074
0.0045225225 	-0.012098986 	-2.091321e-06 	2.5754852e-05 	-0.038183521
0.0045345345 	-0.012098968 	-2.0743808e-06 	2.4565977e-05 	-0.038294692
0.0045465465 	-0.01209895 	-2.0573346e-06 	2.3448017e-05 	-0.038384282
0.0045585586 	-0.012098933 	-2.0402884e-06 	2.2330057e-05 	-0.038473872
0.0045705706 	-0.012098915 	-2.0232421e-06 	2.1212097e-05 	-0.038563462
0.0045825826 	-0.012098897 	-2.0061959e-06 	2.0094137e-05 	-0.038653052
0.0045945946 	-0.01209888 	-1.9891497e-06 	1.8976177e-05 	-0.038742642
0.0046066066 	-0.012098862 	-1.9721034e-06 	1.7858217e-05 	-0.038832232
0.0046186186 	-0.012098845 	-1.9550572e-06 	1.6740257e-05 	-0.038921822
0.0046306306 	-0.012098827 	-1.938011e-06 	1.5622297e-05 	-0.039011412
0.0046426426 	-0.012098809 	-1.9209647e-06 	1.4504337e-05 	-0.039101002
0.0046546547 	-0.012098792 	-1.9039185e-06 	1.3386377e-05 	-0.039190592
0.0046666667 	-0.012098774 	-1.8868722e-06 	1.2268417e-05 	-0.039280182
0.0046786787 	-0.012098757 	-1.869826e-06 	1.1150457e-05 	-0.039369772
0.0046906907 	-0.012098739 	-1.8527798e-06 	1.0032497e-05 	-0.039459362
0.0047027027 	-0.012098721 	-1.8357335e-06 	8.9145366e-06 	-0.039548952
0.0047147147 	-0.012098704 	-1.8186873e-06 	7.7965765e-06 	-0.039638542
0.0047267267 	-0.012098686 	-1.8016411e-06 	6.6786165e-06 	-0.039728132
0.0047387387 	-0.012098668 	-1.7845948e-06 	5.5606565e-06 	-0.039817722
0.0047507508 	-0.012098651 	-1.7675486e-06 	4.4426965e-06 	-0.039907312
0.0047627628 	-0.012098633 	-1.7505024e-06 	3.3247365e-06 	-0.039996902
0.0047747748 	-0.012098616 	-1.7334561e-06 	2.2067765e-06 	-0.040086492
0.0047867868 	-0.012098598 	-1.7164099e-06 	1.0888165e-06 	-0.040176082
0.0047987988 	-0.01209858 	-1.6995511e-06 	1.2597216e-07 	-0.040268822
0.0048108108 	-0.012098567 	-1.6826699e-06 	-3.4641738e-07 	-0.040179212
0.0048228228 	-0.012098553 	-1.665787e-06 	-8.153063e-07 	-0.040087788
0.0048348348 	-0.012098539 	-1.6489041e-06 	-1.2841952e-06 	-0.039996364
0.0048468468 	-0.012098526 	-1.6320211e-06 	-1.7530841e-06 	-0.039904941
0.0048588589 	-0.012098512 	-1.6151382e-06 	-2.221973e-06 	-0.039813517
0.0048708709 	-0.012098499 	-1.5982552e-06 	-2.690862e-06 	-0.039722094
0.0048828829 	-0.012098485 	-1.5813723e-06 	-3.1597509e-06 	-0.03963067
0.0048948949 	-0.012098472 	-1.5644894e-06 	-3.6286398e-06 	-0.039539246
0.0049069069 	-0.012098458 	-1.5476064e-06 	-4.0975287e-06 	-0.039447823
0.0049189189 	-0.012098445 	-1.5307235e-06 	-4.5664176e-06 	-0.039356399
0.0049309309 	-0.012098431 	-1.5138405e-06 	-5.0353066e-06 	-0.039264975
0.0049429429 	-0.012098418 	-1.4969576e-06 	-5.5041955e-06 	-0.039173552
0.004954955 	-0.012098404 	-1.4800747e-06 	-5.9730844e-06 	-0.039082128
0.004966967 	-0.012098391 	-1.4631917e-06 	-6.4419733e-06 	-0.038990705
0.004978979 	-0.012098377 	-1.4463088e-06 	-6.9108622e-06 	-0.038899281
0.004990991 	-0.012098363 	-1.4294258e-06 	-7.3797511e-06 	-0.038807857
0.005003003 	-0.01209835 	-1.4125429e-06 	-7.8486401e-06 	-0.038716434
0.005015015 	-0.012098336 	-1.39566e-06 	-8.317529e-06 	-0.03862501
0.005027027 	-0.012098323 	-1.378777e-06 	-8.7864179e-06 	-0.038533586
0.005039039 	-0.012098309 	-1.3618714e-06 	-9.176687e-06 	-0.03844344
0.0050510511 	-0.012098299 	-1.3451352e-06 	-9.2695477e-06 	-0.038231954
0.0050630631 	-0.012098289 	-1.32846e-06 	-9.3390461e-06 	-0.037987358
0.0050750751 	-0.012098279 	-1.3117849e-06 	-9.4085446e-06 	-0.037742762
0.0050870871 	-0.012098269 	-1.2951098e-06 	-9.478043e-06 	-0.037498166
0.0050990991 	-0.01209826 	-1.2784346e-06 	-9.5475415e-06 	-0.03725357
0.0051111111 	-0.01209825 	-1.2617595e-06 	-9.61704e-06 	-0.037008974
0.0051231231 	-0.01209824 	-1.2450844e-06 	-9.6865384e-06 	-0.036764377
0.0051351351 	-0.012098231 	-1.2284092e-06 	-9.7560369e-06 	-0.036519781
0.0051471471 	-0.012098221 	-1.2117341e-06 	-9.8255354e-06 	-0.036275185
0.0051591592 	-0.012098211 	-1.195059e-06 	-9.8950338e-06 	-0.036030589
0.0051711712 	-0.012098201 	-1.1783838e-06 	-9.9645323e-06 	-0.035785993
0.0051831832 	-0.012098192 	-1.1617087e-06 	-1.0034031e-05 	-0.035541397
0.0051951952 	-0.012098182 	-1.1450336e-06 	-1.0103529e-05 	-0.0352968
0.0052072072 	-0.012098172 	-1.1283584e-06 	-1.0173028e-05 	-0.035052204
0.0052192192 	-0.012098162 	-1.1116833e-06 	-1.0242526e-05 	-0.034807608
0.0052312312 	-0.012098153 	-1.0950082e-06 	-1.0312025e-05 	-0.034563012
0.0052432432 	-0.012098143 	-1.078333e-06 	-1.0381523e-05 	-0.034318416
0.0052552553 	-0.012098133 	-1.0614744e-06 	-1.034296e-05 	-0.034075439
0.0052672673 	-0.012098127 	-1.0448539e-06 	-1.0195299e-05 	-0.03370284
0.0052792793 	-0.01209812 	-1.0282425e-06 	-1.0048514e-05 	-0.033327828
0.0052912913 	-0.012098114 	-1.0116312e-06 	-9.9017297e-06 	-0.032952816
0.0053033033 	-0.012098107 	-9.9501988e-07 	-9.7549451e-06 	-0.032577804
0.0053153153 	-0.012098101 	-9.7840855e-07 	-9.6081604e-06 	-0.032202791
0.0053273273 	-0.012098094 	-9.6179722e-07 	-9.4613758e-06 	-0.031827779
0.0053393393 	-0.012098088 	-9.4518589e-07 	-9.3145911e-06 	-0.031452767
0.0053513514 	-0.012098081 	-9.2857457e-07 	-9.1678064e-06 	-0.031077755
0.0053633634 	-0.012098075 	-9.1196324e-07 	-9.0210218e-06 	-0.030702743
0.0053753754 	-0.012098068 	-8.9535191e-07 	-8.8742371e-06 	-0.030327731
0.0053873874 	-0.012098062 	-8.7874058e-07 	-8.7274524e-06 	-0.029952718
0.0053993994 	-0.012098055 	-8.6212925e-07 	-8.5806678e-06 	-0.029577706
0.0054114114 	-0.012098049 	-8.4551793e-07 	-8.4338831e-06 	-0.029202694
0.0054234234 	-0.012098042 	-8.289066e-07 	-8.2870984e-06 	-0.028827682
0.0054354354 	-0.012098036 	-8.1229527e-07 	-8.1403138e-06 	-0.02845267
0.0054474474 	-0.01209803 	-7.9537387e-07 	-7.884183e-06 	-0.028047477
0.0054594595 	-0.012098027 	-7.7864119e-07 	-7.6531423e-06 	-0.027560881
0.0054714715 	-0.012098023 	-7.6190851e-07 	-7.4221017e-06 	-0.027074286
0.0054834835 	-0.012098019 	-7.4517583e-07 	-7.191061e-06 	-0.02658769
0.0054954955 	-0.012098015 	-7.2844316e-07 	-6.9600203e-06 	-0.026101094
0.0055075075 	-0.012098012 	-7.1171048e-07 	-6.7289796e-06 	-0.025614498
0.0055195195 	-0.012098008 	-6.949778e-07 	-6.4979389e-06 	-0.025127902
0.0055315315 	-0.012098004 	-6.7824512e-07 	-6.2668983e-06 	-0.024641307
0.0055435435 	-0.012098 	-6.6151244e-07 	-6.0358576e-06 	-0.024154711
0.0055555556 	-0.012097996 	-6.4477976e-07 	-5.8048169e-06 	-0.023668115
0.0055675676 	-0.012097993 	-6.2804708e-07 	-5.5737762e-06 	-0.023181519
0.0055795796 	-0.012097989 	-6.1131441e-07 	-5.3427355e-06 	-0.022694923
0.0055915916 	-0.012097985 	-5.9458173e-07 	-5.1116949e-06 	-0.022208327
0.0056036036 	-0.012097981 	-5.7784905e-07 	-4.8806542e-06 	-0.021721732
0.0056156156 	-0.012097979 	-5.6068576e-07 	-4.5941804e-06 	-0.021193887
0.0056276276 	-0.012097977 	-5.4368096e-07 	-4.3741657e-06 	-0.020611419
0.0056396396 	-0.012097976 	-5.2667615e-07 	-4.1541509e-06 	-0.020028952
0.0056516517 	-0.012097974 	-5.0967134e-07 	-3.9341362e-06 	-0.019446484
0.0056636637 	-0.012097973 	-4.9266653e-07 	-3.7141214e-06 	-0.018864016
0.0056756757 	-0.012097972 	-4.7566173e-07 	-3.4941066e-06 	-0.018281549
0.0056876877 	-0.01209797 	-4.5865692e-07 	-3.2740919e-06 	-0.017699081
0.0056996997 	-0.012097969 	-4.4165211e-07 	-3.0540771e-06 	-0.017116614
0.0057117117 	-0.012097967 	-4.2464731e-07 	-2.8340624e-06 	-0.016534146
0.0057237237 	-0.012097966 	-4.076425e-07 	-2.6140476e-06 	-0.015951679
0.0057357357 	-0.012097964 	-3.9063769e-07 	-2.3940328e-06 	-0.015369211
0.0057477477 	-0.012097963 	-3.7363289e-07 	-2.1740181e-06 	-0.014786744
0.0057597598 	-0.012097962 	-3.5622523e-07 	-1.9336958e-06 	-0.014185382
0.0057717718 	-0.012097962 	-3.3884655e-07 	-1.7887048e-06 	-0.013520231
0.0057837838 	-0.012097962 	-3.2146787e-07 	-1.6437138e-06 	-0.012855081
0.0057957958 	-0.012097962 	-3.0408919e-07 	-1.4987228e-06 	-0.01218993
0.0058078078 	-0.012097963 	-2.8671051e-07 	-1.3537318e-06 	-0.011524779
0.0058198198 	-0.012097963 	-2.6933183e-07 	-1.2087408e-06 	-0.010859628
0.0058318318 	-0.012097963 	-2.5195315e-07 	-1.0637498e-06 	-0.010194477
0.0058438438 	-0.012097963 	-2.3457447e-07 	-9.187588e-07 	-0.0095293259
0.0058558559 	-0.012097963 	-2.1719579e-07 	-7.737678e-07 	-0.008864175
0.0058678679 	-0.012097964 	-1.998171e-07 	-6.2877681e-07 	-0.0081990241
0.0058798799 	-0.012097964 	-1.8243842e-07 	-4.8378581e-07 	-0.0075338731
0.0058918919 	-0.012097975 	-1.6435171e-07 	-3.6908003e-07 	-0.0068245283
0.0059039039 	-0.012097997 	-1.4612129e-07 	-3.2888737e-07 	-0.0060661603
0.0059159159 	-0.012098019 	-1.2789087e-07 	-2.8869471e-07 	-0.0053077923
0.0059279279 	-0.012098042 	-1.0966045e-07 	-2.4850206e-07 	-0.0045494242
0.0059399399 	-0.012098064 	-9.1430034e-08 	-2.083094e-07 	-0.0037910562
0.005951952 	-0.012098086 	-7.3199615e-08 	-1.6811674e-07 	-0.0030326882
0.005963964 	-0.012098108 	-5.4969196e-08 	-1.2792408e-07 	-0.0022743201
0.005975976 	-0.01209813 	-3.6738777e-08 	-8.7731425e-08 	-0.0015159521
0.005987988 	-0.012098153 	-1.8508358e-08 	-4.7538768e-08 	-0.00075758408
0.006 	-0.012098175 	-1.3908874e-19 	-5.1904048e-19 	-5.3965117e-15
