-0.006 	-0.0079459612 	0 	0 	0
-0.005987988 	-0.0079459211 	3.0868115e-08 	-1.7769362e-07 	-0.00075049257
-0.005975976 	-0.007945881 	6.173623e-08 	-3.5538723e-07 	-0.0015009851
-0.005963964 	-0.0079458409 	9.2604345e-08 	-5.3308085e-07 	-0.0022514777
-0.005951952 	-0.0079458008 	1.2347246e-07 	-7.1077446e-07 	-0.0030019703
-0.0059399399 	-0.0079457607 	1.5434058e-07 	-8.8846808e-07 	-0.0037524628
-0.0059279279 	-0.0079457187 	1.9480491e-07 	-1.0788417e-06 	-0.0044997479
-0.0059159159 	-0.0079456751 	2.42519e-07 	-1.2787949e-06 	-0.0052446098
-0.0059039039 	-0.0079456316 	2.9023309e-07 	-1.4787481e-06 	-0.0059894716
-0.0058918919 	-0.0079456185 	3.2828171e-07 	-1.7835107e-06 	-0.0066867207
-0.0058798799 	-0.0079456283 	3.590526e-07 	-2.1671908e-06 	-0.007348119
-0.0058678679 	-0.0079456382 	3.898235e-07 	-2.5508709e-06 	-0.0080095174
-0.0058558559 	-0.007945648 	4.2059439e-07 	-2.934551e-06 	-0.0086709157
-0.0058438438 	-0.0079456578 	4.5136528e-07 	-3.3182311e-06 	-0.0093323141
-0.0058318318 	-0.0079456677 	4.8213617e-07 	-3.7019112e-06 	-0.0099937125
-0.0058198198 	-0.007945678 	5.195244e-07 	-4.10796e-06 	-0.010653285
-0.0058078078 	-0.007945689 	5.6640594e-07 	-4.5460993e-06 	-0.011310238
-0.0057957958 	-0.0079457001 	6.1328749e-07 	-4.9842386e-06 	-0.011967191
-0.0057837838 	-0.0079457111 	6.6002452e-07 	-5.4242862e-06 	-0.012623503
-0.0057717718 	-0.0079457217 	6.9036038e-07 	-6.0809076e-06 	-0.013207083
-0.0057597598 	-0.0079457323 	7.2069625e-07 	-6.7375289e-06 	-0.013790663
-0.0057477477 	-0.0079457429 	7.5103211e-07 	-7.3941503e-06 	-0.014374243
-0.0057357357 	-0.0079457535 	7.8136797e-07 	-8.0507717e-06 	-0.014957823
-0.0057237237 	-0.0079457641 	8.1170383e-07 	-8.7073931e-06 	-0.015541403
-0.0057117117 	-0.0079457747 	8.4203969e-07 	-9.3640145e-06 	-0.016124983
-0.0056996997 	-0.0079457854 	8.7271367e-07 	-1.0022599e-05 	-0.016708493
-0.0056876877 	-0.0079457971 	9.1864052e-07 	-1.0769741e-05 	-0.017288846
-0.0056756757 	-0.0079458088 	9.6456737e-07 	-1.1516883e-05 	-0.017869199
-0.0056636637 	-0.0079458205 	1.0104942e-06 	-1.2264025e-05 	-0.018449552
-0.0056516517 	-0.0079458321 	1.0535547e-06 	-1.3050036e-05 	-0.019015821
-0.0056396396 	-0.0079458432 	1.0818687e-06 	-1.4036014e-05 	-0.019509633
-0.0056276276 	-0.0079458542 	1.1101827e-06 	-1.5021991e-05 	-0.020003445
-0.0056156156 	-0.0079458653 	1.1384967e-06 	-1.6007969e-05 	-0.020497257
-0.0056036036 	-0.0079458764 	1.1668107e-06 	-1.6993946e-05 	-0.020991069
-0.0055915916 	-0.0079458874 	1.1951248e-06 	-1.7979924e-05 	-0.021484881
-0.0055795796 	-0.0079458985 	1.2234388e-06 	-1.8965901e-05 	-0.021978693
-0.0055675676 	-0.0079459095 	1.2517528e-06 	-1.9951879e-05 	-0.022472505
-0.0055555556 	-0.0079459208 	1.2835779e-06 	-2.0967717e-05 	-0.022965896
-0.0055435435 	-0.0079459328 	1.326691e-06 	-2.2079556e-05 	-0.023457934
-0.0055315315 	-0.0079459447 	1.3698041e-06 	-2.3191394e-05 	-0.023949971
-0.0055195195 	-0.0079459567 	1.4129173e-06 	-2.4303233e-05 	-0.024442009
-0.0055075075 	-0.0079459686 	1.4560304e-06 	-2.5415072e-05 	-0.024934046
-0.0054954955 	-0.0079459804 	1.4828351e-06 	-2.6756095e-05 	-0.025338366
-0.0054834835 	-0.0079459922 	1.506985e-06 	-2.8134428e-05 	-0.025728406
-0.0054714715 	-0.007946004 	1.5311349e-06 	-2.951276e-05 	-0.026118447
-0.0054594595 	-0.0079460158 	1.5552849e-06 	-3.0891092e-05 	-0.026508487
-0.0054474474 	-0.0079460275 	1.5794348e-06 	-3.2269424e-05 	-0.026898528
-0.0054354354 	-0.0079460393 	1.6035847e-06 	-3.3647756e-05 	-0.027288568
-0.0054234234 	-0.0079460511 	1.6277346e-06 	-3.5026088e-05 	-0.027678608
-0.0054114114 	-0.0079460628 	1.6518846e-06 	-3.640442e-05 	-0.028068649
-0.0053993994 	-0.0079460746 	1.6760345e-06 	-3.7782752e-05 	-0.028458689
-0.0053873874 	-0.007946087 	1.7121205e-06 	-3.9298527e-05 	-0.028848708
-0.0053753754 	-0.0079460994 	1.7499898e-06 	-4.0834836e-05 	-0.029238724
-0.0053633634 	-0.0079461119 	1.7878591e-06 	-4.2371145e-05 	-0.02962874
-0.0053513514 	-0.0079461243 	1.8257285e-06 	-4.3907454e-05 	-0.030018756
-0.0053393393 	-0.0079461368 	1.8635978e-06 	-4.5443764e-05 	-0.030408772
-0.0053273273 	-0.0079461495 	1.8827204e-06 	-4.7263463e-05 	-0.030689992
-0.0053153153 	-0.0079461623 	1.8998717e-06 	-4.9112963e-05 	-0.030959771
-0.0053033033 	-0.0079461751 	1.917023e-06 	-5.0962463e-05 	-0.03122955
-0.0052912913 	-0.0079461878 	1.9341743e-06 	-5.2811963e-05 	-0.03149933
-0.0052792793 	-0.0079462006 	1.9513256e-06 	-5.4661462e-05 	-0.031769109
-0.0052672673 	-0.0079462134 	1.9684769e-06 	-5.6510962e-05 	-0.032038888
-0.0052552553 	-0.0079462262 	1.9856281e-06 	-5.8360462e-05 	-0.032308668
-0.0052432432 	-0.0079462389 	2.0027794e-06 	-6.0209962e-05 	-0.032578447
-0.0052312312 	-0.0079462517 	2.0199307e-06 	-6.2059462e-05 	-0.032848226
-0.0052192192 	-0.0079462645 	2.037082e-06 	-6.3908962e-05 	-0.033118005
-0.0052072072 	-0.0079462776 	2.0629082e-06 	-6.5889211e-05 	-0.033389275
-0.0051951952 	-0.0079462908 	2.0923226e-06 	-6.7923543e-05 	-0.03366116
-0.0051831832 	-0.007946304 	2.1217371e-06 	-6.9957876e-05 	-0.033933045
-0.0051711712 	-0.0079463172 	2.1511515e-06 	-7.1992208e-05 	-0.034204931
-0.0051591592 	-0.0079463304 	2.180566e-06 	-7.4026541e-05 	-0.034476816
-0.0051471471 	-0.0079463436 	2.2082716e-06 	-7.6089616e-05 	-0.03473801
-0.0051351351 	-0.0079463576 	2.215006e-06 	-7.8505425e-05 	-0.034867991
-0.0051231231 	-0.0079463716 	2.2217404e-06 	-8.0921235e-05 	-0.034997973
-0.0051111111 	-0.0079463856 	2.2284748e-06 	-8.3337044e-05 	-0.035127954
-0.0050990991 	-0.0079463996 	2.2352092e-06 	-8.5752854e-05 	-0.035257935
-0.0050870871 	-0.0079464136 	2.2419437e-06 	-8.8168663e-05 	-0.035387917
-0.0050750751 	-0.0079464276 	2.2486781e-06 	-9.0584473e-05 	-0.035517898
-0.0050630631 	-0.0079464416 	2.2554125e-06 	-9.3000282e-05 	-0.035647879
-0.0050510511 	-0.0079464556 	2.2621469e-06 	-9.5416092e-05 	-0.035777861
-0.005039039 	-0.0079464696 	2.2688813e-06 	-9.7831902e-05 	-0.035907842
-0.005027027 	-0.0079464836 	2.2756157e-06 	-0.00010024771 	-0.036037823
-0.005015015 	-0.0079464976 	2.2823501e-06 	-0.00010266352 	-0.036167805
-0.005003003 	-0.0079465117 	2.2942817e-06 	-0.00010518254 	-0.036300188
-0.004990991 	-0.0079465258 	2.3112418e-06 	-0.00010780142 	-0.036434897
-0.004978979 	-0.0079465399 	2.3282019e-06 	-0.00011042031 	-0.036569605
-0.004966967 	-0.0079465541 	2.3451621e-06 	-0.00011303919 	-0.036704314
-0.004954955 	-0.0079465682 	2.3621222e-06 	-0.00011565807 	-0.036839022
-0.0049429429 	-0.0079465823 	2.3790823e-06 	-0.00011827695 	-0.036973731
-0.0049309309 	-0.0079465966 	2.3931674e-06 	-0.00012095245 	-0.03708834
-0.0049189189 	-0.0079466119 	2.3861163e-06 	-0.00012404416 	-0.037055187
-0.0049069069 	-0.0079466271 	2.3790651e-06 	-0.00012713587 	-0.037022034
-0.0048948949 	-0.0079466424 	2.372014e-06 	-0.00013022758 	-0.036988881
-0.0048828829 	-0.0079466577 	2.3649629e-06 	-0.00013331929 	-0.036955728
-0.0048708709 	-0.0079466729 	2.3579117e-06 	-0.000136411 	-0.036922576
-0.0048588589 	-0.0079466882 	2.3508606e-06 	-0.00013950271 	-0.036889423
-0.0048468468 	-0.0079467034 	2.3438095e-06 	-0.00014259442 	-0.03685627
-0.0048348348 	-0.0079467187 	2.3367583e-06 	-0.00014568613 	-0.036823117
-0.0048228228 	-0.007946734 	2.3297072e-06 	-0.00014877784 	-0.036789964
-0.0048108108 	-0.0079467492 	2.3226561e-06 	-0.00015186955 	-0.036756811
-0.0047987988 	-0.0079467645 	2.3156049e-06 	-0.00015496126 	-0.036723659
-0.0047867868 	-0.0079467797 	2.3085538e-06 	-0.00015805297 	-0.036690506
-0.0047747748 	-0.007946795 	2.3015027e-06 	-0.00016114468 	-0.036657353
-0.0047627628 	-0.0079468101 	2.3016413e-06 	-0.00016444391 	-0.036632183
-0.0047507508 	-0.0079468252 	2.3017869e-06 	-0.00016774334 	-0.036607021
-0.0047387387 	-0.0079468403 	2.3019324e-06 	-0.00017104278 	-0.036581859
-0.0047267267 	-0.0079468554 	2.302078e-06 	-0.00017434221 	-0.036556697
-0.0047147147 	-0.0079468705 	2.3022236e-06 	-0.00017764165 	-0.036531534
-0.0047027027 	-0.0079468856 	2.3023692e-06 	-0.00018094108 	-0.036506372
-0.0046906907 	-0.0079469007 	2.3025148e-06 	-0.00018424051 	-0.03648121
-0.0046786787 	-0.0079469169 	2.2855257e-06 	-0.00018799243 	-0.036306092
-0.0046666667 	-0.0079469336 	2.2628999e-06 	-0.00019189319 	-0.036081645
-0.0046546547 	-0.0079469503 	2.2402742e-06 	-0.00019579395 	-0.035857197
-0.0046426426 	-0.0079469669 	2.2176484e-06 	-0.00019969471 	-0.03563275
-0.0046306306 	-0.0079469836 	2.1950227e-06 	-0.00020359547 	-0.035408303
-0.0046186186 	-0.0079470003 	2.1723969e-06 	-0.00020749623 	-0.035183855
-0.0046066066 	-0.0079470169 	2.1497712e-06 	-0.00021139699 	-0.034959408
-0.0045945946 	-0.0079470336 	2.1271454e-06 	-0.00021529775 	-0.034734961
-0.0045825826 	-0.0079470503 	2.1045197e-06 	-0.00021919851 	-0.034510514
-0.0045705706 	-0.007947067 	2.0818939e-06 	-0.00022309927 	-0.034286066
-0.0045585586 	-0.0079470836 	2.0592682e-06 	-0.00022700003 	-0.034061619
-0.0045465465 	-0.0079471003 	2.0366424e-06 	-0.00023090079 	-0.033837172
-0.0045345345 	-0.007947117 	2.0140167e-06 	-0.00023480156 	-0.033612724
-0.0045225225 	-0.0079471336 	1.9913909e-06 	-0.00023870232 	-0.033388277
-0.0045105105 	-0.0079471503 	1.9687651e-06 	-0.00024260308 	-0.03316383
-0.0044984985 	-0.0079471666 	1.9483641e-06 	-0.00024667134 	-0.032949921
-0.0044864865 	-0.0079471828 	1.928297e-06 	-0.00025076475 	-0.032737593
-0.0044744745 	-0.0079471991 	1.9082298e-06 	-0.00025485816 	-0.032525266
-0.0044624625 	-0.0079472153 	1.8881627e-06 	-0.00025895157 	-0.032312939
-0.0044504505 	-0.0079472315 	1.8680956e-06 	-0.00026304498 	-0.032100611
-0.0044384384 	-0.0079472478 	1.8480285e-06 	-0.00026713839 	-0.031888284
-0.0044264264 	-0.007947264 	1.8279614e-06 	-0.0002712318 	-0.031675957
-0.0044144144 	-0.0079472803 	1.8078942e-06 	-0.0002753252 	-0.031463629
-0.0044024024 	-0.0079472983 	1.7775151e-06 	-0.00027996589 	-0.031096832
-0.0043903904 	-0.0079473173 	1.7415741e-06 	-0.00028490176 	-0.03064672
-0.0043783784 	-0.0079473363 	1.705633e-06 	-0.00028983763 	-0.030196607
-0.0043663664 	-0.0079473553 	1.669692e-06 	-0.00029477349 	-0.029746495
-0.0043543544 	-0.0079473743 	1.633751e-06 	-0.00029970936 	-0.029296383
-0.0043423423 	-0.0079473933 	1.59781e-06 	-0.00030464523 	-0.028846271
-0.0043303303 	-0.0079474123 	1.5618689e-06 	-0.00030958109 	-0.028396158
-0.0043183183 	-0.0079474314 	1.5259279e-06 	-0.00031451696 	-0.027946046
-0.0043063063 	-0.0079474504 	1.4899869e-06 	-0.00031945282 	-0.027495934
-0.0042942943 	-0.0079474694 	1.4540459e-06 	-0.00032438869 	-0.027045822
-0.0042822823 	-0.0079474884 	1.4181048e-06 	-0.00032932456 	-0.026595709
-0.0042702703 	-0.0079475074 	1.3821638e-06 	-0.00033426042 	-0.026145597
-0.0042582583 	-0.0079475264 	1.3462228e-06 	-0.00033919629 	-0.025695485
-0.0042462462 	-0.0079475454 	1.3102818e-06 	-0.00034413216 	-0.025245373
-0.0042342342 	-0.0079475644 	1.2743407e-06 	-0.00034906802 	-0.024795261
-0.0042222222 	-0.0079475834 	1.2383997e-06 	-0.00035400389 	-0.024345148
-0.0042102102 	-0.0079476024 	1.2024587e-06 	-0.00035893976 	-0.023895036
-0.0041981982 	-0.0079476211 	1.1634237e-06 	-0.00036399402 	-0.023458334
-0.0041861862 	-0.0079476396 	1.1234524e-06 	-0.00036908412 	-0.02302569
-0.0041741742 	-0.0079476582 	1.083481e-06 	-0.00037417422 	-0.022593046
-0.0041621622 	-0.0079476767 	1.0435097e-06 	-0.00037926432 	-0.022160403
-0.0041501502 	-0.0079476953 	1.0035383e-06 	-0.00038435441 	-0.021727759
-0.0041381381 	-0.0079477138 	9.6356695e-07 	-0.00038944451 	-0.021295115
-0.0041261261 	-0.0079477324 	9.2359559e-07 	-0.00039453461 	-0.020862472
-0.0041141141 	-0.0079477509 	8.8362423e-07 	-0.00039962471 	-0.020429828
-0.0041021021 	-0.0079477694 	8.4365288e-07 	-0.0004047148 	-0.019997184
-0.0040900901 	-0.0079477884 	8.0312413e-07 	-0.00041037116 	-0.019437879
-0.0040780781 	-0.0079478077 	7.6189676e-07 	-0.00041673727 	-0.018719815
-0.0040660661 	-0.0079478271 	7.2066939e-07 	-0.00042310337 	-0.01800175
-0.0040540541 	-0.0079478464 	6.7944201e-07 	-0.00042946948 	-0.017283686
-0.004042042 	-0.0079478658 	6.3821464e-07 	-0.00043583559 	-0.016565621
-0.00403003 	-0.0079478851 	5.9698726e-07 	-0.0004422017 	-0.015847557
-0.004018018 	-0.0079479045 	5.5575989e-07 	-0.00044856781 	-0.015129493
-0.004006006 	-0.0079479238 	5.1453252e-07 	-0.00045493391 	-0.014411428
-0.003993994 	-0.0079479432 	4.7330514e-07 	-0.00046130002 	-0.013693364
-0.003981982 	-0.0079479625 	4.3207777e-07 	-0.00046766613 	-0.012975299
-0.00396997 	-0.0079479819 	3.9085039e-07 	-0.00047403224 	-0.012257235
-0.003957958 	-0.0079480013 	3.4962302e-07 	-0.00048039834 	-0.01153917
-0.0039459459 	-0.0079480206 	3.0839565e-07 	-0.00048676445 	-0.010821106
-0.0039339339 	-0.00794804 	2.6716827e-07 	-0.00049313056 	-0.010103042
-0.0039219219 	-0.0079480593 	2.259409e-07 	-0.00049949667 	-0.0093849772
-0.0039099099 	-0.0079480787 	1.8471352e-07 	-0.00050586278 	-0.0086669128
-0.0038978979 	-0.007948098 	1.4348615e-07 	-0.00051222888 	-0.0079488484
-0.0038858859 	-0.0079481174 	1.0225878e-07 	-0.00051859499 	-0.007230784
-0.0038738739 	-0.0079481367 	6.1031402e-08 	-0.0005249611 	-0.0065127196
-0.0038618619 	-0.007948156 	1.6595687e-08 	-0.00053135222 	-0.0058019059
-0.0038498498 	-0.007948175 	-3.5531234e-08 	-0.00053780329 	-0.0051084741
-0.0038378378 	-0.007948194 	-8.7658154e-08 	-0.00054425437 	-0.0044150423
-0.0038258258 	-0.007948213 	-1.3978507e-07 	-0.00055070545 	-0.0037216105
-0.0038138138 	-0.007948232 	-1.9191199e-07 	-0.00055715652 	-0.0030281787
-0.0038018018 	-0.0079482511 	-2.4403891e-07 	-0.0005636076 	-0.0023347469
-0.0037897898 	-0.0079482701 	-2.9616583e-07 	-0.00057005868 	-0.001641315
-0.0037777778 	-0.0079482891 	-3.4829276e-07 	-0.00057650975 	-0.00094788324
-0.0037657658 	-0.0079483081 	-4.0041968e-07 	-0.00058296083 	-0.00025445143
-0.0037537538 	-0.0079483271 	-4.525466e-07 	-0.00058941191 	0.00043898038
-0.0037417417 	-0.0079483461 	-5.0467352e-07 	-0.00059586298 	0.0011324122
-0.0037297297 	-0.0079483644 	-5.4030338e-07 	-0.00060151955 	0.0018749231
-0.0037177177 	-0.0079483824 	-5.6945861e-07 	-0.00060686431 	0.0026366961
-0.0037057057 	-0.0079484004 	-5.9861385e-07 	-0.00061220906 	0.0033984691
-0.0036936937 	-0.0079484184 	-6.2776908e-07 	-0.00061755381 	0.0041602422
-0.0036816817 	-0.0079484364 	-6.5692431e-07 	-0.00062289856 	0.0049220152
-0.0036696697 	-0.0079484544 	-6.8607954e-07 	-0.00062824331 	0.0056837882
-0.0036576577 	-0.0079484724 	-7.1523478e-07 	-0.00063358806 	0.0064455612
-0.0036456456 	-0.0079484904 	-7.4439001e-07 	-0.00063893281 	0.0072073343
-0.0036336336 	-0.0079485084 	-7.7354524e-07 	-0.00064427756 	0.0079691073
-0.0036216216 	-0.0079485264 	-8.0270048e-07 	-0.00064962231 	0.0087308803
-0.0036096096 	-0.0079485444 	-8.3185571e-07 	-0.00065496707 	0.0094926533
-0.0035975976 	-0.0079485624 	-8.6101094e-07 	-0.00066031182 	0.010254426
-0.0035855856 	-0.0079485804 	-8.9016617e-07 	-0.00066565657 	0.011016199
-0.0035735736 	-0.0079485984 	-9.1932141e-07 	-0.00067100132 	0.011777972
-0.0035615616 	-0.0079486164 	-9.4847664e-07 	-0.00067634607 	0.012539745
-0.0035495495 	-0.0079486344 	-9.7763187e-07 	-0.00068169082 	0.013301518
-0.0035375375 	-0.0079486524 	-1.0067871e-06 	-0.00068703557 	0.014063292
-0.0035255255 	-0.0079486704 	-1.0359423e-06 	-0.00069238032 	0.014825065
-0.0035135135 	-0.0079486884 	-1.0650976e-06 	-0.00069772507 	0.015586838
-0.0035015015 	-0.0079487064 	-1.0942528e-06 	-0.00070306983 	0.016348611
-0.0034894895 	-0.0079487244 	-1.123408e-06 	-0.00070841458 	0.017110384
-0.0034774775 	-0.0079487424 	-1.1525633e-06 	-0.00071375933 	0.017872157
-0.0034654655 	-0.0079487607 	-1.1916187e-06 	-0.00071909064 	0.018609414
-0.0034534535 	-0.0079487789 	-1.2307067e-06 	-0.00072442191 	0.01934659
-0.0034414414 	-0.0079487972 	-1.2697947e-06 	-0.00072975318 	0.020083767
-0.0034294294 	-0.0079488154 	-1.3088826e-06 	-0.00073508445 	0.020820943
-0.0034174174 	-0.0079488337 	-1.3479706e-06 	-0.00074041572 	0.021558119
-0.0034054054 	-0.0079488519 	-1.3870586e-06 	-0.00074574699 	0.022295296
-0.0033933934 	-0.0079488702 	-1.4261466e-06 	-0.00075107826 	0.023032472
-0.0033813814 	-0.0079488884 	-1.4652345e-06 	-0.00075640953 	0.023769649
-0.0033693694 	-0.0079489066 	-1.5043225e-06 	-0.00076174079 	0.024506825
-0.0033573574 	-0.0079489249 	-1.5434105e-06 	-0.00076707206 	0.025244002
-0.0033453453 	-0.0079489431 	-1.5824984e-06 	-0.00077240333 	0.025981178
-0.0033333333 	-0.0079489614 	-1.6215864e-06 	-0.0007777346 	0.026718355
-0.0033213213 	-0.0079489498 	-1.688804e-06 	-0.0007916953 	0.029277597
-0.0033093093 	-0.0079489383 	-1.7560216e-06 	-0.00080565599 	0.031836839
-0.0032972973 	-0.0079489268 	-1.8232393e-06 	-0.00081961668 	0.034396082
-0.0032852853 	-0.0079489152 	-1.8904569e-06 	-0.00083357738 	0.036955324
-0.0032732733 	-0.0079489081 	-1.9791178e-06 	-0.00084706212 	0.039396261
-0.0032612613 	-0.0079489012 	-2.0692118e-06 	-0.00086051505 	0.04182929
-0.0032492492 	-0.0079489099 	-2.1195601e-06 	-0.00086967631 	0.043516148
-0.0032372372 	-0.0079489276 	-2.1471313e-06 	-0.00087637815 	0.044775397
-0.0032252252 	-0.0079489452 	-2.1747026e-06 	-0.00088307999 	0.046034647
-0.0032132132 	-0.0079489629 	-2.2022738e-06 	-0.00088978183 	0.047293896
-0.0032012012 	-0.0079489806 	-2.2302033e-06 	-0.00089648027 	0.048552023
-0.0031891892 	-0.0079490005 	-2.270854e-06 	-0.00090305783 	0.04977031
-0.0031771772 	-0.0079490205 	-2.3115047e-06 	-0.00090963538 	0.050988597
-0.0031651652 	-0.0079490313 	-2.3453299e-06 	-0.00091639328 	0.052254256
-0.0031531532 	-0.0079490291 	-2.3695965e-06 	-0.00092340372 	0.053586256
-0.0031411411 	-0.007949027 	-2.3938631e-06 	-0.00093041416 	0.054918257
-0.0031291291 	-0.0079490249 	-2.4181298e-06 	-0.0009374246 	0.056250257
-0.0031171171 	-0.0079490228 	-2.4423964e-06 	-0.00094443504 	0.057582258
-0.0031051051 	-0.0079490208 	-2.46921e-06 	-0.00095142307 	0.058906343
-0.0030930931 	-0.0079490197 	-2.5069291e-06 	-0.00095831514 	0.060196539
-0.0030810811 	-0.0079490187 	-2.5446481e-06 	-0.00096520721 	0.061486734
-0.0030690691 	-0.0079490153 	-2.5785169e-06 	-0.00097213508 	0.06280519
-0.0030570571 	-0.0079490042 	-2.5993393e-06 	-0.00097918424 	0.064219408
-0.003045045 	-0.0079489932 	-2.6201617e-06 	-0.00098623341 	0.065633626
-0.003033033 	-0.0079489821 	-2.6409841e-06 	-0.00099328258 	0.067047844
-0.003021021 	-0.0079489711 	-2.6618065e-06 	-0.0010003317 	0.068462062
-0.003009009 	-0.00794896 	-2.6826288e-06 	-0.0010073809 	0.069876281
-0.002996997 	-0.0079489492 	-2.707061e-06 	-0.0010143904 	0.071277713
-0.002984985 	-0.007948939 	-2.7399754e-06 	-0.0010213064 	0.072649101
-0.002972973 	-0.0079489289 	-2.7728899e-06 	-0.0010282225 	0.074020489
-0.002960961 	-0.0079489187 	-2.8058044e-06 	-0.0010351386 	0.075391877
-0.0029489489 	-0.0079489039 	-2.8243016e-06 	-0.0010421108 	0.076890228
-0.0029369369 	-0.0079488887 	-2.8418672e-06 	-0.0010490867 	0.078396783
-0.0029249249 	-0.0079488736 	-2.8594328e-06 	-0.0010560625 	0.079903339
-0.0029129129 	-0.0079488585 	-2.8769984e-06 	-0.0010630384 	0.081409894
-0.0029009009 	-0.0079488434 	-2.894564e-06 	-0.0010700143 	0.08291645
-0.0028888889 	-0.0079488282 	-2.9121295e-06 	-0.0010769901 	0.084423006
-0.0028768769 	-0.0079488134 	-2.9317101e-06 	-0.001083934 	0.08592015
-0.0028648649 	-0.0079487994 	-2.9587106e-06 	-0.0010907602 	0.087382639
-0.0028528529 	-0.0079487854 	-2.9857111e-06 	-0.0010975865 	0.088845128
-0.0028408408 	-0.0079487714 	-3.0127116e-06 	-0.0011044127 	0.090307617
-0.0028288288 	-0.007948755 	-3.0346991e-06 	-0.0011112281 	0.091829244
-0.0028168168 	-0.007948735 	-3.0492655e-06 	-0.0011180275 	0.093438417
-0.0028048048 	-0.0079487149 	-3.0638319e-06 	-0.0011248269 	0.09504759
-0.0027927928 	-0.0079486949 	-3.0783983e-06 	-0.0011316264 	0.096656763
-0.0027807808 	-0.0079486749 	-3.0929647e-06 	-0.0011384258 	0.098265937
-0.0027687688 	-0.0079486548 	-3.1075311e-06 	-0.0011452252 	0.09987511
-0.0027567568 	-0.0079486348 	-3.1220975e-06 	-0.0011520247 	0.10148428
-0.0027447447 	-0.0079486148 	-3.1366639e-06 	-0.0011588241 	0.10309346
-0.0027327327 	-0.0079485958 	-3.1560152e-06 	-0.001165498 	0.10466738
-0.0027207207 	-0.0079485772 	-3.176763e-06 	-0.0011721352 	0.10623102
-0.0027087087 	-0.0079485585 	-3.1975108e-06 	-0.0011787725 	0.10779466
-0.0026966967 	-0.0079485399 	-3.2182586e-06 	-0.0011854097 	0.1093583
-0.0026846847 	-0.0079485178 	-3.2348444e-06 	-0.0011919576 	0.11099312
-0.0026726727 	-0.0079484915 	-3.2463819e-06 	-0.001198397 	0.11271429
-0.0026606607 	-0.0079484653 	-3.2579194e-06 	-0.0012048365 	0.11443546
-0.0026486486 	-0.007948439 	-3.269457e-06 	-0.0012112759 	0.11615663
-0.0026366366 	-0.0079484127 	-3.2809945e-06 	-0.0012177154 	0.1178778
-0.0026246246 	-0.0079483865 	-3.2925321e-06 	-0.0012241548 	0.11959897
-0.0026126126 	-0.0079483602 	-3.3040696e-06 	-0.0012305942 	0.12132014
-0.0026006006 	-0.007948334 	-3.3156071e-06 	-0.0012370337 	0.12304131
-0.0025885886 	-0.0079483077 	-3.3271447e-06 	-0.0012434731 	0.12476248
-0.0025765766 	-0.0079482827 	-3.3412664e-06 	-0.0012497784 	0.12644597
-0.0025645646 	-0.0079482581 	-3.3560419e-06 	-0.0012560497 	0.12811992
-0.0025525526 	-0.0079482334 	-3.3708173e-06 	-0.001262321 	0.12979387
-0.0025405405 	-0.0079482088 	-3.3855927e-06 	-0.0012685923 	0.13146782
-0.0025285285 	-0.0079481841 	-3.4003681e-06 	-0.0012748636 	0.13314178
-0.0025165165 	-0.0079481516 	-3.409002e-06 	-0.0012806929 	0.13496399
-0.0025045045 	-0.0079481181 	-3.4169185e-06 	-0.0012864707 	0.13680352
-0.0024924925 	-0.0079480847 	-3.4248349e-06 	-0.0012922485 	0.13864305
-0.0024804805 	-0.0079480512 	-3.4327514e-06 	-0.0012980262 	0.14048258
-0.0024684685 	-0.0079480177 	-3.4406679e-06 	-0.001303804 	0.14232211
-0.0024564565 	-0.0079479843 	-3.4485843e-06 	-0.0013095817 	0.14416164
-0.0024444444 	-0.0079479508 	-3.4565008e-06 	-0.0013153595 	0.14600117
-0.0024324324 	-0.0079479173 	-3.4644172e-06 	-0.0013211372 	0.1478407
-0.0024204204 	-0.0079478839 	-3.4723337e-06 	-0.001326915 	0.14968023
-0.0024084084 	-0.0079478505 	-3.4803606e-06 	-0.0013326798 	0.15151588
-0.0023963964 	-0.0079478189 	-3.489669e-06 	-0.0013382947 	0.1533064
-0.0023843844 	-0.0079477873 	-3.4989774e-06 	-0.0013439096 	0.15509693
-0.0023723724 	-0.0079477557 	-3.5082858e-06 	-0.0013495244 	0.15688746
-0.0023603604 	-0.0079477241 	-3.5175942e-06 	-0.0013551393 	0.15867798
-0.0023483483 	-0.0079476925 	-3.5269026e-06 	-0.0013607542 	0.16046851
-0.0023363363 	-0.0079476559 	-3.533063e-06 	-0.0013658691 	0.16234546
-0.0023243243 	-0.0079476147 	-3.5362956e-06 	-0.0013705192 	0.16430278
-0.0023123123 	-0.0079475736 	-3.5395282e-06 	-0.0013751692 	0.16626011
-0.0023003003 	-0.0079475324 	-3.5427608e-06 	-0.0013798192 	0.16821743
-0.0022882883 	-0.0079474913 	-3.5459933e-06 	-0.0013844692 	0.17017476
-0.0022762763 	-0.0079474501 	-3.5492259e-06 	-0.0013891192 	0.17213208
-0.0022642643 	-0.0079474089 	-3.5524585e-06 	-0.0013937692 	0.1740894
-0.0022522523 	-0.0079473678 	-3.5556911e-06 	-0.0013984192 	0.17604673
-0.0022402402 	-0.0079473266 	-3.5589237e-06 	-0.0014030692 	0.17800405
-0.0022282282 	-0.0079472854 	-3.5621562e-06 	-0.0014077192 	0.17996138
-0.0022162162 	-0.0079472443 	-3.5653888e-06 	-0.0014123692 	0.1819187
-0.0022042042 	-0.0079472039 	-3.5689546e-06 	-0.001416966 	0.18385662
-0.0021921922 	-0.0079471648 	-3.5730557e-06 	-0.0014214771 	0.18576335
-0.0021801802 	-0.0079471257 	-3.5771569e-06 	-0.0014259883 	0.18767008
-0.0021681682 	-0.0079470866 	-3.581258e-06 	-0.0014304994 	0.1895768
-0.0021561562 	-0.0079470475 	-3.5853591e-06 	-0.0014350106 	0.19148353
-0.0021441441 	-0.0079470084 	-3.5894603e-06 	-0.0014395217 	0.19339026
-0.0021321321 	-0.0079469686 	-3.5930808e-06 	-0.0014439079 	0.19530863
-0.0021201201 	-0.0079469204 	-3.5908126e-06 	-0.0014467629 	0.19736964
-0.0021081081 	-0.0079468721 	-3.5885443e-06 	-0.0014496179 	0.19943065
-0.0020960961 	-0.0079468239 	-3.5862761e-06 	-0.001452473 	0.20149166
-0.0020840841 	-0.0079467757 	-3.5840079e-06 	-0.001455328 	0.20355267
-0.0020720721 	-0.0079467275 	-3.5817397e-06 	-0.001458183 	0.20561368
-0.0020600601 	-0.0079466792 	-3.5794715e-06 	-0.001461038 	0.20767469
-0.002048048 	-0.007946631 	-3.5772033e-06 	-0.0014638931 	0.2097357
-0.002036036 	-0.0079465828 	-3.5749351e-06 	-0.0014667481 	0.21179671
-0.002024024 	-0.0079465346 	-3.5726669e-06 	-0.0014696031 	0.21385772
-0.002012012 	-0.0079464863 	-3.5703987e-06 	-0.0014724581 	0.21591873
-0.002 	-0.0079464381 	-3.5681305e-06 	-0.0014753132 	0.21797974
-0.001987988 	-0.0079463899 	-3.5658623e-06 	-0.0014781682 	0.22004075
-0.001975976 	-0.0079463426 	-3.5640703e-06 	-0.0014809846 	0.22207889
-0.001963964 	-0.0079462966 	-3.5628711e-06 	-0.0014837528 	0.22408856
-0.001951952 	-0.0079462505 	-3.5616719e-06 	-0.0014865211 	0.22609823
-0.0019399399 	-0.0079462045 	-3.5604727e-06 	-0.0014892894 	0.22810789
-0.0019279279 	-0.0079461584 	-3.5592735e-06 	-0.0014920576 	0.23011756
-0.0019159159 	-0.0079461124 	-3.5580743e-06 	-0.0014948259 	0.23212723
-0.0019039039 	-0.0079460664 	-3.5568751e-06 	-0.0014975942 	0.2341369
-0.0018918919 	-0.0079460176 	-3.5538922e-06 	-0.0014995761 	0.23618092
-0.0018798799 	-0.0079459621 	-3.546543e-06 	-0.0014996333 	0.23830903
-0.0018678679 	-0.0079459066 	-3.5391939e-06 	-0.0014996906 	0.24043713
-0.0018558559 	-0.0079458511 	-3.5318447e-06 	-0.0014997478 	0.24256524
-0.0018438438 	-0.0079457955 	-3.5244955e-06 	-0.001499805 	0.24469335
-0.0018318318 	-0.00794574 	-3.5171464e-06 	-0.0014998623 	0.24682146
-0.0018198198 	-0.0079456845 	-3.5097972e-06 	-0.0014999195 	0.24894957
-0.0018078078 	-0.007945629 	-3.502448e-06 	-0.0014999767 	0.25107768
-0.0017957958 	-0.0079455735 	-3.4950989e-06 	-0.001500034 	0.25320578
-0.0017837838 	-0.007945518 	-3.4877497e-06 	-0.0015000912 	0.25533389
-0.0017717718 	-0.0079454625 	-3.4804006e-06 	-0.0015001484 	0.257462
-0.0017597598 	-0.007945407 	-3.4730514e-06 	-0.0015002057 	0.25959011
-0.0017477477 	-0.0079453515 	-3.4657022e-06 	-0.0015002629 	0.26171822
-0.0017357357 	-0.007945296 	-3.4583531e-06 	-0.0015003201 	0.26384632
-0.0017237237 	-0.0079452405 	-3.4510039e-06 	-0.0015003774 	0.26597443
-0.0017117117 	-0.0079451871 	-3.4446403e-06 	-0.0015004418 	0.26805425
-0.0016996997 	-0.0079451339 	-3.4383139e-06 	-0.0015005064 	0.27013224
-0.0016876877 	-0.0079450806 	-3.4319874e-06 	-0.0015005711 	0.27221023
-0.0016756757 	-0.0079450274 	-3.4256609e-06 	-0.0015006357 	0.27428823
-0.0016636637 	-0.0079449741 	-3.4193345e-06 	-0.0015007003 	0.27636622
-0.0016516517 	-0.0079449209 	-3.413008e-06 	-0.001500765 	0.27844421
-0.0016396396 	-0.0079448676 	-3.4066816e-06 	-0.0015008296 	0.28052221
-0.0016276276 	-0.0079448143 	-3.4003551e-06 	-0.0015008943 	0.2826002
-0.0016156156 	-0.0079447449 	-3.3874376e-06 	-0.0014964932 	0.28520259
-0.0016036036 	-0.0079446726 	-3.3733312e-06 	-0.0014912866 	0.28789955
-0.0015915916 	-0.0079446003 	-3.3592248e-06 	-0.0014860801 	0.29059651
-0.0015795796 	-0.0079445279 	-3.3451185e-06 	-0.0014808735 	0.29329348
-0.0015675676 	-0.0079444556 	-3.3310121e-06 	-0.001475667 	0.29599044
-0.0015555556 	-0.0079443833 	-3.3169058e-06 	-0.0014704604 	0.29868741
-0.0015435435 	-0.0079443109 	-3.3027994e-06 	-0.0014652539 	0.30138437
-0.0015315315 	-0.0079442386 	-3.2886931e-06 	-0.0014600473 	0.30408133
-0.0015195195 	-0.0079441663 	-3.2745867e-06 	-0.0014548407 	0.3067783
-0.0015075075 	-0.007944094 	-3.2604804e-06 	-0.0014496342 	0.30947526
-0.0014954955 	-0.0079440216 	-3.246374e-06 	-0.0014444276 	0.31217222
-0.0014834835 	-0.0079439493 	-3.2322677e-06 	-0.0014392211 	0.31486919
-0.0014714715 	-0.007943877 	-3.2181613e-06 	-0.0014340145 	0.31756615
-0.0014594595 	-0.0079438046 	-3.204055e-06 	-0.001428808 	0.32026311
-0.0014474474 	-0.0079437323 	-3.1899486e-06 	-0.0014236014 	0.32296008
-0.0014354354 	-0.00794366 	-3.1758423e-06 	-0.0014183949 	0.32565704
-0.0014234234 	-0.0079435885 	-3.1618422e-06 	-0.0014132773 	0.32832618
-0.0014114114 	-0.0079435176 	-3.147914e-06 	-0.0014082198 	0.3309765
-0.0013993994 	-0.0079434467 	-3.1339858e-06 	-0.0014031624 	0.33362683
-0.0013873874 	-0.0079433758 	-3.1200576e-06 	-0.001398105 	0.33627715
-0.0013753754 	-0.0079433049 	-3.1061294e-06 	-0.0013930475 	0.33892748
-0.0013633634 	-0.0079432341 	-3.0922012e-06 	-0.0013879901 	0.3415778
-0.0013513514 	-0.0079431632 	-3.078273e-06 	-0.0013829327 	0.34422813
-0.0013393393 	-0.0079430923 	-3.0643448e-06 	-0.0013778752 	0.34687845
-0.0013273273 	-0.0079430214 	-3.0504166e-06 	-0.0013728178 	0.34952877
-0.0013153153 	-0.0079429638 	-3.0385168e-06 	-0.0013662623 	0.35173062
-0.0013033033 	-0.0079429272 	-3.0297894e-06 	-0.0013573639 	0.35323099
-0.0012912913 	-0.0079428905 	-3.0210621e-06 	-0.0013484654 	0.35473136
-0.0012792793 	-0.0079428538 	-3.0123347e-06 	-0.001339567 	0.35623172
-0.0012672673 	-0.0079428171 	-3.0036074e-06 	-0.0013306685 	0.35773209
-0.0012552553 	-0.0079427805 	-2.99488e-06 	-0.0013217701 	0.35923246
-0.0012432432 	-0.0079427438 	-2.9861527e-06 	-0.0013128716 	0.36073283
-0.0012312312 	-0.0079427071 	-2.9774253e-06 	-0.0013039732 	0.3622332
-0.0012192192 	-0.0079426704 	-2.968698e-06 	-0.0012950747 	0.36373357
-0.0012072072 	-0.0079426338 	-2.9599706e-06 	-0.0012861762 	0.36523394
-0.0011951952 	-0.0079425971 	-2.9512433e-06 	-0.0012772778 	0.36673431
-0.0011831832 	-0.0079425604 	-2.9425159e-06 	-0.0012683793 	0.36823468
-0.0011711712 	-0.0079425237 	-2.9337886e-06 	-0.0012594809 	0.36973505
-0.0011591592 	-0.0079424871 	-2.9250612e-06 	-0.0012505824 	0.37123542
-0.0011471471 	-0.0079424504 	-2.9163339e-06 	-0.001241684 	0.37273579
-0.0011351351 	-0.0079424137 	-2.9076065e-06 	-0.0012327855 	0.37423616
-0.0011231231 	-0.007942377 	-2.8988792e-06 	-0.0012238871 	0.37573653
-0.0011111111 	-0.0079423404 	-2.8901518e-06 	-0.0012149886 	0.3772369
-0.0010990991 	-0.0079423037 	-2.8814245e-06 	-0.0012060901 	0.37873727
-0.0010870871 	-0.007942267 	-2.8726971e-06 	-0.0011971917 	0.38023763
-0.0010750751 	-0.00794223 	-2.8639811e-06 	-0.001188222 	0.38174991
-0.0010630631 	-0.0079421926 	-2.8552817e-06 	-0.0011791467 	0.38327981
-0.0010510511 	-0.0079421552 	-2.8465824e-06 	-0.0011700715 	0.38480971
-0.001039039 	-0.0079421178 	-2.8378831e-06 	-0.0011609963 	0.38633961
-0.001027027 	-0.0079420804 	-2.8291838e-06 	-0.0011519211 	0.38786951
-0.001015015 	-0.0079420429 	-2.8204845e-06 	-0.0011428459 	0.38939941
-0.001003003 	-0.0079420055 	-2.8117852e-06 	-0.0011337707 	0.39092931
-0.00099099099 	-0.0079419681 	-2.8030858e-06 	-0.0011246955 	0.3924592
-0.00097897898 	-0.0079419307 	-2.7943865e-06 	-0.0011156203 	0.3939891
-0.00096696697 	-0.0079418933 	-2.7856872e-06 	-0.0011065451 	0.395519
-0.00095495495 	-0.0079418559 	-2.7769879e-06 	-0.0010974698 	0.3970489
-0.00094294294 	-0.0079418184 	-2.7682886e-06 	-0.0010883946 	0.3985788
-0.00093093093 	-0.007941781 	-2.7595893e-06 	-0.0010793194 	0.4001087
-0.00091891892 	-0.0079417436 	-2.7508899e-06 	-0.0010702442 	0.4016386
-0.00090690691 	-0.0079417062 	-2.7421906e-06 	-0.001061169 	0.4031685
-0.00089489489 	-0.0079416688 	-2.7334913e-06 	-0.0010520938 	0.40469839
-0.00088288288 	-0.0079416314 	-2.724792e-06 	-0.0010430186 	0.40622829
-0.00087087087 	-0.0079415939 	-2.7160927e-06 	-0.0010339434 	0.40775819
-0.00085885886 	-0.0079415565 	-2.7073934e-06 	-0.0010248682 	0.40928809
-0.00084684685 	-0.0079415191 	-2.698694e-06 	-0.0010157929 	0.41081799
-0.00083483483 	-0.0079414817 	-2.6899947e-06 	-0.0010067177 	0.41234789
-0.00082282282 	-0.0079414443 	-2.6812954e-06 	-0.00099764252 	0.41387779
-0.00081081081 	-0.0079414069 	-2.6725961e-06 	-0.00098856731 	0.41540769
-0.0007987988 	-0.0079413694 	-2.6638968e-06 	-0.0009794921 	0.41693758
-0.00078678679 	-0.007941332 	-2.6551975e-06 	-0.00097041689 	0.41846748
-0.00077477477 	-0.0079412946 	-2.6464981e-06 	-0.00096134168 	0.41999738
-0.00076276276 	-0.0079412572 	-2.6377988e-06 	-0.00095226647 	0.42152728
-0.00075075075 	-0.0079412198 	-2.6290995e-06 	-0.00094319126 	0.42305718
-0.00073873874 	-0.0079411824 	-2.6204002e-06 	-0.00093411605 	0.42458708
-0.00072672673 	-0.0079411449 	-2.6117009e-06 	-0.00092504084 	0.42611698
-0.00071471471 	-0.0079411075 	-2.6030016e-06 	-0.00091596563 	0.42764687
-0.0007027027 	-0.0079410701 	-2.5943022e-06 	-0.00090689042 	0.42917677
-0.00069069069 	-0.0079410327 	-2.5856029e-06 	-0.00089781521 	0.43070667
-0.00067867868 	-0.0079409953 	-2.5769036e-06 	-0.00088873999 	0.43223657
-0.00066666667 	-0.0079409578 	-2.5682043e-06 	-0.00087966478 	0.43376647
-0.00065465465 	-0.0079409278 	-2.5615972e-06 	-0.00086761765 	0.43493356
-0.00064264264 	-0.0079409069 	-2.5575995e-06 	-0.00085186396 	0.43564817
-0.00063063063 	-0.007940886 	-2.5536019e-06 	-0.00083611027 	0.43636278
-0.00061861862 	-0.0079408651 	-2.5496042e-06 	-0.00082035658 	0.43707738
-0.00060660661 	-0.0079408442 	-2.5456065e-06 	-0.00080460289 	0.43779199
-0.00059459459 	-0.0079408233 	-2.5416089e-06 	-0.0007888492 	0.4385066
-0.00058258258 	-0.0079408023 	-2.5376112e-06 	-0.00077309551 	0.4392212
-0.00057057057 	-0.0079407814 	-2.5336135e-06 	-0.00075734182 	0.43993581
-0.00055855856 	-0.0079407605 	-2.5296159e-06 	-0.00074158813 	0.44065042
-0.00054654655 	-0.0079407396 	-2.5256182e-06 	-0.00072583444 	0.44136503
-0.00053453453 	-0.0079407187 	-2.5216205e-06 	-0.00071008075 	0.44207963
-0.00052252252 	-0.0079406978 	-2.5176229e-06 	-0.00069432707 	0.44279424
-0.00051051051 	-0.0079406769 	-2.5136252e-06 	-0.00067857338 	0.44350885
-0.0004984985 	-0.007940656 	-2.5096275e-06 	-0.00066281969 	0.44422345
-0.00048648649 	-0.0079406351 	-2.5056299e-06 	-0.000647066 	0.44493806
-0.00047447447 	-0.0079406142 	-2.5016322e-06 	-0.00063131231 	0.44565267
-0.00046246246 	-0.0079405933 	-2.4976345e-06 	-0.00061555862 	0.44636727
-0.00045045045 	-0.0079405724 	-2.4936369e-06 	-0.00059980493 	0.44708188
-0.00043843844 	-0.0079405515 	-2.4896392e-06 	-0.00058405124 	0.44779649
-0.00042642643 	-0.0079405306 	-2.4856415e-06 	-0.00056829755 	0.44851109
-0.00041441441 	-0.0079405095 	-2.4816965e-06 	-0.0005524547 	0.44923083
-0.0004024024 	-0.0079404882 	-2.4778137e-06 	-0.00053650646 	0.44995662
-0.00039039039 	-0.0079404669 	-2.4739308e-06 	-0.00052055822 	0.45068241
-0.00037837838 	-0.0079404456 	-2.470048e-06 	-0.00050460998 	0.4514082
-0.00036636637 	-0.0079404243 	-2.4661652e-06 	-0.00048866174 	0.45213399
-0.00035435435 	-0.007940403 	-2.4622824e-06 	-0.0004727135 	0.45285978
-0.00034234234 	-0.0079403818 	-2.4583995e-06 	-0.00045676526 	0.45358557
-0.00033033033 	-0.0079403605 	-2.4545167e-06 	-0.00044081702 	0.45431136
-0.00031831832 	-0.0079403392 	-2.4506339e-06 	-0.00042486878 	0.45503715
-0.00030630631 	-0.0079403179 	-2.4467511e-06 	-0.00040892054 	0.45576294
-0.00029429429 	-0.0079402966 	-2.4428682e-06 	-0.0003929723 	0.45648873
-0.00028228228 	-0.0079402753 	-2.4389854e-06 	-0.00037702406 	0.45721452
-0.00027027027 	-0.007940254 	-2.4351026e-06 	-0.00036107582 	0.45794031
-0.00025825826 	-0.0079402327 	-2.4312198e-06 	-0.00034512758 	0.4586661
-0.00024624625 	-0.0079402114 	-2.4273369e-06 	-0.00032917934 	0.4593919
-0.00023423423 	-0.0079401902 	-2.4234541e-06 	-0.0003132311 	0.46011769
-0.00022222222 	-0.0079401689 	-2.4195713e-06 	-0.00029728286 	0.46084348
-0.00021021021 	-0.0079401476 	-2.4156884e-06 	-0.00028133462 	0.46156927
-0.0001981982 	-0.0079401263 	-2.4118056e-06 	-0.00026538638 	0.46229506
-0.00018618619 	-0.007940105 	-2.4079228e-06 	-0.00024943814 	0.46302085
-0.00017417417 	-0.0079400837 	-2.40404e-06 	-0.0002334899 	0.46374664
-0.00016216216 	-0.0079400624 	-2.4001571e-06 	-0.00021754166 	0.46447243
-0.00015015015 	-0.0079400411 	-2.3962743e-06 	-0.00020159342 	0.46519822
-0.00013813814 	-0.0079400199 	-2.3923915e-06 	-0.00018564518 	0.46592401
-0.00012612613 	-0.0079399986 	-2.3885087e-06 	-0.00016969694 	0.4666498
-0.00011411411 	-0.0079399773 	-2.3846258e-06 	-0.0001537487 	0.46737559
-0.0001021021 	-0.007939956 	-2.380743e-06 	-0.00013780046 	0.46810138
-9.009009e-05 	-0.0079399347 	-2.3768602e-06 	-0.00012185222 	0.46882717
-7.8078078e-05 	-0.0079399134 	-2.3729774e-06 	-0.00010590398 	0.46955296
-6.6066066e-05 	-0.0079398921 	-2.3690945e-06 	-8.9955744e-05 	0.47027875
-5.4054054e-05 	-0.0079398708 	-2.3652117e-06 	-7.4007505e-05 	0.47100454
-4.2042042e-05 	-0.0079398495 	-2.3613289e-06 	-5.8059265e-05 	0.47173034
-3.003003e-05 	-0.0079398283 	-2.357446e-06 	-4.2111025e-05 	0.47245613
-1.8018018e-05 	-0.007939807 	-2.3535632e-06 	-2.6162786e-05 	0.47318192
-6.006006e-06 	-0.0079397857 	-2.3496804e-06 	-1.0214546e-05 	0.47390771
6.006006e-06 	-0.0079397854 	-2.3501449e-06 	5.6381235e-06 	0.47391264
1.8018018e-05 	-0.0079398061 	-2.3549566e-06 	2.1395223e-05 	0.47319671
3.003003e-05 	-0.0079398268 	-2.3597683e-06 	3.7152322e-05 	0.47248078
4.2042042e-05 	-0.0079398475 	-2.3645801e-06 	5.2909422e-05 	0.47176486
5.4054054e-05 	-0.0079398682 	-2.3693918e-06 	6.8666521e-05 	0.47104893
6.6066066e-05 	-0.0079398889 	-2.3742035e-06 	8.4423621e-05 	0.470333
7.8078078e-05 	-0.0079399097 	-2.3790153e-06 	0.00010018072 	0.46961708
9.009009e-05 	-0.0079399304 	-2.383827e-06 	0.00011593782 	0.46890115
0.0001021021 	-0.0079399511 	-2.3886387e-06 	0.00013169492 	0.46818522
0.00011411411 	-0.0079399718 	-2.3934505e-06 	0.00014745202 	0.46746929
0.00012612613 	-0.0079399925 	-2.3982622e-06 	0.00016320912 	0.46675337
0.00013813814 	-0.0079400132 	-2.403074e-06 	0.00017896622 	0.46603744
0.00015015015 	-0.0079400339 	-2.4078857e-06 	0.00019472332 	0.46532151
0.00016216216 	-0.0079400546 	-2.4126974e-06 	0.00021048042 	0.46460559
0.00017417417 	-0.0079400754 	-2.4175092e-06 	0.00022623752 	0.46388966
0.00018618619 	-0.0079400961 	-2.4223209e-06 	0.00024199462 	0.46317373
0.0001981982 	-0.0079401168 	-2.4271326e-06 	0.00025775172 	0.4624578
0.00021021021 	-0.0079401375 	-2.4319444e-06 	0.00027350881 	0.46174188
0.00022222222 	-0.0079401582 	-2.4367561e-06 	0.00028926591 	0.46102595
0.00023423423 	-0.0079401789 	-2.4415678e-06 	0.00030502301 	0.46031002
0.00024624625 	-0.0079401997 	-2.446612e-06 	0.00032087993 	0.45958838
0.00025825826 	-0.0079402207 	-2.4518765e-06 	0.00033683149 	0.45886133
0.00027027027 	-0.0079402416 	-2.457141e-06 	0.00035278306 	0.45813428
0.00028228228 	-0.0079402625 	-2.4624055e-06 	0.00036873462 	0.45740722
0.00029429429 	-0.0079402835 	-2.46767e-06 	0.00038468618 	0.45668017
0.00030630631 	-0.0079403044 	-2.4729345e-06 	0.00040063774 	0.45595312
0.00031831832 	-0.0079403253 	-2.478199e-06 	0.0004165893 	0.45522606
0.00033033033 	-0.0079403463 	-2.4834635e-06 	0.00043254086 	0.45449901
0.00034234234 	-0.0079403672 	-2.488728e-06 	0.00044849243 	0.45377196
0.00035435435 	-0.0079403881 	-2.4939925e-06 	0.00046444399 	0.4530449
0.00036636637 	-0.007940409 	-2.499257e-06 	0.00048039555 	0.45231785
0.00037837838 	-0.00794043 	-2.5045215e-06 	0.00049634711 	0.4515908
0.00039039039 	-0.0079404509 	-2.509786e-06 	0.00051229867 	0.45086374
0.0004024024 	-0.0079404718 	-2.5150505e-06 	0.00052825023 	0.45013669
0.00041441441 	-0.0079404928 	-2.520315e-06 	0.0005442018 	0.44940964
0.00042642643 	-0.0079405137 	-2.5255795e-06 	0.00056015336 	0.44868258
0.00043843844 	-0.0079405346 	-2.530844e-06 	0.00057610492 	0.44795553
0.00045045045 	-0.0079405555 	-2.5361085e-06 	0.00059205648 	0.44722848
0.00046246246 	-0.0079405765 	-2.541373e-06 	0.00060800804 	0.44650142
0.00047447447 	-0.0079405974 	-2.5466376e-06 	0.0006239596 	0.44577437
0.00048648649 	-0.0079406183 	-2.5519021e-06 	0.00063991117 	0.44504732
0.0004984985 	-0.0079406393 	-2.5571666e-06 	0.00065586273 	0.44432026
0.00051051051 	-0.0079406602 	-2.5624311e-06 	0.00067181429 	0.44359321
0.00052252252 	-0.0079406811 	-2.5676956e-06 	0.00068776585 	0.44286615
0.00053453453 	-0.0079407021 	-2.5729601e-06 	0.00070371741 	0.4421391
0.00054654655 	-0.007940723 	-2.5782246e-06 	0.00071966897 	0.44141205
0.00055855856 	-0.0079407439 	-2.5834891e-06 	0.00073562054 	0.44068499
0.00057057057 	-0.0079407648 	-2.5887536e-06 	0.0007515721 	0.43995794
0.00058258258 	-0.0079407858 	-2.5940181e-06 	0.00076752366 	0.43923089
0.00059459459 	-0.0079408067 	-2.5992826e-06 	0.00078347522 	0.43850383
0.00060660661 	-0.0079408276 	-2.6045471e-06 	0.00079942678 	0.43777678
0.00061861862 	-0.0079408486 	-2.6098116e-06 	0.00081537834 	0.43704973
0.00063063063 	-0.0079408695 	-2.6150761e-06 	0.00083132991 	0.43632267
0.00064264264 	-0.0079408904 	-2.6203406e-06 	0.00084728147 	0.43559562
0.00065465465 	-0.0079409113 	-2.6256051e-06 	0.00086323303 	0.43486857
0.00066666667 	-0.007940941 	-2.6335055e-06 	0.00087527303 	0.43371177
0.00067867868 	-0.0079409776 	-2.6435192e-06 	0.00088417674 	0.4322104
0.00069069069 	-0.0079410142 	-2.653533e-06 	0.00089308044 	0.43070903
0.0007027027 	-0.0079410508 	-2.6635468e-06 	0.00090198415 	0.42920766
0.00071471471 	-0.0079410874 	-2.6735606e-06 	0.00091088785 	0.4277063
0.00072672673 	-0.007941124 	-2.6835744e-06 	0.00091979156 	0.42620493
0.00073873874 	-0.0079411606 	-2.6935882e-06 	0.00092869526 	0.42470356
0.00075075075 	-0.0079411973 	-2.703602e-06 	0.00093759897 	0.42320219
0.00076276276 	-0.0079412339 	-2.7136158e-06 	0.00094650267 	0.42170082
0.00077477477 	-0.0079412705 	-2.7236295e-06 	0.00095540638 	0.42019946
0.00078678679 	-0.0079413071 	-2.7336433e-06 	0.00096431009 	0.41869809
0.0007987988 	-0.0079413437 	-2.7436571e-06 	0.00097321379 	0.41719672
0.00081081081 	-0.0079413803 	-2.7536709e-06 	0.0009821175 	0.41569535
0.00082282282 	-0.0079414169 	-2.7636847e-06 	0.0009910212 	0.41419398
0.00083483483 	-0.0079414535 	-2.7736985e-06 	0.00099992491 	0.41269261
0.00084684685 	-0.0079414901 	-2.7837123e-06 	0.0010088286 	0.41119125
0.00085885886 	-0.0079415267 	-2.7937261e-06 	0.0010177323 	0.40968988
0.00087087087 	-0.0079415634 	-2.8037399e-06 	0.001026636 	0.40818851
0.00088288288 	-0.0079416 	-2.8137536e-06 	0.0010355397 	0.40668714
0.00089489489 	-0.0079416366 	-2.8237674e-06 	0.0010444434 	0.40518577
0.00090690691 	-0.0079416735 	-2.8340394e-06 	0.0010534473 	0.40366764
0.00091891892 	-0.0079417108 	-2.8445075e-06 	0.0010625273 	0.40213678
0.00093093093 	-0.007941748 	-2.8549757e-06 	0.0010716074 	0.40060591
0.00094294294 	-0.0079417853 	-2.8654438e-06 	0.0010806874 	0.39907504
0.00095495495 	-0.0079418225 	-2.8759119e-06 	0.0010897674 	0.39754418
0.00096696697 	-0.0079418597 	-2.88638e-06 	0.0010988474 	0.39601331
0.00097897898 	-0.007941897 	-2.8968481e-06 	0.0011079274 	0.39448245
0.00099099099 	-0.0079419342 	-2.9073163e-06 	0.0011170074 	0.39295158
0.001003003 	-0.0079419714 	-2.9177844e-06 	0.0011260874 	0.39142072
0.001015015 	-0.0079420087 	-2.9282525e-06 	0.0011351674 	0.38988985
0.001027027 	-0.0079420459 	-2.9387206e-06 	0.0011442474 	0.38835898
0.001039039 	-0.0079420832 	-2.9491887e-06 	0.0011533274 	0.38682812
0.0010510511 	-0.0079421204 	-2.9596569e-06 	0.0011624075 	0.38529725
0.0010630631 	-0.0079421576 	-2.970125e-06 	0.0011714875 	0.38376639
0.0010750751 	-0.0079421949 	-2.9805931e-06 	0.0011805675 	0.38223552
0.0010870871 	-0.0079422321 	-2.9910612e-06 	0.0011896475 	0.38070465
0.0010990991 	-0.0079422693 	-3.0015293e-06 	0.0011987275 	0.37917379
0.0011111111 	-0.0079423066 	-3.0119975e-06 	0.0012078075 	0.37764292
0.0011231231 	-0.0079423438 	-3.0224656e-06 	0.0012168875 	0.37611206
0.0011351351 	-0.007942381 	-3.0329337e-06 	0.0012259675 	0.37458119
0.0011471471 	-0.0079424183 	-3.0434018e-06 	0.0012350475 	0.37305033
0.0011591592 	-0.0079424555 	-3.0538699e-06 	0.0012441275 	0.37151946
0.0011711712 	-0.0079424928 	-3.0643381e-06 	0.0012532076 	0.36998859
0.0011831832 	-0.00794253 	-3.0748062e-06 	0.0012622876 	0.36845773
0.0011951952 	-0.0079425672 	-3.0852743e-06 	0.0012713676 	0.36692686
0.0012072072 	-0.0079426045 	-3.0957424e-06 	0.0012804476 	0.365396
0.0012192192 	-0.0079426417 	-3.1062105e-06 	0.0012895276 	0.36386513
0.0012312312 	-0.0079426789 	-3.1166787e-06 	0.0012986076 	0.36233426
0.0012432432 	-0.0079427162 	-3.1271468e-06 	0.0013076876 	0.3608034
0.0012552553 	-0.0079427534 	-3.1376149e-06 	0.0013167676 	0.35927253
0.0012672673 	-0.0079427907 	-3.148083e-06 	0.0013258476 	0.35774167
0.0012792793 	-0.0079428279 	-3.1585511e-06 	0.0013349276 	0.3562108
0.0012912913 	-0.0079428651 	-3.1690193e-06 	0.0013440077 	0.35467993
0.0013033033 	-0.0079429024 	-3.1794874e-06 	0.0013530877 	0.35314907
0.0013153153 	-0.0079429396 	-3.1899555e-06 	0.0013621677 	0.3516182
0.0013273273 	-0.0079429974 	-3.2039889e-06 	0.0013687978 	0.34940374
0.0013393393 	-0.0079430684 	-3.2203017e-06 	0.0013738616 	0.34675222
0.0013513514 	-0.0079431394 	-3.2366146e-06 	0.0013789254 	0.3441007
0.0013633634 	-0.0079432104 	-3.2529274e-06 	0.0013839892 	0.34144918
0.0013753754 	-0.0079432813 	-3.2692402e-06 	0.001389053 	0.33879766
0.0013873874 	-0.0079433523 	-3.2855531e-06 	0.0013941168 	0.33614614
0.0013993994 	-0.0079434233 	-3.3018659e-06 	0.0013991806 	0.33349462
0.0014114114 	-0.0079434943 	-3.3181788e-06 	0.0014042445 	0.33084309
0.0014234234 	-0.0079435653 	-3.3344916e-06 	0.0014093083 	0.32819157
0.0014354354 	-0.0079436368 	-3.3513692e-06 	0.0014144317 	0.32552125
0.0014474474 	-0.007943709 	-3.3690821e-06 	0.0014196435 	0.32282312
0.0014594595 	-0.0079437813 	-3.386795e-06 	0.0014248552 	0.32012499
0.0014714715 	-0.0079438535 	-3.4045078e-06 	0.001430067 	0.31742686
0.0014834835 	-0.0079439258 	-3.4222207e-06 	0.0014352787 	0.31472873
0.0014954955 	-0.007943998 	-3.4399336e-06 	0.0014404905 	0.3120306
0.0015075075 	-0.0079440703 	-3.4576465e-06 	0.0014457022 	0.30933246
0.0015195195 	-0.0079441425 	-3.4753594e-06 	0.001450914 	0.30663433
0.0015315315 	-0.0079442148 	-3.4930722e-06 	0.0014561257 	0.3039362
0.0015435435 	-0.007944287 	-3.5107851e-06 	0.0014613374 	0.30123807
0.0015555556 	-0.0079443593 	-3.528498e-06 	0.0014665492 	0.29853994
0.0015675676 	-0.0079444315 	-3.5462109e-06 	0.0014717609 	0.29584181
0.0015795796 	-0.0079445038 	-3.5639237e-06 	0.0014769727 	0.29314368
0.0015915916 	-0.007944576 	-3.5816366e-06 	0.0014821844 	0.29044555
0.0016036036 	-0.0079446483 	-3.5993495e-06 	0.0014873962 	0.28774741
0.0016156156 	-0.0079447205 	-3.6170624e-06 	0.0014926079 	0.28504928
0.0016276276 	-0.0079447899 	-3.6332951e-06 	0.0014970144 	0.28244579
0.0016396396 	-0.0079448432 	-3.6413212e-06 	0.0014969563 	0.28036701
0.0016516517 	-0.0079448965 	-3.6493472e-06 	0.0014968981 	0.27828823
0.0016636637 	-0.0079449499 	-3.6573732e-06 	0.00149684 	0.27620945
0.0016756757 	-0.0079450032 	-3.6653992e-06 	0.0014967818 	0.27413067
0.0016876877 	-0.0079450565 	-3.6734252e-06 	0.0014967237 	0.27205189
0.0016996997 	-0.0079451098 	-3.6814513e-06 	0.0014966655 	0.26997311
0.0017117117 	-0.0079451631 	-3.6894773e-06 	0.0014966074 	0.26789433
0.0017237237 	-0.0079452165 	-3.6976419e-06 	0.0014965495 	0.26581372
0.0017357357 	-0.007945272 	-3.7094819e-06 	0.0014964977 	0.26368483
0.0017477477 	-0.0079453274 	-3.721322e-06 	0.001496446 	0.26155595
0.0017597598 	-0.0079453829 	-3.733162e-06 	0.0014963942 	0.25942706
0.0017717718 	-0.0079454383 	-3.7450021e-06 	0.0014963425 	0.25729817
0.0017837838 	-0.0079454938 	-3.7568421e-06 	0.0014962907 	0.25516928
0.0017957958 	-0.0079455493 	-3.7686822e-06 	0.001496239 	0.25304039
0.0018078078 	-0.0079456047 	-3.7805222e-06 	0.0014961872 	0.2509115
0.0018198198 	-0.0079456602 	-3.7923623e-06 	0.0014961355 	0.24878261
0.0018318318 	-0.0079457156 	-3.8042023e-06 	0.0014960837 	0.24665372
0.0018438438 	-0.0079457711 	-3.8160424e-06 	0.001496032 	0.24452483
0.0018558559 	-0.0079458265 	-3.8278824e-06 	0.0014959802 	0.24239594
0.0018678679 	-0.007945882 	-3.8397225e-06 	0.0014959285 	0.24026705
0.0018798799 	-0.0079459374 	-3.8515625e-06 	0.0014958767 	0.23813816
0.0018918919 	-0.0079459929 	-3.8634026e-06 	0.001495825 	0.23600927
0.0019039039 	-0.0079460417 	-3.8670776e-06 	0.0014938512 	0.23396457
0.0019159159 	-0.0079460878 	-3.8674169e-06 	0.0014910922 	0.23195427
0.0019279279 	-0.0079461339 	-3.8677562e-06 	0.0014883332 	0.22994396
0.0019399399 	-0.0079461801 	-3.8680955e-06 	0.0014855742 	0.22793366
0.001951952 	-0.0079462262 	-3.8684349e-06 	0.0014828152 	0.22592336
0.001963964 	-0.0079462723 	-3.8687742e-06 	0.0014800562 	0.22391306
0.001975976 	-0.0079463184 	-3.8691135e-06 	0.0014772972 	0.22190275
0.001987988 	-0.0079463657 	-3.8728725e-06 	0.0014744893 	0.21986397
0.002 	-0.0079464139 	-3.8793787e-06 	0.001471642 	0.21780232
0.002012012 	-0.0079464621 	-3.8858848e-06 	0.0014687947 	0.21574066
0.002024024 	-0.0079465103 	-3.8923909e-06 	0.0014659474 	0.213679
0.002036036 	-0.0079465585 	-3.898897e-06 	0.0014631001 	0.21161734
0.002048048 	-0.0079466067 	-3.9054031e-06 	0.0014602528 	0.20955569
0.0020600601 	-0.0079466549 	-3.9119092e-06 	0.0014574055 	0.20749403
0.0020720721 	-0.0079467031 	-3.9184154e-06 	0.0014545583 	0.20543237
0.0020840841 	-0.0079467513 	-3.9249215e-06 	0.001451711 	0.20337072
0.0020960961 	-0.0079467995 	-3.9314276e-06 	0.0014488637 	0.20130906
0.0021081081 	-0.0079468477 	-3.9379337e-06 	0.0014460164 	0.1992474
0.0021201201 	-0.0079468959 	-3.9444398e-06 	0.0014431691 	0.19718574
0.0021321321 	-0.0079469441 	-3.9509459e-06 	0.0014403218 	0.19512409
0.0021441441 	-0.007946984 	-3.9428136e-06 	0.0014359474 	0.19320523
0.0021561562 	-0.0079470231 	-3.9334863e-06 	0.0014314484 	0.19129803
0.0021681682 	-0.0079470623 	-3.9241591e-06 	0.0014269493 	0.18939083
0.0021801802 	-0.0079471015 	-3.9148318e-06 	0.0014224503 	0.18748363
0.0021921922 	-0.0079471407 	-3.9055046e-06 	0.0014179512 	0.18557643
0.0022042042 	-0.0079471798 	-3.8961774e-06 	0.0014134522 	0.18366923
0.0022162162 	-0.0079472202 	-3.8912693e-06 	0.0014088663 	0.18173082
0.0022282282 	-0.0079472614 	-3.8891115e-06 	0.0014042264 	0.17977299
0.0022402402 	-0.0079473026 	-3.8869536e-06 	0.0013995864 	0.17781516
0.0022522523 	-0.0079473437 	-3.8847958e-06 	0.0013949465 	0.17585733
0.0022642643 	-0.0079473849 	-3.882638e-06 	0.0013903066 	0.17389949
0.0022762763 	-0.0079474261 	-3.8804801e-06 	0.0013856666 	0.17194166
0.0022882883 	-0.0079474672 	-3.8783223e-06 	0.0013810267 	0.16998383
0.0023003003 	-0.0079475084 	-3.8761645e-06 	0.0013763868 	0.168026
0.0023123123 	-0.0079475495 	-3.8740066e-06 	0.0013717468 	0.16606817
0.0023243243 	-0.0079475907 	-3.8718488e-06 	0.0013671069 	0.16411034
0.0023363363 	-0.0079476319 	-3.869691e-06 	0.001362467 	0.16215251
0.0023483483 	-0.0079476685 	-3.8596043e-06 	0.0013573643 	0.16027515
0.0023603604 	-0.0079477001 	-3.8409928e-06 	0.0013517642 	0.15848433
0.0023723724 	-0.0079477318 	-3.8223812e-06 	0.0013461641 	0.15669351
0.0023843844 	-0.0079477635 	-3.8037697e-06 	0.001340564 	0.15490268
0.0023963964 	-0.0079477952 	-3.7851581e-06 	0.0013349638 	0.15311186
0.0024084084 	-0.0079478268 	-3.7665466e-06 	0.0013293637 	0.15132103
0.0024204204 	-0.0079478602 	-3.7537284e-06 	0.0013236116 	0.14948504
0.0024324324 	-0.0079478937 	-3.7414094e-06 	0.0013178463 	0.14764515
0.0024444444 	-0.0079479271 	-3.7290903e-06 	0.0013120811 	0.14580526
0.0024564565 	-0.0079479606 	-3.7167713e-06 	0.0013063158 	0.14396537
0.0024684685 	-0.0079479941 	-3.7044522e-06 	0.0013005505 	0.14212549
0.0024804805 	-0.0079480276 	-3.6921332e-06 	0.0012947853 	0.1402856
0.0024924925 	-0.0079480611 	-3.6798141e-06 	0.00128902 	0.13844571
0.0025045045 	-0.0079480946 	-3.6674951e-06 	0.0012832548 	0.13660582
0.0025165165 	-0.007948128 	-3.655176e-06 	0.0012774895 	0.13476593
0.0025285285 	-0.0079481606 	-3.6414307e-06 	0.0012716731 	0.13294339
0.0025405405 	-0.0079481853 	-3.6154764e-06 	0.0012654189 	0.13126932
0.0025525526 	-0.00794821 	-3.589522e-06 	0.0012591647 	0.12959525
0.0025645646 	-0.0079482347 	-3.5635676e-06 	0.0012529104 	0.12792118
0.0025765766 	-0.0079482593 	-3.5376133e-06 	0.0012466562 	0.12624712
0.0025885886 	-0.0079482844 	-3.5125028e-06 	0.0012403676 	0.1245635
0.0026006006 	-0.0079483106 	-3.4907286e-06 	0.001233943 	0.12284213
0.0026126126 	-0.0079483369 	-3.4689543e-06 	0.0012275185 	0.12112076
0.0026246246 	-0.0079483632 	-3.4471801e-06 	0.0012210939 	0.1193994
0.0026366366 	-0.0079483895 	-3.4254059e-06 	0.0012146694 	0.11767803
0.0026486486 	-0.0079484158 	-3.4036317e-06 	0.0012082448 	0.11595666
0.0026606607 	-0.0079484421 	-3.3818574e-06 	0.0012018203 	0.1142353
0.0026726727 	-0.0079484684 	-3.3600832e-06 	0.0011953957 	0.11251393
0.0026846847 	-0.0079484946 	-3.338309e-06 	0.0011889712 	0.11079256
0.0026966967 	-0.0079485168 	-3.3114519e-06 	0.0011824404 	0.10915769
0.0027087087 	-0.0079485354 	-3.2804043e-06 	0.0011758221 	0.10759412
0.0027207207 	-0.0079485541 	-3.2493567e-06 	0.0011692039 	0.10603054
0.0027327327 	-0.0079485727 	-3.2183092e-06 	0.0011625856 	0.10446697
0.0027447447 	-0.0079485917 	-3.1877108e-06 	0.0011559302 	0.10289309
0.0027567568 	-0.0079486118 	-3.1586515e-06 	0.0011491479 	0.10128389
0.0027687688 	-0.0079486318 	-3.1295922e-06 	0.0011423656 	0.099674692
0.0027807808 	-0.0079486519 	-3.100533e-06 	0.0011355832 	0.098065491
0.0027927928 	-0.0079486719 	-3.0714737e-06 	0.0011288009 	0.09645629
0.0028048048 	-0.007948692 	-3.0424144e-06 	0.0011220186 	0.094847088
0.0028168168 	-0.0079487121 	-3.0133551e-06 	0.0011152362 	0.093237887
0.0028288288 	-0.0079487321 	-2.9842958e-06 	0.0011084539 	0.091628686
0.0028408408 	-0.0079487485 	-2.9520682e-06 	0.0011016576 	0.090107198
0.0028528529 	-0.0079487625 	-2.9177004e-06 	0.0010948519 	0.08864496
0.0028648649 	-0.0079487765 	-2.8833325e-06 	0.0010880461 	0.087182722
0.0028768769 	-0.0079487905 	-2.8489647e-06 	0.0010812404 	0.085720484
0.0028888889 	-0.0079488054 	-2.8151069e-06 	0.0010743158 	0.08422351
0.0029009009 	-0.0079488206 	-2.7813877e-06 	0.001067359 	0.082717102
0.0029129129 	-0.0079488357 	-2.7476685e-06 	0.0010604022 	0.081210694
0.0029249249 	-0.0079488509 	-2.7139493e-06 	0.0010534454 	0.079704286
0.0029369369 	-0.007948866 	-2.6802301e-06 	0.0010464886 	0.078197878
0.0029489489 	-0.0079488812 	-2.6465109e-06 	0.0010395318 	0.076691471
0.002960961 	-0.007948896 	-2.6126208e-06 	0.0010325788 	0.075193284
0.002972973 	-0.0079489062 	-2.5760849e-06 	0.0010256844 	0.073822327
0.002984985 	-0.0079489163 	-2.5395489e-06 	0.00101879 	0.07245137
0.002996997 	-0.0079489265 	-2.503013e-06 	0.0010118956 	0.071080413
0.003009009 	-0.0079489373 	-2.4668782e-06 	0.0010049072 	0.069679339
0.003021021 	-0.0079489484 	-2.4309141e-06 	0.00099787882 	0.06826545
0.003033033 	-0.0079489595 	-2.39495e-06 	0.00099085041 	0.06685156
0.003045045 	-0.0079489706 	-2.3589859e-06 	0.00098382201 	0.06543767
0.0030570571 	-0.0079489816 	-2.3230217e-06 	0.00097679361 	0.06402378
0.0030690691 	-0.0079489927 	-2.2870576e-06 	0.0009697652 	0.06260989
0.0030810811 	-0.007948996 	-2.2495698e-06 	0.00096285966 	0.061291977
0.0030930931 	-0.0079489971 	-2.2116324e-06 	0.00095599037 	0.060002389
0.0031051051 	-0.0079489981 	-2.1736949e-06 	0.00094912108 	0.0587128
0.0031171171 	-0.007949 	-2.1371853e-06 	0.00094215544 	0.057389245
0.0031291291 	-0.0079490022 	-2.1010091e-06 	0.00093516731 	0.056057757
0.0031411411 	-0.0079490043 	-2.0648329e-06 	0.00092817917 	0.054726269
0.0031531532 	-0.0079490065 	-2.0286567e-06 	0.00092119103 	0.053394782
0.0031651652 	-0.0079490087 	-1.9924805e-06 	0.0009142029 	0.052063294
0.0031771772 	-0.0079489979 	-1.9549065e-06 	0.00090746807 	0.050798305
0.0031891892 	-0.0079489778 	-1.9163344e-06 	0.00090091412 	0.0495808
0.0032012012 	-0.0079489578 	-1.8777622e-06 	0.00089436018 	0.048363296
0.0032132132 	-0.0079489402 	-1.8431564e-06 	0.00088768539 	0.047105874
0.0032252252 	-0.0079489225 	-1.8086623e-06 	0.00088100719 	0.045847328
0.0032372372 	-0.0079489049 	-1.7741682e-06 	0.000874329 	0.044588781
0.0032492492 	-0.0079488873 	-1.739674e-06 	0.00086765081 	0.043330235
0.0032612613 	-0.0079488786 	-1.6879341e-06 	0.00085852334 	0.041644576
0.0032732733 	-0.0079488855 	-1.6061004e-06 	0.0008451219 	0.039213609
0.0032852853 	-0.0079488927 	-1.5251302e-06 	0.00083168877 	0.036774729
0.0032972973 	-0.0079489043 	-1.4570799e-06 	0.00081778127 	0.034217448
0.0033093093 	-0.007948916 	-1.3890295e-06 	0.00080387377 	0.031660167
0.0033213213 	-0.0079489277 	-1.3209791e-06 	0.00078996628 	0.029102885
0.0033333333 	-0.0079489394 	-1.2529287e-06 	0.00077605878 	0.026545604
0.0033453453 	-0.0079489211 	-1.2210415e-06 	0.00077074376 	0.025809219
0.0033573574 	-0.0079489029 	-1.1891543e-06 	0.00076542874 	0.025072834
0.0033693694 	-0.0079488847 	-1.1572672e-06 	0.00076011372 	0.024336449
0.0033813814 	-0.0079488664 	-1.12538e-06 	0.00075479869 	0.023600063
0.0033933934 	-0.0079488482 	-1.0934928e-06 	0.00074948367 	0.022863678
0.0034054054 	-0.0079488299 	-1.0616056e-06 	0.00074416865 	0.022127293
0.0034174174 	-0.0079488117 	-1.0297184e-06 	0.00073885363 	0.021390908
0.0034294294 	-0.0079487935 	-9.9783122e-07 	0.00073353861 	0.020654523
0.0034414414 	-0.0079487752 	-9.6594404e-07 	0.00072822359 	0.019918138
0.0034534535 	-0.007948757 	-9.3405685e-07 	0.00072290857 	0.019181753
0.0034654655 	-0.0079487388 	-9.0216966e-07 	0.00071759355 	0.018445368
0.0034774775 	-0.0079487205 	-8.7029762e-07 	0.00071227848 	0.017708902
0.0034894895 	-0.0079487026 	-8.4303484e-07 	0.00070695004 	0.016947871
0.0035015015 	-0.0079486846 	-8.1577207e-07 	0.0007016216 	0.016186841
0.0035135135 	-0.0079486666 	-7.885093e-07 	0.00069629316 	0.01542581
0.0035255255 	-0.0079486487 	-7.6124653e-07 	0.00069096471 	0.01466478
0.0035375375 	-0.0079486307 	-7.3398375e-07 	0.00068563627 	0.013903749
0.0035495495 	-0.0079486127 	-7.0672098e-07 	0.00068030783 	0.013142719
0.0035615616 	-0.0079485948 	-6.7945821e-07 	0.00067497939 	0.012381689
0.0035735736 	-0.0079485768 	-6.5219543e-07 	0.00066965095 	0.011620658
0.0035855856 	-0.0079485588 	-6.2493266e-07 	0.00066432251 	0.010859628
0.0035975976 	-0.0079485409 	-5.9766989e-07 	0.00065899407 	0.010098597
0.0036096096 	-0.0079485229 	-5.7040712e-07 	0.00065366562 	0.0093375667
0.0036216216 	-0.0079485049 	-5.4314434e-07 	0.00064833718 	0.0085765362
0.0036336336 	-0.007948487 	-5.1588157e-07 	0.00064300874 	0.0078155058
0.0036456456 	-0.007948469 	-4.886188e-07 	0.0006376803 	0.0070544753
0.0036576577 	-0.007948451 	-4.6135602e-07 	0.00063235186 	0.0062934449
0.0036696697 	-0.0079484331 	-4.3409325e-07 	0.00062702342 	0.0055324144
0.0036816817 	-0.0079484151 	-4.0683048e-07 	0.00062169498 	0.0047713839
0.0036936937 	-0.0079483971 	-3.7956771e-07 	0.00061636654 	0.0040103535
0.0037057057 	-0.0079483792 	-3.5230493e-07 	0.00061103809 	0.003249323
0.0037177177 	-0.0079483612 	-3.2504216e-07 	0.00060570965 	0.0024882926
0.0037297297 	-0.0079483432 	-2.9777939e-07 	0.00060038121 	0.0017272621
0.0037417417 	-0.007948325 	-2.6706239e-07 	0.00059474091 	0.00098556787
0.0037537538 	-0.007948306 	-2.2754417e-07 	0.00058830601 	0.00029314136
0.0037657658 	-0.0079482869 	-1.8802595e-07 	0.0005818711 	-0.00039928514
0.0037777778 	-0.0079482679 	-1.4850773e-07 	0.0005754362 	-0.0010917116
0.0037897898 	-0.0079482489 	-1.0898951e-07 	0.00056900129 	-0.0017841382
0.0038018018 	-0.0079482299 	-6.9471292e-08 	0.00056256639 	-0.0024765647
0.0038138138 	-0.0079482109 	-2.9953073e-08 	0.00055613148 	-0.0031689912
0.0038258258 	-0.0079481919 	9.5651455e-09 	0.00054969658 	-0.0038614177
0.0038378378 	-0.0079481729 	4.9083364e-08 	0.00054326168 	-0.0045538442
0.0038498498 	-0.0079481538 	8.8601583e-08 	0.00053682677 	-0.0052462707
0.0038618619 	-0.0079481348 	1.281198e-07 	0.00053039187 	-0.0059386972
0.0038738739 	-0.0079481156 	1.6484696e-07 	0.00052401711 	-0.0066485433
0.0038858859 	-0.0079480962 	2.0040984e-07 	0.00051766745 	-0.007365656
0.0038978979 	-0.0079480769 	2.3597272e-07 	0.00051131779 	-0.0080827687
0.0039099099 	-0.0079480576 	2.7153559e-07 	0.00050496812 	-0.0087998813
0.0039219219 	-0.0079480382 	3.0709847e-07 	0.00049861846 	-0.009516994
0.0039339339 	-0.0079480189 	3.4266135e-07 	0.0004922688 	-0.010234107
0.0039459459 	-0.0079479996 	3.7822423e-07 	0.00048591913 	-0.010951219
0.003957958 	-0.0079479802 	4.1378711e-07 	0.00047956947 	-0.011668332
0.00396997 	-0.0079479609 	4.4934999e-07 	0.00047321981 	-0.012385445
0.003981982 	-0.0079479415 	4.8491287e-07 	0.00046687014 	-0.013102557
0.003993994 	-0.0079479222 	5.2047575e-07 	0.00046052048 	-0.01381967
0.004006006 	-0.0079479029 	5.5603863e-07 	0.00045417082 	-0.014536783
0.004018018 	-0.0079478835 	5.9160151e-07 	0.00044782115 	-0.015253895
0.00403003 	-0.0079478642 	6.2716439e-07 	0.00044147149 	-0.015971008
0.004042042 	-0.0079478448 	6.6272727e-07 	0.00043512183 	-0.016688121
0.0040540541 	-0.0079478255 	6.9829015e-07 	0.00042877216 	-0.017405233
0.0040660661 	-0.0079478062 	7.3385303e-07 	0.0004224225 	-0.018122346
0.0040780781 	-0.0079477868 	7.6941591e-07 	0.00041607284 	-0.018839459
0.0040900901 	-0.0079477675 	8.0497878e-07 	0.00040972317 	-0.019556571
0.0041021021 	-0.0079477486 	8.3723214e-07 	0.00040408048 	-0.020114927
0.0041141141 	-0.00794773 	8.668451e-07 	0.00039900183 	-0.020546624
0.0041261261 	-0.0079477114 	8.9645805e-07 	0.00039392318 	-0.020978321
0.0041381381 	-0.0079476929 	9.26071e-07 	0.00038884453 	-0.021410018
0.0041501502 	-0.0079476743 	9.5568396e-07 	0.00038376588 	-0.021841714
0.0041621622 	-0.0079476557 	9.8529691e-07 	0.00037868723 	-0.022273411
0.0041741742 	-0.0079476372 	1.0149099e-06 	0.00037360858 	-0.022705108
0.0041861862 	-0.0079476186 	1.0445228e-06 	0.00036852993 	-0.023136804
0.0041981982 	-0.0079476 	1.0741358e-06 	0.00036345128 	-0.023568501
0.0042102102 	-0.0079475814 	1.1033904e-06 	0.00035840867 	-0.024004265
0.0042222222 	-0.0079475623 	1.1314609e-06 	0.00035348513 	-0.024453466
0.0042342342 	-0.0079475433 	1.1595315e-06 	0.00034856159 	-0.024902667
0.0042462462 	-0.0079475243 	1.1876021e-06 	0.00034363806 	-0.025351868
0.0042582583 	-0.0079475053 	1.2156727e-06 	0.00033871452 	-0.025801069
0.0042702703 	-0.0079474863 	1.2437432e-06 	0.00033379098 	-0.02625027
0.0042822823 	-0.0079474673 	1.2718138e-06 	0.00032886745 	-0.026699471
0.0042942943 	-0.0079474483 	1.2998844e-06 	0.00032394391 	-0.027148673
0.0043063063 	-0.0079474293 	1.3279549e-06 	0.00031902037 	-0.027597874
0.0043183183 	-0.0079474103 	1.3560255e-06 	0.00031409684 	-0.028047075
0.0043303303 	-0.0079473913 	1.3840961e-06 	0.0003091733 	-0.028496276
0.0043423423 	-0.0079473723 	1.4121666e-06 	0.00030424976 	-0.028945477
0.0043543544 	-0.0079473533 	1.4402372e-06 	0.00029932623 	-0.029394678
0.0043663664 	-0.0079473343 	1.4683078e-06 	0.00029440269 	-0.029843879
0.0043783784 	-0.0079473153 	1.4963783e-06 	0.00028947915 	-0.03029308
0.0043903904 	-0.0079472963 	1.5244489e-06 	0.00028455561 	-0.030742281
0.0044024024 	-0.0079472773 	1.5525195e-06 	0.00027963208 	-0.031191482
0.0044144144 	-0.0079472593 	1.5760035e-06 	0.00027500208 	-0.031557383
0.0044264264 	-0.007947243 	1.5909839e-06 	0.00027091631 	-0.031768838
0.0044384384 	-0.0079472268 	1.6059642e-06 	0.00026683055 	-0.031980293
0.0044504505 	-0.0079472105 	1.6209446e-06 	0.00026274478 	-0.032191749
0.0044624625 	-0.0079471942 	1.635925e-06 	0.00025865902 	-0.032403204
0.0044744745 	-0.007947178 	1.6509053e-06 	0.00025457325 	-0.03261466
0.0044864865 	-0.0079471617 	1.6658857e-06 	0.00025048748 	-0.032826115
0.0044984985 	-0.0079471455 	1.6808661e-06 	0.00024640172 	-0.033037571
0.0045105105 	-0.0079471291 	1.6960332e-06 	0.00024234124 	-0.03325061
0.0045225225 	-0.0079471125 	1.7124443e-06 	0.00023844922 	-0.033474205
0.0045345345 	-0.0079470958 	1.7288555e-06 	0.0002345572 	-0.033697799
0.0045465465 	-0.0079470792 	1.7452667e-06 	0.00023066518 	-0.033921393
0.0045585586 	-0.0079470625 	1.7616779e-06 	0.00022677316 	-0.034144988
0.0045705706 	-0.0079470459 	1.7780891e-06 	0.00022288114 	-0.034368582
0.0045825826 	-0.0079470292 	1.7945003e-06 	0.00021898912 	-0.034592176
0.0045945946 	-0.0079470126 	1.8109115e-06 	0.0002150971 	-0.03481577
0.0046066066 	-0.0079469959 	1.8273226e-06 	0.00021120507 	-0.035039365
0.0046186186 	-0.0079469792 	1.8437338e-06 	0.00020731305 	-0.035262959
0.0046306306 	-0.0079469626 	1.860145e-06 	0.00020342103 	-0.035486553
0.0046426426 	-0.0079469459 	1.8765562e-06 	0.00019952901 	-0.035710147
0.0046546547 	-0.0079469293 	1.8929674e-06 	0.00019563699 	-0.035933742
0.0046666667 	-0.0079469126 	1.9093786e-06 	0.00019174497 	-0.036157336
0.0046786787 	-0.007946896 	1.9257898e-06 	0.00018785295 	-0.03638093
0.0046906907 	-0.0079468797 	1.9381147e-06 	0.00018410878 	-0.036555209
0.0047027027 	-0.0079468646 	1.9380179e-06 	0.00018081406 	-0.036579574
0.0047147147 	-0.0079468495 	1.937921e-06 	0.00017751934 	-0.036603939
0.0047267267 	-0.0079468344 	1.9378242e-06 	0.00017422462 	-0.036628304
0.0047387387 	-0.0079468193 	1.9377274e-06 	0.0001709299 	-0.036652669
0.0047507508 	-0.0079468041 	1.9376305e-06 	0.00016763518 	-0.036677034
0.0047627628 	-0.007946789 	1.9375337e-06 	0.00016434047 	-0.036701399
0.0047747748 	-0.0079467739 	1.937441e-06 	0.00016104595 	-0.036725772
0.0047867868 	-0.0079467587 	1.9416281e-06 	0.00015795991 	-0.036758132
0.0047987988 	-0.0079467434 	1.9458151e-06 	0.00015487387 	-0.036790493
0.0048108108 	-0.0079467282 	1.9500022e-06 	0.00015178783 	-0.036822854
0.0048228228 	-0.0079467129 	1.9541893e-06 	0.00014870179 	-0.036855215
0.0048348348 	-0.0079466977 	1.9583763e-06 	0.00014561575 	-0.036887575
0.0048468468 	-0.0079466825 	1.9625634e-06 	0.00014252971 	-0.036919936
0.0048588589 	-0.0079466672 	1.9667504e-06 	0.00013944367 	-0.036952297
0.0048708709 	-0.007946652 	1.9709375e-06 	0.00013635763 	-0.036984658
0.0048828829 	-0.0079466367 	1.9751245e-06 	0.00013327159 	-0.037017019
0.0048948949 	-0.0079466215 	1.9793116e-06 	0.00013018555 	-0.037049379
0.0049069069 	-0.0079466062 	1.9834986e-06 	0.00012709951 	-0.03708174
0.0049189189 	-0.007946591 	1.9876857e-06 	0.00012401348 	-0.037114101
0.0049309309 	-0.0079465757 	1.9918727e-06 	0.00012092744 	-0.037146462
0.0049429429 	-0.0079465615 	1.9809077e-06 	0.00011825486 	-0.037031113
0.004954955 	-0.0079465473 	1.9678815e-06 	0.00011563852 	-0.036895672
0.004966967 	-0.0079465332 	1.9548553e-06 	0.00011302218 	-0.036760231
0.004978979 	-0.007946519 	1.9418292e-06 	0.00011040584 	-0.036624791
0.004990991 	-0.0079465049 	1.928803e-06 	0.00010778951 	-0.03648935
0.005003003 	-0.0079464907 	1.9157768e-06 	0.00010517317 	-0.036353909
0.005015015 	-0.0079464767 	1.9059976e-06 	0.00010265705 	-0.03622079
0.005027027 	-0.0079464627 	1.8995741e-06 	0.0001002445 	-0.036090071
0.005039039 	-0.0079464487 	1.8931506e-06 	9.7831949e-05 	-0.035959352
0.0050510511 	-0.0079464348 	1.8867271e-06 	9.54194e-05 	-0.035828633
0.0050630631 	-0.0079464208 	1.8803037e-06 	9.3006851e-05 	-0.035697914
0.0050750751 	-0.0079464068 	1.8738802e-06 	9.0594302e-05 	-0.035567196
0.0050870871 	-0.0079463928 	1.8674567e-06 	8.8181752e-05 	-0.035436477
0.0050990991 	-0.0079463789 	1.8610332e-06 	8.5769203e-05 	-0.035305758
0.0051111111 	-0.0079463649 	1.8546097e-06 	8.3356654e-05 	-0.035175039
0.0051231231 	-0.0079463509 	1.8481862e-06 	8.0944105e-05 	-0.03504432
0.0051351351 	-0.0079463369 	1.8417627e-06 	7.8531555e-05 	-0.034913601
0.0051471471 	-0.007946323 	1.8353392e-06 	7.6119006e-05 	-0.034782882
0.0051591592 	-0.0079463097 	1.8136827e-06 	7.4057057e-05 	-0.034521004
0.0051711712 	-0.0079462965 	1.7907849e-06 	7.2023677e-05 	-0.034248438
0.0051831832 	-0.0079462833 	1.7678871e-06 	6.9990296e-05 	-0.033975872
0.0051951952 	-0.0079462701 	1.7449892e-06 	6.7956915e-05 	-0.033703306
0.0052072072 	-0.0079462569 	1.7220914e-06 	6.5923534e-05 	-0.03343074
0.0052192192 	-0.0079462438 	1.7016324e-06 	6.3944387e-05 	-0.033158787
0.0052312312 	-0.0079462311 	1.687069e-06 	6.2096353e-05 	-0.032888315
0.0052432432 	-0.0079462183 	1.6725057e-06 	6.0248319e-05 	-0.032617842
0.0052552553 	-0.0079462056 	1.6579424e-06 	5.8400285e-05 	-0.03234737
0.0052672673 	-0.0079461928 	1.6433791e-06 	5.655225e-05 	-0.032076897
0.0052792793 	-0.00794618 	1.6288157e-06 	5.4704216e-05 	-0.031806425
0.0052912913 	-0.0079461673 	1.6142524e-06 	5.2856182e-05 	-0.031535952
0.0053033033 	-0.0079461545 	1.5996891e-06 	5.1008148e-05 	-0.03126548
0.0053153153 	-0.0079461418 	1.5851258e-06 	4.9160113e-05 	-0.030995007
0.0053273273 	-0.007946129 	1.5705625e-06 	4.7312079e-05 	-0.030724535
0.0053393393 	-0.0079461163 	1.5545472e-06 	4.5493688e-05 	-0.030442627
0.0053513514 	-0.0079461039 	1.5247244e-06 	4.395719e-05 	-0.03005197
0.0053633634 	-0.0079460914 	1.4949016e-06 	4.2420693e-05 	-0.029661314
0.0053753754 	-0.007946079 	1.4650788e-06 	4.0884195e-05 	-0.029270658
0.0053873874 	-0.0079460665 	1.435256e-06 	3.9347698e-05 	-0.028880001
0.0053993994 	-0.0079460542 	1.4066775e-06 	3.7831786e-05 	-0.028489339
0.0054114114 	-0.0079460424 	1.3864269e-06 	3.6453653e-05 	-0.02809864
0.0054234234 	-0.0079460307 	1.3661764e-06 	3.5075521e-05 	-0.027707941
0.0054354354 	-0.0079460189 	1.3459258e-06 	3.3697388e-05 	-0.027317242
0.0054474474 	-0.0079460072 	1.3256753e-06 	3.2319255e-05 	-0.026926543
0.0054594595 	-0.0079459954 	1.3054247e-06 	3.0941123e-05 	-0.026535844
0.0054714715 	-0.0079459836 	1.2851742e-06 	2.956299e-05 	-0.026145145
0.0054834835 	-0.0079459719 	1.2649236e-06 	2.8184857e-05 	-0.025754446
0.0054954955 	-0.0079459601 	1.2446731e-06 	2.6806724e-05 	-0.025363747
0.0055075075 	-0.0079459484 	1.222452e-06 	2.5465738e-05 	-0.024958775
0.0055195195 	-0.0079459364 	1.1881254e-06 	2.4352939e-05 	-0.024466127
0.0055315315 	-0.0079459244 	1.1537988e-06 	2.324014e-05 	-0.023973479
0.0055435435 	-0.0079459125 	1.1194723e-06 	2.2127341e-05 	-0.023480831
0.0055555556 	-0.0079459005 	1.0851457e-06 	2.1014542e-05 	-0.022988183
0.0055675676 	-0.0079458893 	1.0587756e-06 	1.9997989e-05 	-0.022494165
0.0055795796 	-0.0079458782 	1.0348802e-06 	1.9011374e-05 	-0.02199972
0.0055915916 	-0.0079458672 	1.0109848e-06 	1.8024759e-05 	-0.021505276
0.0056036036 	-0.0079458561 	9.8708939e-07 	1.7038143e-05 	-0.021010832
0.0056156156 	-0.0079458451 	9.6319401e-07 	1.6051528e-05 	-0.020516387
0.0056276276 	-0.007945834 	9.3929862e-07 	1.5064912e-05 	-0.020021943
0.0056396396 	-0.007945823 	9.1540323e-07 	1.4078297e-05 	-0.019527499
0.0056516517 	-0.0079458119 	8.9150785e-07 	1.3091682e-05 	-0.019033054
0.0056636637 	-0.0079458003 	8.5665281e-07 	1.2304368e-05 	-0.01846619
0.0056756757 	-0.0079457886 	8.1966745e-07 	1.1555794e-05 	-0.017885249
0.0056876877 	-0.0079457769 	7.8268209e-07 	1.0807221e-05 	-0.017304308
0.0056996997 	-0.0079457652 	7.4569673e-07 	1.0058647e-05 	-0.016723367
0.0057117117 	-0.0079457546 	7.1948356e-07 	9.3989133e-06 	-0.016139246
0.0057237237 	-0.007945744 	6.9350918e-07 	8.7411486e-06 	-0.015555054
0.0057357357 	-0.0079457334 	6.675348e-07 	8.083384e-06 	-0.014970862
0.0057477477 	-0.0079457228 	6.4156041e-07 	7.4256193e-06 	-0.01438667
0.0057597598 	-0.0079457122 	6.1558603e-07 	6.7678547e-06 	-0.013802478
0.0057717718 	-0.0079457016 	5.8961165e-07 	6.11009e-06 	-0.013218286
0.0057837838 	-0.007945691 	5.6363726e-07 	5.4523254e-06 	-0.012634094
0.0057957958 	-0.00794568 	5.255123e-07 	5.0105944e-06 	-0.011977211
0.0058078078 	-0.0079456689 	4.8728027e-07 	4.5707669e-06 	-0.011319687
0.0058198198 	-0.0079456579 	4.4904824e-07 	4.1309393e-06 	-0.010662163
0.0058318318 	-0.0079456476 	4.1752977e-07 	3.7233749e-06 	-0.010002005
0.0058438438 	-0.0079456378 	3.90691e-07 	3.3382996e-06 	-0.0093400105
0.0058558559 	-0.0079456279 	3.6385223e-07 	2.9532243e-06 	-0.0086780162
0.0058678679 	-0.0079456181 	3.3701346e-07 	2.5681489e-06 	-0.0080160218
0.0058798799 	-0.0079456083 	3.1017469e-07 	2.1830736e-06 	-0.0073540275
0.0058918919 	-0.0079455985 	2.8333592e-07 	1.7979983e-06 	-0.0066920332
0.0059039039 	-0.0079456116 	2.5106857e-07 	1.4916484e-06 	-0.005994198
0.0059159159 	-0.0079456551 	2.115916e-07 	1.2898529e-06 	-0.0052487631
0.0059279279 	-0.0079456986 	1.7211463e-07 	1.0880575e-06 	-0.0045033283
0.0059399399 	-0.0079457407 	1.3776888e-07 	8.959872e-07 	-0.0037554589
0.005951952 	-0.0079457808 	1.102151e-07 	7.1678976e-07 	-0.0030043671
0.005963964 	-0.0079458209 	8.2661326e-08 	5.3759232e-07 	-0.0022532753
0.005975976 	-0.007945861 	5.510755e-08 	3.5839488e-07 	-0.0015021836
0.005987988 	-0.0079459011 	2.7553775e-08 	1.7919744e-07 	-0.00075109178
0.006 	-0.0079459412 	1.9895993e-19 	1.2939464e-18 	-5.4234734e-15
