-0.006 	0.2802991 	0 	0 	0
-0.005987988 	0.28029912 	9.1863898e-15 	1.6157573e-06 	0.00035687247
-0.005975976 	0.28029913 	1.837278e-14 	3.2315145e-06 	0.00071374494
-0.005963964 	0.28029914 	2.7559169e-14 	4.8472718e-06 	0.0010706174
-0.005951952 	0.28029916 	3.6745559e-14 	6.4630291e-06 	0.0014274899
-0.0059399399 	0.28029917 	4.5931949e-14 	8.0787863e-06 	0.0017843624
-0.0059279279 	0.28029919 	5.5118339e-14 	9.6945436e-06 	0.0021412348
-0.0059159159 	0.2802992 	6.4304728e-14 	1.1310301e-05 	0.0024981073
-0.0059039039 	0.28029922 	7.3491118e-14 	1.2926058e-05 	0.0028549798
-0.0058918919 	0.28029922 	8.247486e-14 	1.6090499e-05 	0.0032109563
-0.0058798799 	0.28029903 	8.8081643e-14 	4.5062456e-05 	0.0035520019
-0.0058678679 	0.28029885 	9.3688427e-14 	7.4034413e-05 	0.0038930475
-0.0058558559 	0.28029866 	9.929521e-14 	0.00010300637 	0.0042340932
-0.0058438438 	0.28029847 	1.0490199e-13 	0.00013197833 	0.0045751388
-0.0058318318 	0.28029836 	1.1150085e-13 	0.00015050168 	0.0049178158
-0.0058198198 	0.28029838 	1.1960097e-13 	0.0001532135 	0.0052629613
-0.0058078078 	0.2802984 	1.2770108e-13 	0.00015592533 	0.0056081069
-0.0057957958 	0.28029842 	1.358012e-13 	0.00015863715 	0.0059532525
-0.0057837838 	0.28029844 	1.4390132e-13 	0.00016134898 	0.0062983981
-0.0057717718 	0.28029846 	1.5200144e-13 	0.0001640608 	0.0066435436
-0.0057597598 	0.28029848 	1.6010156e-13 	0.00016677263 	0.0069886892
-0.0057477477 	0.28029849 	1.6820168e-13 	0.00016948445 	0.0073338348
-0.0057357357 	0.28029851 	1.763018e-13 	0.00017219628 	0.0076789804
-0.0057237237 	0.28029853 	1.8440191e-13 	0.0001749081 	0.008024126
-0.0057117117 	0.28029845 	1.9186723e-13 	0.00018181739 	0.0083675416
-0.0056996997 	0.28029808 	1.9746112e-13 	0.00020110087 	0.0087058572
-0.0056876877 	0.28029772 	2.0305502e-13 	0.00022038435 	0.0090441729
-0.0056756757 	0.28029735 	2.0864891e-13 	0.00023966784 	0.0093824886
-0.0056636637 	0.28029698 	2.142428e-13 	0.00025895132 	0.0097208042
-0.0056516517 	0.28029661 	2.198367e-13 	0.00027823481 	0.01005912
-0.0056396396 	0.2802966 	2.2209252e-13 	0.00028229624 	0.010398797
-0.0056276276 	0.28029659 	2.2424099e-13 	0.00028586816 	0.010738518
-0.0056156156 	0.28029659 	2.2638947e-13 	0.00028944008 	0.011078239
-0.0056036036 	0.28029659 	2.2853794e-13 	0.00029301199 	0.011417961
-0.0055915916 	0.28029659 	2.3068641e-13 	0.00029658391 	0.011757682
-0.0055795796 	0.28029659 	2.3283489e-13 	0.00030015583 	0.012097403
-0.0055675676 	0.28029658 	2.3498336e-13 	0.00030372775 	0.012437124
-0.0055555556 	0.28029658 	2.3713183e-13 	0.00030729966 	0.012776845
-0.0055435435 	0.28029658 	2.3928031e-13 	0.00031087158 	0.013116566
-0.0055315315 	0.28029658 	2.4142878e-13 	0.0003144435 	0.013456287
-0.0055195195 	0.28029657 	2.4357725e-13 	0.00031801542 	0.013796008
-0.0055075075 	0.28029641 	2.4612931e-13 	0.00032496747 	0.014134646
-0.0054954955 	0.28029604 	2.4915192e-13 	0.00033586045 	0.014472022
-0.0054834835 	0.28029568 	2.5217452e-13 	0.00034675344 	0.014809398
-0.0054714715 	0.28029532 	2.5519713e-13 	0.00035764642 	0.015146773
-0.0054594595 	0.28029496 	2.5821973e-13 	0.00036853941 	0.015484149
-0.0054474474 	0.2802946 	2.6124234e-13 	0.00037943239 	0.015821524
-0.0054354354 	0.28029439 	2.6196809e-13 	0.00038711827 	0.016155728
-0.0054234234 	0.28029436 	2.6007747e-13 	0.00039115089 	0.016486319
-0.0054114114 	0.28029434 	2.5818686e-13 	0.00039518351 	0.01681691
-0.0053993994 	0.28029431 	2.5629624e-13 	0.00039921613 	0.017147501
-0.0053873874 	0.28029428 	2.5440562e-13 	0.00040324876 	0.017478092
-0.0053753754 	0.28029425 	2.5251501e-13 	0.00040728138 	0.017808683
-0.0053633634 	0.28029422 	2.5062439e-13 	0.000411314 	0.018139274
-0.0053513514 	0.2802942 	2.4873377e-13 	0.00041534662 	0.018469865
-0.0053393393 	0.28029417 	2.4684316e-13 	0.00041937925 	0.018800456
-0.0053273273 	0.28029414 	2.4495254e-13 	0.00042341187 	0.019131047
-0.0053153153 	0.28029411 	2.4306192e-13 	0.00042744449 	0.019461638
-0.0053033033 	0.28029409 	2.4117131e-13 	0.00043147712 	0.019792229
-0.0052912913 	0.28029406 	2.3928069e-13 	0.00043550974 	0.02012282
-0.0052792793 	0.28029388 	2.3814081e-13 	0.00044031777 	0.020453714
-0.0052672673 	0.2802935 	2.3806012e-13 	0.00044621981 	0.020785037
-0.0052552553 	0.28029311 	2.3797943e-13 	0.00045212185 	0.021116359
-0.0052432432 	0.28029273 	2.3789874e-13 	0.0004580239 	0.021447681
-0.0052312312 	0.28029235 	2.3781805e-13 	0.00046392594 	0.021779003
-0.0052192192 	0.28029196 	2.3773736e-13 	0.00046982798 	0.022110325
-0.0052072072 	0.28029158 	2.3765667e-13 	0.00047573002 	0.022441647
-0.0051951952 	0.28029139 	2.4104043e-13 	0.00048049673 	0.022764179
-0.0051831832 	0.28029134 	2.4658866e-13 	0.00048455412 	0.023081218
-0.0051711712 	0.28029128 	2.5213689e-13 	0.00048861151 	0.023398257
-0.0051591592 	0.28029123 	2.5768511e-13 	0.0004926689 	0.023715297
-0.0051471471 	0.28029117 	2.6323334e-13 	0.00049672629 	0.024032336
-0.0051351351 	0.28029112 	2.6878157e-13 	0.00050078368 	0.024349375
-0.0051231231 	0.28029106 	2.743298e-13 	0.00050484107 	0.024666415
-0.0051111111 	0.28029101 	2.7987803e-13 	0.00050889845 	0.024983454
-0.0050990991 	0.28029095 	2.8542625e-13 	0.00051295584 	0.025300493
-0.0050870871 	0.2802909 	2.9097448e-13 	0.00051701323 	0.025617532
-0.0050750751 	0.28029084 	2.9652271e-13 	0.00052107062 	0.025934572
-0.0050630631 	0.28029079 	3.0207094e-13 	0.00052512801 	0.026251611
-0.0050510511 	0.28029073 	3.0761916e-13 	0.0005291854 	0.02656865
-0.005039039 	0.28029068 	3.1316739e-13 	0.00053324279 	0.02688569
-0.005027027 	0.28029062 	3.1871562e-13 	0.00053730018 	0.027202729
-0.005015015 	0.28029026 	3.1970371e-13 	0.0005409598 	0.027522701
-0.005003003 	0.28028982 	3.196196e-13 	0.0005445259 	0.027843364
-0.004990991 	0.28028938 	3.1953549e-13 	0.000548092 	0.028164026
-0.004978979 	0.28028895 	3.1945138e-13 	0.0005516581 	0.028484688
-0.004966967 	0.28028851 	3.1936727e-13 	0.0005552242 	0.02880535
-0.004954955 	0.28028807 	3.1928316e-13 	0.00055879029 	0.029126012
-0.0049429429 	0.28028764 	3.1919905e-13 	0.00056235639 	0.029446674
-0.0049309309 	0.28028723 	3.1912338e-13 	0.00056593046 	0.029765204
-0.0049189189 	0.28028715 	3.1912624e-13 	0.00056957858 	0.030063899
-0.0049069069 	0.28028707 	3.1912909e-13 	0.0005732267 	0.030362594
-0.0048948949 	0.28028698 	3.1913194e-13 	0.00057687482 	0.030661289
-0.0048828829 	0.2802869 	3.1913479e-13 	0.00058052294 	0.030959985
-0.0048708709 	0.28028681 	3.1913764e-13 	0.00058417106 	0.03125868
-0.0048588589 	0.28028673 	3.191405e-13 	0.00058781918 	0.031557375
-0.0048468468 	0.28028665 	3.1914335e-13 	0.0005914673 	0.031856071
-0.0048348348 	0.28028656 	3.191462e-13 	0.00059511542 	0.032154766
-0.0048228228 	0.28028648 	3.1914905e-13 	0.00059876354 	0.032453461
-0.0048108108 	0.2802864 	3.191519e-13 	0.00060241166 	0.032752157
-0.0047987988 	0.28028631 	3.1915476e-13 	0.00060605978 	0.033050852
-0.0047867868 	0.28028623 	3.1915761e-13 	0.0006097079 	0.033349547
-0.0047747748 	0.28028615 	3.1916046e-13 	0.00061335602 	0.033648243
-0.0047627628 	0.28028606 	3.1916331e-13 	0.00061700414 	0.033946938
-0.0047507508 	0.28028598 	3.1916616e-13 	0.00062065226 	0.034245633
-0.0047387387 	0.28028589 	3.1916901e-13 	0.00062430038 	0.034544329
-0.0047267267 	0.28028569 	3.1914447e-13 	0.00062759837 	0.03484481
-0.0047147147 	0.28028519 	3.1905678e-13 	0.00063008957 	0.035149408
-0.0047027027 	0.28028469 	3.189691e-13 	0.00063258077 	0.035454006
-0.0046906907 	0.2802842 	3.1888142e-13 	0.00063507197 	0.035758604
-0.0046786787 	0.2802837 	3.1879373e-13 	0.00063756317 	0.036063201
-0.0046666667 	0.2802832 	3.1870605e-13 	0.00064005437 	0.036367799
-0.0046546547 	0.28028271 	3.1861837e-13 	0.00064254557 	0.036672397
-0.0046426426 	0.28028221 	3.1853068e-13 	0.00064503677 	0.036976995
-0.0046306306 	0.28028171 	3.18443e-13 	0.00064752797 	0.037281593
-0.0046186186 	0.28028143 	3.1362027e-13 	0.00065023855 	0.03757009
-0.0046066066 	0.28028132 	3.0498869e-13 	0.00065312559 	0.037845637
-0.0045945946 	0.28028121 	2.9635711e-13 	0.00065601263 	0.038121183
-0.0045825826 	0.28028109 	2.8772553e-13 	0.00065889967 	0.03839673
-0.0045705706 	0.28028098 	2.7909396e-13 	0.00066178671 	0.038672276
-0.0045585586 	0.28028087 	2.7046238e-13 	0.00066467376 	0.038947823
-0.0045465465 	0.28028076 	2.618308e-13 	0.0006675608 	0.039223369
-0.0045345345 	0.28028065 	2.5319922e-13 	0.00067044784 	0.039498916
-0.0045225225 	0.28028054 	2.4456764e-13 	0.00067333488 	0.039774462
-0.0045105105 	0.28028042 	2.3593607e-13 	0.00067622192 	0.040050009
-0.0044984985 	0.28028031 	2.2730449e-13 	0.00067910897 	0.040325555
-0.0044864865 	0.2802802 	2.1867291e-13 	0.00068199601 	0.040601102
-0.0044744745 	0.28028009 	2.1004133e-13 	0.00068488305 	0.040876648
-0.0044624625 	0.28027998 	2.0140976e-13 	0.00068777009 	0.041152195
-0.0044504505 	0.28027987 	1.9277818e-13 	0.00069065713 	0.041427741
-0.0044384384 	0.28027975 	1.841466e-13 	0.00069354418 	0.041703288
-0.0044264264 	0.28027964 	1.7551502e-13 	0.00069643122 	0.041978834
-0.0044144144 	0.28027953 	1.6688344e-13 	0.00069931826 	0.042254381
-0.0044024024 	0.28027942 	1.5825187e-13 	0.0007022053 	0.042529927
-0.0043903904 	0.28027909 	1.5212257e-13 	0.0007044726 	0.042808944
-0.0043783784 	0.28027854 	1.4845535e-13 	0.0007061301 	0.043091374
-0.0043663664 	0.28027799 	1.4478812e-13 	0.00070778761 	0.043373805
-0.0043543544 	0.28027744 	1.4112089e-13 	0.00070944512 	0.043656235
-0.0043423423 	0.2802769 	1.3745366e-13 	0.00071110263 	0.043938666
-0.0043303303 	0.28027635 	1.3378643e-13 	0.00071276014 	0.044221096
-0.0043183183 	0.2802758 	1.3011921e-13 	0.00071441764 	0.044503527
-0.0043063063 	0.28027525 	1.2645198e-13 	0.00071607515 	0.044785957
-0.0042942943 	0.2802747 	1.2278475e-13 	0.00071773266 	0.045068388
-0.0042822823 	0.28027416 	1.1911752e-13 	0.00071939017 	0.045350818
-0.0042702703 	0.28027385 	1.153726e-13 	0.00072120747 	0.045613109
-0.0042582583 	0.28027371 	1.1157154e-13 	0.0007231402 	0.04586085
-0.0042462462 	0.28027357 	1.0777049e-13 	0.00072507293 	0.046108591
-0.0042342342 	0.28027344 	1.0396944e-13 	0.00072700566 	0.046356333
-0.0042222222 	0.2802733 	1.0016838e-13 	0.0007289384 	0.046604074
-0.0042102102 	0.28027316 	9.6367331e-14 	0.00073087113 	0.046851815
-0.0041981982 	0.28027303 	9.2566278e-14 	0.00073280386 	0.047099556
-0.0041861862 	0.28027289 	8.8765225e-14 	0.00073473659 	0.047347298
-0.0041741742 	0.28027275 	8.4964172e-14 	0.00073666932 	0.047595039
-0.0041621622 	0.28027262 	8.116312e-14 	0.00073860206 	0.04784278
-0.0041501502 	0.28027248 	7.7362067e-14 	0.00074053479 	0.048090521
-0.0041381381 	0.28027234 	7.3561014e-14 	0.00074246752 	0.048338263
-0.0041261261 	0.28027221 	6.9759961e-14 	0.00074440025 	0.048586004
-0.0041141141 	0.28027207 	6.5958908e-14 	0.00074633299 	0.048833745
-0.0041021021 	0.28027193 	6.2157855e-14 	0.00074826572 	0.049081486
-0.0040900901 	0.2802718 	5.8356802e-14 	0.00075019845 	0.049329228
-0.0040780781 	0.28027166 	5.4555749e-14 	0.00075213118 	0.049576969
-0.0040660661 	0.28027152 	5.0754697e-14 	0.00075406391 	0.04982471
-0.0040540541 	0.28027139 	4.6953644e-14 	0.00075599665 	0.050072451
-0.004042042 	0.28027125 	4.3152591e-14 	0.00075792938 	0.050320193
-0.00403003 	0.28027111 	3.9351538e-14 	0.00075986211 	0.050567934
-0.004018018 	0.28027098 	3.5550485e-14 	0.00076179484 	0.050815675
-0.004006006 	0.28027041 	3.2383327e-14 	0.00076247525 	0.05106988
-0.003993994 	0.28026982 	2.9234588e-14 	0.00076311926 	0.051324273
-0.003981982 	0.28026924 	2.6085849e-14 	0.00076376327 	0.051578666
-0.00396997 	0.28026866 	2.2937111e-14 	0.00076440728 	0.051833059
-0.003957958 	0.28026808 	1.9788372e-14 	0.0007650513 	0.052087452
-0.0039459459 	0.28026749 	1.6639634e-14 	0.00076569531 	0.052341845
-0.0039339339 	0.28026691 	1.3490895e-14 	0.00076633932 	0.052596238
-0.0039219219 	0.28026633 	1.0342157e-14 	0.00076698333 	0.052850631
-0.0039099099 	0.28026575 	7.1934179e-15 	0.00076762734 	0.053105024
-0.0038978979 	0.28026516 	4.0446794e-15 	0.00076827136 	0.053359417
-0.0038858859 	0.28026458 	8.959408e-16 	0.00076891537 	0.05361381
-0.0038738739 	0.2802643 	-2.2461465e-20 	0.00076975994 	0.053840318
-0.0038618619 	0.28026415 	-2.3506643e-20 	0.00077068428 	0.054055737
-0.0038498498 	0.28026399 	-2.455182e-20 	0.00077160862 	0.054271155
-0.0038378378 	0.28026384 	-2.5596998e-20 	0.00077253295 	0.054486573
-0.0038258258 	0.28026368 	-2.6642175e-20 	0.00077345729 	0.054701992
-0.0038138138 	0.28026353 	-2.7687352e-20 	0.00077438163 	0.05491741
-0.0038018018 	0.28026337 	-2.873253e-20 	0.00077530597 	0.055132829
-0.0037897898 	0.28026321 	-2.9777707e-20 	0.0007762303 	0.055348247
-0.0037777778 	0.28026306 	-3.0822884e-20 	0.00077715464 	0.055563665
-0.0037657658 	0.2802629 	-3.1868062e-20 	0.00077807898 	0.055779084
-0.0037537538 	0.28026275 	-3.2913239e-20 	0.00077900332 	0.055994502
-0.0037417417 	0.28026259 	-3.3958416e-20 	0.00077992765 	0.056209921
-0.0037297297 	0.28026243 	-3.5003594e-20 	0.00078085199 	0.056425339
-0.0037177177 	0.28026228 	-3.6048771e-20 	0.00078177633 	0.056640757
-0.0037057057 	0.28026212 	-3.7093949e-20 	0.00078270067 	0.056856176
-0.0036936937 	0.28026197 	-3.8139126e-20 	0.00078362501 	0.057071594
-0.0036816817 	0.28026181 	-3.9184303e-20 	0.00078454934 	0.057287013
-0.0036696697 	0.28026166 	-4.0229481e-20 	0.00078547368 	0.057502431
-0.0036576577 	0.2802615 	-4.1274658e-20 	0.00078639802 	0.057717849
-0.0036456456 	0.28026134 	-4.2319835e-20 	0.00078732236 	0.057933268
-0.0036336336 	0.28026119 	-4.3365013e-20 	0.00078824669 	0.058148686
-0.0036216216 	0.28026103 	-4.441019e-20 	0.00078917103 	0.058364105
-0.0036096096 	0.28026088 	-4.5455367e-20 	0.00079009537 	0.058579523
-0.0035975976 	0.28026072 	-4.6500545e-20 	0.00079101971 	0.058794941
-0.0035855856 	0.28026047 	-4.7703542e-20 	0.00079164331 	0.059011559
-0.0035735736 	0.28025988 	-4.9521242e-20 	0.00079109555 	0.05923285
-0.0035615616 	0.28025929 	-5.1338942e-20 	0.0007905478 	0.05945414
-0.0035495495 	0.28025869 	-5.3156642e-20 	0.00079000005 	0.05967543
-0.0035375375 	0.2802581 	-5.4974341e-20 	0.00078945229 	0.05989672
-0.0035255255 	0.2802575 	-5.6792041e-20 	0.00078890454 	0.06011801
-0.0035135135 	0.28025691 	-5.8609741e-20 	0.00078835679 	0.060339301
-0.0035015015 	0.28025631 	-6.0427441e-20 	0.00078780903 	0.060560591
-0.0034894895 	0.28025572 	-6.224514e-20 	0.00078726128 	0.060781881
-0.0034774775 	0.28025512 	-6.406284e-20 	0.00078671352 	0.061003171
-0.0034654655 	0.28025453 	-6.588054e-20 	0.00078616577 	0.061224461
-0.0034534535 	0.28025393 	-6.769824e-20 	0.00078561802 	0.061445751
-0.0034414414 	0.28025334 	-6.9515939e-20 	0.00078507026 	0.061667042
-0.0034294294 	0.28025293 	-7.1659094e-20 	0.00078472997 	0.061869822
-0.0034174174 	0.28025277 	-7.4223043e-20 	0.00078465793 	0.06204867
-0.0034054054 	0.2802526 	-7.6786992e-20 	0.00078458588 	0.062227518
-0.0033933934 	0.28025244 	-7.9350941e-20 	0.00078451383 	0.062406367
-0.0033813814 	0.28025227 	-8.191489e-20 	0.00078444178 	0.062585215
-0.0033693694 	0.28025211 	-8.4478839e-20 	0.00078436973 	0.062764063
-0.0033573574 	0.28025194 	-8.7042788e-20 	0.00078429769 	0.062942911
-0.0033453453 	0.28025177 	-8.9606738e-20 	0.00078422564 	0.06312176
-0.0033333333 	0.28025161 	-9.2170687e-20 	0.00078415359 	0.063300608
-0.0033213213 	0.28025144 	-9.4734636e-20 	0.00078408154 	0.063479456
-0.0033093093 	0.28025128 	-9.7298585e-20 	0.0007840095 	0.063658304
-0.0032972973 	0.28025111 	-9.9862534e-20 	0.00078393745 	0.063837152
-0.0032852853 	0.28025095 	-1.0242648e-19 	0.0007838654 	0.064016001
-0.0032732733 	0.28025078 	-1.0499043e-19 	0.00078379335 	0.064194849
-0.0032612613 	0.28025062 	-1.0755438e-19 	0.0007837213 	0.064373697
-0.0032492492 	0.28025045 	-1.1011833e-19 	0.00078364926 	0.064552545
-0.0032372372 	0.28025029 	-1.1268228e-19 	0.00078357721 	0.064731394
-0.0032252252 	0.28025012 	-1.1524623e-19 	0.00078350516 	0.064910242
-0.0032132132 	0.28024996 	-1.1781018e-19 	0.00078343311 	0.06508909
-0.0032012012 	0.28024979 	-1.2037413e-19 	0.00078336107 	0.065267938
-0.0031891892 	0.28024963 	-1.2293808e-19 	0.00078328902 	0.065446786
-0.0031771772 	0.28024946 	-1.2550203e-19 	0.00078321697 	0.065625635
-0.0031651652 	0.2802493 	-1.2806597e-19 	0.00078314492 	0.065804483
-0.0031531532 	0.28024913 	-1.3062992e-19 	0.00078307287 	0.065983331
-0.0031411411 	0.28024896 	-1.3319387e-19 	0.00078300083 	0.066162179
-0.0031291291 	0.2802488 	-1.3575782e-19 	0.00078292878 	0.066341028
-0.0031171171 	0.28024863 	-1.3832177e-19 	0.00078285673 	0.066519876
-0.0031051051 	0.28024847 	-1.4088572e-19 	0.00078278468 	0.066698724
-0.0030930931 	0.28024804 	-1.4963535e-19 	0.00078159345 	0.066880823
-0.0030810811 	0.28024746 	-1.6197435e-19 	0.00077975278 	0.067064808
-0.0030690691 	0.28024688 	-1.7431336e-19 	0.00077791212 	0.067248792
-0.0030570571 	0.2802463 	-1.8665236e-19 	0.00077607145 	0.067432777
-0.003045045 	0.28024572 	-1.9899137e-19 	0.00077423079 	0.067616762
-0.003033033 	0.28024514 	-2.1133037e-19 	0.00077239012 	0.067800747
-0.003021021 	0.28024456 	-2.2366938e-19 	0.00077054946 	0.067984732
-0.003009009 	0.28024398 	-2.3600839e-19 	0.00076870879 	0.068168717
-0.002996997 	0.2802434 	-2.4834739e-19 	0.00076686813 	0.068352702
-0.002984985 	0.28024282 	-2.606864e-19 	0.00076502746 	0.068536687
-0.002972973 	0.28024224 	-2.730254e-19 	0.0007631868 	0.068720672
-0.002960961 	0.28024166 	-2.8536441e-19 	0.00076134613 	0.068904656
-0.0029489489 	0.28024108 	-2.9770341e-19 	0.00075950547 	0.069088641
-0.0029369369 	0.2802405 	-3.1004242e-19 	0.0007576648 	0.069272626
-0.0029249249 	0.28023999 	-3.2090432e-19 	0.00075594168 	0.069449872
-0.0029129129 	0.28023983 	-3.2337658e-19 	0.00075488615 	0.069588839
-0.0029009009 	0.28023967 	-3.2584885e-19 	0.00075383063 	0.069727806
-0.0028888889 	0.28023951 	-3.2832111e-19 	0.00075277511 	0.069866773
-0.0028768769 	0.28023935 	-3.3079337e-19 	0.00075171959 	0.070005741
-0.0028648649 	0.28023919 	-3.3326564e-19 	0.00075066406 	0.070144708
-0.0028528529 	0.28023903 	-3.357379e-19 	0.00074960854 	0.070283675
-0.0028408408 	0.28023887 	-3.3821016e-19 	0.00074855302 	0.070422642
-0.0028288288 	0.28023871 	-3.4068243e-19 	0.00074749749 	0.07056161
-0.0028168168 	0.28023855 	-3.4315469e-19 	0.00074644197 	0.070700577
-0.0028048048 	0.28023839 	-3.4562695e-19 	0.00074538645 	0.070839544
-0.0027927928 	0.28023823 	-3.4809922e-19 	0.00074433092 	0.070978511
-0.0027807808 	0.28023807 	-3.5057148e-19 	0.0007432754 	0.071117479
-0.0027687688 	0.28023791 	-3.5304374e-19 	0.00074221988 	0.071256446
-0.0027567568 	0.28023775 	-3.5551601e-19 	0.00074116436 	0.071395413
-0.0027447447 	0.28023759 	-3.5798827e-19 	0.00074010883 	0.07153438
-0.0027327327 	0.28023743 	-3.6046053e-19 	0.00073905331 	0.071673348
-0.0027207207 	0.28023727 	-3.629328e-19 	0.00073799779 	0.071812315
-0.0027087087 	0.28023711 	-3.6540506e-19 	0.00073694226 	0.071951282
-0.0026966967 	0.28023695 	-3.6787732e-19 	0.00073588674 	0.072090249
-0.0026846847 	0.28023679 	-3.7034959e-19 	0.00073483122 	0.072229217
-0.0026726727 	0.28023663 	-3.7282185e-19 	0.00073377569 	0.072368184
-0.0026606607 	0.28023647 	-3.7529411e-19 	0.00073272017 	0.072507151
-0.0026486486 	0.28023631 	-3.7776638e-19 	0.00073166465 	0.072646118
-0.0026366366 	0.28023615 	-3.8030695e-19 	0.00073060913 	0.072785086
-0.0026246246 	0.28023599 	-3.8318897e-19 	0.0007295536 	0.072924053
-0.0026126126 	0.28023583 	-3.86071e-19 	0.00072849808 	0.07306302
-0.0026006006 	0.28023567 	-3.8895302e-19 	0.00072744256 	0.073201987
-0.0025885886 	0.28023551 	-3.9183505e-19 	0.00072638703 	0.073340954
-0.0025765766 	0.28023535 	-3.9471707e-19 	0.00072533151 	0.073479922
-0.0025645646 	0.28023519 	-3.9759909e-19 	0.00072427599 	0.073618889
-0.0025525526 	0.28023503 	-4.0048112e-19 	0.00072322046 	0.073757856
-0.0025405405 	0.28023464 	-4.0548157e-19 	0.00072079211 	0.073899651
-0.0025285285 	0.28023411 	-4.1182476e-19 	0.00071749359 	0.074043238
-0.0025165165 	0.28023358 	-4.1816795e-19 	0.00071419507 	0.074186825
-0.0025045045 	0.28023304 	-4.2451114e-19 	0.00071089655 	0.074330412
-0.0024924925 	0.28023251 	-4.3085434e-19 	0.00070759803 	0.074474
-0.0024804805 	0.28023198 	-4.3719753e-19 	0.00070429951 	0.074617587
-0.0024684685 	0.28023145 	-4.4354072e-19 	0.00070100099 	0.074761174
-0.0024564565 	0.28023091 	-4.4988392e-19 	0.00069770247 	0.074904761
-0.0024444444 	0.28023038 	-4.5622711e-19 	0.00069440395 	0.075048348
-0.0024324324 	0.28022985 	-4.625703e-19 	0.00069110543 	0.075191935
-0.0024204204 	0.28022932 	-4.689135e-19 	0.00068780691 	0.075335522
-0.0024084084 	0.28022878 	-4.7525669e-19 	0.00068450839 	0.07547911
-0.0023963964 	0.28022825 	-4.8159988e-19 	0.00068120987 	0.075622697
-0.0023843844 	0.28022772 	-4.8794308e-19 	0.00067791135 	0.075766284
-0.0023723724 	0.28022719 	-4.9428627e-19 	0.00067461284 	0.075909871
-0.0023603604 	0.28022665 	-5.0062946e-19 	0.00067131432 	0.076053458
-0.0023483483 	0.28022619 	-5.0641696e-19 	0.00066828422 	0.076189492
-0.0023363363 	0.28022605 	-4.9960127e-19 	0.00066644697 	0.076291959
-0.0023243243 	0.28022591 	-4.9278559e-19 	0.00066460972 	0.076394426
-0.0023123123 	0.28022577 	-4.8596991e-19 	0.00066277246 	0.076496893
-0.0023003003 	0.28022563 	-4.7915422e-19 	0.00066093521 	0.07659936
-0.0022882883 	0.28022549 	-4.7233854e-19 	0.00065909796 	0.076701828
-0.0022762763 	0.28022535 	-4.6552285e-19 	0.0006572607 	0.076804295
-0.0022642643 	0.28022521 	-4.5870717e-19 	0.00065542345 	0.076906762
-0.0022522523 	0.28022507 	-4.5189148e-19 	0.0006535862 	0.077009229
-0.0022402402 	0.28022493 	-4.450758e-19 	0.00065174894 	0.077111696
-0.0022282282 	0.28022479 	-4.3826011e-19 	0.00064991169 	0.077214163
-0.0022162162 	0.28022465 	-4.3144443e-19 	0.00064807444 	0.077316631
-0.0022042042 	0.28022451 	-4.2462875e-19 	0.00064623718 	0.077419098
-0.0021921922 	0.28022437 	-4.1781306e-19 	0.00064439993 	0.077521565
-0.0021801802 	0.28022423 	-4.1099738e-19 	0.00064256267 	0.077624032
-0.0021681682 	0.28022409 	-4.0418169e-19 	0.00064072542 	0.077726499
-0.0021561562 	0.28022395 	-3.9736601e-19 	0.00063888817 	0.077828966
-0.0021441441 	0.28022381 	-3.9055032e-19 	0.00063705091 	0.077931434
-0.0021321321 	0.28022367 	-3.8373464e-19 	0.00063521366 	0.078033901
-0.0021201201 	0.28022353 	-3.7691895e-19 	0.00063337641 	0.078136368
-0.0021081081 	0.28022339 	-3.7010327e-19 	0.00063153915 	0.078238835
-0.0020960961 	0.28022325 	-3.6328759e-19 	0.0006297019 	0.078341302
-0.0020840841 	0.28022311 	-3.564719e-19 	0.00062786465 	0.078443769
-0.0020720721 	0.28022297 	-3.4965622e-19 	0.00062602739 	0.078546237
-0.0020600601 	0.28022283 	-3.4284053e-19 	0.00062419014 	0.078648704
-0.002048048 	0.28022269 	-3.3602485e-19 	0.00062235289 	0.078751171
-0.002036036 	0.28022255 	-3.2920916e-19 	0.00062051563 	0.078853638
-0.002024024 	0.28022241 	-3.2239348e-19 	0.00061867838 	0.078956105
-0.002012012 	0.28022227 	-3.1557779e-19 	0.00061684113 	0.079058572
-0.002 	0.28022213 	-3.0876211e-19 	0.00061500387 	0.07916104
-0.001987988 	0.28022199 	-3.0194642e-19 	0.00061316662 	0.079263507
-0.001975976 	0.28022185 	-2.9513074e-19 	0.00061132936 	0.079365974
-0.001963964 	0.28022171 	-2.8831506e-19 	0.00060949211 	0.079468441
-0.001951952 	0.28022157 	-2.8149937e-19 	0.00060765486 	0.079570908
-0.0019399399 	0.28022143 	-2.7468369e-19 	0.0006058176 	0.079673375
-0.0019279279 	0.28022129 	-2.67868e-19 	0.00060398035 	0.079775842
-0.0019159159 	0.28022104 	-2.6023502e-19 	0.00060124627 	0.079879411
-0.0019039039 	0.28022064 	-2.5142663e-19 	0.0005972224 	0.079984562
-0.0018918919 	0.28022023 	-2.4261824e-19 	0.00059319853 	0.080089714
-0.0018798799 	0.28021982 	-2.3380984e-19 	0.00058917466 	0.080194865
-0.0018678679 	0.28021941 	-2.2500145e-19 	0.00058515079 	0.080300017
-0.0018558559 	0.280219 	-2.1619305e-19 	0.00058112692 	0.080405169
-0.0018438438 	0.28021859 	-2.0738466e-19 	0.00057710305 	0.08051032
-0.0018318318 	0.28021818 	-1.9857627e-19 	0.00057307918 	0.080615472
-0.0018198198 	0.28021777 	-1.8976787e-19 	0.00056905531 	0.080720623
-0.0018078078 	0.28021736 	-1.8095948e-19 	0.00056503144 	0.080825775
-0.0017957958 	0.28021695 	-1.7215109e-19 	0.00056100757 	0.080930926
-0.0017837838 	0.28021654 	-1.6334269e-19 	0.0005569837 	0.081036078
-0.0017717718 	0.28021614 	-1.545343e-19 	0.00055295983 	0.08114123
-0.0017597598 	0.28021573 	-1.457259e-19 	0.00054893596 	0.081246381
-0.0017477477 	0.28021532 	-1.3691751e-19 	0.00054491209 	0.081351533
-0.0017357357 	0.28021491 	-1.2810912e-19 	0.00054088822 	0.081456684
-0.0017237237 	0.2802145 	-1.1930072e-19 	0.00053686435 	0.081561836
-0.0017117117 	0.28021409 	-1.1049233e-19 	0.00053284048 	0.081666987
-0.0016996997 	0.28021368 	-1.0168393e-19 	0.00052881661 	0.081772139
-0.0016876877 	0.28021341 	-9.8439963e-20 	0.00052440718 	0.081840723
-0.0016756757 	0.28021318 	-9.6809154e-20 	0.00051988598 	0.081898705
-0.0016636637 	0.28021294 	-9.5178345e-20 	0.00051536477 	0.081956688
-0.0016516517 	0.28021271 	-9.3547536e-20 	0.00051084357 	0.08201467
-0.0016396396 	0.28021248 	-9.1916727e-20 	0.00050632237 	0.082072653
-0.0016276276 	0.28021225 	-9.0285918e-20 	0.00050180116 	0.082130635
-0.0016156156 	0.28021202 	-8.8655109e-20 	0.00049727996 	0.082188617
-0.0016036036 	0.28021178 	-8.70243e-20 	0.00049275875 	0.0822466
-0.0015915916 	0.28021155 	-8.5393491e-20 	0.00048823755 	0.082304582
-0.0015795796 	0.28021132 	-8.3762682e-20 	0.00048371635 	0.082362565
-0.0015675676 	0.28021109 	-8.2131873e-20 	0.00047919514 	0.082420547
-0.0015555556 	0.28021085 	-8.0501064e-20 	0.00047467394 	0.08247853
-0.0015435435 	0.28021062 	-7.8870254e-20 	0.00047015273 	0.082536512
-0.0015315315 	0.28021039 	-7.7239445e-20 	0.00046563153 	0.082594495
-0.0015195195 	0.28021016 	-7.5608636e-20 	0.00046111033 	0.082652477
-0.0015075075 	0.28020992 	-7.3977827e-20 	0.00045658912 	0.08271046
-0.0014954955 	0.28020969 	-7.2347018e-20 	0.00045206792 	0.082768442
-0.0014834835 	0.28020946 	-7.0716209e-20 	0.00044754672 	0.082826425
-0.0014714715 	0.28020923 	-6.90854e-20 	0.00044302551 	0.082884407
-0.0014594595 	0.280209 	-6.7454591e-20 	0.00043850431 	0.082942389
-0.0014474474 	0.28020876 	-6.5823782e-20 	0.0004339831 	0.083000372
-0.0014354354 	0.28020853 	-6.4192973e-20 	0.0004294619 	0.083058354
-0.0014234234 	0.2802083 	-6.2562164e-20 	0.0004249407 	0.083116337
-0.0014114114 	0.28020807 	-6.0931354e-20 	0.00042041949 	0.083174319
-0.0013993994 	0.28020792 	-5.7514365e-20 	0.00041707181 	0.083230927
-0.0013873874 	0.28020783 	-5.2813798e-20 	0.00041456744 	0.083286547
-0.0013753754 	0.28020774 	-4.8113231e-20 	0.00041206306 	0.083342166
-0.0013633634 	0.28020765 	-4.3412663e-20 	0.00040955869 	0.083397786
-0.0013513514 	0.28020756 	-3.8712096e-20 	0.00040705431 	0.083453405
-0.0013393393 	0.28020747 	-3.4011528e-20 	0.00040454994 	0.083509025
-0.0013273273 	0.28020739 	-2.9310961e-20 	0.00040204557 	0.083564645
-0.0013153153 	0.2802073 	-2.4610394e-20 	0.00039954119 	0.083620264
-0.0013033033 	0.28020721 	-1.9909826e-20 	0.00039703682 	0.083675884
-0.0012912913 	0.28020712 	-1.5209259e-20 	0.00039453245 	0.083731504
-0.0012792793 	0.28020703 	-1.0508692e-20 	0.00039202807 	0.083787123
-0.0012672673 	0.28020694 	-5.8081242e-21 	0.0003895237 	0.083842743
-0.0012552553 	0.28020686 	-1.1075568e-21 	0.00038701933 	0.083898362
-0.0012432432 	0.28020677 	3.5930106e-21 	0.00038451495 	0.083953982
-0.0012312312 	0.28020668 	8.293578e-21 	0.00038201058 	0.084009602
-0.0012192192 	0.28020659 	1.2994145e-20 	0.00037950621 	0.084065221
-0.0012072072 	0.2802065 	1.7694713e-20 	0.00037700183 	0.084120841
-0.0011951952 	0.28020641 	2.239528e-20 	0.00037449746 	0.084176461
-0.0011831832 	0.28020632 	2.7095847e-20 	0.00037199309 	0.08423208
-0.0011711712 	0.28020624 	3.1796415e-20 	0.00036948871 	0.0842877
-0.0011591592 	0.28020615 	3.6496982e-20 	0.00036698434 	0.084343319
-0.0011471471 	0.28020606 	4.119755e-20 	0.00036447997 	0.084398939
-0.0011351351 	0.28020597 	4.5898117e-20 	0.00036197559 	0.084454559
-0.0011231231 	0.28020588 	5.0598684e-20 	0.00035947122 	0.084510178
-0.0011111111 	0.28020579 	5.5299252e-20 	0.00035696685 	0.084565798
-0.0010990991 	0.28020571 	5.9999819e-20 	0.00035446247 	0.084621418
-0.0010870871 	0.28020562 	6.4700386e-20 	0.0003519581 	0.084677037
-0.0010750751 	0.28020553 	6.9400954e-20 	0.00034945373 	0.084732657
-0.0010630631 	0.28020544 	7.4101521e-20 	0.00034694935 	0.084788277
-0.0010510511 	0.28020535 	7.8802089e-20 	0.00034444498 	0.084843896
-0.001039039 	0.28020526 	8.3502656e-20 	0.00034194061 	0.084899516
-0.001027027 	0.28020517 	8.8203223e-20 	0.00033943623 	0.084955135
-0.001015015 	0.28020509 	9.2903791e-20 	0.00033693186 	0.085010755
-0.001003003 	0.280205 	9.7604358e-20 	0.00033442749 	0.085066375
-0.00099099099 	0.28020491 	1.0230493e-19 	0.00033192311 	0.085121994
-0.00097897898 	0.28020482 	1.0700549e-19 	0.00032941874 	0.085177614
-0.00096696697 	0.28020473 	1.1170606e-19 	0.00032691437 	0.085233234
-0.00095495495 	0.28020464 	1.1640663e-19 	0.00032440999 	0.085288853
-0.00094294294 	0.28020455 	1.2110719e-19 	0.00032190562 	0.085344473
-0.00093093093 	0.28020447 	1.2580776e-19 	0.00031940125 	0.085400092
-0.00091891892 	0.28020438 	1.3050833e-19 	0.00031689687 	0.085455712
-0.00090690691 	0.28020429 	1.352089e-19 	0.0003143925 	0.085511332
-0.00089489489 	0.2802042 	1.3990946e-19 	0.00031188813 	0.085566951
-0.00088288288 	0.28020411 	1.4461003e-19 	0.00030938375 	0.085622571
-0.00087087087 	0.28020402 	1.493106e-19 	0.00030687938 	0.085678191
-0.00085885886 	0.28020394 	1.5401117e-19 	0.00030437501 	0.08573381
-0.00084684685 	0.28020385 	1.5753672e-19 	0.00030140135 	0.085784496
-0.00083483483 	0.28020376 	1.5369953e-19 	0.0002954871 	0.085804266
-0.00082282282 	0.28020367 	1.4986233e-19 	0.00028957286 	0.085824036
-0.00081081081 	0.28020358 	1.4602513e-19 	0.00028365861 	0.085843806
-0.0007987988 	0.28020349 	1.4218793e-19 	0.00027774437 	0.085863576
-0.00078678679 	0.2802034 	1.3835073e-19 	0.00027183012 	0.085883346
-0.00077477477 	0.28020331 	1.3451354e-19 	0.00026591588 	0.085903117
-0.00076276276 	0.28020322 	1.3067634e-19 	0.00026000163 	0.085922887
-0.00075075075 	0.28020313 	1.2683914e-19 	0.00025408739 	0.085942657
-0.00073873874 	0.28020304 	1.2300194e-19 	0.00024817314 	0.085962427
-0.00072672673 	0.28020295 	1.1916475e-19 	0.00024225889 	0.085982197
-0.00071471471 	0.28020286 	1.1532755e-19 	0.00023634465 	0.086001967
-0.0007027027 	0.28020277 	1.1149035e-19 	0.0002304304 	0.086021737
-0.00069069069 	0.28020268 	1.0765315e-19 	0.00022451616 	0.086041507
-0.00067867868 	0.28020259 	1.0381595e-19 	0.00021860191 	0.086061277
-0.00066666667 	0.2802025 	9.9978756e-20 	0.00021268767 	0.086081047
-0.00065465465 	0.28020241 	9.6141558e-20 	0.00020677342 	0.086100818
-0.00064264264 	0.28020232 	9.230436e-20 	0.00020085918 	0.086120588
-0.00063063063 	0.28020223 	8.8467163e-20 	0.00019494493 	0.086140358
-0.00061861862 	0.28020214 	8.4629965e-20 	0.00018903069 	0.086160128
-0.00060660661 	0.28020205 	8.0792767e-20 	0.00018311644 	0.086179898
-0.00059459459 	0.28020196 	7.6955569e-20 	0.00017720219 	0.086199668
-0.00058258258 	0.28020187 	7.3118371e-20 	0.00017128795 	0.086219438
-0.00057057057 	0.28020178 	6.9281173e-20 	0.0001653737 	0.086239208
-0.00055855856 	0.28020169 	6.5443975e-20 	0.00015945946 	0.086258978
-0.00054654655 	0.28020165 	6.2648456e-20 	0.00015589447 	0.08627795
-0.00053453453 	0.28020161 	5.9914453e-20 	0.00015246822 	0.086296874
-0.00052252252 	0.28020158 	5.7180449e-20 	0.00014904197 	0.086315799
-0.00051051051 	0.28020154 	5.4446446e-20 	0.00014561572 	0.086334724
-0.0004984985 	0.28020151 	5.1712442e-20 	0.00014218946 	0.086353648
-0.00048648649 	0.28020147 	4.8978439e-20 	0.00013876321 	0.086372573
-0.00047447447 	0.28020144 	4.6244435e-20 	0.00013533696 	0.086391497
-0.00046246246 	0.2802014 	4.3510432e-20 	0.00013191071 	0.086410422
-0.00045045045 	0.28020137 	4.0776428e-20 	0.00012848445 	0.086429346
-0.00043843844 	0.28020134 	3.8042425e-20 	0.0001250582 	0.086448271
-0.00042642643 	0.2802013 	3.5308421e-20 	0.00012163195 	0.086467195
-0.00041441441 	0.28020127 	3.2574418e-20 	0.0001182057 	0.08648612
-0.0004024024 	0.28020123 	2.9840414e-20 	0.00011477945 	0.086505044
-0.00039039039 	0.2802012 	2.7106411e-20 	0.00011135319 	0.086523969
-0.00037837838 	0.28020116 	2.4372407e-20 	0.00010792694 	0.086542893
-0.00036636637 	0.28020113 	2.1638404e-20 	0.00010450069 	0.086561818
-0.00035435435 	0.28020109 	1.8904401e-20 	0.00010107444 	0.086580742
-0.00034234234 	0.28020106 	1.6170397e-20 	9.7648185e-05 	0.086599667
-0.00033033033 	0.28020102 	1.3436394e-20 	9.4221933e-05 	0.086618591
-0.00031831832 	0.28020099 	1.070239e-20 	9.0795681e-05 	0.086637516
-0.00030630631 	0.28020095 	7.9683867e-21 	8.7369429e-05 	0.086656441
-0.00029429429 	0.28020092 	5.2343832e-21 	8.3943177e-05 	0.086675365
-0.00028228228 	0.28020088 	2.5003797e-21 	8.0516925e-05 	0.08669429
-0.00027027027 	0.28020085 	-2.3362374e-22 	7.7090673e-05 	0.086713214
-0.00025825826 	0.28020081 	-2.9676272e-21 	7.3664421e-05 	0.086732139
-0.00024624625 	0.28020078 	-5.7016307e-21 	7.0238168e-05 	0.086751063
-0.00023423423 	0.28020074 	-8.4356342e-21 	6.6811916e-05 	0.086769988
-0.00022222222 	0.28020071 	-1.1169638e-20 	6.3385664e-05 	0.086788912
-0.00021021021 	0.28020068 	-1.3903641e-20 	5.9959412e-05 	0.086807837
-0.0001981982 	0.28020064 	-1.6637645e-20 	5.653316e-05 	0.086826761
-0.00018618619 	0.28020061 	-1.9371648e-20 	5.3106908e-05 	0.086845686
-0.00017417417 	0.28020057 	-2.2105652e-20 	4.9680656e-05 	0.08686461
-0.00016216216 	0.28020054 	-2.4839655e-20 	4.6254404e-05 	0.086883535
-0.00015015015 	0.2802005 	-2.7573658e-20 	4.2828152e-05 	0.086902459
-0.00013813814 	0.28020047 	-3.0307662e-20 	3.9401899e-05 	0.086921384
-0.00012612613 	0.28020043 	-3.3041665e-20 	3.5975647e-05 	0.086940308
-0.00011411411 	0.2802004 	-3.5775669e-20 	3.2549395e-05 	0.086959233
-0.0001021021 	0.28020036 	-3.8509672e-20 	2.9123143e-05 	0.086978157
-9.009009e-05 	0.28020033 	-4.1243676e-20 	2.5696891e-05 	0.086997082
-7.8078078e-05 	0.28020029 	-4.3977679e-20 	2.2270639e-05 	0.087016007
-6.6066066e-05 	0.28020026 	-4.6711683e-20 	1.8844387e-05 	0.087034931
-5.4054054e-05 	0.28020022 	-4.9445686e-20 	1.5418135e-05 	0.087053856
-4.2042042e-05 	0.28020019 	-5.217969e-20 	1.1991882e-05 	0.08707278
-3.003003e-05 	0.28020015 	-5.4913693e-20 	8.5656303e-06 	0.087091705
-1.8018018e-05 	0.28020012 	-5.7647697e-20 	5.1393782e-06 	0.087110629
-6.006006e-06 	0.28020009 	-6.03817e-20 	1.7131261e-06 	0.087129554
6.006006e-06 	0.28020011 	-5.9014698e-20 	-2.9571227e-06 	0.087129131
1.8018018e-05 	0.2802002 	-5.3546691e-20 	-8.8713682e-06 	0.087109361
3.003003e-05 	0.28020029 	-4.8078684e-20 	-1.4785614e-05 	0.087089591
4.2042042e-05 	0.28020038 	-4.2610678e-20 	-2.0699859e-05 	0.087069821
5.4054054e-05 	0.28020047 	-3.7142671e-20 	-2.6614105e-05 	0.087050051
6.6066066e-05 	0.28020056 	-3.1674664e-20 	-3.252835e-05 	0.08703028
7.8078078e-05 	0.28020065 	-2.6206657e-20 	-3.8442595e-05 	0.08701051
9.009009e-05 	0.28020074 	-2.073865e-20 	-4.4356841e-05 	0.08699074
0.0001021021 	0.28020083 	-1.5270643e-20 	-5.0271086e-05 	0.08697097
0.00011411411 	0.28020092 	-9.8026359e-21 	-5.6185332e-05 	0.0869512
0.00012612613 	0.28020101 	-4.334629e-21 	-6.2099577e-05 	0.08693143
0.00013813814 	0.2802011 	1.133378e-21 	-6.8013823e-05 	0.08691166
0.00015015015 	0.28020119 	6.6013849e-21 	-7.3928068e-05 	0.08689189
0.00016216216 	0.28020128 	1.2069392e-20 	-7.9842314e-05 	0.08687212
0.00017417417 	0.28020137 	1.7537399e-20 	-8.5756559e-05 	0.08685235
0.00018618619 	0.28020146 	2.3005406e-20 	-9.1670805e-05 	0.08683258
0.0001981982 	0.28020155 	2.8473413e-20 	-9.758505e-05 	0.086812809
0.00021021021 	0.28020164 	3.394142e-20 	-0.0001034993 	0.086793039
0.00022222222 	0.28020173 	3.9409427e-20 	-0.00010941354 	0.086773269
0.00023423423 	0.28020182 	4.4877434e-20 	-0.00011532779 	0.086753499
0.00024624625 	0.28020191 	5.034544e-20 	-0.00012124203 	0.086733729
0.00025825826 	0.280202 	5.5813447e-20 	-0.00012715628 	0.086713959
0.00027027027 	0.28020209 	6.1281454e-20 	-0.00013307052 	0.086694189
0.00028228228 	0.28020218 	6.6749461e-20 	-0.00013898477 	0.086674419
0.00029429429 	0.28020226 	6.9702622e-20 	-0.00014413616 	0.086654908
0.00030630631 	0.28020229 	6.6968618e-20 	-0.00014756241 	0.086635983
0.00031831832 	0.28020233 	6.4234615e-20 	-0.00015098867 	0.086617059
0.00033033033 	0.28020236 	6.1500611e-20 	-0.00015441492 	0.086598134
0.00034234234 	0.2802024 	5.8766608e-20 	-0.00015784117 	0.08657921
0.00035435435 	0.28020243 	5.6032604e-20 	-0.00016126742 	0.086560285
0.00036636637 	0.28020247 	5.3298601e-20 	-0.00016469367 	0.086541361
0.00037837838 	0.2802025 	5.0564597e-20 	-0.00016811993 	0.086522436
0.00039039039 	0.28020254 	4.7830594e-20 	-0.00017154618 	0.086503512
0.0004024024 	0.28020257 	4.509659e-20 	-0.00017497243 	0.086484587
0.00041441441 	0.2802026 	4.2362587e-20 	-0.00017839868 	0.086465663
0.00042642643 	0.28020264 	3.9628583e-20 	-0.00018182493 	0.086446738
0.00043843844 	0.28020267 	3.689458e-20 	-0.00018525119 	0.086427814
0.00045045045 	0.28020271 	3.4160577e-20 	-0.00018867744 	0.086408889
0.00046246246 	0.28020274 	3.1426573e-20 	-0.00019210369 	0.086389965
0.00047447447 	0.28020278 	2.869257e-20 	-0.00019552994 	0.08637104
0.00048648649 	0.28020281 	2.5958566e-20 	-0.0001989562 	0.086352115
0.0004984985 	0.28020285 	2.3224563e-20 	-0.00020238245 	0.086333191
0.00051051051 	0.28020288 	2.0490559e-20 	-0.0002058087 	0.086314266
0.00052252252 	0.28020292 	1.7756556e-20 	-0.00020923495 	0.086295342
0.00053453453 	0.28020295 	1.5022552e-20 	-0.0002126612 	0.086276417
0.00054654655 	0.28020299 	1.2288549e-20 	-0.00021608746 	0.086257493
0.00055855856 	0.28020302 	9.5545453e-21 	-0.00021951371 	0.086238568
0.00057057057 	0.28020306 	6.8205418e-21 	-0.00022293996 	0.086219644
0.00058258258 	0.28020309 	4.0865383e-21 	-0.00022636621 	0.086200719
0.00059459459 	0.28020313 	1.3525349e-21 	-0.00022979246 	0.086181795
0.00060660661 	0.28020316 	-1.3814686e-21 	-0.00023321872 	0.08616287
0.00061861862 	0.28020319 	-4.1154721e-21 	-0.00023664497 	0.086143946
0.00063063063 	0.28020323 	-6.8494756e-21 	-0.00024007122 	0.086125021
0.00064264264 	0.28020326 	-9.583479e-21 	-0.00024349747 	0.086106097
0.00065465465 	0.2802033 	-1.2317483e-20 	-0.00024692373 	0.086087172
0.00066666667 	0.28020333 	-1.5051486e-20 	-0.00025034998 	0.086068248
0.00067867868 	0.28020337 	-1.7785489e-20 	-0.00025377623 	0.086049323
0.00069069069 	0.2802034 	-2.0519493e-20 	-0.00025720248 	0.086030398
0.0007027027 	0.28020344 	-2.3253496e-20 	-0.00026062873 	0.086011474
0.00071471471 	0.28020347 	-2.59875e-20 	-0.00026405499 	0.085992549
0.00072672673 	0.28020351 	-2.8721503e-20 	-0.00026748124 	0.085973625
0.00073873874 	0.28020354 	-3.1455507e-20 	-0.00027090749 	0.0859547
0.00075075075 	0.28020358 	-3.418951e-20 	-0.00027433374 	0.085935776
0.00076276276 	0.28020361 	-3.6923514e-20 	-0.00027775999 	0.085916851
0.00077477477 	0.28020365 	-3.9657517e-20 	-0.00028118625 	0.085897927
0.00078678679 	0.28020368 	-4.2391521e-20 	-0.0002846125 	0.085879002
0.0007987988 	0.28020372 	-4.5125524e-20 	-0.00028803875 	0.085860078
0.00081081081 	0.28020375 	-4.7859528e-20 	-0.000291465 	0.085841153
0.00082282282 	0.28020379 	-5.0593531e-20 	-0.00029489125 	0.085822229
0.00083483483 	0.28020382 	-5.3327535e-20 	-0.00029831751 	0.085803304
0.00084684685 	0.28020385 	-5.6061538e-20 	-0.00030174376 	0.08578438
0.00085885886 	0.28020406 	-4.9157778e-20 	-0.00030611427 	0.085731772
0.00087087087 	0.28020429 	-4.0715942e-20 	-0.00031063547 	0.08567379
0.00088288288 	0.28020452 	-3.2274107e-20 	-0.00031515668 	0.085615808
0.00089489489 	0.28020476 	-2.3832272e-20 	-0.00031967788 	0.085557825
0.00090690691 	0.28020499 	-1.5390436e-20 	-0.00032419909 	0.085499843
0.00091891892 	0.28020522 	-6.9486012e-21 	-0.00032872029 	0.08544186
0.00093093093 	0.28020545 	1.4932341e-21 	-0.00033324149 	0.085383878
0.00094294294 	0.28020569 	9.9350694e-21 	-0.0003377627 	0.085325895
0.00095495495 	0.28020592 	1.8376905e-20 	-0.0003422839 	0.085267913
0.00096696697 	0.28020615 	2.681874e-20 	-0.0003468051 	0.08520993
0.00097897898 	0.28020638 	3.5260575e-20 	-0.00035132631 	0.085151948
0.00099099099 	0.28020662 	4.3702411e-20 	-0.00035584751 	0.085093965
0.001003003 	0.28020685 	5.2144246e-20 	-0.00036036872 	0.085035983
0.001015015 	0.28020708 	6.0586081e-20 	-0.00036488992 	0.084978
0.001027027 	0.28020731 	6.9027916e-20 	-0.00036941112 	0.084920018
0.001039039 	0.28020754 	7.7469752e-20 	-0.00037393233 	0.084862036
0.0010510511 	0.28020778 	8.5911587e-20 	-0.00037845353 	0.084804053
0.0010630631 	0.28020801 	9.4353422e-20 	-0.00038297474 	0.084746071
0.0010750751 	0.28020824 	1.0279526e-19 	-0.00038749594 	0.084688088
0.0010870871 	0.28020847 	1.1123709e-19 	-0.00039201714 	0.084630106
0.0010990991 	0.28020871 	1.1967893e-19 	-0.00039653835 	0.084572123
0.0011111111 	0.28020894 	1.2812076e-19 	-0.00040105955 	0.084514141
0.0011231231 	0.28020917 	1.365626e-19 	-0.00040558075 	0.084456158
0.0011351351 	0.2802094 	1.4500443e-19 	-0.00041010196 	0.084398176
0.0011471471 	0.28020954 	1.496278e-19 	-0.00041327393 	0.084341774
0.0011591592 	0.28020963 	1.523618e-19 	-0.0004157783 	0.084286154
0.0011711712 	0.28020972 	1.550958e-19 	-0.00041828267 	0.084230535
0.0011831832 	0.2802098 	1.5782981e-19 	-0.00042078705 	0.084174915
0.0011951952 	0.28020989 	1.6056381e-19 	-0.00042329142 	0.084119296
0.0012072072 	0.28020998 	1.6329781e-19 	-0.00042579579 	0.084063676
0.0012192192 	0.28021007 	1.6603182e-19 	-0.00042830017 	0.084008056
0.0012312312 	0.28021016 	1.6876582e-19 	-0.00043080454 	0.083952437
0.0012432432 	0.28021025 	1.7149982e-19 	-0.00043330891 	0.083896817
0.0012552553 	0.28021034 	1.7423383e-19 	-0.00043581329 	0.083841197
0.0012672673 	0.28021042 	1.7696783e-19 	-0.00043831766 	0.083785578
0.0012792793 	0.28021051 	1.7970183e-19 	-0.00044082203 	0.083729958
0.0012912913 	0.2802106 	1.8243584e-19 	-0.00044332641 	0.083674339
0.0013033033 	0.28021069 	1.8516984e-19 	-0.00044583078 	0.083618719
0.0013153153 	0.28021078 	1.8790384e-19 	-0.00044833515 	0.083563099
0.0013273273 	0.28021087 	1.9063785e-19 	-0.00045083953 	0.08350748
0.0013393393 	0.28021096 	1.9337185e-19 	-0.0004533439 	0.08345186
0.0013513514 	0.28021104 	1.9610585e-19 	-0.00045584827 	0.08339624
0.0013633634 	0.28021113 	1.9883986e-19 	-0.00045835265 	0.083340621
0.0013753754 	0.28021122 	2.0157386e-19 	-0.00046085702 	0.083285001
0.0013873874 	0.28021131 	2.0430787e-19 	-0.00046336139 	0.083229382
0.0013993994 	0.2802114 	2.0704187e-19 	-0.00046586577 	0.083173762
0.0014114114 	0.28021149 	2.0977587e-19 	-0.00046837014 	0.083118142
0.0014234234 	0.28021157 	2.1250988e-19 	-0.00047087451 	0.083062523
0.0014354354 	0.28021166 	2.1524388e-19 	-0.00047337889 	0.083006903
0.0014474474 	0.28021175 	2.1797788e-19 	-0.00047588326 	0.082951283
0.0014594595 	0.28021184 	2.2071189e-19 	-0.00047838763 	0.082895664
0.0014714715 	0.28021193 	2.2344589e-19 	-0.00048089201 	0.082840044
0.0014834835 	0.28021202 	2.2617989e-19 	-0.00048339638 	0.082784425
0.0014954955 	0.28021211 	2.289139e-19 	-0.00048590075 	0.082728805
0.0015075075 	0.28021219 	2.316479e-19 	-0.00048840513 	0.082673185
0.0015195195 	0.28021228 	2.343819e-19 	-0.0004909095 	0.082617566
0.0015315315 	0.28021237 	2.3711591e-19 	-0.00049341387 	0.082561946
0.0015435435 	0.28021246 	2.3984991e-19 	-0.00049591825 	0.082506326
0.0015555556 	0.28021255 	2.4258391e-19 	-0.00049842262 	0.082450707
0.0015675676 	0.28021264 	2.4531792e-19 	-0.00050092699 	0.082395087
0.0015795796 	0.28021272 	2.4805192e-19 	-0.00050343137 	0.082339468
0.0015915916 	0.28021281 	2.5078592e-19 	-0.00050593574 	0.082283848
0.0016036036 	0.2802129 	2.5351993e-19 	-0.00050844011 	0.082228228
0.0016156156 	0.28021299 	2.5625393e-19 	-0.00051094449 	0.082172609
0.0016276276 	0.28021308 	2.5898793e-19 	-0.00051344886 	0.082116989
0.0016396396 	0.28021317 	2.6172194e-19 	-0.00051595323 	0.082061369
0.0016516517 	0.28021326 	2.6445594e-19 	-0.00051845761 	0.08200575
0.0016636637 	0.28021334 	2.6718994e-19 	-0.00052096198 	0.08195013
0.0016756757 	0.28021343 	2.6992395e-19 	-0.00052346635 	0.081894511
0.0016876877 	0.28021352 	2.7265795e-19 	-0.00052597073 	0.081838891
0.0016996997 	0.28021368 	2.7564522e-19 	-0.00052881661 	0.081772139
0.0017117117 	0.28021409 	2.7950609e-19 	-0.00053284048 	0.081666987
0.0017237237 	0.2802145 	2.8336697e-19 	-0.00053686435 	0.081561836
0.0017357357 	0.28021491 	2.8722784e-19 	-0.00054088822 	0.081456684
0.0017477477 	0.28021532 	2.9108872e-19 	-0.00054491209 	0.081351533
0.0017597598 	0.28021573 	2.9494959e-19 	-0.00054893596 	0.081246381
0.0017717718 	0.28021614 	2.9881047e-19 	-0.00055295983 	0.08114123
0.0017837838 	0.28021654 	3.0267134e-19 	-0.0005569837 	0.081036078
0.0017957958 	0.28021695 	3.0653221e-19 	-0.00056100757 	0.080930926
0.0018078078 	0.28021736 	3.1039309e-19 	-0.00056503144 	0.080825775
0.0018198198 	0.28021777 	3.1425396e-19 	-0.00056905531 	0.080720623
0.0018318318 	0.28021818 	3.1811484e-19 	-0.00057307918 	0.080615472
0.0018438438 	0.28021859 	3.2197571e-19 	-0.00057710305 	0.08051032
0.0018558559 	0.280219 	3.2583659e-19 	-0.00058112692 	0.080405169
0.0018678679 	0.28021941 	3.2969746e-19 	-0.00058515079 	0.080300017
0.0018798799 	0.28021982 	3.3355833e-19 	-0.00058917466 	0.080194865
0.0018918919 	0.28022023 	3.3741921e-19 	-0.00059319853 	0.080089714
0.0019039039 	0.28022064 	3.4128008e-19 	-0.0005972224 	0.079984562
0.0019159159 	0.28022104 	3.4514096e-19 	-0.00060124627 	0.079879411
0.0019279279 	0.28022129 	3.4918549e-19 	-0.00060398035 	0.079775842
0.0019399399 	0.28022143 	3.5335773e-19 	-0.0006058176 	0.079673375
0.001951952 	0.28022157 	3.5752996e-19 	-0.00060765486 	0.079570908
0.001963964 	0.28022171 	3.617022e-19 	-0.00060949211 	0.079468441
0.001975976 	0.28022185 	3.6587443e-19 	-0.00061132936 	0.079365974
0.001987988 	0.28022199 	3.7004667e-19 	-0.00061316662 	0.079263507
0.002 	0.28022213 	3.742189e-19 	-0.00061500387 	0.07916104
0.002012012 	0.28022227 	3.7839114e-19 	-0.00061684113 	0.079058572
0.002024024 	0.28022241 	3.8256337e-19 	-0.00061867838 	0.078956105
0.002036036 	0.28022255 	3.8673561e-19 	-0.00062051563 	0.078853638
0.002048048 	0.28022269 	3.9090784e-19 	-0.00062235289 	0.078751171
0.0020600601 	0.28022283 	3.9508008e-19 	-0.00062419014 	0.078648704
0.0020720721 	0.28022297 	3.9925231e-19 	-0.00062602739 	0.078546237
0.0020840841 	0.28022311 	4.0342455e-19 	-0.00062786465 	0.078443769
0.0020960961 	0.28022325 	4.0759678e-19 	-0.0006297019 	0.078341302
0.0021081081 	0.28022339 	4.1176902e-19 	-0.00063153915 	0.078238835
0.0021201201 	0.28022353 	4.1594125e-19 	-0.00063337641 	0.078136368
0.0021321321 	0.28022367 	4.2011349e-19 	-0.00063521366 	0.078033901
0.0021441441 	0.28022381 	4.2428572e-19 	-0.00063705091 	0.077931434
0.0021561562 	0.28022395 	4.2845796e-19 	-0.00063888817 	0.077828966
0.0021681682 	0.28022409 	4.3263019e-19 	-0.00064072542 	0.077726499
0.0021801802 	0.28022423 	4.3680243e-19 	-0.00064256267 	0.077624032
0.0021921922 	0.28022437 	4.4097466e-19 	-0.00064439993 	0.077521565
0.0022042042 	0.28022451 	4.451469e-19 	-0.00064623718 	0.077419098
0.0022162162 	0.28022465 	4.4931913e-19 	-0.00064807444 	0.077316631
0.0022282282 	0.28022479 	4.5349137e-19 	-0.00064991169 	0.077214163
0.0022402402 	0.28022493 	4.576636e-19 	-0.00065174894 	0.077111696
0.0022522523 	0.28022507 	4.6183584e-19 	-0.0006535862 	0.077009229
0.0022642643 	0.28022521 	4.6600808e-19 	-0.00065542345 	0.076906762
0.0022762763 	0.28022535 	4.7018031e-19 	-0.0006572607 	0.076804295
0.0022882883 	0.28022549 	4.7435255e-19 	-0.00065909796 	0.076701828
0.0023003003 	0.28022563 	4.7852478e-19 	-0.00066093521 	0.07659936
0.0023123123 	0.28022577 	4.8269702e-19 	-0.00066277246 	0.076496893
0.0023243243 	0.28022591 	4.8686925e-19 	-0.00066460972 	0.076394426
0.0023363363 	0.28022605 	4.9104149e-19 	-0.00066644697 	0.076291959
0.0023483483 	0.28022619 	4.9521372e-19 	-0.00066828422 	0.076189492
0.0023603604 	0.28022665 	4.9113665e-19 	-0.00067131432 	0.076053458
0.0023723724 	0.28022719 	4.8520322e-19 	-0.00067461284 	0.075909871
0.0023843844 	0.28022772 	4.7926979e-19 	-0.00067791135 	0.075766284
0.0023963964 	0.28022825 	4.7333636e-19 	-0.00068120987 	0.075622697
0.0024084084 	0.28022878 	4.6740293e-19 	-0.00068450839 	0.07547911
0.0024204204 	0.28022932 	4.6146949e-19 	-0.00068780691 	0.075335522
0.0024324324 	0.28022985 	4.5553606e-19 	-0.00069110543 	0.075191935
0.0024444444 	0.28023038 	4.4960263e-19 	-0.00069440395 	0.075048348
0.0024564565 	0.28023091 	4.436692e-19 	-0.00069770247 	0.074904761
0.0024684685 	0.28023145 	4.3773576e-19 	-0.00070100099 	0.074761174
0.0024804805 	0.28023198 	4.3180233e-19 	-0.00070429951 	0.074617587
0.0024924925 	0.28023251 	4.258689e-19 	-0.00070759803 	0.074474
0.0025045045 	0.28023304 	4.1993547e-19 	-0.00071089655 	0.074330412
0.0025165165 	0.28023358 	4.1400204e-19 	-0.00071419507 	0.074186825
0.0025285285 	0.28023411 	4.080686e-19 	-0.00071749359 	0.074043238
0.0025405405 	0.28023464 	4.0213517e-19 	-0.00072079211 	0.073899651
0.0025525526 	0.28023503 	3.9754449e-19 	-0.00072322046 	0.073757856
0.0025645646 	0.28023519 	3.9507222e-19 	-0.00072427599 	0.073618889
0.0025765766 	0.28023535 	3.9259996e-19 	-0.00072533151 	0.073479922
0.0025885886 	0.28023551 	3.901277e-19 	-0.00072638703 	0.073340954
0.0026006006 	0.28023567 	3.8765543e-19 	-0.00072744256 	0.073201987
0.0026126126 	0.28023583 	3.8518317e-19 	-0.00072849808 	0.07306302
0.0026246246 	0.28023599 	3.827109e-19 	-0.0007295536 	0.072924053
0.0026366366 	0.28023615 	3.8023864e-19 	-0.00073060913 	0.072785086
0.0026486486 	0.28023631 	3.7742492e-19 	-0.00073166465 	0.072646118
0.0026606607 	0.28023647 	3.745429e-19 	-0.00073272017 	0.072507151
0.0026726727 	0.28023663 	3.7166088e-19 	-0.00073377569 	0.072368184
0.0026846847 	0.28023679 	3.6877885e-19 	-0.00073483122 	0.072229217
0.0026966967 	0.28023695 	3.6589683e-19 	-0.00073588674 	0.072090249
0.0027087087 	0.28023711 	3.630148e-19 	-0.00073694226 	0.071951282
0.0027207207 	0.28023727 	3.6013278e-19 	-0.00073799779 	0.071812315
0.0027327327 	0.28023743 	3.5725075e-19 	-0.00073905331 	0.071673348
0.0027447447 	0.28023759 	3.5436873e-19 	-0.00074010883 	0.07153438
0.0027567568 	0.28023775 	3.5148671e-19 	-0.00074116436 	0.071395413
0.0027687688 	0.28023791 	3.4860468e-19 	-0.00074221988 	0.071256446
0.0027807808 	0.28023807 	3.4572266e-19 	-0.0007432754 	0.071117479
0.0027927928 	0.28023823 	3.4284063e-19 	-0.00074433092 	0.070978511
0.0028048048 	0.28023839 	3.3995861e-19 	-0.00074538645 	0.070839544
0.0028168168 	0.28023855 	3.3707658e-19 	-0.00074644197 	0.070700577
0.0028288288 	0.28023871 	3.3419456e-19 	-0.00074749749 	0.07056161
0.0028408408 	0.28023887 	3.3131253e-19 	-0.00074855302 	0.070422642
0.0028528529 	0.28023903 	3.2843051e-19 	-0.00074960854 	0.070283675
0.0028648649 	0.28023919 	3.2554849e-19 	-0.00075066406 	0.070144708
0.0028768769 	0.28023935 	3.2266646e-19 	-0.00075171959 	0.070005741
0.0028888889 	0.28023951 	3.1978444e-19 	-0.00075277511 	0.069866773
0.0029009009 	0.28023967 	3.1690241e-19 	-0.00075383063 	0.069727806
0.0029129129 	0.28023983 	3.1402039e-19 	-0.00075488615 	0.069588839
0.0029249249 	0.28023999 	3.1113836e-19 	-0.00075594168 	0.069449872
0.0029369369 	0.2802405 	3.0196754e-19 	-0.0007576648 	0.069272626
0.0029489489 	0.28024108 	2.8982341e-19 	-0.00075950547 	0.069088641
0.002960961 	0.28024166 	2.7767928e-19 	-0.00076134613 	0.068904656
0.002972973 	0.28024224 	2.6553515e-19 	-0.0007631868 	0.068720672
0.002984985 	0.28024282 	2.5339102e-19 	-0.00076502746 	0.068536687
0.002996997 	0.2802434 	2.4124689e-19 	-0.00076686813 	0.068352702
0.003009009 	0.28024398 	2.2910276e-19 	-0.00076870879 	0.068168717
0.003021021 	0.28024456 	2.1695863e-19 	-0.00077054946 	0.067984732
0.003033033 	0.28024514 	2.048145e-19 	-0.00077239012 	0.067800747
0.003045045 	0.28024572 	1.9267037e-19 	-0.00077423079 	0.067616762
0.0030570571 	0.2802463 	1.8052624e-19 	-0.00077607145 	0.067432777
0.0030690691 	0.28024688 	1.6838211e-19 	-0.00077791212 	0.067248792
0.0030810811 	0.28024746 	1.5623798e-19 	-0.00077975278 	0.067064808
0.0030930931 	0.28024804 	1.4409385e-19 	-0.00078159345 	0.066880823
0.0031051051 	0.28024847 	1.355391e-19 	-0.00078278468 	0.066698724
0.0031171171 	0.28024863 	1.3317002e-19 	-0.00078285673 	0.066519876
0.0031291291 	0.2802488 	1.3080095e-19 	-0.00078292878 	0.066341028
0.0031411411 	0.28024896 	1.2843188e-19 	-0.00078300083 	0.066162179
0.0031531532 	0.28024913 	1.260628e-19 	-0.00078307287 	0.065983331
0.0031651652 	0.2802493 	1.2369373e-19 	-0.00078314492 	0.065804483
0.0031771772 	0.28024946 	1.2132465e-19 	-0.00078321697 	0.065625635
0.0031891892 	0.28024963 	1.1895558e-19 	-0.00078328902 	0.065446786
0.0032012012 	0.28024979 	1.1658651e-19 	-0.00078336107 	0.065267938
0.0032132132 	0.28024996 	1.1421743e-19 	-0.00078343311 	0.06508909
0.0032252252 	0.28025012 	1.1184836e-19 	-0.00078350516 	0.064910242
0.0032372372 	0.28025029 	1.0947929e-19 	-0.00078357721 	0.064731394
0.0032492492 	0.28025045 	1.0711021e-19 	-0.00078364926 	0.064552545
0.0032612613 	0.28025062 	1.0474114e-19 	-0.0007837213 	0.064373697
0.0032732733 	0.28025078 	1.0237206e-19 	-0.00078379335 	0.064194849
0.0032852853 	0.28025095 	1.0000299e-19 	-0.0007838654 	0.064016001
0.0032972973 	0.28025111 	9.7633916e-20 	-0.00078393745 	0.063837152
0.0033093093 	0.28025128 	9.5264842e-20 	-0.0007840095 	0.063658304
0.0033213213 	0.28025144 	9.2895769e-20 	-0.00078408154 	0.063479456
0.0033333333 	0.28025161 	9.0526695e-20 	-0.00078415359 	0.063300608
0.0033453453 	0.28025177 	8.8157621e-20 	-0.00078422564 	0.06312176
0.0033573574 	0.28025194 	8.5788547e-20 	-0.00078429769 	0.062942911
0.0033693694 	0.28025211 	8.3419473e-20 	-0.00078436973 	0.062764063
0.0033813814 	0.28025227 	8.10504e-20 	-0.00078444178 	0.062585215
0.0033933934 	0.28025244 	7.8681326e-20 	-0.00078451383 	0.062406367
0.0034054054 	0.2802526 	7.6312252e-20 	-0.00078458588 	0.062227518
0.0034174174 	0.28025277 	7.3943178e-20 	-0.00078465793 	0.06204867
0.0034294294 	0.28025293 	7.1574104e-20 	-0.00078472997 	0.061869822
0.0034414414 	0.28025334 	6.9515939e-20 	-0.00078507026 	0.061667042
0.0034534535 	0.28025393 	6.769824e-20 	-0.00078561802 	0.061445751
0.0034654655 	0.28025453 	6.588054e-20 	-0.00078616577 	0.061224461
0.0034774775 	0.28025512 	6.406284e-20 	-0.00078671352 	0.061003171
0.0034894895 	0.28025572 	6.224514e-20 	-0.00078726128 	0.060781881
0.0035015015 	0.28025631 	6.0427441e-20 	-0.00078780903 	0.060560591
0.0035135135 	0.28025691 	5.8609741e-20 	-0.00078835679 	0.060339301
0.0035255255 	0.2802575 	5.6792041e-20 	-0.00078890454 	0.06011801
0.0035375375 	0.2802581 	5.4974341e-20 	-0.00078945229 	0.05989672
0.0035495495 	0.28025869 	5.3156642e-20 	-0.00079000005 	0.05967543
0.0035615616 	0.28025929 	5.1338942e-20 	-0.0007905478 	0.05945414
0.0035735736 	0.28025988 	4.9521242e-20 	-0.00079109555 	0.05923285
0.0035855856 	0.28026047 	4.7703542e-20 	-0.00079164331 	0.059011559
0.0035975976 	0.28026072 	4.6500545e-20 	-0.00079101971 	0.058794941
0.0036096096 	0.28026088 	4.5455367e-20 	-0.00079009537 	0.058579523
0.0036216216 	0.28026103 	4.441019e-20 	-0.00078917103 	0.058364105
0.0036336336 	0.28026119 	4.3365013e-20 	-0.00078824669 	0.058148686
0.0036456456 	0.28026134 	4.2319835e-20 	-0.00078732236 	0.057933268
0.0036576577 	0.2802615 	4.1274658e-20 	-0.00078639802 	0.057717849
0.0036696697 	0.28026166 	4.0229481e-20 	-0.00078547368 	0.057502431
0.0036816817 	0.28026181 	3.9184303e-20 	-0.00078454934 	0.057287013
0.0036936937 	0.28026197 	3.8139126e-20 	-0.00078362501 	0.057071594
0.0037057057 	0.28026212 	3.7093949e-20 	-0.00078270067 	0.056856176
0.0037177177 	0.28026228 	3.6048771e-20 	-0.00078177633 	0.056640757
0.0037297297 	0.28026243 	3.5003594e-20 	-0.00078085199 	0.056425339
0.0037417417 	0.28026259 	3.3958416e-20 	-0.00077992765 	0.056209921
0.0037537538 	0.28026275 	3.2913239e-20 	-0.00077900332 	0.055994502
0.0037657658 	0.2802629 	3.1868062e-20 	-0.00077807898 	0.055779084
0.0037777778 	0.28026306 	3.0822884e-20 	-0.00077715464 	0.055563665
0.0037897898 	0.28026321 	2.9777707e-20 	-0.0007762303 	0.055348247
0.0038018018 	0.28026337 	2.873253e-20 	-0.00077530597 	0.055132829
0.0038138138 	0.28026353 	2.7687352e-20 	-0.00077438163 	0.05491741
0.0038258258 	0.28026368 	2.6642175e-20 	-0.00077345729 	0.054701992
0.0038378378 	0.28026384 	2.5596998e-20 	-0.00077253295 	0.054486573
0.0038498498 	0.28026399 	2.455182e-20 	-0.00077160862 	0.054271155
0.0038618619 	0.28026415 	2.3506643e-20 	-0.00077068428 	0.054055737
0.0038738739 	0.2802643 	2.2461465e-20 	-0.00076975994 	0.053840318
0.0038858859 	0.28026458 	2.0693335e-20 	-0.00076891537 	0.05361381
0.0038978979 	0.28026516 	1.7107439e-20 	-0.00076827136 	0.053359417
0.0039099099 	0.28026575 	1.3521543e-20 	-0.00076762734 	0.053105024
0.0039219219 	0.28026633 	9.9356472e-21 	-0.00076698333 	0.052850631
0.0039339339 	0.28026691 	6.3497511e-21 	-0.00076633932 	0.052596238
0.0039459459 	0.28026749 	2.763855e-21 	-0.00076569531 	0.052341845
0.003957958 	0.28026808 	-8.2204109e-22 	-0.0007650513 	0.052087452
0.00396997 	0.28026866 	-4.4079372e-21 	-0.00076440728 	0.051833059
0.003981982 	0.28026924 	-7.9938333e-21 	-0.00076376327 	0.051578666
0.003993994 	0.28026982 	-1.1579729e-20 	-0.00076311926 	0.051324273
0.004006006 	0.28027041 	-1.5165625e-20 	-0.00076247525 	0.05106988
0.004018018 	0.28027098 	-1.8672922e-20 	-0.00076179484 	0.050815675
0.00403003 	0.28027111 	-1.9475334e-20 	-0.00075986211 	0.050567934
0.004042042 	0.28027125 	-2.0277747e-20 	-0.00075792938 	0.050320193
0.0040540541 	0.28027139 	-2.1080159e-20 	-0.00075599665 	0.050072451
0.0040660661 	0.28027152 	-2.1882572e-20 	-0.00075406391 	0.04982471
0.0040780781 	0.28027166 	-2.2684985e-20 	-0.00075213118 	0.049576969
0.0040900901 	0.2802718 	-2.3487397e-20 	-0.00075019845 	0.049329228
0.0041021021 	0.28027193 	-2.428981e-20 	-0.00074826572 	0.049081486
0.0041141141 	0.28027207 	-2.5092222e-20 	-0.00074633299 	0.048833745
0.0041261261 	0.28027221 	-2.5894635e-20 	-0.00074440025 	0.048586004
0.0041381381 	0.28027234 	-2.6697048e-20 	-0.00074246752 	0.048338263
0.0041501502 	0.28027248 	-2.749946e-20 	-0.00074053479 	0.048090521
0.0041621622 	0.28027262 	-2.8301873e-20 	-0.00073860206 	0.04784278
0.0041741742 	0.28027275 	-2.9104286e-20 	-0.00073666932 	0.047595039
0.0041861862 	0.28027289 	-2.9906698e-20 	-0.00073473659 	0.047347298
0.0041981982 	0.28027303 	-3.0709111e-20 	-0.00073280386 	0.047099556
0.0042102102 	0.28027316 	-3.1511523e-20 	-0.00073087113 	0.046851815
0.0042222222 	0.2802733 	-3.2313936e-20 	-0.0007289384 	0.046604074
0.0042342342 	0.28027344 	-3.3116349e-20 	-0.00072700566 	0.046356333
0.0042462462 	0.28027357 	-3.3918761e-20 	-0.00072507293 	0.046108591
0.0042582583 	0.28027371 	-3.4721174e-20 	-0.0007231402 	0.04586085
0.0042702703 	0.28027385 	-3.5523586e-20 	-0.00072120747 	0.045613109
0.0042822823 	0.28027416 	-3.064196e-20 	-0.00071939017 	0.045350818
0.0042942943 	0.2802747 	-1.9484427e-20 	-0.00071773266 	0.045068388
0.0043063063 	0.28027525 	-8.3268935e-21 	-0.00071607515 	0.044785957
0.0043183183 	0.2802758 	2.8306396e-21 	-0.00071441764 	0.044503527
0.0043303303 	0.28027635 	1.3988173e-20 	-0.00071276014 	0.044221096
0.0043423423 	0.2802769 	2.5145706e-20 	-0.00071110263 	0.043938666
0.0043543544 	0.28027744 	3.6303239e-20 	-0.00070944512 	0.043656235
0.0043663664 	0.28027799 	4.7460772e-20 	-0.00070778761 	0.043373805
0.0043783784 	0.28027854 	5.8618305e-20 	-0.0007061301 	0.043091374
0.0043903904 	0.28027909 	6.9775838e-20 	-0.0007044726 	0.042808944
0.0044024024 	0.28027942 	-2.1397557e-15 	-0.0007022053 	0.042529927
0.0044144144 	0.28027953 	-6.4543745e-15 	-0.00069931826 	0.042254381
0.0044264264 	0.28027964 	-1.0768993e-14 	-0.00069643122 	0.041978834
0.0044384384 	0.28027975 	-1.5083612e-14 	-0.00069354418 	0.041703288
0.0044504505 	0.28027987 	-1.9398231e-14 	-0.00069065713 	0.041427741
0.0044624625 	0.28027998 	-2.371285e-14 	-0.00068777009 	0.041152195
0.0044744745 	0.28028009 	-2.8027469e-14 	-0.00068488305 	0.040876648
0.0044864865 	0.2802802 	-3.2342087e-14 	-0.00068199601 	0.040601102
0.0044984985 	0.28028031 	-3.6656706e-14 	-0.00067910897 	0.040325555
0.0045105105 	0.28028042 	-4.0971325e-14 	-0.00067622192 	0.040050009
0.0045225225 	0.28028054 	-4.5285944e-14 	-0.00067333488 	0.039774462
0.0045345345 	0.28028065 	-4.9600563e-14 	-0.00067044784 	0.039498916
0.0045465465 	0.28028076 	-5.3915182e-14 	-0.0006675608 	0.039223369
0.0045585586 	0.28028087 	-5.82298e-14 	-0.00066467376 	0.038947823
0.0045705706 	0.28028098 	-6.2544419e-14 	-0.00066178671 	0.038672276
0.0045825826 	0.28028109 	-6.6859038e-14 	-0.00065889967 	0.03839673
0.0045945946 	0.28028121 	-7.1173657e-14 	-0.00065601263 	0.038121183
0.0046066066 	0.28028132 	-7.5488276e-14 	-0.00065312559 	0.037845637
0.0046186186 	0.28028143 	-7.9802894e-14 	-0.00065023855 	0.03757009
0.0046306306 	0.28028171 	-8.2194067e-14 	-0.00064752797 	0.037281593
0.0046426426 	0.28028221 	-8.2194066e-14 	-0.00064503677 	0.036976995
0.0046546547 	0.28028271 	-8.2194065e-14 	-0.00064254557 	0.036672397
0.0046666667 	0.2802832 	-8.2194064e-14 	-0.00064005437 	0.036367799
0.0046786787 	0.2802837 	-8.2194063e-14 	-0.00063756317 	0.036063201
0.0046906907 	0.2802842 	-8.2194062e-14 	-0.00063507197 	0.035758604
0.0047027027 	0.28028469 	-8.2194061e-14 	-0.00063258077 	0.035454006
0.0047147147 	0.28028519 	-8.219406e-14 	-0.00063008957 	0.035149408
0.0047267267 	0.28028569 	-8.2194059e-14 	-0.00062759837 	0.03484481
0.0047387387 	0.28028589 	-8.5606473e-14 	-0.00062430038 	0.034544329
0.0047507508 	0.28028598 	-9.0499815e-14 	-0.00062065226 	0.034245633
0.0047627628 	0.28028606 	-9.5393156e-14 	-0.00061700414 	0.033946938
0.0047747748 	0.28028615 	-1.002865e-13 	-0.00061335602 	0.033648243
0.0047867868 	0.28028623 	-1.0517984e-13 	-0.0006097079 	0.033349547
0.0047987988 	0.28028631 	-1.1007318e-13 	-0.00060605978 	0.033050852
0.0048108108 	0.2802864 	-1.1496652e-13 	-0.00060241166 	0.032752157
0.0048228228 	0.28028648 	-1.1985986e-13 	-0.00059876354 	0.032453461
0.0048348348 	0.28028656 	-1.2475321e-13 	-0.00059511542 	0.032154766
0.0048468468 	0.28028665 	-1.2964655e-13 	-0.0005914673 	0.031856071
0.0048588589 	0.28028673 	-1.3453989e-13 	-0.00058781918 	0.031557375
0.0048708709 	0.28028681 	-1.3943323e-13 	-0.00058417106 	0.03125868
0.0048828829 	0.2802869 	-1.4432657e-13 	-0.00058052294 	0.030959985
0.0048948949 	0.28028698 	-1.4921991e-13 	-0.00057687482 	0.030661289
0.0049069069 	0.28028707 	-1.5411325e-13 	-0.0005732267 	0.030362594
0.0049189189 	0.28028715 	-1.590066e-13 	-0.00056957858 	0.030063899
0.0049309309 	0.28028723 	-1.6389994e-13 	-0.00056593046 	0.029765204
0.0049429429 	0.28028764 	-1.6437503e-13 	-0.00056235639 	0.029446674
0.004954955 	0.28028807 	-1.6437504e-13 	-0.00055879029 	0.029126012
0.004966967 	0.28028851 	-1.6437505e-13 	-0.0005552242 	0.02880535
0.004978979 	0.28028895 	-1.6437506e-13 	-0.0005516581 	0.028484688
0.004990991 	0.28028938 	-1.6437507e-13 	-0.000548092 	0.028164026
0.005003003 	0.28028982 	-1.6437507e-13 	-0.0005445259 	0.027843364
0.005015015 	0.28029026 	-1.6437508e-13 	-0.0005409598 	0.027522701
0.005027027 	0.28029062 	-1.6331758e-13 	-0.00053730018 	0.027202729
0.005039039 	0.28029068 	-1.5776243e-13 	-0.00053324279 	0.02688569
0.0050510511 	0.28029073 	-1.5220727e-13 	-0.0005291854 	0.02656865
0.0050630631 	0.28029079 	-1.4665212e-13 	-0.00052512801 	0.026251611
0.0050750751 	0.28029084 	-1.4109696e-13 	-0.00052107062 	0.025934572
0.0050870871 	0.2802909 	-1.3554181e-13 	-0.00051701323 	0.025617532
0.0050990991 	0.28029095 	-1.2998665e-13 	-0.00051295584 	0.025300493
0.0051111111 	0.28029101 	-1.244315e-13 	-0.00050889845 	0.024983454
0.0051231231 	0.28029106 	-1.1887634e-13 	-0.00050484107 	0.024666415
0.0051351351 	0.28029112 	-1.1332119e-13 	-0.00050078368 	0.024349375
0.0051471471 	0.28029117 	-1.0776603e-13 	-0.00049672629 	0.024032336
0.0051591592 	0.28029123 	-1.0221088e-13 	-0.0004926689 	0.023715297
0.0051711712 	0.28029128 	-9.6655725e-14 	-0.00048861151 	0.023398257
0.0051831832 	0.28029134 	-9.1100571e-14 	-0.00048455412 	0.023081218
0.0051951952 	0.28029139 	-8.5545416e-14 	-0.00048049673 	0.022764179
0.0052072072 	0.28029158 	-8.2126369e-14 	-0.00047573002 	0.022441647
0.0052192192 	0.28029196 	-8.2126376e-14 	-0.00046982798 	0.022110325
0.0052312312 	0.28029235 	-8.2126382e-14 	-0.00046392594 	0.021779003
0.0052432432 	0.28029273 	-8.2126388e-14 	-0.0004580239 	0.021447681
0.0052552553 	0.28029311 	-8.2126394e-14 	-0.00045212185 	0.021116359
0.0052672673 	0.2802935 	-8.21264e-14 	-0.00044621981 	0.020785037
0.0052792793 	0.28029388 	-8.2126406e-14 	-0.00044031777 	0.020453714
0.0052912913 	0.28029406 	-7.9550718e-14 	-0.00043550974 	0.02012282
0.0053033033 	0.28029409 	-7.5149432e-14 	-0.00043147712 	0.019792229
0.0053153153 	0.28029411 	-7.0748146e-14 	-0.00042744449 	0.019461638
0.0053273273 	0.28029414 	-6.6346859e-14 	-0.00042341187 	0.019131047
0.0053393393 	0.28029417 	-6.1945573e-14 	-0.00041937925 	0.018800456
0.0053513514 	0.2802942 	-5.7544286e-14 	-0.00041534662 	0.018469865
0.0053633634 	0.28029422 	-5.3143e-14 	-0.000411314 	0.018139274
0.0053753754 	0.28029425 	-4.8741714e-14 	-0.00040728138 	0.017808683
0.0053873874 	0.28029428 	-4.4340427e-14 	-0.00040324876 	0.017478092
0.0053993994 	0.28029431 	-3.9939141e-14 	-0.00039921613 	0.017147501
0.0054114114 	0.28029434 	-3.5537854e-14 	-0.00039518351 	0.01681691
0.0054234234 	0.28029436 	-3.1136568e-14 	-0.00039115089 	0.016486319
0.0054354354 	0.28029439 	-2.6735281e-14 	-0.00038711827 	0.016155728
0.0054474474 	0.2802946 	-2.4677747e-14 	-0.00037943239 	0.015821524
0.0054594595 	0.28029496 	-2.4677741e-14 	-0.00036853941 	0.015484149
0.0054714715 	0.28029532 	-2.4677736e-14 	-0.00035764642 	0.015146773
0.0054834835 	0.28029568 	-2.467773e-14 	-0.00034675344 	0.014809398
0.0054954955 	0.28029604 	-2.4677725e-14 	-0.00033586045 	0.014472022
0.0055075075 	0.28029641 	-2.4677719e-14 	-0.00032496747 	0.014134646
0.0055195195 	0.28029657 	-2.5445304e-14 	-0.00031801542 	0.013796008
0.0055315315 	0.28029658 	-2.6871249e-14 	-0.0003144435 	0.013456287
0.0055435435 	0.28029658 	-2.8297195e-14 	-0.00031087158 	0.013116566
0.0055555556 	0.28029658 	-2.9723141e-14 	-0.00030729966 	0.012776845
0.0055675676 	0.28029658 	-3.1149086e-14 	-0.00030372775 	0.012437124
0.0055795796 	0.28029659 	-3.2575032e-14 	-0.00030015583 	0.012097403
0.0055915916 	0.28029659 	-3.4000978e-14 	-0.00029658391 	0.011757682
0.0056036036 	0.28029659 	-3.5426923e-14 	-0.00029301199 	0.011417961
0.0056156156 	0.28029659 	-3.6852869e-14 	-0.00028944008 	0.011078239
0.0056276276 	0.28029659 	-3.8278815e-14 	-0.00028586816 	0.010738518
0.0056396396 	0.2802966 	-3.970476e-14 	-0.00028229624 	0.010398797
0.0056516517 	0.28029661 	-4.1088481e-14 	-0.00027823481 	0.01005912
0.0056636637 	0.28029698 	-4.1159177e-14 	-0.00025895132 	0.0097208042
0.0056756757 	0.28029735 	-4.1229874e-14 	-0.00023966784 	0.0093824886
0.0056876877 	0.28029772 	-4.1300571e-14 	-0.00022038435 	0.0090441729
0.0056996997 	0.28029808 	-4.1371267e-14 	-0.00020110087 	0.0087058572
0.0057117117 	0.28029845 	-4.1441964e-14 	-0.00018181739 	0.0083675416
0.0057237237 	0.28029853 	-4.0310514e-14 	-0.0001749081 	0.008024126
0.0057357357 	0.28029851 	-3.8771282e-14 	-0.00017219628 	0.0076789804
0.0057477477 	0.28029849 	-3.7232051e-14 	-0.00016948445 	0.0073338348
0.0057597598 	0.28029848 	-3.569282e-14 	-0.00016677263 	0.0069886892
0.0057717718 	0.28029846 	-3.4153589e-14 	-0.0001640608 	0.0066435436
0.0057837838 	0.28029844 	-3.2614358e-14 	-0.00016134898 	0.0062983981
0.0057957958 	0.28029842 	-3.1075127e-14 	-0.00015863715 	0.0059532525
0.0058078078 	0.2802984 	-2.9535896e-14 	-0.00015592533 	0.0056081069
0.0058198198 	0.28029838 	-2.7996665e-14 	-0.0001532135 	0.0052629613
0.0058318318 	0.28029836 	-2.6457434e-14 	-0.00015050168 	0.0049178158
0.0058438438 	0.28029847 	-2.5796702e-14 	-0.00013197833 	0.0045751388
0.0058558559 	0.28029866 	-2.5716503e-14 	-0.00010300637 	0.0042340932
0.0058678679 	0.28029885 	-2.5636303e-14 	-7.4034413e-05 	0.0038930475
0.0058798799 	0.28029903 	-2.5556104e-14 	-4.5062456e-05 	0.0035520019
0.0058918919 	0.28029922 	-2.5475905e-14 	-1.6090499e-05 	0.0032109563
0.0059039039 	0.28029922 	-2.2784532e-14 	-1.2926058e-05 	0.0028549798
0.0059159159 	0.2802992 	-1.9936466e-14 	-1.1310301e-05 	0.0024981073
0.0059279279 	0.28029919 	-1.7088399e-14 	-9.6945436e-06 	0.0021412348
0.0059399399 	0.28029917 	-1.4240333e-14 	-8.0787863e-06 	0.0017843624
0.005951952 	0.28029916 	-1.1392266e-14 	-6.4630291e-06 	0.0014274899
0.005963964 	0.28029914 	-8.5441995e-15 	-4.8472718e-06 	0.0010706174
0.005975976 	0.28029913 	-5.696133e-15 	-3.2315145e-06 	0.00071374494
0.005987988 	0.28029912 	-2.8480665e-15 	-1.6157573e-06 	0.00035687247
0.006 	0.2802991 	-2.056528e-26 	-1.1667038e-17 	2.5768999e-15
