-0.006 	-0.018192533 	0 	0 	0
-0.005987988 	-0.018192511 	-2.4522979e-09 	1.0256024e-06 	-0.00052708149
-0.005975976 	-0.01819249 	-4.9045959e-09 	2.0512048e-06 	-0.001054163
-0.005963964 	-0.018192469 	-7.3568938e-09 	3.0768072e-06 	-0.0015812445
-0.005951952 	-0.018192447 	-9.8091918e-09 	4.1024097e-06 	-0.002108326
-0.0059399399 	-0.018192426 	-1.226149e-08 	5.1280121e-06 	-0.0026354075
-0.0059279279 	-0.018192405 	-1.4921154e-08 	6.13399e-06 	-0.0031677704
-0.0059159159 	-0.018192384 	-1.8134576e-08 	7.0875621e-06 	-0.0037142373
-0.0059039039 	-0.018192364 	-2.1347998e-08 	8.0411341e-06 	-0.0042607041
-0.0058918919 	-0.018192343 	-2.456142e-08 	8.9947062e-06 	-0.0048071709
-0.0058798799 	-0.018192323 	-2.7774842e-08 	9.9482782e-06 	-0.0053536378
-0.0058678679 	-0.018192303 	-3.0988264e-08 	1.090185e-05 	-0.0059001046
-0.0058558559 	-0.018192273 	-3.4080189e-08 	1.2868023e-05 	-0.0063953594
-0.0058438438 	-0.018192238 	-3.7097689e-08 	1.5454492e-05 	-0.0068592429
-0.0058318318 	-0.018192204 	-4.0115188e-08 	1.8040961e-05 	-0.0073231265
-0.0058198198 	-0.018192169 	-4.3132688e-08 	2.062743e-05 	-0.00778701
-0.0058078078 	-0.018192134 	-4.6150187e-08 	2.32139e-05 	-0.0082508935
-0.0057957958 	-0.018192099 	-4.9167687e-08 	2.5800369e-05 	-0.008714777
-0.0057837838 	-0.018192065 	-5.2273955e-08 	2.836454e-05 	-0.0091807048
-0.0057717718 	-0.018192032 	-5.6011454e-08 	3.0770154e-05 	-0.009661169
-0.0057597598 	-0.018192 	-5.9748953e-08 	3.3175768e-05 	-0.010141633
-0.0057477477 	-0.018191968 	-6.3486452e-08 	3.5581381e-05 	-0.010622098
-0.0057357357 	-0.018191935 	-6.7223952e-08 	3.7986995e-05 	-0.011102562
-0.0057237237 	-0.018191903 	-7.0961451e-08 	4.0392609e-05 	-0.011583026
-0.0057117117 	-0.01819187 	-7.469895e-08 	4.2798223e-05 	-0.01206349
-0.0056996997 	-0.01819184 	-7.839112e-08 	4.6547994e-05 	-0.012491746
-0.0056876877 	-0.018191811 	-8.2064937e-08 	5.0842025e-05 	-0.012898861
-0.0056756757 	-0.018191782 	-8.5738754e-08 	5.5136056e-05 	-0.013305977
-0.0056636637 	-0.018191753 	-8.9412571e-08 	5.9430087e-05 	-0.013713093
-0.0056516517 	-0.018191725 	-9.3086389e-08 	6.3724118e-05 	-0.014120208
-0.0056396396 	-0.018191696 	-9.6760206e-08 	6.8018149e-05 	-0.014527324
-0.0056276276 	-0.018191667 	-1.0043402e-07 	7.231218e-05 	-0.014934439
-0.0056156156 	-0.018191638 	-1.0434233e-07 	7.6502036e-05 	-0.015346356
-0.0056036036 	-0.018191611 	-1.0870108e-07 	8.0491772e-05 	-0.015767496
-0.0055915916 	-0.018191585 	-1.1305984e-07 	8.4481507e-05 	-0.016188636
-0.0055795796 	-0.018191558 	-1.1741859e-07 	8.8471243e-05 	-0.016609776
-0.0055675676 	-0.018191531 	-1.2177735e-07 	9.2460979e-05 	-0.017030915
-0.0055555556 	-0.018191504 	-1.2613611e-07 	9.6450715e-05 	-0.017452055
-0.0055435435 	-0.018191477 	-1.3049486e-07 	0.00010044045 	-0.017873195
-0.0055315315 	-0.018191451 	-1.3485184e-07 	0.00010456351 	-0.018288648
-0.0055195195 	-0.018191432 	-1.3918508e-07 	0.00011046585 	-0.018628211
-0.0055075075 	-0.018191414 	-1.4351831e-07 	0.00011636819 	-0.018967773
-0.0054954955 	-0.018191395 	-1.4785155e-07 	0.00012227054 	-0.019307336
-0.0054834835 	-0.018191377 	-1.5218479e-07 	0.00012817288 	-0.019646898
-0.0054714715 	-0.018191358 	-1.5651803e-07 	0.00013407522 	-0.019986461
-0.0054594595 	-0.018191339 	-1.6085127e-07 	0.00013997757 	-0.020326023
-0.0054474474 	-0.018191321 	-1.6518451e-07 	0.00014587991 	-0.020665586
-0.0054354354 	-0.018191302 	-1.6951774e-07 	0.00015178226 	-0.021005149
-0.0054234234 	-0.018191285 	-1.7430003e-07 	0.00015738117 	-0.021352622
-0.0054114114 	-0.018191268 	-1.7926532e-07 	0.00016285642 	-0.021703319
-0.0053993994 	-0.018191251 	-1.8423062e-07 	0.00016833168 	-0.022054017
-0.0053873874 	-0.018191234 	-1.8919591e-07 	0.00017380693 	-0.022404714
-0.0053753754 	-0.018191217 	-1.9416121e-07 	0.00017928218 	-0.022755412
-0.0053633634 	-0.0181912 	-1.991265e-07 	0.00018475743 	-0.023106109
-0.0053513514 	-0.018191183 	-2.040918e-07 	0.00019023269 	-0.023456806
-0.0053393393 	-0.018191166 	-2.0905709e-07 	0.00019570794 	-0.023807504
-0.0053273273 	-0.018191154 	-2.1401305e-07 	0.00020200562 	-0.024115546
-0.0053153153 	-0.018191147 	-2.1895808e-07 	0.00020926487 	-0.024373716
-0.0053033033 	-0.018191141 	-2.2390312e-07 	0.00021652411 	-0.024631887
-0.0052912913 	-0.018191135 	-2.2884816e-07 	0.00022378336 	-0.024890057
-0.0052792793 	-0.018191129 	-2.337932e-07 	0.0002310426 	-0.025148227
-0.0052672673 	-0.018191123 	-2.3873824e-07 	0.00023830185 	-0.025406398
-0.0052552553 	-0.018191117 	-2.4368327e-07 	0.00024556109 	-0.025664568
-0.0052432432 	-0.018191111 	-2.4862831e-07 	0.00025282034 	-0.025922738
-0.0052312312 	-0.018191105 	-2.5357335e-07 	0.00026007959 	-0.026180909
-0.0052192192 	-0.018191099 	-2.5851839e-07 	0.00026733883 	-0.026439079
-0.0052072072 	-0.018191093 	-2.6400509e-07 	0.00027406888 	-0.026704982
-0.0051951952 	-0.018191088 	-2.6950341e-07 	0.00028078757 	-0.02697105
-0.0051831832 	-0.018191083 	-2.7500173e-07 	0.00028750626 	-0.027237118
-0.0051711712 	-0.018191077 	-2.8050005e-07 	0.00029422496 	-0.027503187
-0.0051591592 	-0.018191072 	-2.8599837e-07 	0.00030094365 	-0.027769255
-0.0051471471 	-0.018191066 	-2.914967e-07 	0.00030766235 	-0.028035323
-0.0051351351 	-0.018191061 	-2.9699502e-07 	0.00031438104 	-0.028301391
-0.0051231231 	-0.018191056 	-3.0249334e-07 	0.00032109973 	-0.02856746
-0.0051111111 	-0.01819105 	-3.0799166e-07 	0.00032781843 	-0.028833528
-0.0050990991 	-0.018191054 	-3.1347462e-07 	0.00033546552 	-0.029033015
-0.0050870871 	-0.018191063 	-3.1894823e-07 	0.0003436779 	-0.029191962
-0.0050750751 	-0.018191072 	-3.2442183e-07 	0.00035189028 	-0.029350908
-0.0050630631 	-0.018191082 	-3.2989544e-07 	0.00036010266 	-0.029509854
-0.0050510511 	-0.018191091 	-3.3536905e-07 	0.00036831504 	-0.029668801
-0.005039039 	-0.0181911 	-3.4084266e-07 	0.00037652742 	-0.029827747
-0.005027027 	-0.018191109 	-3.4631626e-07 	0.0003847398 	-0.029986694
-0.005015015 	-0.018191119 	-3.5178987e-07 	0.00039295218 	-0.03014564
-0.005003003 	-0.018191128 	-3.5726348e-07 	0.00040116456 	-0.030304587
-0.004990991 	-0.018191137 	-3.6273709e-07 	0.00040937694 	-0.030463533
-0.004978979 	-0.018191146 	-3.6821069e-07 	0.00041758932 	-0.03062248
-0.004966967 	-0.018191155 	-3.7406252e-07 	0.00042525111 	-0.030785156
-0.004954955 	-0.018191164 	-3.7997287e-07 	0.0004328277 	-0.030948409
-0.0049429429 	-0.018191173 	-3.8588322e-07 	0.00044040429 	-0.031111662
-0.0049309309 	-0.018191182 	-3.9179357e-07 	0.00044798088 	-0.031274915
-0.0049189189 	-0.018191191 	-3.9770393e-07 	0.00045555747 	-0.031438168
-0.0049069069 	-0.0181912 	-4.0361428e-07 	0.00046313406 	-0.031601421
-0.0048948949 	-0.018191209 	-4.0952463e-07 	0.00047071065 	-0.031764674
-0.0048828829 	-0.018191218 	-4.1543498e-07 	0.00047828724 	-0.031927927
-0.0048708709 	-0.018191227 	-4.2134533e-07 	0.00048586384 	-0.03209118
-0.0048588589 	-0.018191235 	-4.2725568e-07 	0.00049344043 	-0.032254433
-0.0048468468 	-0.018191249 	-4.3317621e-07 	0.00050125201 	-0.032385771
-0.0048348348 	-0.018191277 	-4.3912698e-07 	0.00050976217 	-0.032422235
-0.0048228228 	-0.018191304 	-4.4507775e-07 	0.00051827234 	-0.032458698
-0.0048108108 	-0.018191332 	-4.5102852e-07 	0.0005267825 	-0.032495161
-0.0047987988 	-0.01819136 	-4.5697929e-07 	0.00053529266 	-0.032531625
-0.0047867868 	-0.018191387 	-4.6293006e-07 	0.00054380283 	-0.032568088
-0.0047747748 	-0.018191415 	-4.6888083e-07 	0.00055231299 	-0.032604551
-0.0047627628 	-0.018191443 	-4.748316e-07 	0.00056082315 	-0.032641015
-0.0047507508 	-0.01819147 	-4.8078237e-07 	0.00056933332 	-0.032677478
-0.0047387387 	-0.018191498 	-4.8673314e-07 	0.00057784348 	-0.032713941
-0.0047267267 	-0.018191526 	-4.9268391e-07 	0.00058635364 	-0.032750405
-0.0047147147 	-0.018191553 	-4.9863469e-07 	0.00059486381 	-0.032786868
-0.0047027027 	-0.018191581 	-5.0459904e-07 	0.00060333806 	-0.032823351
-0.0046906907 	-0.018191607 	-5.1081329e-07 	0.00061115165 	-0.032860192
-0.0046786787 	-0.018191633 	-5.1702754e-07 	0.00061896524 	-0.032897033
-0.0046666667 	-0.018191659 	-5.2324179e-07 	0.00062677883 	-0.032933874
-0.0046546547 	-0.018191685 	-5.2945604e-07 	0.00063459242 	-0.032970715
-0.0046426426 	-0.018191711 	-5.3567029e-07 	0.00064240601 	-0.033007555
-0.0046306306 	-0.018191737 	-5.4188454e-07 	0.0006502196 	-0.033044396
-0.0046186186 	-0.018191763 	-5.4809879e-07 	0.00065803319 	-0.033081237
-0.0046066066 	-0.018191789 	-5.5431304e-07 	0.00066584678 	-0.033118078
-0.0045945946 	-0.018191815 	-5.605273e-07 	0.00067366037 	-0.033154919
-0.0045825826 	-0.018191841 	-5.6674155e-07 	0.00068147396 	-0.03319176
-0.0045705706 	-0.018191867 	-5.729558e-07 	0.00068928755 	-0.033228601
-0.0045585586 	-0.018191894 	-5.7917446e-07 	0.00069710073 	-0.033263645
-0.0045465465 	-0.018191941 	-5.8576771e-07 	0.00070487833 	-0.033146215
-0.0045345345 	-0.018191988 	-5.9236095e-07 	0.00071265593 	-0.033028785
-0.0045225225 	-0.018192035 	-5.989542e-07 	0.00072043353 	-0.032911355
-0.0045105105 	-0.018192083 	-6.0554744e-07 	0.00072821113 	-0.032793925
-0.0044984985 	-0.01819213 	-6.1214069e-07 	0.00073598873 	-0.032676495
-0.0044864865 	-0.018192177 	-6.1873393e-07 	0.00074376633 	-0.032559065
-0.0044744745 	-0.018192225 	-6.2532718e-07 	0.00075154393 	-0.032441635
-0.0044624625 	-0.018192272 	-6.3192042e-07 	0.00075932154 	-0.032324205
-0.0044504505 	-0.018192319 	-6.3851367e-07 	0.00076709914 	-0.032206775
-0.0044384384 	-0.018192367 	-6.4510691e-07 	0.00077487674 	-0.032089345
-0.0044264264 	-0.018192414 	-6.5170016e-07 	0.00078265434 	-0.031971915
-0.0044144144 	-0.018192461 	-6.582934e-07 	0.00079043194 	-0.031854485
-0.0044024024 	-0.018192509 	-6.6488665e-07 	0.00079820954 	-0.031737055
-0.0043903904 	-0.018192555 	-6.7148018e-07 	0.00080586674 	-0.03161897
-0.0043783784 	-0.0181926 	-6.7807508e-07 	0.00081294778 	-0.031497749
-0.0043663664 	-0.018192644 	-6.8466997e-07 	0.00082002882 	-0.031376529
-0.0043543544 	-0.018192688 	-6.9126487e-07 	0.00082710986 	-0.031255308
-0.0043423423 	-0.018192732 	-6.9785977e-07 	0.0008341909 	-0.031134088
-0.0043303303 	-0.018192777 	-7.0445467e-07 	0.00084127193 	-0.031012867
-0.0043183183 	-0.018192821 	-7.1104956e-07 	0.00084835297 	-0.030891647
-0.0043063063 	-0.018192865 	-7.1764446e-07 	0.00085543401 	-0.030770426
-0.0042942943 	-0.018192909 	-7.2423936e-07 	0.00086251505 	-0.030649206
-0.0042822823 	-0.018192954 	-7.3083426e-07 	0.00086959609 	-0.030527985
-0.0042702703 	-0.018192998 	-7.3742915e-07 	0.00087667713 	-0.030406765
-0.0042582583 	-0.018193042 	-7.4402405e-07 	0.00088375817 	-0.030285544
-0.0042462462 	-0.018193086 	-7.5061895e-07 	0.00089083921 	-0.030164324
-0.0042342342 	-0.018193131 	-7.5721385e-07 	0.00089792025 	-0.030043103
-0.0042222222 	-0.018193184 	-7.6454378e-07 	0.000904191 	-0.029820795
-0.0042102102 	-0.018193247 	-7.7256362e-07 	0.00090970121 	-0.029503606
-0.0041981982 	-0.01819331 	-7.8058346e-07 	0.00091521143 	-0.029186416
-0.0041861862 	-0.018193373 	-7.8860331e-07 	0.00092072164 	-0.028869226
-0.0041741742 	-0.018193435 	-7.9662315e-07 	0.00092623185 	-0.028552037
-0.0041621622 	-0.018193498 	-8.0464299e-07 	0.00093174206 	-0.028234847
-0.0041501502 	-0.018193561 	-8.1266284e-07 	0.00093725227 	-0.027917658
-0.0041381381 	-0.018193623 	-8.2068268e-07 	0.00094276249 	-0.027600468
-0.0041261261 	-0.018193686 	-8.2870252e-07 	0.0009482727 	-0.027283278
-0.0041141141 	-0.018193749 	-8.3672237e-07 	0.00095378291 	-0.026966089
-0.0041021021 	-0.018193811 	-8.4474221e-07 	0.00095929312 	-0.026648899
-0.0040900901 	-0.018193874 	-8.5276205e-07 	0.00096480333 	-0.026331709
-0.0040780781 	-0.018193937 	-8.6078189e-07 	0.00097031355 	-0.02601452
-0.0040660661 	-0.018194 	-8.6880174e-07 	0.00097582376 	-0.02569733
-0.0040540541 	-0.018194062 	-8.7682158e-07 	0.00098133397 	-0.02538014
-0.004042042 	-0.018194125 	-8.8484142e-07 	0.00098684418 	-0.025062951
-0.00403003 	-0.018194184 	-8.925301e-07 	0.00099186403 	-0.024739378
-0.004018018 	-0.018194243 	-9.0014525e-07 	0.00099677502 	-0.024414388
-0.004006006 	-0.018194301 	-9.077604e-07 	0.001001686 	-0.024089399
-0.003993994 	-0.01819436 	-9.1537555e-07 	0.001006597 	-0.023764409
-0.003981982 	-0.018194419 	-9.2299069e-07 	0.001011508 	-0.023439419
-0.00396997 	-0.018194477 	-9.3060584e-07 	0.0010164189 	-0.023114429
-0.003957958 	-0.018194536 	-9.3822099e-07 	0.0010213299 	-0.02278944
-0.0039459459 	-0.018194594 	-9.4583614e-07 	0.0010262409 	-0.02246445
-0.0039339339 	-0.018194653 	-9.5345129e-07 	0.0010311519 	-0.02213946
-0.0039219219 	-0.018194712 	-9.6106644e-07 	0.0010360629 	-0.02181447
-0.0039099099 	-0.01819477 	-9.6868159e-07 	0.0010409739 	-0.021489481
-0.0038978979 	-0.018194829 	-9.7629674e-07 	0.0010458848 	-0.021164491
-0.0038858859 	-0.018194887 	-9.8391189e-07 	0.0010507958 	-0.020839501
-0.0038738739 	-0.018194946 	-9.9152704e-07 	0.0010557068 	-0.020514511
-0.0038618619 	-0.018195005 	-9.9914219e-07 	0.0010606178 	-0.020189522
-0.0038498498 	-0.018195066 	-1.0080413e-06 	0.0010642653 	-0.019776676
-0.0038378378 	-0.018195133 	-1.0195829e-06 	0.0010653122 	-0.019183005
-0.0038258258 	-0.0181952 	-1.0311245e-06 	0.0010663591 	-0.018589334
-0.0038138138 	-0.018195267 	-1.0426662e-06 	0.001067406 	-0.017995662
-0.0038018018 	-0.018195333 	-1.0542078e-06 	0.0010684529 	-0.017401991
-0.0037897898 	-0.0181954 	-1.0657495e-06 	0.0010694998 	-0.01680832
-0.0037777778 	-0.018195467 	-1.0772911e-06 	0.0010705467 	-0.016214649
-0.0037657658 	-0.018195534 	-1.0888328e-06 	0.0010715936 	-0.015620977
-0.0037537538 	-0.018195601 	-1.1003744e-06 	0.0010726405 	-0.015027306
-0.0037417417 	-0.018195668 	-1.1119161e-06 	0.0010736874 	-0.014433635
-0.0037297297 	-0.018195735 	-1.1234577e-06 	0.0010747343 	-0.013839963
-0.0037177177 	-0.018195802 	-1.1349994e-06 	0.0010757812 	-0.013246292
-0.0037057057 	-0.018195869 	-1.146541e-06 	0.0010768282 	-0.012652621
-0.0036936937 	-0.018195936 	-1.1580827e-06 	0.0010778751 	-0.01205895
-0.0036816817 	-0.018196002 	-1.1696243e-06 	0.001078922 	-0.011465278
-0.0036696697 	-0.018196069 	-1.181166e-06 	0.0010799689 	-0.010871607
-0.0036576577 	-0.018196136 	-1.1927076e-06 	0.0010810158 	-0.010277936
-0.0036456456 	-0.018196203 	-1.2042493e-06 	0.0010820627 	-0.0096842645
-0.0036336336 	-0.018196268 	-1.2152522e-06 	0.0010829214 	-0.0090852848
-0.0036216216 	-0.018196331 	-1.2257601e-06 	0.0010836072 	-0.0084814267
-0.0036096096 	-0.018196394 	-1.2362681e-06 	0.001084293 	-0.0078775685
-0.0035975976 	-0.018196456 	-1.246776e-06 	0.0010849788 	-0.0072737104
-0.0035855856 	-0.018196519 	-1.2572839e-06 	0.0010856646 	-0.0066698522
-0.0035735736 	-0.018196582 	-1.2677918e-06 	0.0010863504 	-0.0060659941
-0.0035615616 	-0.018196645 	-1.2782997e-06 	0.0010870362 	-0.0054621359
-0.0035495495 	-0.018196708 	-1.2888076e-06 	0.0010877219 	-0.0048582778
-0.0035375375 	-0.01819677 	-1.2993155e-06 	0.0010884077 	-0.0042544196
-0.0035255255 	-0.018196833 	-1.3098235e-06 	0.0010890935 	-0.0036505615
-0.0035135135 	-0.018196896 	-1.3203314e-06 	0.0010897793 	-0.0030467033
-0.0035015015 	-0.018196959 	-1.3308393e-06 	0.0010904651 	-0.0024428452
-0.0034894895 	-0.018197022 	-1.3413472e-06 	0.0010911509 	-0.001838987
-0.0034774775 	-0.018197084 	-1.3518551e-06 	0.0010918367 	-0.0012351289
-0.0034654655 	-0.018197147 	-1.362363e-06 	0.0010925225 	-0.00063127075
-0.0034534535 	-0.01819721 	-1.372871e-06 	0.0010932083 	-2.7412604e-05
-0.0034414414 	-0.018197273 	-1.3833789e-06 	0.001093894 	0.00057644554
-0.0034294294 	-0.018197336 	-1.3938868e-06 	0.0010945798 	0.0011803037
-0.0034174174 	-0.018197403 	-1.4122049e-06 	0.0010866592 	0.0021809012
-0.0034054054 	-0.018197471 	-1.4309419e-06 	0.001078277 	0.0032027796
-0.0033933934 	-0.018197538 	-1.449679e-06 	0.0010698947 	0.004224658
-0.0033813814 	-0.018197606 	-1.468416e-06 	0.0010615125 	0.0052465365
-0.0033693694 	-0.018197674 	-1.4871531e-06 	0.0010531302 	0.0062684149
-0.0033573574 	-0.018197741 	-1.5058901e-06 	0.001044748 	0.0072902934
-0.0033453453 	-0.018197809 	-1.5246272e-06 	0.0010363657 	0.0083121718
-0.0033333333 	-0.018197877 	-1.5433642e-06 	0.0010279835 	0.0093340502
-0.0033213213 	-0.018197944 	-1.5621012e-06 	0.0010196012 	0.010355929
-0.0033093093 	-0.018198012 	-1.5808383e-06 	0.001011219 	0.011377807
-0.0032972973 	-0.01819808 	-1.5995753e-06 	0.0010028367 	0.012399686
-0.0032852853 	-0.018198147 	-1.6183124e-06 	0.00099445446 	0.013421564
-0.0032732733 	-0.018198215 	-1.6370494e-06 	0.00098607221 	0.014443442
-0.0032612613 	-0.018198283 	-1.6557865e-06 	0.00097768995 	0.015465321
-0.0032492492 	-0.01819835 	-1.6745235e-06 	0.0009693077 	0.016487199
-0.0032372372 	-0.018198418 	-1.6932605e-06 	0.00096092545 	0.017509078
-0.0032252252 	-0.018198485 	-1.7119976e-06 	0.0009525432 	0.018530956
-0.0032132132 	-0.018198553 	-1.7307346e-06 	0.00094416095 	0.019552835
-0.0032012012 	-0.018198621 	-1.7494717e-06 	0.0009357787 	0.020574713
-0.0031891892 	-0.018198688 	-1.7682087e-06 	0.00092739645 	0.021596592
-0.0031771772 	-0.018198753 	-1.7855756e-06 	0.00091925647 	0.02262283
-0.0031651652 	-0.018198816 	-1.8024898e-06 	0.00091119654 	0.023650508
-0.0031531532 	-0.018198879 	-1.819404e-06 	0.0009031366 	0.024678187
-0.0031411411 	-0.018198942 	-1.8363182e-06 	0.00089507667 	0.025705865
-0.0031291291 	-0.018199006 	-1.8532324e-06 	0.00088701674 	0.026733544
-0.0031171171 	-0.018199069 	-1.8701466e-06 	0.00087895681 	0.027761222
-0.0031051051 	-0.018199132 	-1.8870608e-06 	0.00087089688 	0.028788901
-0.0030930931 	-0.018199195 	-1.903975e-06 	0.00086283695 	0.029816579
-0.0030810811 	-0.018199258 	-1.9208892e-06 	0.00085477702 	0.030844258
-0.0030690691 	-0.018199322 	-1.9378034e-06 	0.00084671709 	0.031871937
-0.0030570571 	-0.018199385 	-1.9547176e-06 	0.00083865716 	0.032899615
-0.003045045 	-0.018199448 	-1.9716319e-06 	0.00083059723 	0.033927294
-0.003033033 	-0.018199511 	-1.9885461e-06 	0.0008225373 	0.034954972
-0.003021021 	-0.018199574 	-2.0054603e-06 	0.00081447736 	0.035982651
-0.003009009 	-0.018199638 	-2.0223745e-06 	0.00080641743 	0.037010329
-0.002996997 	-0.018199701 	-2.0392887e-06 	0.0007983575 	0.038038008
-0.002984985 	-0.018199764 	-2.0562029e-06 	0.00079029757 	0.039065686
-0.002972973 	-0.018199827 	-2.0731171e-06 	0.00078223764 	0.040093365
-0.002960961 	-0.018199891 	-2.0900313e-06 	0.00077417771 	0.041121043
-0.0029489489 	-0.018199954 	-2.1069455e-06 	0.00076611778 	0.042148722
-0.0029369369 	-0.018199956 	-2.1261848e-06 	0.00075328336 	0.043363297
-0.0029249249 	-0.018199945 	-2.1459363e-06 	0.00073939733 	0.044619038
-0.0029129129 	-0.018199934 	-2.1656878e-06 	0.0007255113 	0.045874778
-0.0029009009 	-0.018199923 	-2.1854393e-06 	0.00071162526 	0.047130519
-0.0028888889 	-0.018199912 	-2.2051908e-06 	0.00069773923 	0.048386259
-0.0028768769 	-0.018199901 	-2.2249422e-06 	0.0006838532 	0.049642
-0.0028648649 	-0.018199891 	-2.2446937e-06 	0.00066996716 	0.050897741
-0.0028528529 	-0.01819988 	-2.2644452e-06 	0.00065608113 	0.052153481
-0.0028408408 	-0.018199869 	-2.2841967e-06 	0.0006421951 	0.053409222
-0.0028288288 	-0.018199858 	-2.3039482e-06 	0.00062830906 	0.054664962
-0.0028168168 	-0.018199847 	-2.3236997e-06 	0.00061442303 	0.055920703
-0.0028048048 	-0.018199836 	-2.3434512e-06 	0.000600537 	0.057176444
-0.0027927928 	-0.018199825 	-2.3632026e-06 	0.00058665097 	0.058432184
-0.0027807808 	-0.018199814 	-2.3829541e-06 	0.00057276493 	0.059687925
-0.0027687688 	-0.018199803 	-2.4027056e-06 	0.0005588789 	0.060943665
-0.0027567568 	-0.018199792 	-2.4224571e-06 	0.00054499287 	0.062199406
-0.0027447447 	-0.018199781 	-2.4422086e-06 	0.00053110683 	0.063455147
-0.0027327327 	-0.01819977 	-2.4619601e-06 	0.0005172208 	0.064710887
-0.0027207207 	-0.018199759 	-2.4817115e-06 	0.00050333477 	0.065966628
-0.0027087087 	-0.018199748 	-2.501463e-06 	0.00048944873 	0.067222368
-0.0026966967 	-0.018199737 	-2.5212145e-06 	0.0004755627 	0.068478109
-0.0026846847 	-0.018199726 	-2.540966e-06 	0.00046167667 	0.069733849
-0.0026726727 	-0.018199715 	-2.5607175e-06 	0.00044779063 	0.07098959
-0.0026606607 	-0.018199707 	-2.5791595e-06 	0.0004346582 	0.072234332
-0.0026486486 	-0.0181997 	-2.5974709e-06 	0.00042160095 	0.073477977
-0.0026366366 	-0.018199692 	-2.6157824e-06 	0.0004085437 	0.074721622
-0.0026246246 	-0.018199684 	-2.6340938e-06 	0.00039548645 	0.075965266
-0.0026126126 	-0.018199676 	-2.6524052e-06 	0.0003824292 	0.077208911
-0.0026006006 	-0.018199668 	-2.6707166e-06 	0.00036937195 	0.078452556
-0.0025885886 	-0.018199661 	-2.689028e-06 	0.0003563147 	0.079696201
-0.0025765766 	-0.018199653 	-2.7073394e-06 	0.00034325745 	0.080939845
-0.0025645646 	-0.018199645 	-2.7256508e-06 	0.0003302002 	0.08218349
-0.0025525526 	-0.018199637 	-2.7439622e-06 	0.00031714295 	0.083427135
-0.0025405405 	-0.018199629 	-2.7622737e-06 	0.0003040857 	0.08467078
-0.0025285285 	-0.018199621 	-2.7805851e-06 	0.00029102845 	0.085914424
-0.0025165165 	-0.018199614 	-2.7988965e-06 	0.0002779712 	0.087158069
-0.0025045045 	-0.018199606 	-2.8172079e-06 	0.00026491395 	0.088401714
-0.0024924925 	-0.018199598 	-2.8355193e-06 	0.0002518567 	0.089645359
-0.0024804805 	-0.01819959 	-2.8538307e-06 	0.00023879945 	0.090889003
-0.0024684685 	-0.018199582 	-2.8721421e-06 	0.0002257422 	0.092132648
-0.0024564565 	-0.018199575 	-2.8904536e-06 	0.00021268495 	0.093376293
-0.0024444444 	-0.018199567 	-2.908765e-06 	0.0001996277 	0.094619938
-0.0024324324 	-0.018199559 	-2.9270764e-06 	0.00018657045 	0.095863582
-0.0024204204 	-0.018199551 	-2.9453878e-06 	0.0001735132 	0.097107227
-0.0024084084 	-0.018199543 	-2.9636992e-06 	0.00016045595 	0.098350872
-0.0023963964 	-0.018199381 	-3.0037503e-06 	0.00012905425 	0.10131127
-0.0023843844 	-0.018198858 	-3.0945275e-06 	5.4848818e-05 	0.10827743
-0.0023723724 	-0.018198335 	-3.1853047e-06 	-1.9356613e-05 	0.11524359
-0.0023603604 	-0.018197855 	-3.2724778e-06 	-8.9463755e-05 	0.12205382
-0.0023483483 	-0.018197389 	-3.3585116e-06 	-0.00015827533 	0.12881476
-0.0023363363 	-0.018196997 	-3.4308807e-06 	-0.00021737538 	0.13464897
-0.0023243243 	-0.018196871 	-3.4541233e-06 	-0.00024156115 	0.13715143
-0.0023123123 	-0.018196745 	-3.477366e-06 	-0.00026574692 	0.1396539
-0.0023003003 	-0.018196623 	-3.5004637e-06 	-0.00028942983 	0.14213635
-0.0022882883 	-0.01819651 	-3.5232752e-06 	-0.00031212007 	0.1445793
-0.0022762763 	-0.018196396 	-3.5460868e-06 	-0.00033481032 	0.14702225
-0.0022642643 	-0.01819629 	-3.5659593e-06 	-0.00035826668 	0.14956624
-0.0022522523 	-0.018196193 	-3.5822774e-06 	-0.00038264957 	0.15223243
-0.0022402402 	-0.018196095 	-3.5985955e-06 	-0.00040703245 	0.15489863
-0.0022282282 	-0.018196 	-3.6149771e-06 	-0.0004311447 	0.15755246
-0.0022162162 	-0.018195911 	-3.6316401e-06 	-0.00045405864 	0.1601516
-0.0022042042 	-0.018195822 	-3.6483032e-06 	-0.00047697258 	0.16275074
-0.0021921922 	-0.018195733 	-3.6649662e-06 	-0.00049988653 	0.16534988
-0.0021801802 	-0.018195628 	-3.6743546e-06 	-0.00052431957 	0.16818331
-0.0021681682 	-0.01819552 	-3.6830523e-06 	-0.00054889683 	0.17103898
-0.0021561562 	-0.018195413 	-3.6917501e-06 	-0.00057347409 	0.17389465
-0.0021441441 	-0.018195308 	-3.7006979e-06 	-0.00059775479 	0.17673472
-0.0021321321 	-0.018195209 	-3.7106097e-06 	-0.00062089203 	0.17951466
-0.0021201201 	-0.018195111 	-3.7205215e-06 	-0.00064402927 	0.18229459
-0.0021081081 	-0.018195012 	-3.7304334e-06 	-0.00066716652 	0.18507453
-0.0020960961 	-0.018194902 	-3.7355295e-06 	-0.00069085504 	0.18799931
-0.0020840841 	-0.01819478 	-3.7357258e-06 	-0.00071510449 	0.19107146
-0.0020720721 	-0.018194658 	-3.7359221e-06 	-0.00073935394 	0.19414361
-0.0020600601 	-0.018194536 	-3.7361184e-06 	-0.00076360339 	0.19721576
-0.002048048 	-0.018194417 	-3.7369389e-06 	-0.00078745962 	0.20026311
-0.002036036 	-0.018194304 	-3.739285e-06 	-0.00081035481 	0.20324984
-0.002024024 	-0.018194192 	-3.7416311e-06 	-0.00083325 	0.20623657
-0.002012012 	-0.018194079 	-3.7439772e-06 	-0.00085614519 	0.2092233
-0.002 	-0.018193965 	-3.7453803e-06 	-0.00087905595 	0.21223668
-0.001987988 	-0.01819383 	-3.7361921e-06 	-0.00090214155 	0.21554926
-0.001975976 	-0.018193696 	-3.7270039e-06 	-0.00092522716 	0.21886185
-0.001963964 	-0.018193562 	-3.7178158e-06 	-0.00094831276 	0.22217444
-0.001951952 	-0.018193428 	-3.7086276e-06 	-0.00097139836 	0.22548702
-0.0019399399 	-0.018193297 	-3.700398e-06 	-0.00099411502 	0.22876985
-0.0019279279 	-0.018193172 	-3.6942857e-06 	-0.0010160167 	0.23198694
-0.0019159159 	-0.018193047 	-3.6881734e-06 	-0.0010379184 	0.23520404
-0.0019039039 	-0.018192923 	-3.6820611e-06 	-0.00105982 	0.23842113
-0.0018918919 	-0.018192798 	-3.6759488e-06 	-0.0010817217 	0.24163822
-0.0018798799 	-0.018192663 	-3.6628749e-06 	-0.0011029761 	0.24504276
-0.0018678679 	-0.018192519 	-3.643817e-06 	-0.0011236741 	0.24860841
-0.0018558559 	-0.018192374 	-3.6247591e-06 	-0.0011443721 	0.25217406
-0.0018438438 	-0.01819223 	-3.6057011e-06 	-0.0011650701 	0.25573971
-0.0018318318 	-0.018192086 	-3.5866432e-06 	-0.0011857681 	0.25930536
-0.0018198198 	-0.018191943 	-3.5680718e-06 	-0.0012063517 	0.26285774
-0.0018078078 	-0.018191808 	-3.552847e-06 	-0.0012261483 	0.26631889
-0.0017957958 	-0.018191672 	-3.5376221e-06 	-0.0012459448 	0.26978004
-0.0017837838 	-0.018191537 	-3.5223973e-06 	-0.0012657413 	0.27324119
-0.0017717718 	-0.018191402 	-3.5071724e-06 	-0.0012855379 	0.27670234
-0.0017597598 	-0.018191267 	-3.4919476e-06 	-0.0013053344 	0.28016349
-0.0017477477 	-0.01819112 	-3.4674185e-06 	-0.0013228492 	0.28386914
-0.0017357357 	-0.018190969 	-3.4391236e-06 	-0.0013394405 	0.28767375
-0.0017237237 	-0.018190818 	-3.4108286e-06 	-0.0013560318 	0.29147837
-0.0017117117 	-0.018190667 	-3.3825336e-06 	-0.001372623 	0.29528298
-0.0016996997 	-0.018190516 	-3.3542386e-06 	-0.0013892143 	0.29908759
-0.0016876877 	-0.018190365 	-3.3259436e-06 	-0.0014058055 	0.3028922
-0.0016756757 	-0.018190218 	-3.3000387e-06 	-0.0014221186 	0.30663385
-0.0016636637 	-0.018190075 	-3.2759053e-06 	-0.0014382256 	0.31032882
-0.0016516517 	-0.018189932 	-3.2517719e-06 	-0.0014543326 	0.31402379
-0.0016396396 	-0.018189789 	-3.2276385e-06 	-0.0014704396 	0.31771877
-0.0016276276 	-0.018189646 	-3.2035051e-06 	-0.0014865465 	0.32141374
-0.0016156156 	-0.018189503 	-3.1793717e-06 	-0.0015026535 	0.32510871
-0.0016036036 	-0.018189356 	-3.1506192e-06 	-0.0015162523 	0.32892573
-0.0015915916 	-0.018189203 	-3.1157918e-06 	-0.0015265524 	0.33290327
-0.0015795796 	-0.01818905 	-3.0809644e-06 	-0.0015368524 	0.33688081
-0.0015675676 	-0.018188897 	-3.046137e-06 	-0.0015471525 	0.34085835
-0.0015555556 	-0.018188745 	-3.0113095e-06 	-0.0015574526 	0.34483588
-0.0015435435 	-0.018188592 	-2.9764821e-06 	-0.0015677526 	0.34881342
-0.0015315315 	-0.018188439 	-2.9416547e-06 	-0.0015780527 	0.35279096
-0.0015195195 	-0.018188289 	-2.9085932e-06 	-0.0015883794 	0.35671851
-0.0015075075 	-0.018188143 	-2.8775228e-06 	-0.0015987361 	0.3605897
-0.0014954955 	-0.018187997 	-2.8464524e-06 	-0.0016090928 	0.36446088
-0.0014834835 	-0.018187851 	-2.8153821e-06 	-0.0016194495 	0.36833207
-0.0014714715 	-0.018187705 	-2.7843117e-06 	-0.0016298062 	0.37220325
-0.0014594595 	-0.018187559 	-2.7532413e-06 	-0.0016401629 	0.37607444
-0.0014474474 	-0.018187413 	-2.722171e-06 	-0.0016505196 	0.37994562
-0.0014354354 	-0.018187268 	-2.6886324e-06 	-0.0016565887 	0.3838814
-0.0014234234 	-0.018187124 	-2.6526515e-06 	-0.0016584152 	0.3878811
-0.0014114114 	-0.018186979 	-2.6166707e-06 	-0.0016602417 	0.39188079
-0.0013993994 	-0.018186835 	-2.5806899e-06 	-0.0016620683 	0.39588048
-0.0013873874 	-0.018186691 	-2.544709e-06 	-0.0016638948 	0.39988018
-0.0013753754 	-0.018186547 	-2.5087282e-06 	-0.0016657213 	0.40387987
-0.0013633634 	-0.018186403 	-2.4727474e-06 	-0.0016675478 	0.40787956
-0.0013513514 	-0.018186259 	-2.4367665e-06 	-0.0016693744 	0.41187925
-0.0013393393 	-0.018186118 	-2.4022886e-06 	-0.0016715763 	0.41582504
-0.0013273273 	-0.018185978 	-2.3687891e-06 	-0.0016740228 	0.41973574
-0.0013153153 	-0.018185838 	-2.3352896e-06 	-0.0016764692 	0.42364643
-0.0013033033 	-0.018185699 	-2.3017901e-06 	-0.0016789157 	0.42755713
-0.0012912913 	-0.018185559 	-2.2682906e-06 	-0.0016813621 	0.43146782
-0.0012792793 	-0.01818542 	-2.2347911e-06 	-0.0016838086 	0.43537852
-0.0012672673 	-0.01818528 	-2.2012916e-06 	-0.001686255 	0.43928921
-0.0012552553 	-0.01818514 	-2.1677921e-06 	-0.0016887014 	0.4431999
-0.0012432432 	-0.018185 	-2.1367585e-06 	-0.001683377 	0.44700862
-0.0012312312 	-0.018184858 	-2.1067694e-06 	-0.0016747614 	0.45077414
-0.0012192192 	-0.018184717 	-2.0767802e-06 	-0.0016661459 	0.45453966
-0.0012072072 	-0.018184576 	-2.046791e-06 	-0.0016575303 	0.45830518
-0.0011951952 	-0.018184435 	-2.0168019e-06 	-0.0016489148 	0.46207071
-0.0011831832 	-0.018184294 	-1.9868127e-06 	-0.0016402992 	0.46583623
-0.0011711712 	-0.018184152 	-1.9568235e-06 	-0.0016316836 	0.46960175
-0.0011591592 	-0.018184011 	-1.9268344e-06 	-0.0016230681 	0.47336727
-0.0011471471 	-0.01818387 	-1.8968452e-06 	-0.0016144525 	0.47713279
-0.0011351351 	-0.018183731 	-1.8673725e-06 	-0.0016066166 	0.4808579
-0.0011231231 	-0.018183594 	-1.8380767e-06 	-0.0015990478 	0.48456917
-0.0011111111 	-0.018183456 	-1.8087808e-06 	-0.0015914789 	0.48828044
-0.0010990991 	-0.018183318 	-1.779485e-06 	-0.0015839101 	0.49199171
-0.0010870871 	-0.01818318 	-1.7501892e-06 	-0.0015763413 	0.49570297
-0.0010750751 	-0.018183043 	-1.7208934e-06 	-0.0015687724 	0.49941424
-0.0010630631 	-0.018182905 	-1.6915976e-06 	-0.0015612036 	0.50312551
-0.0010510511 	-0.018182767 	-1.6623018e-06 	-0.0015536347 	0.50683677
-0.001039039 	-0.01818263 	-1.633006e-06 	-0.0015460659 	0.51054804
-0.001027027 	-0.018182559 	-1.6103764e-06 	-0.0015289164 	0.51417236
-0.001015015 	-0.018182508 	-1.5896251e-06 	-0.0015090672 	0.51777218
-0.001003003 	-0.018182458 	-1.5688739e-06 	-0.001489218 	0.521372
-0.00099099099 	-0.018182407 	-1.5481227e-06 	-0.0014693689 	0.52497182
-0.00097897898 	-0.018182356 	-1.5273715e-06 	-0.0014495197 	0.52857164
-0.00096696697 	-0.018182305 	-1.5066203e-06 	-0.0014296705 	0.53217146
-0.00095495495 	-0.018182254 	-1.485869e-06 	-0.0014098213 	0.53577128
-0.00094294294 	-0.018182203 	-1.4651178e-06 	-0.0013899722 	0.5393711
-0.00093093093 	-0.018182152 	-1.4443666e-06 	-0.001370123 	0.54297092
-0.00091891892 	-0.018182101 	-1.4236154e-06 	-0.0013502738 	0.54657074
-0.00090690691 	-0.018182046 	-1.402238e-06 	-0.0013310371 	0.55017542
-0.00089489489 	-0.018181989 	-1.3804759e-06 	-0.0013121767 	0.5537831
-0.00088288288 	-0.018181932 	-1.3587137e-06 	-0.0012933163 	0.55739077
-0.00087087087 	-0.018181874 	-1.3369516e-06 	-0.0012744559 	0.56099844
-0.00085885886 	-0.018181817 	-1.3151894e-06 	-0.0012555955 	0.56460611
-0.00084684685 	-0.01818176 	-1.2934273e-06 	-0.0012367351 	0.56821378
-0.00083483483 	-0.018181703 	-1.2716652e-06 	-0.0012178747 	0.57182146
-0.00082282282 	-0.018181646 	-1.249903e-06 	-0.0011990143 	0.57542913
-0.00081081081 	-0.018181589 	-1.2281409e-06 	-0.0011801539 	0.5790368
-0.0007987988 	-0.018181532 	-1.2063788e-06 	-0.0011612935 	0.58264447
-0.00078678679 	-0.01818149 	-1.1901003e-06 	-0.0011433736 	0.58552409
-0.00077477477 	-0.018181466 	-1.1805067e-06 	-0.0011266001 	0.5875162
-0.00076276276 	-0.018181442 	-1.170913e-06 	-0.0011098265 	0.5895083
-0.00075075075 	-0.018181419 	-1.1613193e-06 	-0.001093053 	0.59150041
-0.00073873874 	-0.018181395 	-1.1517256e-06 	-0.0010762794 	0.59349252
-0.00072672673 	-0.018181372 	-1.142132e-06 	-0.0010595059 	0.59548462
-0.00071471471 	-0.018181348 	-1.1325383e-06 	-0.0010427323 	0.59747673
-0.0007027027 	-0.018181324 	-1.1229446e-06 	-0.0010259588 	0.59946884
-0.00069069069 	-0.018181301 	-1.1133509e-06 	-0.0010091852 	0.60146094
-0.00067867868 	-0.018181277 	-1.1037573e-06 	-0.0009924117 	0.60345305
-0.00066666667 	-0.018181254 	-1.0941636e-06 	-0.00097563816 	0.60544516
-0.00065465465 	-0.01818123 	-1.0845699e-06 	-0.00095886461 	0.60743726
-0.00064264264 	-0.018181207 	-1.0749762e-06 	-0.00094209107 	0.60942937
-0.00063063063 	-0.018181183 	-1.0653826e-06 	-0.00092531752 	0.61142148
-0.00061861862 	-0.018181159 	-1.0557889e-06 	-0.00090854398 	0.61341358
-0.00060660661 	-0.018181136 	-1.0461952e-06 	-0.00089177044 	0.61540569
-0.00059459459 	-0.018181112 	-1.0366015e-06 	-0.00087499689 	0.6173978
-0.00058258258 	-0.018181092 	-1.0277132e-06 	-0.00085800463 	0.61937592
-0.00057057057 	-0.018181071 	-1.0189367e-06 	-0.00084097766 	0.62135183
-0.00055855856 	-0.018181051 	-1.0101602e-06 	-0.0008239507 	0.62332774
-0.00054654655 	-0.018181031 	-1.0013837e-06 	-0.00080692373 	0.62530364
-0.00053453453 	-0.018181011 	-9.9260725e-07 	-0.00078989677 	0.62727955
-0.00052252252 	-0.018180991 	-9.8383078e-07 	-0.0007728698 	0.62925546
-0.00051051051 	-0.01818097 	-9.750543e-07 	-0.00075584283 	0.63123137
-0.0004984985 	-0.01818095 	-9.6627782e-07 	-0.00073881587 	0.63320727
-0.00048648649 	-0.01818093 	-9.5750135e-07 	-0.0007217889 	0.63518318
-0.00047447447 	-0.01818091 	-9.4872487e-07 	-0.00070476194 	0.63715909
-0.00046246246 	-0.018180889 	-9.3994839e-07 	-0.00068773497 	0.63913499
-0.00045045045 	-0.018180869 	-9.3117192e-07 	-0.000670708 	0.6411109
-0.00043843844 	-0.018180849 	-9.2239544e-07 	-0.00065368104 	0.64308681
-0.00042642643 	-0.018180829 	-9.1361896e-07 	-0.00063665407 	0.64506272
-0.00041441441 	-0.018180809 	-9.0484249e-07 	-0.00061962711 	0.64703862
-0.0004024024 	-0.018180788 	-8.9606601e-07 	-0.00060260014 	0.64901453
-0.00039039039 	-0.018180763 	-8.8981008e-07 	-0.00058506629 	0.65042184
-0.00037837838 	-0.018180732 	-8.8633637e-07 	-0.00056697292 	0.65120153
-0.00036636637 	-0.018180701 	-8.8286267e-07 	-0.00054887956 	0.65198122
-0.00035435435 	-0.01818067 	-8.7938897e-07 	-0.00053078619 	0.6527609
-0.00034234234 	-0.018180639 	-8.7591527e-07 	-0.00051269282 	0.65354059
-0.00033033033 	-0.018180608 	-8.7244156e-07 	-0.00049459946 	0.65432027
-0.00031831832 	-0.018180577 	-8.6896786e-07 	-0.00047650609 	0.65509996
-0.00030630631 	-0.018180546 	-8.6549416e-07 	-0.00045841273 	0.65587965
-0.00029429429 	-0.018180515 	-8.6202045e-07 	-0.00044031936 	0.65665933
-0.00028228228 	-0.018180484 	-8.5854675e-07 	-0.00042222599 	0.65743902
-0.00027027027 	-0.018180453 	-8.5507305e-07 	-0.00040413263 	0.6582187
-0.00025825826 	-0.018180422 	-8.5159935e-07 	-0.00038603926 	0.65899839
-0.00024624625 	-0.018180391 	-8.4812564e-07 	-0.0003679459 	0.65977807
-0.00023423423 	-0.01818036 	-8.4465194e-07 	-0.00034985253 	0.66055776
-0.00022222222 	-0.018180329 	-8.4117824e-07 	-0.00033175916 	0.66133745
-0.00021021021 	-0.018180298 	-8.3770454e-07 	-0.0003136658 	0.66211713
-0.0001981982 	-0.018180267 	-8.3423083e-07 	-0.00029557243 	0.66289682
-0.00018618619 	-0.018180235 	-8.3102636e-07 	-0.00027768016 	0.66366344
-0.00017417417 	-0.018180202 	-8.2785593e-07 	-0.00025981332 	0.66442842
-0.00016216216 	-0.01818017 	-8.2468551e-07 	-0.00024194647 	0.66519339
-0.00015015015 	-0.018180137 	-8.2151508e-07 	-0.00022407963 	0.66595836
-0.00013813814 	-0.018180105 	-8.1834466e-07 	-0.00020621279 	0.66672333
-0.00012612613 	-0.018180072 	-8.1517423e-07 	-0.00018834595 	0.66748831
-0.00011411411 	-0.01818004 	-8.1200381e-07 	-0.00017047911 	0.66825328
-0.0001021021 	-0.018180007 	-8.0883338e-07 	-0.00015261226 	0.66901825
-9.009009e-05 	-0.018179975 	-8.0566296e-07 	-0.00013474542 	0.66978322
-7.8078078e-05 	-0.018179942 	-8.0249253e-07 	-0.00011687858 	0.6705482
-6.6066066e-05 	-0.01817991 	-7.9932211e-07 	-9.9011737e-05 	0.67131317
-5.4054054e-05 	-0.018179877 	-7.9615168e-07 	-8.1144895e-05 	0.67207814
-4.2042042e-05 	-0.018179845 	-7.9298125e-07 	-6.3278053e-05 	0.67284312
-3.003003e-05 	-0.018179812 	-7.8981083e-07 	-4.541121e-05 	0.67360809
-1.8018018e-05 	-0.01817978 	-7.866404e-07 	-2.7544368e-05 	0.67437306
-6.006006e-06 	-0.018179747 	-7.8346998e-07 	-9.6775261e-06 	0.67513803
6.006006e-06 	-0.018179746 	-7.8374491e-07 	8.3030021e-06 	0.67513056
1.8018018e-05 	-0.018179777 	-7.8746519e-07 	2.6397216e-05 	0.67435064
3.003003e-05 	-0.018179808 	-7.9118547e-07 	4.4491431e-05 	0.67357072
4.2042042e-05 	-0.018179839 	-7.9490576e-07 	6.2585645e-05 	0.67279081
5.4054054e-05 	-0.01817987 	-7.9862604e-07 	8.0679859e-05 	0.67201089
6.6066066e-05 	-0.018179901 	-8.0234632e-07 	9.8774073e-05 	0.67123097
7.8078078e-05 	-0.018179932 	-8.0606661e-07 	0.00011686829 	0.67045105
9.009009e-05 	-0.018179963 	-8.0978689e-07 	0.0001349625 	0.66967113
0.0001021021 	-0.018179994 	-8.1350718e-07 	0.00015305672 	0.66889121
0.00011411411 	-0.018180025 	-8.1722746e-07 	0.00017115093 	0.66811129
0.00012612613 	-0.018180057 	-8.2094774e-07 	0.00018924514 	0.66733137
0.00013813814 	-0.018180088 	-8.2466803e-07 	0.00020733936 	0.66655145
0.00015015015 	-0.018180119 	-8.2838831e-07 	0.00022543357 	0.66577154
0.00016216216 	-0.01818015 	-8.3210859e-07 	0.00024352779 	0.66499162
0.00017417417 	-0.018180181 	-8.3582888e-07 	0.000261622 	0.6642117
0.00018618619 	-0.018180212 	-8.3954916e-07 	0.00027971622 	0.66343178
0.0001981982 	-0.018180243 	-8.4326944e-07 	0.00029781043 	0.66265186
0.00021021021 	-0.018180275 	-8.4670565e-07 	0.00031569805 	0.66188538
0.00022222222 	-0.018180308 	-8.5011458e-07 	0.00033356585 	0.6611202
0.00023423423 	-0.01818034 	-8.5352351e-07 	0.00035143364 	0.66035502
0.00024624625 	-0.018180373 	-8.5693244e-07 	0.00036930143 	0.65958983
0.00025825826 	-0.018180405 	-8.6034137e-07 	0.00038716922 	0.65882465
0.00027027027 	-0.018180438 	-8.6375031e-07 	0.00040503701 	0.65805946
0.00028228228 	-0.018180471 	-8.6715924e-07 	0.0004229048 	0.65729428
0.00029429429 	-0.018180503 	-8.7056817e-07 	0.0004407726 	0.6565291
0.00030630631 	-0.018180536 	-8.739771e-07 	0.00045864039 	0.65576391
0.00031831832 	-0.018180568 	-8.7738603e-07 	0.00047650818 	0.65499873
0.00033033033 	-0.018180601 	-8.8079496e-07 	0.00049437597 	0.65423354
0.00034234234 	-0.018180634 	-8.8420389e-07 	0.00051224376 	0.65346836
0.00035435435 	-0.018180666 	-8.8761283e-07 	0.00053011155 	0.65270318
0.00036636637 	-0.018180699 	-8.9102176e-07 	0.00054797935 	0.65193799
0.00037837838 	-0.018180731 	-8.9443069e-07 	0.00056584714 	0.65117281
0.00039039039 	-0.018180764 	-8.9783962e-07 	0.00058371493 	0.65040762
0.0004024024 	-0.018180792 	-9.0464729e-07 	0.00060100795 	0.64899857
0.00041441441 	-0.018180815 	-9.1453401e-07 	0.00061778025 	0.6470062
0.00042642643 	-0.018180839 	-9.2442074e-07 	0.00063455256 	0.64501383
0.00043843844 	-0.018180863 	-9.3430746e-07 	0.00065132487 	0.64302147
0.00045045045 	-0.018180887 	-9.4419418e-07 	0.00066809718 	0.6410291
0.00046246246 	-0.01818091 	-9.5408091e-07 	0.00068486948 	0.63903673
0.00047447447 	-0.018180934 	-9.6396763e-07 	0.00070164179 	0.63704437
0.00048648649 	-0.018180958 	-9.7385436e-07 	0.0007184141 	0.635052
0.0004984985 	-0.018180981 	-9.8374108e-07 	0.00073518641 	0.63305963
0.00051051051 	-0.018181005 	-9.936278e-07 	0.00075195871 	0.63106727
0.00052252252 	-0.018181029 	-1.0035145e-06 	0.00076873102 	0.6290749
0.00053453453 	-0.018181052 	-1.0134013e-06 	0.00078550333 	0.62708253
0.00054654655 	-0.018181076 	-1.023288e-06 	0.00080227564 	0.62509017
0.00055855856 	-0.0181811 	-1.0331747e-06 	0.00081904794 	0.6230978
0.00057057057 	-0.018181124 	-1.0430614e-06 	0.00083582025 	0.62110543
0.00058258258 	-0.018181147 	-1.0529481e-06 	0.00085259256 	0.61911307
0.00059459459 	-0.018181171 	-1.0628349e-06 	0.00086936486 	0.6171207
0.00060660661 	-0.018181192 	-1.0719452e-06 	0.00088637495 	0.61514353
0.00061861862 	-0.018181212 	-1.0810034e-06 	0.00090340101 	0.61316739
0.00063063063 	-0.018181232 	-1.0900616e-06 	0.00092042706 	0.61119125
0.00064264264 	-0.018181253 	-1.0991199e-06 	0.00093745312 	0.6092151
0.00065465465 	-0.018181273 	-1.1081781e-06 	0.00095447917 	0.60723896
0.00066666667 	-0.018181293 	-1.1172363e-06 	0.00097150523 	0.60526282
0.00067867868 	-0.018181314 	-1.1262945e-06 	0.00098853128 	0.60328667
0.00069069069 	-0.018181334 	-1.1353527e-06 	0.0010055573 	0.60131053
0.0007027027 	-0.018181355 	-1.1444109e-06 	0.0010225834 	0.59933438
0.00071471471 	-0.018181375 	-1.1534691e-06 	0.0010396094 	0.59735824
0.00072672673 	-0.018181395 	-1.1625274e-06 	0.0010566355 	0.5953821
0.00073873874 	-0.018181416 	-1.1715856e-06 	0.0010736616 	0.59340595
0.00075075075 	-0.018181436 	-1.1806438e-06 	0.0010906876 	0.59142981
0.00076276276 	-0.018181456 	-1.189702e-06 	0.0011077137 	0.58945367
0.00077477477 	-0.018181477 	-1.1987602e-06 	0.0011247397 	0.58747752
0.00078678679 	-0.018181497 	-1.2078184e-06 	0.0011417658 	0.58550138
0.0007987988 	-0.018181538 	-1.2241091e-06 	0.0011597962 	0.58262873
0.00081081081 	-0.018181595 	-1.2463329e-06 	0.0011786505 	0.57902064
0.00082282282 	-0.018181652 	-1.2685566e-06 	0.0011975049 	0.57541255
0.00083483483 	-0.018181709 	-1.2907804e-06 	0.0012163592 	0.57180446
0.00084684685 	-0.018181766 	-1.3130041e-06 	0.0012352135 	0.56819637
0.00085885886 	-0.018181823 	-1.3352279e-06 	0.0012540679 	0.56458828
0.00087087087 	-0.018181881 	-1.3574516e-06 	0.0012729222 	0.56098019
0.00088288288 	-0.018181938 	-1.3796754e-06 	0.0012917765 	0.5573721
0.00089489489 	-0.018181995 	-1.4018991e-06 	0.0013106309 	0.55376401
0.00090690691 	-0.018182052 	-1.4241229e-06 	0.0013294852 	0.55015593
0.00091891892 	-0.018182107 	-1.4459589e-06 	0.0013487161 	0.54655084
0.00093093093 	-0.018182158 	-1.4671638e-06 	0.0013685598 	0.54295064
0.00094294294 	-0.018182209 	-1.4883687e-06 	0.0013884036 	0.53935044
0.00095495495 	-0.01818226 	-1.5095736e-06 	0.0014082473 	0.53575024
0.00096696697 	-0.018182311 	-1.5307785e-06 	0.001428091 	0.53215004
0.00097897898 	-0.018182362 	-1.5519834e-06 	0.0014479347 	0.52854984
0.00099099099 	-0.018182413 	-1.5731883e-06 	0.0014677785 	0.52494964
0.001003003 	-0.018182464 	-1.5943932e-06 	0.0014876222 	0.52134944
0.001015015 	-0.018182515 	-1.615598e-06 	0.0015074659 	0.51774924
0.001027027 	-0.018182566 	-1.6368029e-06 	0.0015273096 	0.51414904
0.001039039 	-0.018182636 	-1.659901e-06 	0.0015444534 	0.51052432
0.0010510511 	-0.018182774 	-1.6897173e-06 	0.0015520156 	0.50681259
0.0010630631 	-0.018182912 	-1.7195337e-06 	0.0015595777 	0.50310086
0.0010750751 	-0.018183049 	-1.7493501e-06 	0.0015671399 	0.49938913
0.0010870871 	-0.018183187 	-1.7791665e-06 	0.0015747021 	0.49567739
0.0010990991 	-0.018183325 	-1.8089828e-06 	0.0015822642 	0.49196566
0.0011111111 	-0.018183463 	-1.8387992e-06 	0.0015898264 	0.48825393
0.0011231231 	-0.0181836 	-1.8686156e-06 	0.0015973885 	0.48454219
0.0011351351 	-0.018183738 	-1.898432e-06 	0.0016049507 	0.48083046
0.0011471471 	-0.018183877 	-1.9284268e-06 	0.00161278 	0.47710489
0.0011591592 	-0.018184018 	-1.9589427e-06 	0.0016213891 	0.47333894
0.0011711712 	-0.018184159 	-1.9894585e-06 	0.0016299982 	0.46957298
0.0011831832 	-0.018184301 	-2.0199744e-06 	0.0016386073 	0.46580702
0.0011951952 	-0.018184442 	-2.0504902e-06 	0.0016472164 	0.46204107
0.0012072072 	-0.018184583 	-2.0810061e-06 	0.0016558255 	0.45827511
0.0012192192 	-0.018184724 	-2.1115219e-06 	0.0016644346 	0.45450915
0.0012312312 	-0.018184866 	-2.1420378e-06 	0.0016730438 	0.4507432
0.0012432432 	-0.018185007 	-2.1725536e-06 	0.0016816529 	0.44697724
0.0012552553 	-0.018185148 	-2.204125e-06 	0.0016869703 	0.44316806
0.0012672673 	-0.018185287 	-2.2381889e-06 	0.0016845155 	0.43925684
0.0012792793 	-0.018185427 	-2.2722527e-06 	0.0016820607 	0.43534562
0.0012912913 	-0.018185567 	-2.3063166e-06 	0.0016796059 	0.4314344
0.0013033033 	-0.018185707 	-2.3403804e-06 	0.0016771511 	0.42752318
0.0013153153 	-0.018185846 	-2.3744443e-06 	0.0016746963 	0.42361196
0.0013273273 	-0.018185986 	-2.4085081e-06 	0.0016722415 	0.41970073
0.0013393393 	-0.018186126 	-2.442572e-06 	0.0016697867 	0.41578951
0.0013513514 	-0.018186267 	-2.4776212e-06 	0.0016675762 	0.4118432
0.0013633634 	-0.018186411 	-2.5141838e-06 	0.001665741 	0.40784301
0.0013753754 	-0.018186555 	-2.5507464e-06 	0.0016639059 	0.40384281
0.0013873874 	-0.0181867 	-2.587309e-06 	0.0016620707 	0.39984262
0.0013993994 	-0.018186844 	-2.6238716e-06 	0.0016602356 	0.39584242
0.0014114114 	-0.018186988 	-2.6604342e-06 	0.0016584004 	0.39184222
0.0014234234 	-0.018187132 	-2.6969968e-06 	0.0016565653 	0.38784203
0.0014354354 	-0.018187276 	-2.7335595e-06 	0.0016547301 	0.38384183
0.0014474474 	-0.018187421 	-2.7676678e-06 	0.0016486521 	0.37990553
0.0014594595 	-0.018187568 	-2.7992957e-06 	0.0016382861 	0.37603379
0.0014714715 	-0.018187714 	-2.8309236e-06 	0.0016279201 	0.37216205
0.0014834835 	-0.01818786 	-2.8625515e-06 	0.0016175541 	0.36829031
0.0014954955 	-0.018188006 	-2.8941795e-06 	0.0016071881 	0.36441858
0.0015075075 	-0.018188152 	-2.9258074e-06 	0.0015968221 	0.36054684
0.0015195195 	-0.018188299 	-2.9574353e-06 	0.0015864561 	0.3566751
0.0015315315 	-0.018188448 	-2.9910656e-06 	0.0015761197 	0.35274701
0.0015435435 	-0.018188601 	-3.0264717e-06 	0.0015658096 	0.34876893
0.0015555556 	-0.018188754 	-3.0618777e-06 	0.0015554995 	0.34479086
0.0015675676 	-0.018188907 	-3.0972838e-06 	0.0015451894 	0.34081278
0.0015795796 	-0.01818906 	-3.1326899e-06 	0.0015348794 	0.3368347
0.0015915916 	-0.018189213 	-3.168096e-06 	0.0015245693 	0.33285663
0.0016036036 	-0.018189366 	-3.2035021e-06 	0.0015142592 	0.32887855
0.0016156156 	-0.018189513 	-3.2327959e-06 	0.0015006509 	0.32506099
0.0016276276 	-0.018189656 	-3.2574422e-06 	0.0014845348 	0.32136548
0.0016396396 	-0.018189799 	-3.2820884e-06 	0.0014684187 	0.31766997
0.0016516517 	-0.018189943 	-3.3067347e-06 	0.0014523026 	0.31397446
0.0016636637 	-0.018190086 	-3.331381e-06 	0.0014361865 	0.31027895
0.0016756757 	-0.018190229 	-3.3560272e-06 	0.0014200704 	0.30658344
0.0016876877 	-0.018190376 	-3.3824516e-06 	0.0014037477 	0.30284126
0.0016996997 	-0.018190527 	-3.4112749e-06 	0.0013871463 	0.29903611
0.0017117117 	-0.018190678 	-3.4400982e-06 	0.0013705448 	0.29523096
0.0017237237 	-0.018190829 	-3.4689215e-06 	0.0013539433 	0.29142581
0.0017357357 	-0.018190981 	-3.4977448e-06 	0.0013373419 	0.28762067
0.0017477477 	-0.018191132 	-3.5265682e-06 	0.0013207404 	0.28381552
0.0017597598 	-0.018191279 	-3.5516016e-06 	0.001303216 	0.28010935
0.0017717718 	-0.018191414 	-3.5672715e-06 	0.0012834115 	0.2766477
0.0017837838 	-0.018191549 	-3.5829415e-06 	0.0012636069 	0.27318606
0.0017957958 	-0.018191685 	-3.5986115e-06 	0.0012438024 	0.26972442
0.0018078078 	-0.01819182 	-3.6142814e-06 	0.0012239978 	0.26626278
0.0018198198 	-0.018191955 	-3.6299514e-06 	0.0012041933 	0.26280114
0.0018318318 	-0.018192099 	-3.648972e-06 	0.0011836006 	0.25924825
0.0018438438 	-0.018192243 	-3.6684797e-06 	0.0011628932 	0.2556821
0.0018558559 	-0.018192387 	-3.6879874e-06 	0.0011421859 	0.25211595
0.0018678679 	-0.018192532 	-3.7074951e-06 	0.0011214786 	0.2485498
0.0018798799 	-0.018192676 	-3.7270028e-06 	0.0011007713 	0.24498365
0.0018918919 	-0.018192811 	-3.7404862e-06 	0.001079509 	0.24157865
0.0019039039 	-0.018192936 	-3.7469612e-06 	0.0010576011 	0.23836114
0.0019159159 	-0.018193061 	-3.7534361e-06 	0.0010356931 	0.23514362
0.0019279279 	-0.018193186 	-3.7599111e-06 	0.0010137852 	0.2319261
0.0019399399 	-0.018193311 	-3.7663861e-06 	0.00099187734 	0.22870858
0.001951952 	-0.018193442 	-3.7749734e-06 	0.00096915345 	0.22542532
0.001963964 	-0.018193577 	-3.7845171e-06 	0.00094606018 	0.22211229
0.001975976 	-0.018193711 	-3.7940608e-06 	0.00092296691 	0.21879927
0.001987988 	-0.018193845 	-3.8036045e-06 	0.00089987363 	0.21548624
0.002 	-0.01819398 	-3.8131482e-06 	0.00087678036 	0.21217322
0.002012012 	-0.018194094 	-3.8120187e-06 	0.00085386525 	0.20915949
0.002024024 	-0.018194207 	-3.809939e-06 	0.000830966 	0.20617242
0.002036036 	-0.01819432 	-3.8078593e-06 	0.00080806675 	0.20318535
0.002048048 	-0.018194432 	-3.8057796e-06 	0.0007851675 	0.20019828
0.0020600601 	-0.018194552 	-3.8052131e-06 	0.00076130619 	0.19715057
0.0020720721 	-0.018194674 	-3.8052659e-06 	0.00073705123 	0.19407806
0.0020840841 	-0.018194796 	-3.8053186e-06 	0.00071279627 	0.19100554
0.0020960961 	-0.018194918 	-3.8053714e-06 	0.00068854131 	0.18793303
0.0021081081 	-0.018195028 	-3.8004762e-06 	0.00066484922 	0.18500795
0.0021201201 	-0.018195127 	-3.7907181e-06 	0.00064171034 	0.18222776
0.0021321321 	-0.018195226 	-3.7809601e-06 	0.00061857146 	0.17944758
0.0021441441 	-0.018195324 	-3.771202e-06 	0.00059543258 	0.1766674
0.0021561562 	-0.01819543 	-3.7623888e-06 	0.00057114911 	0.17382706
0.0021681682 	-0.018195537 	-3.7538206e-06 	0.00054656879 	0.17097112
0.0021801802 	-0.018195645 	-3.7452524e-06 	0.00052198848 	0.16811517
0.0021921922 	-0.018195751 	-3.7359843e-06 	0.00049755271 	0.16528148
0.0022042042 	-0.01819584 	-3.719343e-06 	0.00047463961 	0.1626822
0.0022162162 	-0.018195928 	-3.7027018e-06 	0.0004517265 	0.16008292
0.0022282282 	-0.018196017 	-3.6860605e-06 	0.0004288134 	0.15748363
0.0022402402 	-0.018196113 	-3.6696793e-06 	0.00040470088 	0.15482963
0.0022522523 	-0.018196211 	-3.6533569e-06 	0.00038031748 	0.15216327
0.0022642643 	-0.018196308 	-3.6370345e-06 	0.00035593407 	0.14949691
0.0022762763 	-0.018196414 	-3.6170863e-06 	0.00033247934 	0.14695282
0.0022882883 	-0.018196528 	-3.5941401e-06 	0.00030979249 	0.14450983
0.0023003003 	-0.018196642 	-3.5711939e-06 	0.00028710565 	0.14206685
0.0023123123 	-0.018196764 	-3.5479464e-06 	0.00026342528 	0.13958434
0.0023243243 	-0.01819689 	-3.5245462e-06 	0.00023924161 	0.13708182
0.0023363363 	-0.018197016 	-3.501146e-06 	0.00021505793 	0.13457929
0.0023483483 	-0.018197408 	-3.4280691e-06 	0.00015597597 	0.12874536
0.0023603604 	-0.018197874 	-3.3411744e-06 	8.7186927e-05 	0.12198479
0.0023723724 	-0.018198354 	-3.2531254e-06 	1.7101577e-05 	0.11517491
0.0023843844 	-0.018198877 	-3.1614253e-06 	-5.7084418e-05 	0.10820905
0.0023963964 	-0.0181994 	-3.0697251e-06 	-0.00013127041 	0.10124318
0.0024084084 	-0.018199563 	-3.0293275e-06 	-0.0001626606 	0.098282949
0.0024204204 	-0.01819957 	-3.0109167e-06 	-0.00017570973 	0.097039415
0.0024324324 	-0.018199578 	-2.9925059e-06 	-0.00018875885 	0.095795882
0.0024444444 	-0.018199586 	-2.9740952e-06 	-0.00020180797 	0.094552348
0.0024564565 	-0.018199594 	-2.9556844e-06 	-0.0002148571 	0.093308815
0.0024684685 	-0.018199602 	-2.9372736e-06 	-0.00022790622 	0.092065281
0.0024804805 	-0.018199609 	-2.9188628e-06 	-0.00024095535 	0.090821748
0.0024924925 	-0.018199617 	-2.900452e-06 	-0.00025400447 	0.089578214
0.0025045045 	-0.018199625 	-2.8820412e-06 	-0.0002670536 	0.088334681
0.0025165165 	-0.018199633 	-2.8636304e-06 	-0.00028010272 	0.087091148
0.0025285285 	-0.018199641 	-2.8452196e-06 	-0.00029315185 	0.085847614
0.0025405405 	-0.018199648 	-2.8268088e-06 	-0.00030620097 	0.084604081
0.0025525526 	-0.018199656 	-2.808398e-06 	-0.0003192501 	0.083360547
0.0025645646 	-0.018199664 	-2.7899872e-06 	-0.00033229922 	0.082117014
0.0025765766 	-0.018199672 	-2.7715764e-06 	-0.00034534835 	0.08087348
0.0025885886 	-0.01819968 	-2.7531656e-06 	-0.00035839747 	0.079629947
0.0026006006 	-0.018199687 	-2.7347549e-06 	-0.0003714466 	0.078386413
0.0026126126 	-0.018199695 	-2.7163441e-06 	-0.00038449572 	0.07714288
0.0026246246 	-0.018199703 	-2.6979333e-06 	-0.00039754485 	0.075899346
0.0026366366 	-0.018199711 	-2.6795225e-06 	-0.00041059397 	0.074655813
0.0026486486 	-0.018199719 	-2.6611117e-06 	-0.0004236431 	0.073412279
0.0026606607 	-0.018199726 	-2.6427009e-06 	-0.00043669222 	0.072168746
0.0026726727 	-0.018199734 	-2.6241576e-06 	-0.00044981656 	0.070924114
0.0026846847 	-0.018199745 	-2.6042862e-06 	-0.00046369476 	0.06966847
0.0026966967 	-0.018199756 	-2.5844147e-06 	-0.00047757296 	0.068412826
0.0027087087 	-0.018199767 	-2.5645433e-06 	-0.00049145116 	0.067157182
0.0027207207 	-0.018199778 	-2.5446719e-06 	-0.00050532936 	0.065901538
0.0027327327 	-0.018199789 	-2.5248005e-06 	-0.00051920757 	0.064645894
0.0027447447 	-0.0181998 	-2.504929e-06 	-0.00053308577 	0.063390249
0.0027567568 	-0.018199811 	-2.4850576e-06 	-0.00054696397 	0.062134605
0.0027687688 	-0.018199822 	-2.4651862e-06 	-0.00056084217 	0.060878961
0.0027807808 	-0.018199833 	-2.4453148e-06 	-0.00057472038 	0.059623317
0.0027927928 	-0.018199844 	-2.4254433e-06 	-0.00058859858 	0.058367673
0.0028048048 	-0.018199855 	-2.4055719e-06 	-0.00060247678 	0.057112029
0.0028168168 	-0.018199866 	-2.3857005e-06 	-0.00061635498 	0.055856385
0.0028288288 	-0.018199877 	-2.3658291e-06 	-0.00063023319 	0.054600741
0.0028408408 	-0.018199888 	-2.3459576e-06 	-0.00064411139 	0.053345097
0.0028528529 	-0.018199898 	-2.3260862e-06 	-0.00065798959 	0.052089453
0.0028648649 	-0.018199909 	-2.3062148e-06 	-0.00067186779 	0.050833809
0.0028768769 	-0.01819992 	-2.2863433e-06 	-0.000685746 	0.049578165
0.0028888889 	-0.018199931 	-2.2664719e-06 	-0.0006996242 	0.048322521
0.0029009009 	-0.018199942 	-2.2466005e-06 	-0.0007135024 	0.047066877
0.0029129129 	-0.018199953 	-2.2267291e-06 	-0.0007273806 	0.045811232
0.0029249249 	-0.018199964 	-2.2068576e-06 	-0.0007412588 	0.044555588
0.0029369369 	-0.018199975 	-2.1869862e-06 	-0.00075513701 	0.043299944
0.0029489489 	-0.018199972 	-2.1676495e-06 	-0.00076796293 	0.042085477
0.002960961 	-0.018199909 	-2.1507404e-06 	-0.00077601137 	0.04105796
0.002972973 	-0.018199846 	-2.1338314e-06 	-0.00078405982 	0.040030443
0.002984985 	-0.018199783 	-2.1169223e-06 	-0.00079210826 	0.039002926
0.002996997 	-0.018199719 	-2.1000133e-06 	-0.0008001567 	0.037975408
0.003009009 	-0.018199656 	-2.0831042e-06 	-0.00080820515 	0.036947891
0.003021021 	-0.018199593 	-2.0661952e-06 	-0.00081625359 	0.035920374
0.003033033 	-0.01819953 	-2.0492861e-06 	-0.00082430203 	0.034892856
0.003045045 	-0.018199466 	-2.0323771e-06 	-0.00083235047 	0.033865339
0.0030570571 	-0.018199403 	-2.015468e-06 	-0.00084039892 	0.032837822
0.0030690691 	-0.01819934 	-1.998559e-06 	-0.00084844736 	0.031810305
0.0030810811 	-0.018199277 	-1.9816499e-06 	-0.0008564958 	0.030782787
0.0030930931 	-0.018199213 	-1.9647409e-06 	-0.00086454424 	0.02975527
0.0031051051 	-0.01819915 	-1.9478318e-06 	-0.00087259269 	0.028727753
0.0031171171 	-0.018199087 	-1.9309228e-06 	-0.00088064113 	0.027700236
0.0031291291 	-0.018199024 	-1.9140137e-06 	-0.00088868957 	0.026672718
0.0031411411 	-0.01819896 	-1.8971047e-06 	-0.00089673802 	0.025645201
0.0031531532 	-0.018198897 	-1.8801956e-06 	-0.00090478646 	0.024617684
0.0031651652 	-0.018198834 	-1.8632866e-06 	-0.0009128349 	0.023590166
0.0031771772 	-0.018198771 	-1.8463775e-06 	-0.00092088334 	0.022562649
0.0031891892 	-0.018198706 	-1.8290094e-06 	-0.00092901179 	0.021536569
0.0032012012 	-0.018198639 	-1.810252e-06 	-0.00093738238 	0.020514839
0.0032132132 	-0.018198571 	-1.7914945e-06 	-0.00094575297 	0.019493108
0.0032252252 	-0.018198503 	-1.772737e-06 	-0.00095412355 	0.018471377
0.0032372372 	-0.018198435 	-1.7539796e-06 	-0.00096249414 	0.017449647
0.0032492492 	-0.018198368 	-1.7352221e-06 	-0.00097086473 	0.016427916
0.0032612613 	-0.0181983 	-1.7164646e-06 	-0.00097923531 	0.015406186
0.0032732733 	-0.018198232 	-1.6977072e-06 	-0.0009876059 	0.014384455
0.0032852853 	-0.018198165 	-1.6789497e-06 	-0.00099597649 	0.013362725
0.0032972973 	-0.018198097 	-1.6601923e-06 	-0.0010043471 	0.012340994
0.0033093093 	-0.018198029 	-1.6414348e-06 	-0.0010127177 	0.011319264
0.0033213213 	-0.018197962 	-1.6226773e-06 	-0.0010210882 	0.010297533
0.0033333333 	-0.018197894 	-1.6039199e-06 	-0.0010294588 	0.0092758027
0.0033453453 	-0.018197826 	-1.5851624e-06 	-0.0010378294 	0.0082540721
0.0033573574 	-0.018197758 	-1.5664049e-06 	-0.0010462 	0.0072323416
0.0033693694 	-0.018197691 	-1.5476475e-06 	-0.0010545706 	0.0062106111
0.0033813814 	-0.018197623 	-1.52889e-06 	-0.0010629412 	0.0051888805
0.0033933934 	-0.018197555 	-1.5101326e-06 	-0.0010713118 	0.00416715
0.0034054054 	-0.018197488 	-1.4913751e-06 	-0.0010796824 	0.0031454195
0.0034174174 	-0.01819742 	-1.4726176e-06 	-0.0010880529 	0.0021236889
0.0034294294 	-0.018197353 	-1.4542802e-06 	-0.001095962 	0.0011232417
0.0034414414 	-0.01819729 	-1.4437734e-06 	-0.0010952659 	0.00051957659
0.0034534535 	-0.018197227 	-1.4332666e-06 	-0.0010945699 	-8.4088486e-05
0.0034654655 	-0.018197164 	-1.4227598e-06 	-0.0010938739 	-0.00068775356
0.0034774775 	-0.018197101 	-1.412253e-06 	-0.0010931778 	-0.0012914186
0.0034894895 	-0.018197038 	-1.4017463e-06 	-0.0010924818 	-0.0018950837
0.0035015015 	-0.018196975 	-1.3912395e-06 	-0.0010917857 	-0.0024987488
0.0035135135 	-0.018196912 	-1.3807327e-06 	-0.0010910897 	-0.0031024139
0.0035255255 	-0.018196849 	-1.3702259e-06 	-0.0010903937 	-0.003706079
0.0035375375 	-0.018196787 	-1.3597191e-06 	-0.0010896976 	-0.004309744
0.0035495495 	-0.018196724 	-1.3492123e-06 	-0.0010890016 	-0.0049134091
0.0035615616 	-0.018196661 	-1.3387055e-06 	-0.0010883056 	-0.0055170742
0.0035735736 	-0.018196598 	-1.3281987e-06 	-0.0010876095 	-0.0061207393
0.0035855856 	-0.018196535 	-1.3176919e-06 	-0.0010869135 	-0.0067244044
0.0035975976 	-0.018196472 	-1.3071852e-06 	-0.0010862175 	-0.0073280694
0.0036096096 	-0.018196409 	-1.2966784e-06 	-0.0010855214 	-0.0079317345
0.0036216216 	-0.018196346 	-1.2861716e-06 	-0.0010848254 	-0.0085353996
0.0036336336 	-0.018196284 	-1.2756648e-06 	-0.0010841294 	-0.0091390647
0.0036456456 	-0.018196219 	-1.2646588e-06 	-0.0010832602 	-0.0097378561
0.0036576577 	-0.018196152 	-1.2531095e-06 	-0.0010822027 	-0.010331344
0.0036696697 	-0.018196085 	-1.2415603e-06 	-0.0010811451 	-0.010924833
0.0036816817 	-0.018196018 	-1.2300111e-06 	-0.0010800876 	-0.011518321
0.0036936937 	-0.018195951 	-1.2184619e-06 	-0.0010790301 	-0.012111809
0.0037057057 	-0.018195884 	-1.2069126e-06 	-0.0010779725 	-0.012705297
0.0037177177 	-0.018195817 	-1.1953634e-06 	-0.001076915 	-0.013298786
0.0037297297 	-0.01819575 	-1.1838142e-06 	-0.0010758575 	-0.013892274
0.0037417417 	-0.018195683 	-1.1722649e-06 	-0.0010747999 	-0.014485762
0.0037537538 	-0.018195616 	-1.1607157e-06 	-0.0010737424 	-0.015079251
0.0037657658 	-0.018195549 	-1.1491665e-06 	-0.0010726849 	-0.015672739
0.0037777778 	-0.018195482 	-1.1376172e-06 	-0.0010716273 	-0.016266227
0.0037897898 	-0.018195415 	-1.126068e-06 	-0.0010705698 	-0.016859715
0.0038018018 	-0.018195348 	-1.1145188e-06 	-0.0010695123 	-0.017453204
0.0038138138 	-0.018195281 	-1.1029696e-06 	-0.0010684547 	-0.018046692
0.0038258258 	-0.018195214 	-1.0914203e-06 	-0.0010673972 	-0.01864018
0.0038378378 	-0.018195147 	-1.0798711e-06 	-0.0010663397 	-0.019233668
0.0038498498 	-0.01819508 	-1.0683219e-06 	-0.0010652821 	-0.019827157
0.0038618619 	-0.018195019 	-1.059352e-06 	-0.0010616249 	-0.020239788
0.0038738739 	-0.01819496 	-1.0516353e-06 	-0.0010567046 	-0.020564548
0.0038858859 	-0.018194902 	-1.0439186e-06 	-0.0010517843 	-0.020889308
0.0038978979 	-0.018194843 	-1.0362019e-06 	-0.0010468639 	-0.021214068
0.0039099099 	-0.018194784 	-1.0284853e-06 	-0.0010419436 	-0.021538828
0.0039219219 	-0.018194726 	-1.0207686e-06 	-0.0010370233 	-0.021863588
0.0039339339 	-0.018194667 	-1.0130519e-06 	-0.001032103 	-0.022188348
0.0039459459 	-0.018194608 	-1.0053352e-06 	-0.0010271827 	-0.022513108
0.003957958 	-0.01819455 	-9.9761854e-07 	-0.0010222623 	-0.022837868
0.00396997 	-0.018194491 	-9.8990186e-07 	-0.001017342 	-0.023162627
0.003981982 	-0.018194433 	-9.8218518e-07 	-0.0010124217 	-0.023487387
0.003993994 	-0.018194374 	-9.744685e-07 	-0.0010075014 	-0.023812147
0.004006006 	-0.018194315 	-9.6675182e-07 	-0.0010025811 	-0.024136907
0.004018018 	-0.018194257 	-9.5903514e-07 	-0.00099766073 	-0.024461667
0.00403003 	-0.018194198 	-9.5131845e-07 	-0.00099274041 	-0.024786427
0.004042042 	-0.018194139 	-9.4352929e-07 	-0.00098771115 	-0.025109772
0.0040540541 	-0.018194076 	-9.3541366e-07 	-0.0009821912 	-0.025426741
0.0040660661 	-0.018194013 	-9.2729803e-07 	-0.00097667124 	-0.02574371
0.0040780781 	-0.01819395 	-9.1918239e-07 	-0.00097115129 	-0.026060679
0.0040900901 	-0.018193888 	-9.1106676e-07 	-0.00096563134 	-0.026377648
0.0041021021 	-0.018193825 	-9.0295113e-07 	-0.00096011139 	-0.026694617
0.0041141141 	-0.018193762 	-8.948355e-07 	-0.00095459144 	-0.027011586
0.0041261261 	-0.018193699 	-8.8671987e-07 	-0.00094907148 	-0.027328555
0.0041381381 	-0.018193637 	-8.7860423e-07 	-0.00094355153 	-0.027645524
0.0041501502 	-0.018193574 	-8.704886e-07 	-0.00093803158 	-0.027962493
0.0041621622 	-0.018193511 	-8.6237297e-07 	-0.00093251163 	-0.028279463
0.0041741742 	-0.018193448 	-8.5425734e-07 	-0.00092699167 	-0.028596432
0.0041861862 	-0.018193386 	-8.461417e-07 	-0.00092147172 	-0.028913401
0.0041981982 	-0.018193323 	-8.3802607e-07 	-0.00091595177 	-0.02923037
0.0042102102 	-0.01819326 	-8.2991044e-07 	-0.00091043182 	-0.029547339
0.0042222222 	-0.018193197 	-8.2179481e-07 	-0.00090491187 	-0.029864308
0.0042342342 	-0.018193143 	-8.1430835e-07 	-0.00089863215 	-0.030086375
0.0042462462 	-0.018193099 	-8.0749221e-07 	-0.00089154299 	-0.030207332
0.0042582583 	-0.018193055 	-8.0067607e-07 	-0.00088445382 	-0.03032829
0.0042702703 	-0.018193011 	-7.9385993e-07 	-0.00087736465 	-0.030449247
0.0042822823 	-0.018192966 	-7.8704379e-07 	-0.00087027549 	-0.030570205
0.0042942943 	-0.018192922 	-7.8022765e-07 	-0.00086318632 	-0.030691162
0.0043063063 	-0.018192878 	-7.7341151e-07 	-0.00085609715 	-0.03081212
0.0043183183 	-0.018192833 	-7.6659537e-07 	-0.00084900799 	-0.030933077
0.0043303303 	-0.018192789 	-7.5977923e-07 	-0.00084191882 	-0.031054034
0.0043423423 	-0.018192745 	-7.5296309e-07 	-0.00083482965 	-0.031174992
0.0043543544 	-0.018192701 	-7.4614696e-07 	-0.00082774048 	-0.031295949
0.0043663664 	-0.018192656 	-7.3933082e-07 	-0.00082065132 	-0.031416907
0.0043783784 	-0.018192612 	-7.3251468e-07 	-0.00081356215 	-0.031537864
0.0043903904 	-0.018192568 	-7.2569854e-07 	-0.00080647298 	-0.031658822
0.0044024024 	-0.018192521 	-7.18896e-07 	-0.00079880737 	-0.031776652
0.0044144144 	-0.018192474 	-7.120963e-07 	-0.00079102129 	-0.031893828
0.0044264264 	-0.018192426 	-7.052966e-07 	-0.00078323521 	-0.032011004
0.0044384384 	-0.018192379 	-6.984969e-07 	-0.00077544913 	-0.03212818
0.0044504505 	-0.018192332 	-6.916972e-07 	-0.00076766304 	-0.032245356
0.0044624625 	-0.018192284 	-6.848975e-07 	-0.00075987696 	-0.032362533
0.0044744745 	-0.018192237 	-6.780978e-07 	-0.00075209088 	-0.032479709
0.0044864865 	-0.018192189 	-6.7129811e-07 	-0.0007443048 	-0.032596885
0.0044984985 	-0.018192142 	-6.6449841e-07 	-0.00073651872 	-0.032714061
0.0045105105 	-0.018192095 	-6.5769871e-07 	-0.00072873264 	-0.032831237
0.0045225225 	-0.018192047 	-6.5089901e-07 	-0.00072094656 	-0.032948414
0.0045345345 	-0.018192 	-6.4409931e-07 	-0.00071316048 	-0.03306559
0.0045465465 	-0.018191953 	-6.3729961e-07 	-0.0007053744 	-0.033182766
0.0045585586 	-0.018191905 	-6.3049991e-07 	-0.00069758832 	-0.033299942
0.0045705706 	-0.018191879 	-6.2395835e-07 	-0.00068976828 	-0.033264611
0.0045825826 	-0.018191853 	-6.1741983e-07 	-0.00068194785 	-0.033227482
0.0045945946 	-0.018191827 	-6.1088131e-07 	-0.00067412742 	-0.033190353
0.0046066066 	-0.018191801 	-6.0434279e-07 	-0.00066630699 	-0.033153224
0.0046186186 	-0.018191775 	-5.9780427e-07 	-0.00065848656 	-0.033116095
0.0046306306 	-0.018191749 	-5.9126575e-07 	-0.00065066613 	-0.033078966
0.0046426426 	-0.018191723 	-5.8472723e-07 	-0.00064284569 	-0.033041837
0.0046546547 	-0.018191697 	-5.7818871e-07 	-0.00063502526 	-0.033004708
0.0046666667 	-0.018191671 	-5.7165019e-07 	-0.00062720483 	-0.032967579
0.0046786787 	-0.018191645 	-5.6511167e-07 	-0.0006193844 	-0.032930451
0.0046906907 	-0.018191619 	-5.5857315e-07 	-0.00061156397 	-0.032893322
0.0047027027 	-0.018191593 	-5.5203463e-07 	-0.00060374353 	-0.032856193
0.0047147147 	-0.018191565 	-5.4576607e-07 	-0.00059526217 	-0.032819431
0.0047267267 	-0.018191537 	-5.3951218e-07 	-0.00058674488 	-0.032782689
0.0047387387 	-0.01819151 	-5.3325829e-07 	-0.00057822759 	-0.032745947
0.0047507508 	-0.018191482 	-5.270044e-07 	-0.0005697103 	-0.032709206
0.0047627628 	-0.018191454 	-5.2075051e-07 	-0.00056119301 	-0.032672464
0.0047747748 	-0.018191427 	-5.1449662e-07 	-0.00055267572 	-0.032635722
0.0047867868 	-0.018191399 	-5.0824272e-07 	-0.00054415843 	-0.03259898
0.0047987988 	-0.018191371 	-5.0198883e-07 	-0.00053564114 	-0.032562238
0.0048108108 	-0.018191344 	-4.9573494e-07 	-0.00052712385 	-0.032525497
0.0048228228 	-0.018191316 	-4.8948105e-07 	-0.00051860656 	-0.032488755
0.0048348348 	-0.018191288 	-4.8322716e-07 	-0.00051008927 	-0.032452013
0.0048468468 	-0.018191261 	-4.7697327e-07 	-0.00050157197 	-0.032415271
0.0048588589 	-0.018191247 	-4.7067552e-07 	-0.0004937544 	-0.032283635
0.0048708709 	-0.018191238 	-4.6436301e-07 	-0.00048617221 	-0.032120078
0.0048828829 	-0.018191229 	-4.580505e-07 	-0.00047859002 	-0.031956521
0.0048948949 	-0.01819122 	-4.5173799e-07 	-0.00047100783 	-0.031792964
0.0049069069 	-0.018191211 	-4.4542548e-07 	-0.00046342563 	-0.031629406
0.0049189189 	-0.018191203 	-4.3911297e-07 	-0.00045584344 	-0.031465849
0.0049309309 	-0.018191194 	-4.3280045e-07 	-0.00044826125 	-0.031302292
0.0049429429 	-0.018191185 	-4.2648794e-07 	-0.00044067906 	-0.031138735
0.004954955 	-0.018191176 	-4.2017543e-07 	-0.00043309686 	-0.030975178
0.004966967 	-0.018191167 	-4.1386292e-07 	-0.00042551467 	-0.030811621
0.004978979 	-0.018191158 	-4.0761248e-07 	-0.00041784725 	-0.030648642
0.004990991 	-0.018191149 	-4.0176315e-07 	-0.00040962904 	-0.030489401
0.005003003 	-0.018191139 	-3.9591382e-07 	-0.00040141084 	-0.03033016
0.005015015 	-0.01819113 	-3.9006449e-07 	-0.00039319264 	-0.030170919
0.005027027 	-0.018191121 	-3.8421517e-07 	-0.00038497443 	-0.030011679
0.005039039 	-0.018191112 	-3.7836584e-07 	-0.00037675623 	-0.029852438
0.0050510511 	-0.018191103 	-3.7251651e-07 	-0.00036853803 	-0.029693197
0.0050630631 	-0.018191093 	-3.6666718e-07 	-0.00036031982 	-0.029533956
0.0050750751 	-0.018191084 	-3.6081785e-07 	-0.00035210162 	-0.029374715
0.0050870871 	-0.018191075 	-3.5496852e-07 	-0.00034388342 	-0.029215474
0.0050990991 	-0.018191066 	-3.4911919e-07 	-0.00033566521 	-0.029056234
0.0051111111 	-0.018191062 	-3.4323016e-07 	-0.00032801283 	-0.028856445
0.0051231231 	-0.018191067 	-3.3727593e-07 	-0.00032128971 	-0.028590064
0.0051351351 	-0.018191073 	-3.313217e-07 	-0.0003145666 	-0.028323683
0.0051471471 	-0.018191078 	-3.2536747e-07 	-0.00030784348 	-0.028057302
0.0051591592 	-0.018191084 	-3.1941325e-07 	-0.00030112037 	-0.027790921
0.0051711712 	-0.018191089 	-3.1345902e-07 	-0.00029439725 	-0.027524539
0.0051831832 	-0.018191094 	-3.0750479e-07 	-0.00028767414 	-0.027258158
0.0051951952 	-0.0181911 	-3.0155056e-07 	-0.00028095102 	-0.026991777
0.0052072072 	-0.018191105 	-2.9559633e-07 	-0.0002742279 	-0.026725396
0.0052192192 	-0.018191111 	-2.8965436e-07 	-0.00026749344 	-0.026459181
0.0052312312 	-0.018191117 	-2.8428422e-07 	-0.00026022961 	-0.026200708
0.0052432432 	-0.018191123 	-2.7891408e-07 	-0.00025296578 	-0.025942234
0.0052552553 	-0.018191129 	-2.7354394e-07 	-0.00024570195 	-0.025683761
0.0052672673 	-0.018191135 	-2.681738e-07 	-0.00023843813 	-0.025425288
0.0052792793 	-0.018191141 	-2.6280366e-07 	-0.0002311743 	-0.025166814
0.0052912913 	-0.018191147 	-2.5743352e-07 	-0.00022391047 	-0.024908341
0.0053033033 	-0.018191153 	-2.5206338e-07 	-0.00021664664 	-0.024649868
0.0053153153 	-0.018191159 	-2.4669324e-07 	-0.00020938281 	-0.024391394
0.0053273273 	-0.018191166 	-2.413231e-07 	-0.00020211899 	-0.024132921
0.0053393393 	-0.018191178 	-2.359073e-07 	-0.00019581741 	-0.023824569
0.0053513514 	-0.018191195 	-2.3045244e-07 	-0.00019033885 	-0.023473555
0.0053633634 	-0.018191212 	-2.2499758e-07 	-0.00018486029 	-0.023122542
0.0053753754 	-0.018191229 	-2.1954272e-07 	-0.00017938173 	-0.022771528
0.0053873874 	-0.018191246 	-2.1408786e-07 	-0.00017390317 	-0.022420514
0.0053993994 	-0.018191263 	-2.08633e-07 	-0.00016842461 	-0.022069501
0.0054114114 	-0.01819128 	-2.0317814e-07 	-0.00016294605 	-0.021718487
0.0054234234 	-0.018191297 	-1.9772328e-07 	-0.00015746749 	-0.021367474
0.0054354354 	-0.018191315 	-1.924613e-07 	-0.00015186524 	-0.021019687
0.0054474474 	-0.018191333 	-1.8767256e-07 	-0.00014595949 	-0.020679818
0.0054594595 	-0.018191352 	-1.8288382e-07 	-0.00014005373 	-0.02033995
0.0054714715 	-0.01819137 	-1.7809508e-07 	-0.00013414798 	-0.020000081
0.0054834835 	-0.018191389 	-1.7330635e-07 	-0.00012824222 	-0.019660212
0.0054954955 	-0.018191407 	-1.6851761e-07 	-0.00012233647 	-0.019320344
0.0055075075 	-0.018191426 	-1.6372887e-07 	-0.00011643071 	-0.018980475
0.0055195195 	-0.018191444 	-1.5894014e-07 	-0.00011052496 	-0.018640606
0.0055315315 	-0.018191463 	-1.541514e-07 	-0.0001046192 	-0.018300738
0.0055435435 	-0.018191489 	-1.4929043e-07 	-0.00010049381 	-0.017884969
0.0055555556 	-0.018191516 	-1.4442405e-07 	-9.6501814e-05 	-0.017463513
0.0055675676 	-0.018191543 	-1.3955767e-07 	-9.250982e-05 	-0.017042058
0.0055795796 	-0.01819157 	-1.3469129e-07 	-8.8517826e-05 	-0.016620602
0.0055915916 	-0.018191597 	-1.2982491e-07 	-8.4525832e-05 	-0.016199147
0.0056036036 	-0.018191624 	-1.2495853e-07 	-8.0533838e-05 	-0.015777691
0.0056156156 	-0.018191651 	-1.2009215e-07 	-7.6541844e-05 	-0.015356236
0.0056276276 	-0.018191679 	-1.1570014e-07 	-7.2349697e-05 	-0.01494401
0.0056396396 	-0.018191708 	-1.1155508e-07 	-6.8053356e-05 	-0.014536589
0.0056516517 	-0.018191737 	-1.0741002e-07 	-6.3757016e-05 	-0.014129167
0.0056636637 	-0.018191766 	-1.0326495e-07 	-5.9460675e-05 	-0.013721746
0.0056756757 	-0.018191795 	-9.9119887e-08 	-5.5164335e-05 	-0.013314325
0.0056876877 	-0.018191824 	-9.4974823e-08 	-5.0867994e-05 	-0.012906903
0.0056996997 	-0.018191853 	-9.0829758e-08 	-4.6571654e-05 	-0.012499482
0.0057117117 	-0.018191883 	-8.6654152e-08 	-4.2819865e-05 	-0.012070919
0.0057237237 	-0.018191915 	-8.2403115e-08 	-4.0412955e-05 	-0.011590142
0.0057357357 	-0.018191948 	-7.8152078e-08 	-3.8006044e-05 	-0.011109365
0.0057477477 	-0.01819198 	-7.3901041e-08 	-3.5599134e-05 	-0.010628588
0.0057597598 	-0.018192013 	-6.9650005e-08 	-3.3192224e-05 	-0.010147811
0.0057717718 	-0.018192045 	-6.5398968e-08 	-3.0785314e-05 	-0.0096670336
0.0057837838 	-0.018192077 	-6.1147931e-08 	-2.8378404e-05 	-0.0091862565
0.0057957958 	-0.018192112 	-5.7561294e-08 	-2.5812933e-05 	-0.0087200248
0.0058078078 	-0.018192147 	-5.4068091e-08 	-2.3225164e-05 	-0.0082558385
0.0058198198 	-0.018192181 	-5.0574887e-08 	-2.0637396e-05 	-0.0077916523
0.0058318318 	-0.018192216 	-4.7081684e-08 	-1.8049627e-05 	-0.0073274661
0.0058438438 	-0.018192251 	-4.358848e-08 	-1.5461858e-05 	-0.0068632799
0.0058558559 	-0.018192286 	-4.0095277e-08 	-1.2874089e-05 	-0.0063990937
0.0058678679 	-0.018192315 	-3.6509842e-08 	-1.0906928e-05 	-0.0059035307
0.0058798799 	-0.018192336 	-3.2773844e-08 	-9.9528738e-06 	-0.005356747
0.0058918919 	-0.018192356 	-2.9037846e-08 	-8.9988201e-06 	-0.0048099633
0.0059039039 	-0.018192377 	-2.5301848e-08 	-8.0447664e-06 	-0.0042631796
0.0059159159 	-0.018192397 	-2.1565851e-08 	-7.0907127e-06 	-0.0037163959
0.0059279279 	-0.018192418 	-1.7829853e-08 	-6.136659e-06 	-0.0031696122
0.0059399399 	-0.018192439 	-1.4676417e-08 	-5.1302275e-06 	-0.0026369399
0.005951952 	-0.01819246 	-1.1741134e-08 	-4.104182e-06 	-0.0021095519
0.005963964 	-0.018192481 	-8.8058502e-09 	-3.0781365e-06 	-0.001582164
0.005975976 	-0.018192503 	-5.8705668e-09 	-2.052091e-06 	-0.001054776
0.005987988 	-0.018192524 	-2.9352834e-09 	-1.0260455e-06 	-0.00052738798
0.006 	-0.018192546 	-2.0983104e-20 	-7.3347669e-18 	-3.7700745e-15
