-0.006 	-0.019020968 	0 	0 	0
-0.005987988 	-0.019020941 	-9.0959702e-10 	1.4468403e-06 	-0.0004167588
-0.005975976 	-0.019020914 	-1.819194e-09 	2.8936805e-06 	-0.00083351759
-0.005963964 	-0.019020886 	-2.7287911e-09 	4.3405208e-06 	-0.0012502764
-0.005951952 	-0.019020859 	-3.6383881e-09 	5.7873611e-06 	-0.0016670352
-0.0059399399 	-0.019020832 	-4.5479851e-09 	7.2342013e-06 	-0.002083794
-0.0059279279 	-0.019020804 	-5.4575821e-09 	8.6810416e-06 	-0.0025005528
-0.0059159159 	-0.019020777 	-6.3671792e-09 	1.0127882e-05 	-0.0029173116
-0.0059039039 	-0.01902075 	-7.2767762e-09 	1.1574722e-05 	-0.0033340704
-0.0058918919 	-0.019020722 	-8.1863732e-09 	1.3021562e-05 	-0.0037508292
-0.0058798799 	-0.019020695 	-9.0959702e-09 	1.4468403e-05 	-0.004167588
-0.0058678679 	-0.019020668 	-1.0005567e-08 	1.5915243e-05 	-0.0045843468
-0.0058558559 	-0.019020636 	-1.097403e-08 	1.7787281e-05 	-0.0049953017
-0.0058438438 	-0.019020588 	-1.2306804e-08 	2.1445044e-05 	-0.0053648403
-0.0058318318 	-0.01902054 	-1.3639578e-08 	2.5102807e-05 	-0.0057343789
-0.0058198198 	-0.019020491 	-1.4972352e-08 	2.876057e-05 	-0.0061039176
-0.0058078078 	-0.019020443 	-1.6305126e-08 	3.2418334e-05 	-0.0064734562
-0.0057957958 	-0.019020394 	-1.76379e-08 	3.6076097e-05 	-0.0068429948
-0.0057837838 	-0.019020346 	-1.8970674e-08 	3.973386e-05 	-0.0072125334
-0.0057717718 	-0.019020298 	-2.0303448e-08 	4.3391623e-05 	-0.007582072
-0.0057597598 	-0.019020249 	-2.1636222e-08 	4.7049386e-05 	-0.0079516106
-0.0057477477 	-0.019020201 	-2.2968996e-08 	5.070715e-05 	-0.0083211492
-0.0057357357 	-0.019020152 	-2.430177e-08 	5.4364913e-05 	-0.0086906879
-0.0057237237 	-0.019020104 	-2.5634544e-08 	5.8022676e-05 	-0.0090602265
-0.0057117117 	-0.019020055 	-2.6967318e-08 	6.1680439e-05 	-0.0094297651
-0.0056996997 	-0.019020007 	-2.8300092e-08 	6.5338202e-05 	-0.0097993037
-0.0056876877 	-0.019019965 	-3.0049524e-08 	7.0947472e-05 	-0.010138128
-0.0056756757 	-0.019019924 	-3.1909282e-08 	7.7058076e-05 	-0.010465578
-0.0056636637 	-0.019019883 	-3.3769039e-08 	8.3168679e-05 	-0.010793027
-0.0056516517 	-0.019019842 	-3.5628797e-08 	8.9279283e-05 	-0.011120477
-0.0056396396 	-0.019019801 	-3.7488555e-08 	9.5389886e-05 	-0.011447927
-0.0056276276 	-0.01901976 	-3.9348312e-08 	0.00010150049 	-0.011775376
-0.0056156156 	-0.019019719 	-4.120807e-08 	0.00010761109 	-0.012102826
-0.0056036036 	-0.019019678 	-4.3067828e-08 	0.0001137217 	-0.012430276
-0.0055915916 	-0.019019637 	-4.4927586e-08 	0.0001198323 	-0.012757725
-0.0055795796 	-0.019019596 	-4.6787343e-08 	0.0001259429 	-0.013085175
-0.0055675676 	-0.019019555 	-4.8647101e-08 	0.00013205351 	-0.013412625
-0.0055555556 	-0.019019514 	-5.0506859e-08 	0.00013816411 	-0.013740074
-0.0055435435 	-0.019019473 	-5.2366616e-08 	0.00014427471 	-0.014067524
-0.0055315315 	-0.019019432 	-5.4226374e-08 	0.00015038532 	-0.014394974
-0.0055195195 	-0.019019391 	-5.6086132e-08 	0.00015649592 	-0.014722423
-0.0055075075 	-0.019019359 	-5.8354185e-08 	0.00016401035 	-0.015021307
-0.0054954955 	-0.019019332 	-6.0856863e-08 	0.00017248247 	-0.01529796
-0.0054834835 	-0.019019305 	-6.3359541e-08 	0.0001809546 	-0.015574613
-0.0054714715 	-0.019019278 	-6.586222e-08 	0.00018942673 	-0.015851267
-0.0054594595 	-0.019019251 	-6.8364898e-08 	0.00019789886 	-0.01612792
-0.0054474474 	-0.019019224 	-7.0867576e-08 	0.00020637098 	-0.016404573
-0.0054354354 	-0.019019197 	-7.3370254e-08 	0.00021484311 	-0.016681227
-0.0054234234 	-0.01901917 	-7.5872933e-08 	0.00022331524 	-0.01695788
-0.0054114114 	-0.019019143 	-7.8375611e-08 	0.00023178736 	-0.017234533
-0.0053993994 	-0.019019116 	-8.0878289e-08 	0.00024025949 	-0.017511187
-0.0053873874 	-0.019019089 	-8.3380968e-08 	0.00024873162 	-0.01778784
-0.0053753754 	-0.019019062 	-8.5883646e-08 	0.00025720374 	-0.018064493
-0.0053633634 	-0.019019034 	-8.8386324e-08 	0.00026567587 	-0.018341147
-0.0053513514 	-0.019019007 	-9.0889002e-08 	0.000274148 	-0.0186178
-0.0053393393 	-0.01901898 	-9.3391681e-08 	0.00028262013 	-0.018894453
-0.0053273273 	-0.019018953 	-9.5894359e-08 	0.00029109225 	-0.019171107
-0.0053153153 	-0.019018926 	-9.8397037e-08 	0.00029956438 	-0.01944776
-0.0053033033 	-0.019018906 	-1.0124049e-07 	0.00030874517 	-0.019702197
-0.0052912913 	-0.019018897 	-1.0453829e-07 	0.00031928634 	-0.019916495
-0.0052792793 	-0.019018887 	-1.0783609e-07 	0.00032982752 	-0.020130794
-0.0052672673 	-0.019018877 	-1.111339e-07 	0.00034036869 	-0.020345093
-0.0052552553 	-0.019018867 	-1.144317e-07 	0.00035090986 	-0.020559392
-0.0052432432 	-0.019018857 	-1.177295e-07 	0.00036145103 	-0.020773691
-0.0052312312 	-0.019018847 	-1.210273e-07 	0.00037199221 	-0.020987989
-0.0052192192 	-0.019018837 	-1.2432511e-07 	0.00038253338 	-0.021202288
-0.0052072072 	-0.019018827 	-1.2762291e-07 	0.00039307455 	-0.021416587
-0.0051951952 	-0.019018817 	-1.3092071e-07 	0.00040361572 	-0.021630886
-0.0051831832 	-0.019018807 	-1.3421852e-07 	0.0004141569 	-0.021845184
-0.0051711712 	-0.019018797 	-1.3751632e-07 	0.00042469807 	-0.022059483
-0.0051591592 	-0.019018787 	-1.4081412e-07 	0.00043523924 	-0.022273782
-0.0051471471 	-0.019018777 	-1.4411192e-07 	0.00044578041 	-0.022488081
-0.0051351351 	-0.019018767 	-1.4740973e-07 	0.00045632159 	-0.02270238
-0.0051231231 	-0.019018757 	-1.5070753e-07 	0.00046686276 	-0.022916678
-0.0051111111 	-0.019018747 	-1.5400533e-07 	0.00047740393 	-0.023130977
-0.0050990991 	-0.019018737 	-1.5730313e-07 	0.0004879451 	-0.023345276
-0.0050870871 	-0.019018727 	-1.6060094e-07 	0.00049848628 	-0.023559575
-0.0050750751 	-0.019018717 	-1.6391044e-07 	0.00050894184 	-0.023774952
-0.0050630631 	-0.019018726 	-1.6810553e-07 	0.00052074588 	-0.02392315
-0.0050510511 	-0.019018738 	-1.7242276e-07 	0.00053285929 	-0.024059738
-0.005039039 	-0.01901875 	-1.7673999e-07 	0.0005449727 	-0.024196325
-0.005027027 	-0.019018762 	-1.8105722e-07 	0.00055708611 	-0.024332913
-0.005015015 	-0.019018774 	-1.8537444e-07 	0.00056919952 	-0.024469501
-0.005003003 	-0.019018786 	-1.8969167e-07 	0.00058131293 	-0.024606088
-0.004990991 	-0.019018798 	-1.940089e-07 	0.00059342634 	-0.024742676
-0.004978979 	-0.019018809 	-1.9832613e-07 	0.00060553975 	-0.024879263
-0.004966967 	-0.019018821 	-2.0264336e-07 	0.00061765316 	-0.025015851
-0.004954955 	-0.019018833 	-2.0696058e-07 	0.00062976657 	-0.025152439
-0.0049429429 	-0.019018845 	-2.1127781e-07 	0.00064187998 	-0.025289026
-0.0049309309 	-0.019018857 	-2.1559504e-07 	0.00065399339 	-0.025425614
-0.0049189189 	-0.019018869 	-2.1991227e-07 	0.0006661068 	-0.025562202
-0.0049069069 	-0.019018881 	-2.242295e-07 	0.00067822021 	-0.025698789
-0.0048948949 	-0.019018893 	-2.2854673e-07 	0.00069033363 	-0.025835377
-0.0048828829 	-0.019018904 	-2.3286395e-07 	0.00070244704 	-0.025971964
-0.0048708709 	-0.019018916 	-2.3718118e-07 	0.00071456045 	-0.026108552
-0.0048588589 	-0.019018928 	-2.4149841e-07 	0.00072667386 	-0.02624514
-0.0048468468 	-0.01901894 	-2.4581564e-07 	0.00073878727 	-0.026381727
-0.0048348348 	-0.019018952 	-2.5013287e-07 	0.00075090068 	-0.026518315
-0.0048228228 	-0.019018964 	-2.5445009e-07 	0.00076301409 	-0.026654903
-0.0048108108 	-0.019018976 	-2.5876732e-07 	0.0007751275 	-0.02679149
-0.0047987988 	-0.019019007 	-2.6409517e-07 	0.00078750058 	-0.026859987
-0.0047867868 	-0.019019045 	-2.6983209e-07 	0.00080033939 	-0.026898206
-0.0047747748 	-0.019019084 	-2.7556901e-07 	0.0008131782 	-0.026936425
-0.0047627628 	-0.019019123 	-2.8130593e-07 	0.00082601701 	-0.026974644
-0.0047507508 	-0.019019162 	-2.8704285e-07 	0.00083885582 	-0.027012863
-0.0047387387 	-0.019019201 	-2.9277977e-07 	0.00085169463 	-0.027051082
-0.0047267267 	-0.01901924 	-2.9851669e-07 	0.00086453344 	-0.027089302
-0.0047147147 	-0.019019279 	-3.0425361e-07 	0.00087737226 	-0.027127521
-0.0047027027 	-0.019019318 	-3.0999053e-07 	0.00089021107 	-0.02716574
-0.0046906907 	-0.019019357 	-3.1572745e-07 	0.00090304988 	-0.027203959
-0.0046786787 	-0.019019396 	-3.2146437e-07 	0.00091588869 	-0.027242178
-0.0046666667 	-0.019019434 	-3.2720129e-07 	0.0009287275 	-0.027280397
-0.0046546547 	-0.019019473 	-3.3293821e-07 	0.00094156631 	-0.027318617
-0.0046426426 	-0.019019512 	-3.3867513e-07 	0.00095440512 	-0.027356836
-0.0046306306 	-0.019019551 	-3.4441205e-07 	0.00096724393 	-0.027395055
-0.0046186186 	-0.01901959 	-3.5014897e-07 	0.00098008274 	-0.027433274
-0.0046066066 	-0.019019629 	-3.5588589e-07 	0.00099292156 	-0.027471493
-0.0045945946 	-0.019019668 	-3.6162281e-07 	0.0010057604 	-0.027509712
-0.0045825826 	-0.019019707 	-3.6735973e-07 	0.0010185992 	-0.027547932
-0.0045705706 	-0.019019746 	-3.7309665e-07 	0.001031438 	-0.027586151
-0.0045585586 	-0.019019784 	-3.7883357e-07 	0.0010442768 	-0.02762437
-0.0045465465 	-0.019019823 	-3.8457049e-07 	0.0010571156 	-0.027662589
-0.0045345345 	-0.019019862 	-3.9030741e-07 	0.0010699544 	-0.027700808
-0.0045225225 	-0.019019901 	-3.9604433e-07 	0.0010827932 	-0.027739027
-0.0045105105 	-0.01901994 	-4.0178125e-07 	0.001095632 	-0.027777247
-0.0044984985 	-0.019019995 	-4.0874733e-07 	0.0011077749 	-0.027742903
-0.0044864865 	-0.019020063 	-4.1673854e-07 	0.0011199517 	-0.027653736
-0.0044744745 	-0.019020132 	-4.2472976e-07 	0.0011321286 	-0.027564569
-0.0044624625 	-0.0190202 	-4.3272097e-07 	0.0011443054 	-0.027475401
-0.0044504505 	-0.019020269 	-4.4071218e-07 	0.0011564823 	-0.027386234
-0.0044384384 	-0.019020337 	-4.487034e-07 	0.0011686591 	-0.027297066
-0.0044264264 	-0.019020405 	-4.5669461e-07 	0.001180836 	-0.027207899
-0.0044144144 	-0.019020474 	-4.6468582e-07 	0.0011930128 	-0.027118732
-0.0044024024 	-0.019020542 	-4.7267704e-07 	0.0012051897 	-0.027029564
-0.0043903904 	-0.019020611 	-4.8066825e-07 	0.0012173665 	-0.026940397
-0.0043783784 	-0.019020679 	-4.8865946e-07 	0.0012295434 	-0.02685123
-0.0043663664 	-0.019020747 	-4.9665068e-07 	0.0012417202 	-0.026762062
-0.0043543544 	-0.019020816 	-5.0464189e-07 	0.0012538971 	-0.026672895
-0.0043423423 	-0.019020884 	-5.126331e-07 	0.001266074 	-0.026583728
-0.0043303303 	-0.019020953 	-5.2062432e-07 	0.0012782508 	-0.02649456
-0.0043183183 	-0.019021021 	-5.2861553e-07 	0.0012904277 	-0.026405393
-0.0043063063 	-0.01902109 	-5.3660674e-07 	0.0013026045 	-0.026316226
-0.0042942943 	-0.019021158 	-5.4459796e-07 	0.0013147814 	-0.026227058
-0.0042822823 	-0.019021226 	-5.5258917e-07 	0.0013269582 	-0.026137891
-0.0042702703 	-0.019021295 	-5.6058038e-07 	0.0013391351 	-0.026048724
-0.0042582583 	-0.019021363 	-5.685716e-07 	0.0013513119 	-0.025959556
-0.0042462462 	-0.019021432 	-5.7656281e-07 	0.0013634888 	-0.025870389
-0.0042342342 	-0.0190215 	-5.8455402e-07 	0.0013756656 	-0.025781222
-0.0042222222 	-0.019021568 	-5.9254523e-07 	0.0013878425 	-0.025692054
-0.0042102102 	-0.019021637 	-6.0053645e-07 	0.0014000193 	-0.025602887
-0.0041981982 	-0.019021705 	-6.0852766e-07 	0.0014121962 	-0.025513719
-0.0041861862 	-0.019021774 	-6.1651887e-07 	0.001424373 	-0.025424552
-0.0041741742 	-0.019021842 	-6.2451009e-07 	0.0014365499 	-0.025335385
-0.0041621622 	-0.01902191 	-6.3252939e-07 	0.0014482038 	-0.025234499
-0.0041501502 	-0.019022001 	-6.4456044e-07 	0.0014575865 	-0.024972814
-0.0041381381 	-0.019022093 	-6.5659149e-07 	0.0014669693 	-0.024711128
-0.0041261261 	-0.019022184 	-6.6862254e-07 	0.001476352 	-0.024449443
-0.0041141141 	-0.019022276 	-6.8065358e-07 	0.0014857348 	-0.024187758
-0.0041021021 	-0.019022367 	-6.9268463e-07 	0.0014951175 	-0.023926073
-0.0040900901 	-0.019022459 	-7.0471568e-07 	0.0015045003 	-0.023664387
-0.0040780781 	-0.01902255 	-7.1674673e-07 	0.001513883 	-0.023402702
-0.0040660661 	-0.019022642 	-7.2877778e-07 	0.0015232658 	-0.023141017
-0.0040540541 	-0.019022733 	-7.4080883e-07 	0.0015326485 	-0.022879332
-0.004042042 	-0.019022824 	-7.5283988e-07 	0.0015420313 	-0.022617646
-0.00403003 	-0.019022916 	-7.6487093e-07 	0.001551414 	-0.022355961
-0.004018018 	-0.019023007 	-7.7690197e-07 	0.0015607968 	-0.022094276
-0.004006006 	-0.019023099 	-7.8893302e-07 	0.0015701795 	-0.021832591
-0.003993994 	-0.01902319 	-8.0096407e-07 	0.0015795623 	-0.021570905
-0.003981982 	-0.019023282 	-8.1299512e-07 	0.001588945 	-0.02130922
-0.00396997 	-0.019023373 	-8.2502617e-07 	0.0015983278 	-0.021047535
-0.003957958 	-0.019023465 	-8.3705722e-07 	0.0016077105 	-0.02078585
-0.0039459459 	-0.019023556 	-8.4908827e-07 	0.0016170933 	-0.020524165
-0.0039339339 	-0.019023648 	-8.6111931e-07 	0.001626476 	-0.020262479
-0.0039219219 	-0.019023739 	-8.7315036e-07 	0.0016358588 	-0.020000794
-0.0039099099 	-0.01902383 	-8.8518141e-07 	0.0016452415 	-0.019739109
-0.0038978979 	-0.019023922 	-8.9721246e-07 	0.0016546243 	-0.019477424
-0.0038858859 	-0.019024013 	-9.0924351e-07 	0.001664007 	-0.019215738
-0.0038738739 	-0.019024105 	-9.2127456e-07 	0.0016733898 	-0.018954053
-0.0038618619 	-0.019024196 	-9.3330561e-07 	0.0016827725 	-0.018692368
-0.0038498498 	-0.019024288 	-9.4533666e-07 	0.0016921553 	-0.018430683
-0.0038378378 	-0.019024379 	-9.573677e-07 	0.001701538 	-0.018168997
-0.0038258258 	-0.019024471 	-9.6939875e-07 	0.0017109208 	-0.017907312
-0.0038138138 	-0.019024562 	-9.814298e-07 	0.0017203035 	-0.017645627
-0.0038018018 	-0.019024654 	-9.9346085e-07 	0.0017296863 	-0.017383942
-0.0037897898 	-0.019024745 	-1.0054919e-06 	0.001739069 	-0.017122257
-0.0037777778 	-0.019024836 	-1.0173896e-06 	0.0017483416 	-0.016858974
-0.0037657658 	-0.019024928 	-1.0343645e-06 	0.001753296 	-0.016411734
-0.0037537538 	-0.019025024 	-1.0538231e-06 	0.0017568165 	-0.01589401
-0.0037417417 	-0.019025119 	-1.0732816e-06 	0.0017603369 	-0.015376287
-0.0037297297 	-0.019025215 	-1.0927402e-06 	0.0017638574 	-0.014858563
-0.0037177177 	-0.01902531 	-1.1121987e-06 	0.0017673779 	-0.01434084
-0.0037057057 	-0.019025406 	-1.1316573e-06 	0.0017708984 	-0.013823117
-0.0036936937 	-0.019025502 	-1.1511158e-06 	0.0017744188 	-0.013305393
-0.0036816817 	-0.019025597 	-1.1705744e-06 	0.0017779393 	-0.01278767
-0.0036696697 	-0.019025693 	-1.1900329e-06 	0.0017814598 	-0.012269946
-0.0036576577 	-0.019025788 	-1.2094915e-06 	0.0017849803 	-0.011752223
-0.0036456456 	-0.019025884 	-1.22895e-06 	0.0017885008 	-0.0112345
-0.0036336336 	-0.01902598 	-1.2484086e-06 	0.0017920212 	-0.010716776
-0.0036216216 	-0.019026075 	-1.2678672e-06 	0.0017955417 	-0.010199053
-0.0036096096 	-0.019026171 	-1.2873257e-06 	0.0017990622 	-0.0096813292
-0.0035975976 	-0.019026266 	-1.3067843e-06 	0.0018025827 	-0.0091636058
-0.0035855856 	-0.019026362 	-1.3262428e-06 	0.0018061031 	-0.0086458824
-0.0035735736 	-0.019026458 	-1.3457014e-06 	0.0018096236 	-0.008128159
-0.0035615616 	-0.019026553 	-1.3651599e-06 	0.0018131441 	-0.0076104355
-0.0035495495 	-0.019026649 	-1.3846185e-06 	0.0018166646 	-0.0070927121
-0.0035375375 	-0.019026745 	-1.404077e-06 	0.001820185 	-0.0065749887
-0.0035255255 	-0.01902684 	-1.4235356e-06 	0.0018237055 	-0.0060572653
-0.0035135135 	-0.019026936 	-1.4429941e-06 	0.001827226 	-0.0055395419
-0.0035015015 	-0.019027031 	-1.4624527e-06 	0.0018307465 	-0.0050218184
-0.0034894895 	-0.019027127 	-1.4819112e-06 	0.0018342669 	-0.004504095
-0.0034774775 	-0.019027223 	-1.5013698e-06 	0.0018377874 	-0.0039863716
-0.0034654655 	-0.019027318 	-1.5208283e-06 	0.0018413079 	-0.0034686482
-0.0034534535 	-0.019027414 	-1.5402869e-06 	0.0018448284 	-0.0029509247
-0.0034414414 	-0.019027509 	-1.5597454e-06 	0.0018483489 	-0.0024332013
-0.0034294294 	-0.019027605 	-1.579204e-06 	0.0018518693 	-0.0019154779
-0.0034174174 	-0.019027701 	-1.5986625e-06 	0.0018553898 	-0.0013977545
-0.0034054054 	-0.019027796 	-1.6181211e-06 	0.0018589103 	-0.00088003104
-0.0033933934 	-0.019027892 	-1.6375796e-06 	0.0018624308 	-0.00036230762
-0.0033813814 	-0.019027987 	-1.6570382e-06 	0.0018659512 	0.00015541581
-0.0033693694 	-0.019028083 	-1.6764967e-06 	0.0018694717 	0.00067313923
-0.0033573574 	-0.019028179 	-1.6959553e-06 	0.0018729922 	0.0011908627
-0.0033453453 	-0.019028274 	-1.7154138e-06 	0.0018765127 	0.0017085861
-0.0033333333 	-0.019028367 	-1.7341828e-06 	0.0018794503 	0.0022445397
-0.0033213213 	-0.019028465 	-1.764665e-06 	0.0018690288 	0.0032073029
-0.0033093093 	-0.019028564 	-1.7951472e-06 	0.0018586073 	0.0041700662
-0.0032972973 	-0.019028662 	-1.8256295e-06 	0.0018481858 	0.0051328294
-0.0032852853 	-0.019028761 	-1.8561117e-06 	0.0018377644 	0.0060955927
-0.0032732733 	-0.019028859 	-1.8865939e-06 	0.0018273429 	0.0070583559
-0.0032612613 	-0.019028958 	-1.9170762e-06 	0.0018169214 	0.0080211192
-0.0032492492 	-0.019029056 	-1.9475584e-06 	0.0018064999 	0.0089838824
-0.0032372372 	-0.019029155 	-1.9780406e-06 	0.0017960784 	0.0099466457
-0.0032252252 	-0.019029254 	-2.0085228e-06 	0.0017856569 	0.010909409
-0.0032132132 	-0.019029352 	-2.0390051e-06 	0.0017752354 	0.011872172
-0.0032012012 	-0.019029451 	-2.0694873e-06 	0.0017648139 	0.012834935
-0.0031891892 	-0.019029549 	-2.0999695e-06 	0.0017543924 	0.013797699
-0.0031771772 	-0.019029648 	-2.1304518e-06 	0.0017439709 	0.014760462
-0.0031651652 	-0.019029746 	-2.160934e-06 	0.0017335494 	0.015723225
-0.0031531532 	-0.019029845 	-2.1914162e-06 	0.0017231279 	0.016685988
-0.0031411411 	-0.019029943 	-2.2218985e-06 	0.0017127064 	0.017648752
-0.0031291291 	-0.019030042 	-2.2523807e-06 	0.0017022849 	0.018611515
-0.0031171171 	-0.01903014 	-2.2828629e-06 	0.0016918634 	0.019574278
-0.0031051051 	-0.019030239 	-2.3133452e-06 	0.0016814419 	0.020537042
-0.0030930931 	-0.019030338 	-2.3438274e-06 	0.0016710204 	0.021499805
-0.0030810811 	-0.019030436 	-2.3743096e-06 	0.001660599 	0.022462568
-0.0030690691 	-0.019030535 	-2.4047919e-06 	0.0016501775 	0.023425331
-0.0030570571 	-0.019030633 	-2.4352741e-06 	0.001639756 	0.024388095
-0.003045045 	-0.019030732 	-2.4657563e-06 	0.0016293345 	0.025350858
-0.003033033 	-0.01903083 	-2.4962386e-06 	0.001618913 	0.026313621
-0.003021021 	-0.019030929 	-2.5267208e-06 	0.0016084915 	0.027276384
-0.003009009 	-0.019031027 	-2.557203e-06 	0.00159807 	0.028239148
-0.002996997 	-0.019031126 	-2.5876853e-06 	0.0015876485 	0.029201911
-0.002984985 	-0.019031224 	-2.6181675e-06 	0.001577227 	0.030164674
-0.002972973 	-0.019031323 	-2.6486497e-06 	0.0015668055 	0.031127437
-0.002960961 	-0.019031422 	-2.6791319e-06 	0.001556384 	0.032090201
-0.0029489489 	-0.01903152 	-2.7096142e-06 	0.0015459625 	0.033052964
-0.0029369369 	-0.019031619 	-2.7400964e-06 	0.001535541 	0.034015727
-0.0029249249 	-0.019031717 	-2.7705786e-06 	0.0015251195 	0.03497849
-0.0029129129 	-0.019031816 	-2.8010609e-06 	0.001514698 	0.035941254
-0.0029009009 	-0.019031914 	-2.8315431e-06 	0.0015042765 	0.036904017
-0.0028888889 	-0.019032013 	-2.8620253e-06 	0.001493855 	0.03786678
-0.0028768769 	-0.019032111 	-2.8925076e-06 	0.0014834336 	0.038829543
-0.0028648649 	-0.01903221 	-2.9229898e-06 	0.0014730121 	0.039792307
-0.0028528529 	-0.019032309 	-2.953472e-06 	0.0014625906 	0.04075507
-0.0028408408 	-0.019032407 	-2.9839543e-06 	0.0014521691 	0.041717833
-0.0028288288 	-0.019032447 	-3.0112792e-06 	0.0014383231 	0.042829353
-0.0028168168 	-0.019032413 	-3.03742e-06 	0.0014188492 	0.044137678
-0.0028048048 	-0.019032378 	-3.0635608e-06 	0.0013993752 	0.045446002
-0.0027927928 	-0.019032343 	-3.0897017e-06 	0.0013799013 	0.046754326
-0.0027807808 	-0.019032308 	-3.1158425e-06 	0.0013604273 	0.048062651
-0.0027687688 	-0.019032273 	-3.1419834e-06 	0.0013409533 	0.049370975
-0.0027567568 	-0.019032238 	-3.1681242e-06 	0.0013214794 	0.0506793
-0.0027447447 	-0.019032203 	-3.1942651e-06 	0.0013020054 	0.051987624
-0.0027327327 	-0.019032169 	-3.2204059e-06 	0.0012825315 	0.053295948
-0.0027207207 	-0.019032134 	-3.2465468e-06 	0.0012630575 	0.054604273
-0.0027087087 	-0.019032099 	-3.2726876e-06 	0.0012435836 	0.055912597
-0.0026966967 	-0.019032064 	-3.2988284e-06 	0.0012241096 	0.057220922
-0.0026846847 	-0.019032029 	-3.3249693e-06 	0.0012046357 	0.058529246
-0.0026726727 	-0.019031994 	-3.3511101e-06 	0.0011851617 	0.05983757
-0.0026606607 	-0.019031959 	-3.377251e-06 	0.0011656877 	0.061145895
-0.0026486486 	-0.019031925 	-3.4033918e-06 	0.0011462138 	0.062454219
-0.0026366366 	-0.01903189 	-3.4295327e-06 	0.0011267398 	0.063762544
-0.0026246246 	-0.019031855 	-3.4556735e-06 	0.0011072659 	0.065070868
-0.0026126126 	-0.01903182 	-3.4818144e-06 	0.0010877919 	0.066379192
-0.0026006006 	-0.019031785 	-3.5079552e-06 	0.001068318 	0.067687517
-0.0025885886 	-0.01903175 	-3.534096e-06 	0.001048844 	0.068995841
-0.0025765766 	-0.019031715 	-3.5602369e-06 	0.0010293701 	0.070304166
-0.0025645646 	-0.01903168 	-3.5863777e-06 	0.0010098961 	0.07161249
-0.0025525526 	-0.019031646 	-3.6125186e-06 	0.00099042215 	0.072920814
-0.0025405405 	-0.019031611 	-3.6386594e-06 	0.00097094819 	0.074229139
-0.0025285285 	-0.019031576 	-3.6648003e-06 	0.00095147424 	0.075537463
-0.0025165165 	-0.019031541 	-3.6909411e-06 	0.00093200028 	0.076845788
-0.0025045045 	-0.019031506 	-3.717082e-06 	0.00091252633 	0.078154112
-0.0024924925 	-0.019031471 	-3.7432228e-06 	0.00089305237 	0.079462436
-0.0024804805 	-0.019031436 	-3.7693636e-06 	0.00087357841 	0.080770761
-0.0024684685 	-0.019031402 	-3.7955045e-06 	0.00085410446 	0.082079085
-0.0024564565 	-0.019031367 	-3.8216453e-06 	0.0008346305 	0.08338741
-0.0024444444 	-0.019031332 	-3.8477862e-06 	0.00081515655 	0.084695734
-0.0024324324 	-0.019031297 	-3.873927e-06 	0.00079568259 	0.086004058
-0.0024204204 	-0.019031262 	-3.9000679e-06 	0.00077620864 	0.087312383
-0.0024084084 	-0.019031227 	-3.9262087e-06 	0.00075673468 	0.088620707
-0.0023963964 	-0.019031192 	-3.9523496e-06 	0.00073726073 	0.089929032
-0.0023843844 	-0.019031158 	-3.9784904e-06 	0.00071778677 	0.091237356
-0.0023723724 	-0.019031123 	-4.0046313e-06 	0.00069831282 	0.09254568
-0.0023603604 	-0.019031088 	-4.0307721e-06 	0.00067883886 	0.093854005
-0.0023483483 	-0.019031053 	-4.0569129e-06 	0.0006593649 	0.095162329
-0.0023363363 	-0.019031018 	-4.0830538e-06 	0.00063989095 	0.096470654
-0.0023243243 	-0.019030983 	-4.1091946e-06 	0.00062041699 	0.097778978
-0.0023123123 	-0.019030948 	-4.1353355e-06 	0.00060094304 	0.099087302
-0.0023003003 	-0.019030913 	-4.1614763e-06 	0.00058146908 	0.10039563
-0.0022882883 	-0.019030879 	-4.1876172e-06 	0.00056199513 	0.10170395
-0.0022762763 	-0.019030844 	-4.213758e-06 	0.00054252117 	0.10301228
-0.0022642643 	-0.019030628 	-4.2528946e-06 	0.00050546087 	0.10567214
-0.0022522523 	-0.019029668 	-4.3468943e-06 	0.00039400168 	0.1137657
-0.0022402402 	-0.019028708 	-4.440894e-06 	0.00028254249 	0.12185926
-0.0022282282 	-0.019027748 	-4.5348937e-06 	0.0001710833 	0.12995281
-0.0022162162 	-0.019026788 	-4.6288935e-06 	5.9624108e-05 	0.13804637
-0.0022042042 	-0.019026058 	-4.6995635e-06 	-2.8062719e-05 	0.14454636
-0.0021921922 	-0.019025839 	-4.7151797e-06 	-6.2405562e-05 	0.14739152
-0.0021801802 	-0.019025621 	-4.7307958e-06 	-9.6748405e-05 	0.15023668
-0.0021681682 	-0.019025402 	-4.7464119e-06 	-0.00013109125 	0.15308185
-0.0021561562 	-0.019025184 	-4.7620281e-06 	-0.00016543409 	0.15592701
-0.0021441441 	-0.019024965 	-4.7776442e-06 	-0.00019977693 	0.15877218
-0.0021321321 	-0.019024793 	-4.7841446e-06 	-0.00023390262 	0.16177058
-0.0021201201 	-0.019024634 	-4.7871714e-06 	-0.00026819272 	0.16482911
-0.0021081081 	-0.019024474 	-4.7901982e-06 	-0.00030248281 	0.16788764
-0.0020960961 	-0.019024315 	-4.7932251e-06 	-0.0003367729 	0.17094616
-0.0020840841 	-0.019024156 	-4.7962519e-06 	-0.00037106299 	0.17400469
-0.0020720721 	-0.019023997 	-4.7992787e-06 	-0.00040535309 	0.17706322
-0.0020600601 	-0.019023834 	-4.7968063e-06 	-0.00043939936 	0.18022293
-0.002048048 	-0.019023664 	-4.786449e-06 	-0.00047358091 	0.18352762
-0.002036036 	-0.019023493 	-4.7760916e-06 	-0.00050776247 	0.18683231
-0.002024024 	-0.019023323 	-4.7657343e-06 	-0.00054194402 	0.190137
-0.002012012 	-0.019023152 	-4.7553769e-06 	-0.00057612558 	0.19344169
-0.002 	-0.019022982 	-4.7450196e-06 	-0.00061030713 	0.19674638
-0.001987988 	-0.019022811 	-4.7346622e-06 	-0.00064448869 	0.20005107
-0.001975976 	-0.019022637 	-4.7208428e-06 	-0.00067813551 	0.20342709
-0.001963964 	-0.019022449 	-4.6965975e-06 	-0.00071120961 	0.20701028
-0.001951952 	-0.01902226 	-4.6723522e-06 	-0.0007442837 	0.21059346
-0.0019399399 	-0.019022072 	-4.6481068e-06 	-0.00077735779 	0.21417665
-0.0019279279 	-0.019021883 	-4.6238615e-06 	-0.00081043188 	0.21775983
-0.0019159159 	-0.019021695 	-4.5996162e-06 	-0.00084350598 	0.22134302
-0.0019039039 	-0.019021507 	-4.5753709e-06 	-0.00087658007 	0.2249262
-0.0018918919 	-0.019021318 	-4.5511255e-06 	-0.00090965416 	0.22850939
-0.0018798799 	-0.01902113 	-4.5252141e-06 	-0.0009420381 	0.23213452
-0.0018678679 	-0.01902093 	-4.4874856e-06 	-0.00097248075 	0.23601985
-0.0018558559 	-0.019020731 	-4.4497571e-06 	-0.0010029234 	0.23990518
-0.0018438438 	-0.019020532 	-4.4120286e-06 	-0.001033366 	0.24379052
-0.0018318318 	-0.019020333 	-4.3743002e-06 	-0.0010638087 	0.24767585
-0.0018198198 	-0.019020134 	-4.3365717e-06 	-0.0010942513 	0.25156118
-0.0018078078 	-0.019019935 	-4.2988432e-06 	-0.001124694 	0.25544651
-0.0017957958 	-0.019019735 	-4.2611147e-06 	-0.0011551366 	0.25933184
-0.0017837838 	-0.019019536 	-4.2233863e-06 	-0.0011855793 	0.26321717
-0.0017717718 	-0.019019339 	-4.1864026e-06 	-0.0012158572 	0.26708996
-0.0017597598 	-0.019019135 	-4.1378152e-06 	-0.0012416408 	0.27126836
-0.0017477477 	-0.019018932 	-4.0888214e-06 	-0.0012673598 	0.27545603
-0.0017357357 	-0.019018728 	-4.0398277e-06 	-0.0012930788 	0.27964369
-0.0017237237 	-0.019018524 	-3.9908339e-06 	-0.0013187978 	0.28383135
-0.0017117117 	-0.019018321 	-3.9418402e-06 	-0.0013445168 	0.28801901
-0.0016996997 	-0.019018117 	-3.8928464e-06 	-0.0013702357 	0.29220667
-0.0016876877 	-0.019017913 	-3.8438527e-06 	-0.0013959547 	0.29639433
-0.0016756757 	-0.01901771 	-3.7948589e-06 	-0.0014216737 	0.30058199
-0.0016636637 	-0.019017506 	-3.7458652e-06 	-0.0014473927 	0.30476965
-0.0016516517 	-0.019017302 	-3.6968714e-06 	-0.0014731117 	0.30895731
-0.0016396396 	-0.019017102 	-3.6454673e-06 	-0.0014946853 	0.31326407
-0.0016276276 	-0.019016901 	-3.5902054e-06 	-0.0015130305 	0.31770571
-0.0016156156 	-0.0190167 	-3.5349436e-06 	-0.0015313757 	0.32214735
-0.0016036036 	-0.0190165 	-3.4796818e-06 	-0.0015497209 	0.32658899
-0.0015915916 	-0.019016299 	-3.4244199e-06 	-0.0015680662 	0.33103063
-0.0015795796 	-0.019016098 	-3.3691581e-06 	-0.0015864114 	0.33547227
-0.0015675676 	-0.019015897 	-3.3138962e-06 	-0.0016047566 	0.33991391
-0.0015555556 	-0.019015696 	-3.2586344e-06 	-0.0016231018 	0.34435556
-0.0015435435 	-0.019015495 	-3.2033726e-06 	-0.001641447 	0.3487972
-0.0015315315 	-0.019015295 	-3.1481107e-06 	-0.0016597922 	0.35323884
-0.0015195195 	-0.019015094 	-3.0928489e-06 	-0.0016781374 	0.35768048
-0.0015075075 	-0.019014893 	-3.037587e-06 	-0.0016964826 	0.36212212
-0.0014954955 	-0.019014702 	-2.9844082e-06 	-0.0017076349 	0.36662859
-0.0014834835 	-0.019014513 	-2.9308291e-06 	-0.0017158259 	0.37119247
-0.0014714715 	-0.019014324 	-2.8772499e-06 	-0.0017240169 	0.37575635
-0.0014594595 	-0.019014135 	-2.8236707e-06 	-0.001732208 	0.38032023
-0.0014474474 	-0.019013945 	-2.7700915e-06 	-0.001740399 	0.38488411
-0.0014354354 	-0.019013756 	-2.7165123e-06 	-0.00174859 	0.38944799
-0.0014234234 	-0.019013567 	-2.6629331e-06 	-0.001756781 	0.39401187
-0.0014114114 	-0.019013378 	-2.6093539e-06 	-0.0017649721 	0.39857575
-0.0013993994 	-0.019013189 	-2.5557748e-06 	-0.0017731631 	0.40313963
-0.0013873874 	-0.019013 	-2.5021956e-06 	-0.0017813541 	0.40770351
-0.0013753754 	-0.019012811 	-2.4486164e-06 	-0.0017895451 	0.41226739
-0.0013633634 	-0.019012621 	-2.3950372e-06 	-0.0017977362 	0.41683127
-0.0013513514 	-0.019012432 	-2.341458e-06 	-0.0018059272 	0.42139515
-0.0013393393 	-0.019012251 	-2.2913787e-06 	-0.0018109692 	0.4259032
-0.0013273273 	-0.019012088 	-2.2483944e-06 	-0.0018073601 	0.43034328
-0.0013153153 	-0.019011924 	-2.2054102e-06 	-0.0018037511 	0.43478336
-0.0013033033 	-0.01901176 	-2.1624259e-06 	-0.0018001421 	0.43922345
-0.0012912913 	-0.019011596 	-2.1194417e-06 	-0.001796533 	0.44366353
-0.0012792793 	-0.019011433 	-2.0764574e-06 	-0.001792924 	0.44810361
-0.0012672673 	-0.019011269 	-2.0334732e-06 	-0.0017893149 	0.45254369
-0.0012552553 	-0.019011105 	-1.9904889e-06 	-0.0017857059 	0.45698378
-0.0012432432 	-0.019010941 	-1.9475047e-06 	-0.0017820969 	0.46142386
-0.0012312312 	-0.019010777 	-1.9045204e-06 	-0.0017784878 	0.46586394
-0.0012192192 	-0.019010614 	-1.8615362e-06 	-0.0017748788 	0.47030403
-0.0012072072 	-0.01901045 	-1.8185519e-06 	-0.0017712697 	0.47474411
-0.0011951952 	-0.019010286 	-1.7755677e-06 	-0.0017676607 	0.47918419
-0.0011831832 	-0.019010122 	-1.7325835e-06 	-0.0017640516 	0.48362428
-0.0011711712 	-0.019009958 	-1.6895992e-06 	-0.0017604426 	0.48806436
-0.0011591592 	-0.019009796 	-1.6474189e-06 	-0.0017565651 	0.49246557
-0.0011471471 	-0.019009642 	-1.6206657e-06 	-0.0017411453 	0.49643362
-0.0011351351 	-0.019009489 	-1.5939126e-06 	-0.0017257256 	0.50040166
-0.0011231231 	-0.019009335 	-1.5671595e-06 	-0.0017103059 	0.50436971
-0.0011111111 	-0.019009181 	-1.5404064e-06 	-0.0016948862 	0.50833776
-0.0010990991 	-0.019009028 	-1.5136532e-06 	-0.0016794665 	0.5123058
-0.0010870871 	-0.019008874 	-1.4869001e-06 	-0.0016640468 	0.51627385
-0.0010750751 	-0.019008721 	-1.460147e-06 	-0.0016486271 	0.52024189
-0.0010630631 	-0.019008567 	-1.4333939e-06 	-0.0016332074 	0.52420994
-0.0010510511 	-0.019008414 	-1.4066407e-06 	-0.0016177877 	0.52817798
-0.001039039 	-0.01900826 	-1.3798876e-06 	-0.001602368 	0.53214603
-0.001027027 	-0.019008106 	-1.3531345e-06 	-0.0015869483 	0.53611407
-0.001015015 	-0.019007953 	-1.3263814e-06 	-0.0015715286 	0.54008212
-0.001003003 	-0.019007799 	-1.2996282e-06 	-0.0015561089 	0.54405017
-0.00099099099 	-0.019007646 	-1.2728751e-06 	-0.0015406892 	0.54801821
-0.00097897898 	-0.019007492 	-1.246122e-06 	-0.0015252695 	0.55198626
-0.00096696697 	-0.019007338 	-1.2193689e-06 	-0.0015098498 	0.5559543
-0.00095495495 	-0.019007185 	-1.1926157e-06 	-0.0014944301 	0.55992235
-0.00094294294 	-0.019007142 	-1.1767709e-06 	-0.0014723585 	0.56348748
-0.00093093093 	-0.019007131 	-1.1646676e-06 	-0.0014478567 	0.56694074
-0.00091891892 	-0.01900712 	-1.1525642e-06 	-0.0014233549 	0.570394
-0.00090690691 	-0.019007109 	-1.1404609e-06 	-0.0013988532 	0.57384725
-0.00089489489 	-0.019007098 	-1.1283576e-06 	-0.0013743514 	0.57730051
-0.00088288288 	-0.019007087 	-1.1162543e-06 	-0.0013498496 	0.58075376
-0.00087087087 	-0.019007076 	-1.104151e-06 	-0.0013253479 	0.58420702
-0.00085885886 	-0.019007065 	-1.0920476e-06 	-0.0013008461 	0.58766028
-0.00084684685 	-0.019007054 	-1.0799443e-06 	-0.0012763444 	0.59111353
-0.00083483483 	-0.019007043 	-1.067841e-06 	-0.0012518426 	0.59456679
-0.00082282282 	-0.019007032 	-1.0557377e-06 	-0.0012273408 	0.59802004
-0.00081081081 	-0.019007021 	-1.0436344e-06 	-0.0012028391 	0.6014733
-0.0007987988 	-0.01900701 	-1.0315311e-06 	-0.0011783373 	0.60492655
-0.00078678679 	-0.019006999 	-1.0194277e-06 	-0.0011538356 	0.60837981
-0.00077477477 	-0.019006989 	-1.0073244e-06 	-0.0011293338 	0.61183307
-0.00076276276 	-0.019006978 	-9.952211e-07 	-0.001104832 	0.61528632
-0.00075075075 	-0.019006967 	-9.8311778e-07 	-0.0010803303 	0.61873958
-0.00073873874 	-0.019006956 	-9.7101446e-07 	-0.0010558285 	0.62219283
-0.00072672673 	-0.019006945 	-9.5891114e-07 	-0.0010313268 	0.62564609
-0.00071471471 	-0.019006933 	-9.4751161e-07 	-0.0010082306 	0.62883567
-0.0007027027 	-0.019006933 	-9.4319027e-07 	-0.00099062741 	0.63067576
-0.00069069069 	-0.019006933 	-9.3906284e-07 	-0.00097302448 	0.63250796
-0.00067867868 	-0.019006934 	-9.349354e-07 	-0.00095542155 	0.63434015
-0.00066666667 	-0.019006934 	-9.3080797e-07 	-0.00093781862 	0.63617234
-0.00065465465 	-0.019006935 	-9.2668053e-07 	-0.0009202157 	0.63800454
-0.00064264264 	-0.019006936 	-9.225531e-07 	-0.00090261277 	0.63983673
-0.00063063063 	-0.019006936 	-9.1842567e-07 	-0.00088500984 	0.64166892
-0.00061861862 	-0.019006937 	-9.1429823e-07 	-0.00086740692 	0.64350112
-0.00060660661 	-0.019006938 	-9.101708e-07 	-0.00084980399 	0.64533331
-0.00059459459 	-0.019006938 	-9.0604336e-07 	-0.00083220106 	0.6471655
-0.00058258258 	-0.019006939 	-9.0191593e-07 	-0.00081459814 	0.6489977
-0.00057057057 	-0.01900694 	-8.9778849e-07 	-0.00079699521 	0.65082989
-0.00055855856 	-0.01900694 	-8.9366106e-07 	-0.00077939228 	0.65266209
-0.00054654655 	-0.019006941 	-8.8953363e-07 	-0.00076178935 	0.65449428
-0.00053453453 	-0.019006942 	-8.8540619e-07 	-0.00074418643 	0.65632647
-0.00052252252 	-0.019006942 	-8.8127876e-07 	-0.0007265835 	0.65815867
-0.00051051051 	-0.019006943 	-8.7715132e-07 	-0.00070898057 	0.65999086
-0.0004984985 	-0.019006944 	-8.7302389e-07 	-0.00069137765 	0.66182305
-0.00048648649 	-0.019006944 	-8.6889645e-07 	-0.00067377472 	0.66365525
-0.00047447447 	-0.019006945 	-8.6476902e-07 	-0.00065617179 	0.66548744
-0.00046246246 	-0.019006946 	-8.6064159e-07 	-0.00063856886 	0.66731963
-0.00045045045 	-0.019006946 	-8.5651415e-07 	-0.00062096594 	0.66915183
-0.00043843844 	-0.019006947 	-8.5238672e-07 	-0.00060336301 	0.67098402
-0.00042642643 	-0.019006947 	-8.4825928e-07 	-0.00058576008 	0.67281622
-0.00041441441 	-0.019006948 	-8.4413185e-07 	-0.00056815716 	0.67464841
-0.0004024024 	-0.019006949 	-8.4000441e-07 	-0.00055055423 	0.6764806
-0.00039039039 	-0.019006949 	-8.3587698e-07 	-0.0005329513 	0.6783128
-0.00037837838 	-0.01900695 	-8.3174955e-07 	-0.00051534837 	0.68014499
-0.00036636637 	-0.019006951 	-8.2762211e-07 	-0.00049774545 	0.68197718
-0.00035435435 	-0.019006938 	-8.2420569e-07 	-0.00048046721 	0.68342558
-0.00034234234 	-0.019006895 	-8.2242162e-07 	-0.00046418679 	0.68409841
-0.00033033033 	-0.019006853 	-8.2064981e-07 	-0.00044792531 	0.68477019
-0.00031831832 	-0.019006811 	-8.18878e-07 	-0.00043166383 	0.68544197
-0.00030630631 	-0.019006768 	-8.1710619e-07 	-0.00041540234 	0.68611376
-0.00029429429 	-0.019006726 	-8.1533439e-07 	-0.00039914086 	0.68678554
-0.00028228228 	-0.019006683 	-8.1356258e-07 	-0.00038287938 	0.68745732
-0.00027027027 	-0.019006641 	-8.1179077e-07 	-0.00036661789 	0.6881291
-0.00025825826 	-0.019006599 	-8.1001896e-07 	-0.00035035641 	0.68880089
-0.00024624625 	-0.019006556 	-8.0824715e-07 	-0.00033409493 	0.68947267
-0.00023423423 	-0.019006514 	-8.0647534e-07 	-0.00031783344 	0.69014445
-0.00022222222 	-0.019006471 	-8.0470354e-07 	-0.00030157196 	0.69081624
-0.00021021021 	-0.019006429 	-8.0293173e-07 	-0.00028531048 	0.69148802
-0.0001981982 	-0.019006387 	-8.0115992e-07 	-0.00026904899 	0.6921598
-0.00018618619 	-0.019006344 	-7.9938811e-07 	-0.00025278751 	0.69283158
-0.00017417417 	-0.019006302 	-7.976163e-07 	-0.00023652603 	0.69350337
-0.00016216216 	-0.019006259 	-7.958445e-07 	-0.00022026454 	0.69417515
-0.00015015015 	-0.019006217 	-7.9407269e-07 	-0.00020400306 	0.69484693
-0.00013813814 	-0.019006175 	-7.9230088e-07 	-0.00018774157 	0.69551872
-0.00012612613 	-0.019006132 	-7.9052907e-07 	-0.00017148009 	0.6961905
-0.00011411411 	-0.01900609 	-7.8875726e-07 	-0.00015521861 	0.69686228
-0.0001021021 	-0.019006047 	-7.8698546e-07 	-0.00013895712 	0.69753406
-9.009009e-05 	-0.019006005 	-7.8521365e-07 	-0.00012269564 	0.69820585
-7.8078078e-05 	-0.019005963 	-7.8344184e-07 	-0.00010643416 	0.69887763
-6.6066066e-05 	-0.01900592 	-7.8167003e-07 	-9.0172674e-05 	0.69954941
-5.4054054e-05 	-0.019005878 	-7.7989822e-07 	-7.391119e-05 	0.7002212
-4.2042042e-05 	-0.019005835 	-7.7812642e-07 	-5.7649706e-05 	0.70089298
-3.003003e-05 	-0.019005793 	-7.7635461e-07 	-4.1388223e-05 	0.70156476
-1.8018018e-05 	-0.019005751 	-7.745828e-07 	-2.5126739e-05 	0.70223655
-6.006006e-06 	-0.019005708 	-7.7281099e-07 	-8.8652559e-06 	0.70290833
6.006006e-06 	-0.019005707 	-7.7301131e-07 	7.5428863e-06 	0.70290019
1.8018018e-05 	-0.01900575 	-7.7499052e-07 	2.3805624e-05 	0.70222829
3.003003e-05 	-0.019005792 	-7.7696974e-07 	4.0068361e-05 	0.70155639
4.2042042e-05 	-0.019005835 	-7.7894895e-07 	5.6331099e-05 	0.70088448
5.4054054e-05 	-0.019005877 	-7.8092816e-07 	7.2593836e-05 	0.70021258
6.6066066e-05 	-0.01900592 	-7.8290738e-07 	8.8856573e-05 	0.69954068
7.8078078e-05 	-0.019005962 	-7.8488659e-07 	0.00010511931 	0.69886878
9.009009e-05 	-0.019006005 	-7.868658e-07 	0.00012138205 	0.69819688
0.0001021021 	-0.019006047 	-7.8884502e-07 	0.00013764479 	0.69752497
0.00011411411 	-0.01900609 	-7.9082423e-07 	0.00015390752 	0.69685307
0.00012612613 	-0.019006132 	-7.9280344e-07 	0.00017017026 	0.69618117
0.00013813814 	-0.019006175 	-7.9478266e-07 	0.000186433 	0.69550927
0.00015015015 	-0.019006217 	-7.9676187e-07 	0.00020269574 	0.69483736
0.00016216216 	-0.01900626 	-7.9874108e-07 	0.00021895847 	0.69416546
0.00017417417 	-0.019006302 	-8.007203e-07 	0.00023522121 	0.69349356
0.00018618619 	-0.019006345 	-8.0269951e-07 	0.00025148395 	0.69282166
0.0001981982 	-0.019006387 	-8.0467873e-07 	0.00026774669 	0.69214976
0.00021021021 	-0.019006429 	-8.0665794e-07 	0.00028400942 	0.69147785
0.00022222222 	-0.019006472 	-8.0863715e-07 	0.00030027216 	0.69080595
0.00023423423 	-0.019006514 	-8.1061637e-07 	0.0003165349 	0.69013405
0.00024624625 	-0.019006557 	-8.1259558e-07 	0.00033279764 	0.68946215
0.00025825826 	-0.019006599 	-8.1457479e-07 	0.00034906037 	0.68879025
0.00027027027 	-0.019006642 	-8.1655401e-07 	0.00036532311 	0.68811834
0.00028228228 	-0.019006684 	-8.1853322e-07 	0.00038158585 	0.68744644
0.00029429429 	-0.019006727 	-8.2051243e-07 	0.00039784858 	0.68677454
0.00030630631 	-0.019006769 	-8.2249165e-07 	0.00041411132 	0.68610264
0.00031831832 	-0.019006812 	-8.2447086e-07 	0.00043037406 	0.68543074
0.00033033033 	-0.019006854 	-8.2645007e-07 	0.0004466368 	0.68475883
0.00034234234 	-0.019006897 	-8.2842929e-07 	0.00046289953 	0.68408693
0.00035435435 	-0.019006939 	-8.304085e-07 	0.00047916227 	0.68341503
0.00036636637 	-0.019006955 	-8.3431542e-07 	0.00049631478 	0.68195921
0.00037837838 	-0.019006954 	-8.3866413e-07 	0.0005139187 	0.68012688
0.00039039039 	-0.019006954 	-8.4301284e-07 	0.00053152262 	0.67829455
0.0004024024 	-0.019006954 	-8.4736156e-07 	0.00054912654 	0.67646223
0.00041441441 	-0.019006953 	-8.5171027e-07 	0.00056673046 	0.6746299
0.00042642643 	-0.019006953 	-8.5605898e-07 	0.00058433438 	0.67279757
0.00043843844 	-0.019006952 	-8.6040769e-07 	0.00060193831 	0.67096525
0.00045045045 	-0.019006952 	-8.647564e-07 	0.00061954223 	0.66913292
0.00046246246 	-0.019006951 	-8.6910511e-07 	0.00063714615 	0.66730059
0.00047447447 	-0.019006951 	-8.7345383e-07 	0.00065475007 	0.66546827
0.00048648649 	-0.01900695 	-8.7780254e-07 	0.00067235399 	0.66363594
0.0004984985 	-0.01900695 	-8.8215125e-07 	0.00068995791 	0.66180361
0.00051051051 	-0.019006949 	-8.8649996e-07 	0.00070756183 	0.65997129
0.00052252252 	-0.019006949 	-8.9084867e-07 	0.00072516575 	0.65813896
0.00053453453 	-0.019006948 	-8.9519739e-07 	0.00074276967 	0.65630663
0.00054654655 	-0.019006948 	-8.995461e-07 	0.0007603736 	0.65447431
0.00055855856 	-0.019006947 	-9.0389481e-07 	0.00077797752 	0.65264198
0.00057057057 	-0.019006947 	-9.0824352e-07 	0.00079558144 	0.65080965
0.00058258258 	-0.019006946 	-9.1259223e-07 	0.00081318536 	0.64897733
0.00059459459 	-0.019006946 	-9.1694094e-07 	0.00083078928 	0.647145
0.00060660661 	-0.019006945 	-9.2128966e-07 	0.0008483932 	0.64531267
0.00061861862 	-0.019006945 	-9.2563837e-07 	0.00086599712 	0.64348034
0.00063063063 	-0.019006944 	-9.2998708e-07 	0.00088360104 	0.64164802
0.00064264264 	-0.019006944 	-9.3433579e-07 	0.00090120497 	0.63981569
0.00065465465 	-0.019006943 	-9.386845e-07 	0.00091880889 	0.63798336
0.00066666667 	-0.019006943 	-9.4303321e-07 	0.00093641281 	0.63615104
0.00067867868 	-0.019006943 	-9.4738193e-07 	0.00095401673 	0.63431871
0.00069069069 	-0.019006942 	-9.5173064e-07 	0.00097162065 	0.63248638
0.0007027027 	-0.019006942 	-9.5607935e-07 	0.00098922457 	0.63065406
0.00071471471 	-0.019006941 	-9.6042806e-07 	0.0010068285 	0.62882173
0.00072672673 	-0.019006952 	-9.7201792e-07 	0.0010299237 	0.62563837
0.00073873874 	-0.019006963 	-9.8448889e-07 	0.0010544247 	0.6221849
0.00075075075 	-0.019006974 	-9.9695985e-07 	0.0010789257 	0.61873144
0.00076276276 	-0.019006985 	-1.0094308e-06 	0.0011034266 	0.61527797
0.00077477477 	-0.019006996 	-1.0219018e-06 	0.0011279276 	0.61182451
0.00078678679 	-0.019007007 	-1.0343728e-06 	0.0011524285 	0.60837104
0.0007987988 	-0.019007018 	-1.0468437e-06 	0.0011769295 	0.60491758
0.00081081081 	-0.019007029 	-1.0593147e-06 	0.0012014305 	0.60146411
0.00082282282 	-0.01900704 	-1.0717856e-06 	0.0012259314 	0.59801064
0.00083483483 	-0.01900705 	-1.0842566e-06 	0.0012504324 	0.59455718
0.00084684685 	-0.019007061 	-1.0967276e-06 	0.0012749334 	0.59110371
0.00085885886 	-0.019007072 	-1.1091985e-06 	0.0012994343 	0.58765025
0.00087087087 	-0.019007083 	-1.1216695e-06 	0.0013239353 	0.58419678
0.00088288288 	-0.019007094 	-1.1341405e-06 	0.0013484362 	0.58074332
0.00089489489 	-0.019007105 	-1.1466114e-06 	0.0013729372 	0.57728985
0.00090690691 	-0.019007116 	-1.1590824e-06 	0.0013974382 	0.57383639
0.00091891892 	-0.019007127 	-1.1715534e-06 	0.0014219391 	0.57038292
0.00093093093 	-0.019007138 	-1.1840243e-06 	0.0014464401 	0.56692946
0.00094294294 	-0.019007149 	-1.1964953e-06 	0.0014709411 	0.56347599
0.00095495495 	-0.019007192 	-1.2127421e-06 	0.0014930112 	0.55991063
0.00096696697 	-0.019007345 	-1.2399967e-06 	0.0015084281 	0.55594232
0.00097897898 	-0.019007499 	-1.2672512e-06 	0.0015238449 	0.55197401
0.00099099099 	-0.019007653 	-1.2945057e-06 	0.0015392618 	0.5480057
0.001003003 	-0.019007806 	-1.3217603e-06 	0.0015546787 	0.54403739
0.001015015 	-0.01900796 	-1.3490148e-06 	0.0015700955 	0.54006909
0.001027027 	-0.019008113 	-1.3762693e-06 	0.0015855124 	0.53610078
0.001039039 	-0.019008267 	-1.4035239e-06 	0.0016009293 	0.53213247
0.0010510511 	-0.019008421 	-1.4307784e-06 	0.0016163461 	0.52816416
0.0010630631 	-0.019008574 	-1.4580329e-06 	0.001631763 	0.52419586
0.0010750751 	-0.019008728 	-1.4852875e-06 	0.0016471798 	0.52022755
0.0010870871 	-0.019008881 	-1.512542e-06 	0.0016625967 	0.51625924
0.0010990991 	-0.019009035 	-1.5397965e-06 	0.0016780136 	0.51229093
0.0011111111 	-0.019009189 	-1.5670511e-06 	0.0016934304 	0.50832263
0.0011231231 	-0.019009342 	-1.5943056e-06 	0.0017088473 	0.50435432
0.0011351351 	-0.019009496 	-1.6215601e-06 	0.0017242642 	0.50038601
0.0011471471 	-0.019009649 	-1.6488146e-06 	0.001739681 	0.4964177
0.0011591592 	-0.019009803 	-1.6760692e-06 	0.0017550979 	0.49244939
0.0011711712 	-0.019009966 	-1.7188948e-06 	0.0017589682 	0.48804784
0.0011831832 	-0.01901013 	-1.7625325e-06 	0.0017625698 	0.48360742
0.0011951952 	-0.019010293 	-1.8061703e-06 	0.0017661715 	0.479167
0.0012072072 	-0.019010457 	-1.849808e-06 	0.0017697732 	0.47472658
0.0012192192 	-0.019010621 	-1.8934457e-06 	0.0017733749 	0.47028616
0.0012312312 	-0.019010785 	-1.9370835e-06 	0.0017769765 	0.46584574
0.0012432432 	-0.019010949 	-1.9807212e-06 	0.0017805782 	0.46140532
0.0012552553 	-0.019011113 	-2.0243589e-06 	0.0017841799 	0.4569649
0.0012672673 	-0.019011276 	-2.0679966e-06 	0.0017877816 	0.45252448
0.0012792793 	-0.01901144 	-2.1116344e-06 	0.0017913832 	0.44808406
0.0012912913 	-0.019011604 	-2.1552721e-06 	0.0017949849 	0.44364364
0.0013033033 	-0.019011768 	-2.1989098e-06 	0.0017985866 	0.43920322
0.0013153153 	-0.019011932 	-2.2425476e-06 	0.0018021883 	0.4347628
0.0013273273 	-0.019012096 	-2.2861853e-06 	0.0018057899 	0.43032238
0.0013393393 	-0.019012259 	-2.329823e-06 	0.0018093916 	0.42588196
0.0013513514 	-0.01901244 	-2.3806157e-06 	0.0018043391 	0.42137351
0.0013633634 	-0.019012629 	-2.4349396e-06 	0.0017961363 	0.41680922
0.0013753754 	-0.019012819 	-2.4892635e-06 	0.0017879335 	0.41224493
0.0013873874 	-0.019013008 	-2.5435875e-06 	0.0017797307 	0.40768064
0.0013993994 	-0.019013197 	-2.5979114e-06 	0.0017715279 	0.40311635
0.0014114114 	-0.019013386 	-2.6522353e-06 	0.001763325 	0.39855206
0.0014234234 	-0.019013576 	-2.7065592e-06 	0.0017551222 	0.39398777
0.0014354354 	-0.019013765 	-2.7608831e-06 	0.0017469194 	0.38942348
0.0014474474 	-0.019013954 	-2.815207e-06 	0.0017387166 	0.38485919
0.0014594595 	-0.019014143 	-2.869531e-06 	0.0017305138 	0.3802949
0.0014714715 	-0.019014333 	-2.9238549e-06 	0.001722311 	0.37573061
0.0014834835 	-0.019014522 	-2.9781788e-06 	0.0017141082 	0.37116632
0.0014954955 	-0.019014711 	-3.0325027e-06 	0.0017059054 	0.36660203
0.0015075075 	-0.019014902 	-3.0864163e-06 	0.0016947405 	0.36209513
0.0015195195 	-0.019015103 	-3.1424183e-06 	0.0016763804 	0.35765302
0.0015315315 	-0.019015304 	-3.1984203e-06 	0.0016580204 	0.35321092
0.0015435435 	-0.019015505 	-3.2544223e-06 	0.0016396603 	0.34876881
0.0015555556 	-0.019015706 	-3.3104244e-06 	0.0016213002 	0.34432671
0.0015675676 	-0.019015907 	-3.3664264e-06 	0.0016029401 	0.3398846
0.0015795796 	-0.019016108 	-3.4224284e-06 	0.00158458 	0.3354425
0.0015915916 	-0.019016309 	-3.4784304e-06 	0.0015662199 	0.33100039
0.0016036036 	-0.01901651 	-3.5344324e-06 	0.0015478599 	0.32655829
0.0016156156 	-0.01901671 	-3.5904344e-06 	0.0015294998 	0.32211618
0.0016276276 	-0.019016911 	-3.6464365e-06 	0.0015111397 	0.31767408
0.0016396396 	-0.019017112 	-3.7024385e-06 	0.0014927796 	0.31323197
0.0016516517 	-0.019017313 	-3.754534e-06 	0.0014711906 	0.30892474
0.0016636637 	-0.019017517 	-3.8041799e-06 	0.0014454553 	0.3047366
0.0016756757 	-0.01901772 	-3.8538257e-06 	0.0014197201 	0.30054845
0.0016876877 	-0.019017924 	-3.9034716e-06 	0.0013939848 	0.2963603
0.0016996997 	-0.019018128 	-3.9531174e-06 	0.0013682495 	0.29217216
0.0017117117 	-0.019018332 	-4.0027633e-06 	0.0013425143 	0.28798401
0.0017237237 	-0.019018536 	-4.0524091e-06 	0.001316779 	0.28379586
0.0017357357 	-0.01901874 	-4.102055e-06 	0.0012910437 	0.27960772
0.0017477477 	-0.019018944 	-4.1517008e-06 	0.0012653085 	0.27541957
0.0017597598 	-0.019019147 	-4.2013467e-06 	0.0012395732 	0.27123142
0.0017717718 	-0.019019351 	-4.2505819e-06 	0.0012137734 	0.26705253
0.0017837838 	-0.019019549 	-4.2880719e-06 	0.0011834794 	0.26317927
0.0017957958 	-0.019019748 	-4.3263123e-06 	0.0011530206 	0.25929347
0.0018078078 	-0.019019947 	-4.3645527e-06 	0.0011225618 	0.25540766
0.0018198198 	-0.019020147 	-4.4027931e-06 	0.001092103 	0.25152185
0.0018318318 	-0.019020346 	-4.4410335e-06 	0.0010616442 	0.24763605
0.0018438438 	-0.019020546 	-4.4792739e-06 	0.0010311854 	0.24375024
0.0018558559 	-0.019020745 	-4.5175143e-06 	0.0010007266 	0.23986444
0.0018678679 	-0.019020944 	-4.5557546e-06 	0.00097026779 	0.23597863
0.0018798799 	-0.019021144 	-4.593995e-06 	0.00093980898 	0.23209282
0.0018918919 	-0.019021333 	-4.6202767e-06 	0.00090741018 	0.22846725
0.0019039039 	-0.019021521 	-4.6448672e-06 	0.00087432125 	0.22488362
0.0019159159 	-0.01902171 	-4.6694577e-06 	0.00084123231 	0.2213
0.0019279279 	-0.019021898 	-4.6940481e-06 	0.00080814338 	0.21771638
0.0019399399 	-0.019022087 	-4.7186386e-06 	0.00077505444 	0.21413276
0.001951952 	-0.019022275 	-4.7432291e-06 	0.00074196551 	0.21054914
0.001963964 	-0.019022464 	-4.7678196e-06 	0.00070887657 	0.20696552
0.001975976 	-0.019022653 	-4.79241e-06 	0.00067578763 	0.2033819
0.001987988 	-0.019022827 	-4.8064448e-06 	0.0006421277 	0.20000548
0.002 	-0.019022998 	-4.8169685e-06 	0.00060793344 	0.19670042
0.002012012 	-0.019023168 	-4.8274923e-06 	0.00057373918 	0.19339535
0.002024024 	-0.019023339 	-4.8380161e-06 	0.00053954493 	0.19009028
0.002036036 	-0.01902351 	-4.8485398e-06 	0.00050535067 	0.18678522
0.002048048 	-0.019023681 	-4.8590636e-06 	0.00047115642 	0.18348015
0.0020600601 	-0.019023851 	-4.8695874e-06 	0.00043696216 	0.18017509
0.0020720721 	-0.019024014 	-4.8721217e-06 	0.00040290482 	0.17701504
0.0020840841 	-0.019024174 	-4.8690772e-06 	0.00036860458 	0.17395622
0.0020960961 	-0.019024333 	-4.8660326e-06 	0.00033430434 	0.17089739
0.0021081081 	-0.019024493 	-4.8629881e-06 	0.00030000411 	0.16783856
0.0021201201 	-0.019024652 	-4.8599435e-06 	0.00026570387 	0.16477973
0.0021321321 	-0.019024811 	-4.856899e-06 	0.00023140363 	0.1617209
0.0021441441 	-0.019024984 	-4.850332e-06 	0.00019726864 	0.15872222
0.0021561562 	-0.019025203 	-4.834508e-06 	0.00016291828 	0.15587684
0.0021681682 	-0.019025422 	-4.818684e-06 	0.00012856792 	0.15303146
0.0021801802 	-0.019025641 	-4.80286e-06 	9.4217558e-05 	0.15018609
0.0021921922 	-0.019025859 	-4.7870361e-06 	5.9867196e-05 	0.14734071
0.0022042042 	-0.019026078 	-4.7712121e-06 	2.5516833e-05 	0.14449534
0.0022162162 	-0.019026808 	-4.6996101e-06 	-6.2176919e-05 	0.1379952
0.0022282282 	-0.019027769 	-4.6043624e-06 	-0.00017364343 	0.12990153
0.0022402402 	-0.019028729 	-4.5091147e-06 	-0.00028510995 	0.12180785
0.0022522523 	-0.019029689 	-4.4138669e-06 	-0.00039657646 	0.11371417
0.0022642643 	-0.01903065 	-4.3186192e-06 	-0.00050804298 	0.10562049
0.0022762763 	-0.019030866 	-4.2790639e-06 	-0.00054510042 	0.10296062
0.0022882883 	-0.019030901 	-4.2526937e-06 	-0.00056456967 	0.10165231
0.0023003003 	-0.019030935 	-4.2263235e-06 	-0.00058403893 	0.10034401
0.0023123123 	-0.01903097 	-4.1999533e-06 	-0.00060350819 	0.099035699
0.0023243243 	-0.019031005 	-4.1735831e-06 	-0.00062297745 	0.097727392
0.0023363363 	-0.01903104 	-4.1472128e-06 	-0.0006424467 	0.096419085
0.0023483483 	-0.019031075 	-4.1208426e-06 	-0.00066191596 	0.095110778
0.0023603604 	-0.01903111 	-4.0944724e-06 	-0.00068138522 	0.093802471
0.0023723724 	-0.019031145 	-4.0681022e-06 	-0.00070085447 	0.092494164
0.0023843844 	-0.019031179 	-4.041732e-06 	-0.00072032373 	0.091185857
0.0023963964 	-0.019031214 	-4.0153617e-06 	-0.00073979299 	0.08987755
0.0024084084 	-0.019031249 	-3.9889915e-06 	-0.00075926224 	0.088569243
0.0024204204 	-0.019031284 	-3.9626213e-06 	-0.0007787315 	0.087260936
0.0024324324 	-0.019031319 	-3.9362511e-06 	-0.00079820076 	0.085952629
0.0024444444 	-0.019031354 	-3.9098809e-06 	-0.00081767001 	0.084644322
0.0024564565 	-0.019031389 	-3.8835106e-06 	-0.00083713927 	0.083336015
0.0024684685 	-0.019031423 	-3.8571404e-06 	-0.00085660853 	0.082027708
0.0024804805 	-0.019031458 	-3.8307702e-06 	-0.00087607779 	0.080719401
0.0024924925 	-0.019031493 	-3.8044e-06 	-0.00089554704 	0.079411094
0.0025045045 	-0.019031528 	-3.7780298e-06 	-0.0009150163 	0.078102787
0.0025165165 	-0.019031563 	-3.7516595e-06 	-0.00093448556 	0.07679448
0.0025285285 	-0.019031598 	-3.7252893e-06 	-0.00095395481 	0.075486173
0.0025405405 	-0.019031633 	-3.6989191e-06 	-0.00097342407 	0.074177866
0.0025525526 	-0.019031667 	-3.6725489e-06 	-0.00099289333 	0.072869559
0.0025645646 	-0.019031702 	-3.6461787e-06 	-0.0010123626 	0.071561252
0.0025765766 	-0.019031737 	-3.6198084e-06 	-0.0010318318 	0.070252945
0.0025885886 	-0.019031772 	-3.5934382e-06 	-0.0010513011 	0.068944638
0.0026006006 	-0.019031807 	-3.567068e-06 	-0.0010707704 	0.067636331
0.0026126126 	-0.019031842 	-3.5406978e-06 	-0.0010902396 	0.066328024
0.0026246246 	-0.019031876 	-3.5143276e-06 	-0.0011097089 	0.065019717
0.0026366366 	-0.019031911 	-3.4879573e-06 	-0.0011291781 	0.06371141
0.0026486486 	-0.019031946 	-3.4615871e-06 	-0.0011486474 	0.062403103
0.0026606607 	-0.019031981 	-3.4352169e-06 	-0.0011681166 	0.061094796
0.0026726727 	-0.019032016 	-3.4088467e-06 	-0.0011875859 	0.059786489
0.0026846847 	-0.019032051 	-3.3824765e-06 	-0.0012070552 	0.058478182
0.0026966967 	-0.019032086 	-3.3561062e-06 	-0.0012265244 	0.057169875
0.0027087087 	-0.01903212 	-3.329736e-06 	-0.0012459937 	0.055861568
0.0027207207 	-0.019032155 	-3.3033658e-06 	-0.0012654629 	0.05455326
0.0027327327 	-0.01903219 	-3.2769956e-06 	-0.0012849322 	0.053244953
0.0027447447 	-0.019032225 	-3.2506254e-06 	-0.0013044014 	0.051936646
0.0027567568 	-0.01903226 	-3.2242551e-06 	-0.0013238707 	0.050628339
0.0027687688 	-0.019032295 	-3.1978849e-06 	-0.00134334 	0.049320032
0.0027807808 	-0.01903233 	-3.1715147e-06 	-0.0013628092 	0.048011725
0.0027927928 	-0.019032364 	-3.1451445e-06 	-0.0013822785 	0.046703418
0.0028048048 	-0.019032399 	-3.1187743e-06 	-0.0014017477 	0.045395111
0.0028168168 	-0.019032434 	-3.092404e-06 	-0.001421217 	0.044086804
0.0028288288 	-0.019032469 	-3.0660338e-06 	-0.0014406862 	0.042778497
0.0028408408 	-0.019032429 	-3.0385366e-06 	-0.0014545231 	0.041667037
0.0028528529 	-0.01903233 	-3.0078925e-06 	-0.0014649327 	0.040704349
0.0028648649 	-0.019032231 	-2.9772483e-06 	-0.0014753423 	0.039741661
0.0028768769 	-0.019032133 	-2.9466042e-06 	-0.0014857519 	0.038778974
0.0028888889 	-0.019032034 	-2.91596e-06 	-0.0014961615 	0.037816286
0.0029009009 	-0.019031935 	-2.8853159e-06 	-0.0015065711 	0.036853598
0.0029129129 	-0.019031837 	-2.8546717e-06 	-0.0015169807 	0.03589091
0.0029249249 	-0.019031738 	-2.8240276e-06 	-0.0015273903 	0.034928222
0.0029369369 	-0.019031639 	-2.7933834e-06 	-0.0015377999 	0.033965534
0.0029489489 	-0.019031541 	-2.7627392e-06 	-0.0015482095 	0.033002846
0.002960961 	-0.019031442 	-2.7320951e-06 	-0.0015586191 	0.032040159
0.002972973 	-0.019031344 	-2.7014509e-06 	-0.0015690287 	0.031077471
0.002984985 	-0.019031245 	-2.6708068e-06 	-0.0015794383 	0.030114783
0.002996997 	-0.019031146 	-2.6401626e-06 	-0.0015898479 	0.029152095
0.003009009 	-0.019031048 	-2.6095185e-06 	-0.0016002575 	0.028189407
0.003021021 	-0.019030949 	-2.5788743e-06 	-0.0016106671 	0.027226719
0.003033033 	-0.01903085 	-2.5482302e-06 	-0.0016210767 	0.026264031
0.003045045 	-0.019030752 	-2.517586e-06 	-0.0016314863 	0.025301344
0.0030570571 	-0.019030653 	-2.4869419e-06 	-0.0016418959 	0.024338656
0.0030690691 	-0.019030554 	-2.4562977e-06 	-0.0016523055 	0.023375968
0.0030810811 	-0.019030456 	-2.4256536e-06 	-0.0016627151 	0.02241328
0.0030930931 	-0.019030357 	-2.3950094e-06 	-0.0016731247 	0.021450592
0.0031051051 	-0.019030259 	-2.3643652e-06 	-0.0016835342 	0.020487904
0.0031171171 	-0.01903016 	-2.3337211e-06 	-0.0016939438 	0.019525216
0.0031291291 	-0.019030061 	-2.3030769e-06 	-0.0017043534 	0.018562528
0.0031411411 	-0.019029963 	-2.2724328e-06 	-0.001714763 	0.017599841
0.0031531532 	-0.019029864 	-2.2417886e-06 	-0.0017251726 	0.016637153
0.0031651652 	-0.019029765 	-2.2111445e-06 	-0.0017355822 	0.015674465
0.0031771772 	-0.019029667 	-2.1805003e-06 	-0.0017459918 	0.014711777
0.0031891892 	-0.019029568 	-2.1498562e-06 	-0.0017564014 	0.013749089
0.0032012012 	-0.019029469 	-2.119212e-06 	-0.001766811 	0.012786401
0.0032132132 	-0.019029371 	-2.0885679e-06 	-0.0017772206 	0.011823713
0.0032252252 	-0.019029272 	-2.0579237e-06 	-0.0017876302 	0.010861026
0.0032372372 	-0.019029174 	-2.0272796e-06 	-0.0017980398 	0.0098983377
0.0032492492 	-0.019029075 	-1.9966354e-06 	-0.0018084494 	0.0089356498
0.0032612613 	-0.019028976 	-1.9659912e-06 	-0.001818859 	0.007972962
0.0032732733 	-0.019028878 	-1.9353471e-06 	-0.0018292686 	0.0070102741
0.0032852853 	-0.019028779 	-1.9047029e-06 	-0.0018396782 	0.0060475862
0.0032972973 	-0.01902868 	-1.8740588e-06 	-0.0018500878 	0.0050848984
0.0033093093 	-0.019028582 	-1.8434146e-06 	-0.0018604974 	0.0041222105
0.0033213213 	-0.019028483 	-1.8127705e-06 	-0.001870907 	0.0031595226
0.0033333333 	-0.019028384 	-1.7821263e-06 	-0.0018813166 	0.0021968348
0.0033453453 	-0.019028292 	-1.7632801e-06 	-0.0018783662 	0.0016610166
0.0033573574 	-0.019028196 	-1.7437388e-06 	-0.0018748327 	0.0011434249
0.0033693694 	-0.019028101 	-1.7241975e-06 	-0.0018712992 	0.00062583317
0.0033813814 	-0.019028005 	-1.7046562e-06 	-0.0018677657 	0.00010824145
0.0033933934 	-0.019027909 	-1.6851149e-06 	-0.0018642322 	-0.00040935027
0.0034054054 	-0.019027813 	-1.6655737e-06 	-0.0018606987 	-0.00092694199
0.0034174174 	-0.019027718 	-1.6460324e-06 	-0.0018571652 	-0.0014445337
0.0034294294 	-0.019027622 	-1.6264911e-06 	-0.0018536317 	-0.0019621254
0.0034414414 	-0.019027526 	-1.6069498e-06 	-0.0018500982 	-0.0024797172
0.0034534535 	-0.01902743 	-1.5874085e-06 	-0.0018465647 	-0.0029973089
0.0034654655 	-0.019027335 	-1.5678672e-06 	-0.0018430312 	-0.0035149006
0.0034774775 	-0.019027239 	-1.5483259e-06 	-0.0018394977 	-0.0040324923
0.0034894895 	-0.019027143 	-1.5287846e-06 	-0.0018359642 	-0.004550084
0.0035015015 	-0.019027048 	-1.5092433e-06 	-0.0018324307 	-0.0050676758
0.0035135135 	-0.019026952 	-1.489702e-06 	-0.0018288972 	-0.0055852675
0.0035255255 	-0.019026856 	-1.4701607e-06 	-0.0018253637 	-0.0061028592
0.0035375375 	-0.01902676 	-1.4506194e-06 	-0.0018218302 	-0.0066204509
0.0035495495 	-0.019026665 	-1.4310781e-06 	-0.0018182967 	-0.0071380427
0.0035615616 	-0.019026569 	-1.4115368e-06 	-0.0018147632 	-0.0076556344
0.0035735736 	-0.019026473 	-1.3919955e-06 	-0.0018112297 	-0.0081732261
0.0035855856 	-0.019026377 	-1.3724543e-06 	-0.0018076962 	-0.0086908178
0.0035975976 	-0.019026282 	-1.352913e-06 	-0.0018041627 	-0.0092084095
0.0036096096 	-0.019026186 	-1.3333717e-06 	-0.0018006292 	-0.0097260013
0.0036216216 	-0.01902609 	-1.3138304e-06 	-0.0017970957 	-0.010243593
0.0036336336 	-0.019025994 	-1.2942891e-06 	-0.0017935622 	-0.010761185
0.0036456456 	-0.019025899 	-1.2747478e-06 	-0.0017900287 	-0.011278776
0.0036576577 	-0.019025803 	-1.2552065e-06 	-0.0017864952 	-0.011796368
0.0036696697 	-0.019025707 	-1.2356652e-06 	-0.0017829617 	-0.01231396
0.0036816817 	-0.019025612 	-1.2161239e-06 	-0.0017794282 	-0.012831552
0.0036936937 	-0.019025516 	-1.1965826e-06 	-0.0017758947 	-0.013349143
0.0037057057 	-0.01902542 	-1.1770413e-06 	-0.0017723612 	-0.013866735
0.0037177177 	-0.019025324 	-1.1575e-06 	-0.0017688277 	-0.014384327
0.0037297297 	-0.019025229 	-1.1379587e-06 	-0.0017652942 	-0.014901918
0.0037417417 	-0.019025133 	-1.1184174e-06 	-0.0017617607 	-0.01541951
0.0037537538 	-0.019025037 	-1.0988762e-06 	-0.0017582272 	-0.015937102
0.0037657658 	-0.019024941 	-1.0793349e-06 	-0.0017546937 	-0.016454694
0.0037777778 	-0.019024849 	-1.06227e-06 	-0.0017497266 	-0.016901786
0.0037897898 	-0.019024758 	-1.0502608e-06 	-0.0017404416 	-0.017164892
0.0038018018 	-0.019024667 	-1.0381177e-06 	-0.0017310463 	-0.017426401
0.0038138138 	-0.019024575 	-1.0259746e-06 	-0.0017216511 	-0.01768791
0.0038258258 	-0.019024484 	-1.0138315e-06 	-0.0017122558 	-0.017949418
0.0038378378 	-0.019024392 	-1.0016884e-06 	-0.0017028605 	-0.018210927
0.0038498498 	-0.019024301 	-9.8954535e-07 	-0.0016934653 	-0.018472436
0.0038618619 	-0.019024209 	-9.7740227e-07 	-0.00168407 	-0.018733945
0.0038738739 	-0.019024117 	-9.6525919e-07 	-0.0016746747 	-0.018995454
0.0038858859 	-0.019024026 	-9.5311611e-07 	-0.0016652795 	-0.019256963
0.0038978979 	-0.019023934 	-9.4097303e-07 	-0.0016558842 	-0.019518472
0.0039099099 	-0.019023843 	-9.2882995e-07 	-0.0016464889 	-0.019779981
0.0039219219 	-0.019023751 	-9.1668687e-07 	-0.0016370937 	-0.02004149
0.0039339339 	-0.01902366 	-9.0454379e-07 	-0.0016276984 	-0.020302999
0.0039459459 	-0.019023568 	-8.9240071e-07 	-0.0016183032 	-0.020564507
0.003957958 	-0.019023477 	-8.8025763e-07 	-0.0016089079 	-0.020826016
0.00396997 	-0.019023385 	-8.6811455e-07 	-0.0015995126 	-0.021087525
0.003981982 	-0.019023293 	-8.5597146e-07 	-0.0015901174 	-0.021349034
0.003993994 	-0.019023202 	-8.4382838e-07 	-0.0015807221 	-0.021610543
0.004006006 	-0.01902311 	-8.316853e-07 	-0.0015713268 	-0.021872052
0.004018018 	-0.019023019 	-8.1954222e-07 	-0.0015619316 	-0.022133561
0.00403003 	-0.019022927 	-8.0739914e-07 	-0.0015525363 	-0.02239507
0.004042042 	-0.019022836 	-7.9525606e-07 	-0.001543141 	-0.022656579
0.0040540541 	-0.019022744 	-7.8311298e-07 	-0.0015337458 	-0.022918088
0.0040660661 	-0.019022653 	-7.709699e-07 	-0.0015243505 	-0.023179596
0.0040780781 	-0.019022561 	-7.5882682e-07 	-0.0015149552 	-0.023441105
0.0040900901 	-0.019022469 	-7.4668374e-07 	-0.00150556 	-0.023702614
0.0041021021 	-0.019022378 	-7.3454066e-07 	-0.0014961647 	-0.023964123
0.0041141141 	-0.019022286 	-7.2239758e-07 	-0.0014867695 	-0.024225632
0.0041261261 	-0.019022195 	-7.102545e-07 	-0.0014773742 	-0.024487141
0.0041381381 	-0.019022103 	-6.9811141e-07 	-0.0014679789 	-0.02474865
0.0041501502 	-0.019022012 	-6.8596833e-07 	-0.0014585837 	-0.025010159
0.0041621622 	-0.01902192 	-6.7382525e-07 	-0.0014491884 	-0.025271668
0.0041741742 	-0.019021852 	-6.6563667e-07 	-0.0014375236 	-0.025372342
0.0041861862 	-0.019021784 	-6.574747e-07 	-0.0014253357 	-0.025461298
0.0041981982 	-0.019021715 	-6.4931274e-07 	-0.0014131478 	-0.025550255
0.0042102102 	-0.019021647 	-6.4115077e-07 	-0.0014009598 	-0.025639212
0.0042222222 	-0.019021578 	-6.329888e-07 	-0.0013887719 	-0.025728168
0.0042342342 	-0.01902151 	-6.2482683e-07 	-0.001376584 	-0.025817125
0.0042462462 	-0.019021441 	-6.1666486e-07 	-0.0013643961 	-0.025906081
0.0042582583 	-0.019021373 	-6.0850289e-07 	-0.0013522082 	-0.025995038
0.0042702703 	-0.019021304 	-6.0034092e-07 	-0.0013400203 	-0.026083995
0.0042822823 	-0.019021236 	-5.9217895e-07 	-0.0013278323 	-0.026172951
0.0042942943 	-0.019021167 	-5.8401698e-07 	-0.0013156444 	-0.026261908
0.0043063063 	-0.019021099 	-5.7585501e-07 	-0.0013034565 	-0.026350864
0.0043183183 	-0.01902103 	-5.6769305e-07 	-0.0012912686 	-0.026439821
0.0043303303 	-0.019020962 	-5.5953108e-07 	-0.0012790807 	-0.026528778
0.0043423423 	-0.019020893 	-5.5136911e-07 	-0.0012668928 	-0.026617734
0.0043543544 	-0.019020825 	-5.4320714e-07 	-0.0012547048 	-0.026706691
0.0043663664 	-0.019020756 	-5.3504517e-07 	-0.0012425169 	-0.026795647
0.0043783784 	-0.019020688 	-5.268832e-07 	-0.001230329 	-0.026884604
0.0043903904 	-0.01902062 	-5.1872123e-07 	-0.0012181411 	-0.026973561
0.0044024024 	-0.019020551 	-5.1055926e-07 	-0.0012059532 	-0.027062517
0.0044144144 	-0.019020483 	-5.0239729e-07 	-0.0011937653 	-0.027151474
0.0044264264 	-0.019020414 	-4.9423533e-07 	-0.0011815773 	-0.02724043
0.0044384384 	-0.019020346 	-4.8607336e-07 	-0.0011693894 	-0.027329387
0.0044504505 	-0.019020277 	-4.7791139e-07 	-0.0011572015 	-0.027418344
0.0044624625 	-0.019020209 	-4.6974942e-07 	-0.0011450136 	-0.0275073
0.0044744745 	-0.01902014 	-4.6158745e-07 	-0.0011328257 	-0.027596257
0.0044864865 	-0.019020072 	-4.5342548e-07 	-0.0011206378 	-0.027685213
0.0044984985 	-0.019020003 	-4.4526351e-07 	-0.0011084498 	-0.02777417
0.0045105105 	-0.019019948 	-4.3809862e-07 	-0.0010962969 	-0.02780829
0.0045225225 	-0.019019909 	-4.3213491e-07 	-0.0010834487 	-0.027769836
0.0045345345 	-0.01901987 	-4.2617121e-07 	-0.0010706006 	-0.027731382
0.0045465465 	-0.019019832 	-4.202075e-07 	-0.0010577525 	-0.027692928
0.0045585586 	-0.019019793 	-4.1424379e-07 	-0.0010449043 	-0.027654475
0.0045705706 	-0.019019754 	-4.0828009e-07 	-0.0010320562 	-0.027616021
0.0045825826 	-0.019019715 	-4.0231638e-07 	-0.0010192081 	-0.027577567
0.0045945946 	-0.019019676 	-3.9635267e-07 	-0.0010063599 	-0.027539113
0.0046066066 	-0.019019637 	-3.9038896e-07 	-0.00099351179 	-0.02750066
0.0046186186 	-0.019019598 	-3.8442526e-07 	-0.00098066365 	-0.027462206
0.0046306306 	-0.019019559 	-3.7846155e-07 	-0.00096781551 	-0.027423752
0.0046426426 	-0.01901952 	-3.7249784e-07 	-0.00095496738 	-0.027385298
0.0046546547 	-0.019019481 	-3.6653414e-07 	-0.00094211924 	-0.027346845
0.0046666667 	-0.019019442 	-3.6057043e-07 	-0.0009292711 	-0.027308391
0.0046786787 	-0.019019403 	-3.5460672e-07 	-0.00091642297 	-0.027269937
0.0046906907 	-0.019019365 	-3.4864301e-07 	-0.00090357483 	-0.027231483
0.0047027027 	-0.019019326 	-3.4267931e-07 	-0.0008907267 	-0.02719303
0.0047147147 	-0.019019287 	-3.367156e-07 	-0.00087787856 	-0.027154576
0.0047267267 	-0.019019248 	-3.3075189e-07 	-0.00086503042 	-0.027116122
0.0047387387 	-0.019019209 	-3.2478819e-07 	-0.00085218229 	-0.027077668
0.0047507508 	-0.01901917 	-3.1882448e-07 	-0.00083933415 	-0.027039215
0.0047627628 	-0.019019131 	-3.1286077e-07 	-0.00082648601 	-0.027000761
0.0047747748 	-0.019019092 	-3.0689707e-07 	-0.00081363788 	-0.026962307
0.0047867868 	-0.019019053 	-3.0093336e-07 	-0.00080078974 	-0.026923853
0.0047987988 	-0.019019014 	-2.9496965e-07 	-0.0007879416 	-0.0268854
0.0048108108 	-0.019018984 	-2.8939741e-07 	-0.00077555984 	-0.026816662
0.0048228228 	-0.019018972 	-2.8481024e-07 	-0.00076343882 	-0.026679825
0.0048348348 	-0.01901896 	-2.8022307e-07 	-0.0007513178 	-0.026542989
0.0048468468 	-0.019018948 	-2.756359e-07 	-0.00073919678 	-0.026406152
0.0048588589 	-0.019018936 	-2.7104874e-07 	-0.00072707576 	-0.026269315
0.0048708709 	-0.019018924 	-2.6646157e-07 	-0.00071495474 	-0.026132478
0.0048828829 	-0.019018912 	-2.618744e-07 	-0.00070283372 	-0.025995642
0.0048948949 	-0.0190189 	-2.5728723e-07 	-0.00069071269 	-0.025858805
0.0049069069 	-0.019018888 	-2.5270006e-07 	-0.00067859167 	-0.025721968
0.0049189189 	-0.019018877 	-2.4811289e-07 	-0.00066647065 	-0.025585132
0.0049309309 	-0.019018865 	-2.4352573e-07 	-0.00065434963 	-0.025448295
0.0049429429 	-0.019018853 	-2.3893856e-07 	-0.00064222861 	-0.025311458
0.004954955 	-0.019018841 	-2.3435139e-07 	-0.00063010759 	-0.025174622
0.004966967 	-0.019018829 	-2.2976422e-07 	-0.00061798657 	-0.025037785
0.004978979 	-0.019018817 	-2.2517705e-07 	-0.00060586555 	-0.024900948
0.004990991 	-0.019018805 	-2.2058988e-07 	-0.00059374453 	-0.024764112
0.005003003 	-0.019018793 	-2.1600272e-07 	-0.00058162351 	-0.024627275
0.005015015 	-0.019018781 	-2.1141555e-07 	-0.00056950249 	-0.024490438
0.005027027 	-0.01901877 	-2.0682838e-07 	-0.00055738147 	-0.024353602
0.005039039 	-0.019018758 	-2.0224121e-07 	-0.00054526045 	-0.024216765
0.0050510511 	-0.019018746 	-1.9765404e-07 	-0.00053313943 	-0.024079928
0.0050630631 	-0.019018734 	-1.9306687e-07 	-0.00052101841 	-0.023943091
0.0050750751 	-0.019018725 	-1.8859513e-07 	-0.00050920703 	-0.023794642
0.0050870871 	-0.019018735 	-1.8498371e-07 	-0.00049874553 	-0.023579008
0.0050990991 	-0.019018745 	-1.8138637e-07 	-0.00048819839 	-0.023364453
0.0051111111 	-0.019018755 	-1.7778903e-07 	-0.00047765124 	-0.023149898
0.0051231231 	-0.019018765 	-1.7419169e-07 	-0.0004671041 	-0.022935343
0.0051351351 	-0.019018774 	-1.7059435e-07 	-0.00045655695 	-0.022720788
0.0051471471 	-0.019018784 	-1.6699701e-07 	-0.0004460098 	-0.022506233
0.0051591592 	-0.019018794 	-1.6339967e-07 	-0.00043546266 	-0.022291678
0.0051711712 	-0.019018804 	-1.5980233e-07 	-0.00042491551 	-0.022077123
0.0051831832 	-0.019018814 	-1.5620499e-07 	-0.00041436837 	-0.021862568
0.0051951952 	-0.019018824 	-1.5260765e-07 	-0.00040382122 	-0.021648013
0.0052072072 	-0.019018834 	-1.4901031e-07 	-0.00039327407 	-0.021433458
0.0052192192 	-0.019018844 	-1.4541297e-07 	-0.00038272693 	-0.021218903
0.0052312312 	-0.019018854 	-1.4181563e-07 	-0.00037217978 	-0.021004348
0.0052432432 	-0.019018864 	-1.3821829e-07 	-0.00036163264 	-0.020789793
0.0052552553 	-0.019018874 	-1.3462095e-07 	-0.00035108549 	-0.020575238
0.0052672673 	-0.019018884 	-1.3102361e-07 	-0.00034053834 	-0.020360683
0.0052792793 	-0.019018894 	-1.2742627e-07 	-0.0003299912 	-0.020146128
0.0052912913 	-0.019018904 	-1.2382893e-07 	-0.00031944405 	-0.019931573
0.0053033033 	-0.019018914 	-1.2023159e-07 	-0.00030889691 	-0.019717018
0.0053153153 	-0.019018934 	-1.1707264e-07 	-0.00029971113 	-0.019462322
0.0053273273 	-0.019018961 	-1.1425193e-07 	-0.00029123457 	-0.019185411
0.0053393393 	-0.019018988 	-1.1143122e-07 	-0.00028275801 	-0.0189085
0.0053513514 	-0.019019015 	-1.0861051e-07 	-0.00027428146 	-0.018631588
0.0053633634 	-0.019019042 	-1.057898e-07 	-0.0002658049 	-0.018354677
0.0053753754 	-0.019019069 	-1.029691e-07 	-0.00025732834 	-0.018077766
0.0053873874 	-0.019019096 	-1.0014839e-07 	-0.00024885178 	-0.017800854
0.0053993994 	-0.019019123 	-9.7327676e-08 	-0.00024037523 	-0.017523943
0.0054114114 	-0.01901915 	-9.4506966e-08 	-0.00023189867 	-0.017247032
0.0054234234 	-0.019019178 	-9.1686256e-08 	-0.00022342211 	-0.01697012
0.0054354354 	-0.019019205 	-8.8865546e-08 	-0.00021494555 	-0.016693209
0.0054474474 	-0.019019232 	-8.6044837e-08 	-0.000206469 	-0.016416298
0.0054594595 	-0.019019259 	-8.3224127e-08 	-0.00019799244 	-0.016139386
0.0054714715 	-0.019019286 	-8.0403417e-08 	-0.00018951588 	-0.015862475
0.0054834835 	-0.019019313 	-7.7582707e-08 	-0.00018103933 	-0.015585564
0.0054954955 	-0.01901934 	-7.4761997e-08 	-0.00017256277 	-0.015308652
0.0055075075 	-0.019019367 	-7.1941288e-08 	-0.00016408621 	-0.015031741
0.0055195195 	-0.019019399 	-6.9347095e-08 	-0.00015656793 	-0.014732598
0.0055315315 	-0.01901944 	-6.71595e-08 	-0.00015045436 	-0.014404892
0.0055435435 	-0.019019481 	-6.4971906e-08 	-0.00014434078 	-0.014077187
0.0055555556 	-0.019019522 	-6.2784311e-08 	-0.0001382272 	-0.013749481
0.0055675676 	-0.019019563 	-6.0596717e-08 	-0.00013211362 	-0.013421775
0.0055795796 	-0.019019604 	-5.8409122e-08 	-0.00012600004 	-0.013094069
0.0055915916 	-0.019019645 	-5.6221528e-08 	-0.00011988646 	-0.012766363
0.0056036036 	-0.019019686 	-5.4033933e-08 	-0.00011377288 	-0.012438657
0.0056156156 	-0.019019727 	-5.1846338e-08 	-0.0001076593 	-0.012110951
0.0056276276 	-0.019019768 	-4.9658744e-08 	-0.00010154572 	-0.011783245
0.0056396396 	-0.019019809 	-4.7471149e-08 	-9.5432139e-05 	-0.011455539
0.0056516517 	-0.01901985 	-4.5283555e-08 	-8.9318559e-05 	-0.011127833
0.0056636637 	-0.019019891 	-4.309596e-08 	-8.320498e-05 	-0.010800127
0.0056756757 	-0.019019932 	-4.0908366e-08 	-7.70914e-05 	-0.010472421
0.0056876877 	-0.019019974 	-3.8720771e-08 	-7.0977821e-05 	-0.010144715
0.0056996997 	-0.019020015 	-3.6639045e-08 	-6.5365848e-05 	-0.0098056332
0.0057117117 	-0.019020064 	-3.4975428e-08 	-6.1706445e-05 	-0.0094358422
0.0057237237 	-0.019020112 	-3.331181e-08 	-5.8047042e-05 	-0.0090660513
0.0057357357 	-0.019020161 	-3.1648193e-08 	-5.4387639e-05 	-0.0086962603
0.0057477477 	-0.019020209 	-2.9984576e-08 	-5.0728236e-05 	-0.0083264693
0.0057597598 	-0.019020258 	-2.8320959e-08 	-4.7068834e-05 	-0.0079566784
0.0057717718 	-0.019020306 	-2.6657342e-08 	-4.3409431e-05 	-0.0075868874
0.0057837838 	-0.019020354 	-2.4993725e-08 	-3.9750028e-05 	-0.0072170964
0.0057957958 	-0.019020403 	-2.3330108e-08 	-3.6090625e-05 	-0.0068473055
0.0058078078 	-0.019020451 	-2.1666491e-08 	-3.2431222e-05 	-0.0064775145
0.0058198198 	-0.0190205 	-2.0002874e-08 	-2.8771819e-05 	-0.0061077235
0.0058318318 	-0.019020548 	-1.8339257e-08 	-2.5112417e-05 	-0.0057379326
0.0058438438 	-0.019020597 	-1.667564e-08 	-2.1453014e-05 	-0.0053681416
0.0058558559 	-0.019020645 	-1.5012023e-08 	-1.7793611e-05 	-0.0049983506
0.0058678679 	-0.019020676 	-1.3704937e-08 	-1.5920849e-05 	-0.0045871404
0.0058798799 	-0.019020704 	-1.2459034e-08 	-1.4473499e-05 	-0.0041701276
0.0058918919 	-0.019020731 	-1.121313e-08 	-1.3026149e-05 	-0.0037531149
0.0059039039 	-0.019020758 	-9.9672271e-09 	-1.1578799e-05 	-0.0033361021
0.0059159159 	-0.019020786 	-8.7213237e-09 	-1.0131449e-05 	-0.0029190893
0.0059279279 	-0.019020813 	-7.4754203e-09 	-8.6840994e-06 	-0.0025020766
0.0059399399 	-0.01902084 	-6.2295169e-09 	-7.2367495e-06 	-0.0020850638
0.005951952 	-0.019020868 	-4.9836135e-09 	-5.7893996e-06 	-0.001668051
0.005963964 	-0.019020895 	-3.7377102e-09 	-4.3420497e-06 	-0.0012510383
0.005975976 	-0.019020922 	-2.4918068e-09 	-2.8946998e-06 	-0.00083402552
0.005987988 	-0.01902095 	-1.2459034e-09 	-1.4473499e-06 	-0.00041701276
0.006 	-0.019020977 	-8.8164743e-21 	-1.0241984e-17 	-2.9509369e-15
