-0.006 	-0.019533253 	0 	0 	0
-0.005987988 	-0.019533211 	-2.2327578e-08 	2.3141984e-06 	-0.00021751582
-0.005975976 	-0.019533171 	-3.9648669e-08 	4.5124346e-06 	-0.00045951837
-0.005963964 	-0.019533132 	-5.5360077e-08 	6.6733867e-06 	-0.00070939387
-0.005951952 	-0.019533093 	-7.1071486e-08 	8.8343388e-06 	-0.00095926937
-0.0059399399 	-0.019533054 	-8.6782894e-08 	1.0995291e-05 	-0.0012091449
-0.0059279279 	-0.019533015 	-1.024943e-07 	1.3156243e-05 	-0.0014590204
-0.0059159159 	-0.019532976 	-1.1820571e-07 	1.5317195e-05 	-0.0017088959
-0.0059039039 	-0.019532936 	-1.3391712e-07 	1.7478147e-05 	-0.0019587714
-0.0058918919 	-0.019532897 	-1.4962853e-07 	1.9639099e-05 	-0.0022086469
-0.0058798799 	-0.019532858 	-1.6533994e-07 	2.1800052e-05 	-0.0024585224
-0.0058678679 	-0.019532819 	-1.8105134e-07 	2.3961004e-05 	-0.0027083979
-0.0058558559 	-0.01953278 	-1.9676275e-07 	2.6121956e-05 	-0.0029582734
-0.0058438438 	-0.01953271 	-2.1538679e-07 	3.1236149e-05 	-0.0031675641
-0.0058318318 	-0.019532634 	-2.3273205e-07 	3.7042585e-05 	-0.00337556
-0.0058198198 	-0.019532562 	-2.4642951e-07 	4.258241e-05 	-0.0036014017
-0.0058078078 	-0.019532489 	-2.6012697e-07 	4.8122234e-05 	-0.0038272434
-0.0057957958 	-0.019532417 	-2.7382444e-07 	5.3662058e-05 	-0.0040530852
-0.0057837838 	-0.019532344 	-2.875219e-07 	5.9201882e-05 	-0.0042789269
-0.0057717718 	-0.019532272 	-3.0121937e-07 	6.4741707e-05 	-0.0045047686
-0.0057597598 	-0.019532199 	-3.1491683e-07 	7.0281531e-05 	-0.0047306103
-0.0057477477 	-0.019532126 	-3.286143e-07 	7.5821355e-05 	-0.0049564521
-0.0057357357 	-0.019532054 	-3.4231176e-07 	8.1361179e-05 	-0.0051822938
-0.0057237237 	-0.019531981 	-3.5600923e-07 	8.6901004e-05 	-0.0054081355
-0.0057117117 	-0.019531909 	-3.6970669e-07 	9.2440828e-05 	-0.0056339773
-0.0056996997 	-0.019531836 	-3.8340416e-07 	9.7980652e-05 	-0.005859819
-0.0056876877 	-0.019531764 	-3.9710162e-07 	0.00010352048 	-0.0060856607
-0.0056756757 	-0.019531695 	-4.1379844e-07 	0.00011325237 	-0.0062704395
-0.0056636637 	-0.019531628 	-4.2922373e-07 	0.00012315009 	-0.0064589066
-0.0056516517 	-0.019531565 	-4.4122752e-07 	0.00013253118 	-0.0066640968
-0.0056396396 	-0.019531502 	-4.5323132e-07 	0.00014191228 	-0.0068692871
-0.0056276276 	-0.019531439 	-4.6523511e-07 	0.00015129337 	-0.0070744773
-0.0056156156 	-0.019531376 	-4.7723891e-07 	0.00016067447 	-0.0072796676
-0.0056036036 	-0.019531313 	-4.8924271e-07 	0.00017005556 	-0.0074848578
-0.0055915916 	-0.019531249 	-5.012465e-07 	0.00017943666 	-0.007690048
-0.0055795796 	-0.019531186 	-5.132503e-07 	0.00018881775 	-0.0078952383
-0.0055675676 	-0.019531123 	-5.2525409e-07 	0.00019819885 	-0.0081004285
-0.0055555556 	-0.01953106 	-5.3725789e-07 	0.00020757994 	-0.0083056188
-0.0055435435 	-0.019530997 	-5.4926169e-07 	0.00021696104 	-0.008510809
-0.0055315315 	-0.019530934 	-5.6126548e-07 	0.00022634213 	-0.0087159993
-0.0055195195 	-0.019530871 	-5.7326928e-07 	0.00023572323 	-0.0089211895
-0.0055075075 	-0.019530808 	-5.8527308e-07 	0.00024510432 	-0.0091263798
-0.0054954955 	-0.019530748 	-5.9777962e-07 	0.00025540815 	-0.0093231066
-0.0054834835 	-0.0195307 	-6.1248668e-07 	0.00026975068 	-0.0094827899
-0.0054714715 	-0.019530654 	-6.2564362e-07 	0.00028367608 	-0.0096498067
-0.0054594595 	-0.01953061 	-6.3617714e-07 	0.00029689552 	-0.009829235
-0.0054474474 	-0.019530567 	-6.4671066e-07 	0.00031011495 	-0.010008663
-0.0054354354 	-0.019530523 	-6.5724419e-07 	0.00032333438 	-0.010188091
-0.0054234234 	-0.01953048 	-6.6777771e-07 	0.00033655381 	-0.01036752
-0.0054114114 	-0.019530436 	-6.7831123e-07 	0.00034977325 	-0.010546948
-0.0053993994 	-0.019530393 	-6.8884475e-07 	0.00036299268 	-0.010726376
-0.0053873874 	-0.019530349 	-6.9937827e-07 	0.00037621211 	-0.010905804
-0.0053753754 	-0.019530306 	-7.0991179e-07 	0.00038943155 	-0.011085233
-0.0053633634 	-0.019530262 	-7.2044532e-07 	0.00040265098 	-0.011264661
-0.0053513514 	-0.019530219 	-7.3097884e-07 	0.00041587041 	-0.011444089
-0.0053393393 	-0.019530175 	-7.4151236e-07 	0.00042908984 	-0.011623518
-0.0053273273 	-0.019530132 	-7.5204588e-07 	0.00044230928 	-0.011802946
-0.0053153153 	-0.019530088 	-7.625794e-07 	0.00045552871 	-0.011982374
-0.0053033033 	-0.019530045 	-7.7311293e-07 	0.00046874814 	-0.012161802
-0.0052912913 	-0.019530001 	-7.8364645e-07 	0.00048196758 	-0.012341231
-0.0052792793 	-0.019529966 	-7.9506533e-07 	0.00049695452 	-0.012504271
-0.0052672673 	-0.019529946 	-8.081503e-07 	0.00051526759 	-0.012636472
-0.0052552553 	-0.019529927 	-8.2024588e-07 	0.00053314004 	-0.012772774
-0.0052432432 	-0.019529909 	-8.2990405e-07 	0.00054992701 	-0.012919175
-0.0052312312 	-0.019529892 	-8.3956223e-07 	0.00056671398 	-0.013065576
-0.0052192192 	-0.019529874 	-8.492204e-07 	0.00058350095 	-0.013211977
-0.0052072072 	-0.019529856 	-8.5887857e-07 	0.00060028792 	-0.013358378
-0.0051951952 	-0.019529839 	-8.6853674e-07 	0.0006170749 	-0.01350478
-0.0051831832 	-0.019529821 	-8.7819492e-07 	0.00063386187 	-0.013651181
-0.0051711712 	-0.019529803 	-8.8785309e-07 	0.00065064884 	-0.013797582
-0.0051591592 	-0.019529786 	-8.9751126e-07 	0.00066743581 	-0.013943983
-0.0051471471 	-0.019529768 	-9.0716943e-07 	0.00068422278 	-0.014090384
-0.0051351351 	-0.01952975 	-9.168276e-07 	0.00070100975 	-0.014236785
-0.0051231231 	-0.019529733 	-9.2648578e-07 	0.00071779672 	-0.014383187
-0.0051111111 	-0.019529715 	-9.3614395e-07 	0.0007345837 	-0.014529588
-0.0050990991 	-0.019529697 	-9.4580212e-07 	0.00075137067 	-0.014675989
-0.0050870871 	-0.01952968 	-9.5546029e-07 	0.00076815764 	-0.01482239
-0.0050750751 	-0.019529662 	-9.6511847e-07 	0.00078494461 	-0.014968791
-0.0050630631 	-0.019529645 	-9.7477664e-07 	0.00080173158 	-0.015115193
-0.0050510511 	-0.019529627 	-9.8443481e-07 	0.00081851855 	-0.015261594
-0.005039039 	-0.019529613 	-9.9442697e-07 	0.00083586125 	-0.015402312
-0.005027027 	-0.019529633 	-1.0070663e-06 	0.00085760864 	-0.015497986
-0.005015015 	-0.019529652 	-1.0197057e-06 	0.00087935602 	-0.015593661
-0.005003003 	-0.01952967 	-1.0301452e-06 	0.00089958884 	-0.015695131
-0.004990991 	-0.019529688 	-1.0399543e-06 	0.00091938771 	-0.015798262
-0.004978979 	-0.019529706 	-1.0497635e-06 	0.00093918659 	-0.015901392
-0.004966967 	-0.019529724 	-1.0595727e-06 	0.00095898546 	-0.016004523
-0.004954955 	-0.019529742 	-1.0693819e-06 	0.00097878434 	-0.016107653
-0.0049429429 	-0.01952976 	-1.0791911e-06 	0.00099858321 	-0.016210784
-0.0049309309 	-0.019529778 	-1.0890003e-06 	0.0010183821 	-0.016313914
-0.0049189189 	-0.019529796 	-1.0988095e-06 	0.001038181 	-0.016417045
-0.0049069069 	-0.019529814 	-1.1086186e-06 	0.0010579798 	-0.016520175
-0.0048948949 	-0.019529832 	-1.1184278e-06 	0.0010777787 	-0.016623306
-0.0048828829 	-0.019529849 	-1.128237e-06 	0.0010975776 	-0.016726436
-0.0048708709 	-0.019529867 	-1.1380462e-06 	0.0011173765 	-0.016829567
-0.0048588589 	-0.019529885 	-1.1478554e-06 	0.0011371753 	-0.016932697
-0.0048468468 	-0.019529903 	-1.1576646e-06 	0.0011569742 	-0.017035828
-0.0048348348 	-0.019529921 	-1.1674738e-06 	0.0011767731 	-0.017138958
-0.0048228228 	-0.019529939 	-1.1772829e-06 	0.001196572 	-0.017242089
-0.0048108108 	-0.019529957 	-1.1870921e-06 	0.0012163708 	-0.017345219
-0.0047987988 	-0.019529975 	-1.1969013e-06 	0.0012361697 	-0.01744835
-0.0047867868 	-0.019529993 	-1.2067105e-06 	0.0012559686 	-0.017551481
-0.0047747748 	-0.019530011 	-1.2165197e-06 	0.0012757675 	-0.017654611
-0.0047627628 	-0.019530038 	-1.2269953e-06 	0.0012962488 	-0.017748656
-0.0047507508 	-0.01953011 	-1.2409894e-06 	0.0013203331 	-0.017794734
-0.0047387387 	-0.019530182 	-1.2549836e-06 	0.0013444174 	-0.017840812
-0.0047267267 	-0.01953025 	-1.2677169e-06 	0.001367299 	-0.017886478
-0.0047147147 	-0.019530315 	-1.2792432e-06 	0.0013890294 	-0.01793175
-0.0047027027 	-0.019530381 	-1.2907696e-06 	0.0014107598 	-0.017977022
-0.0046906907 	-0.019530446 	-1.3022959e-06 	0.0014324903 	-0.018022294
-0.0046786787 	-0.019530511 	-1.3138223e-06 	0.0014542207 	-0.018067566
-0.0046666667 	-0.019530576 	-1.3253487e-06 	0.0014759511 	-0.018112838
-0.0046546547 	-0.019530641 	-1.336875e-06 	0.0014976815 	-0.01815811
-0.0046426426 	-0.019530706 	-1.3484014e-06 	0.0015194119 	-0.018203382
-0.0046306306 	-0.019530771 	-1.3599278e-06 	0.0015411423 	-0.018248654
-0.0046186186 	-0.019530837 	-1.3714541e-06 	0.0015628727 	-0.018293926
-0.0046066066 	-0.019530902 	-1.3829805e-06 	0.0015846031 	-0.018339198
-0.0045945946 	-0.019530967 	-1.3945069e-06 	0.0016063335 	-0.01838447
-0.0045825826 	-0.019531032 	-1.4060332e-06 	0.0016280639 	-0.018429742
-0.0045705706 	-0.019531097 	-1.4175596e-06 	0.0016497943 	-0.018475015
-0.0045585586 	-0.019531162 	-1.4290859e-06 	0.0016715247 	-0.018520287
-0.0045465465 	-0.019531227 	-1.4406123e-06 	0.0016932551 	-0.018565559
-0.0045345345 	-0.019531293 	-1.4521387e-06 	0.0017149855 	-0.018610831
-0.0045225225 	-0.019531358 	-1.463665e-06 	0.0017367159 	-0.018656103
-0.0045105105 	-0.019531423 	-1.4751914e-06 	0.0017584464 	-0.018701375
-0.0044984985 	-0.019531488 	-1.4867178e-06 	0.0017801768 	-0.018746647
-0.0044864865 	-0.019531553 	-1.4982441e-06 	0.0018019072 	-0.018791919
-0.0044744745 	-0.019531618 	-1.5097705e-06 	0.0018236376 	-0.018837191
-0.0044624625 	-0.019531683 	-1.5212969e-06 	0.001845368 	-0.018882463
-0.0044504505 	-0.019531757 	-1.5336207e-06 	0.0018674258 	-0.018919232
-0.0044384384 	-0.019531893 	-1.5515977e-06 	0.0018918045 	-0.018895719
-0.0044264264 	-0.019532029 	-1.5695747e-06 	0.0019161833 	-0.018872205
-0.0044144144 	-0.019532163 	-1.5872657e-06 	0.0019402436 	-0.018847374
-0.0044024024 	-0.019532284 	-1.6028509e-06 	0.0019619595 	-0.018812838
-0.0043903904 	-0.019532404 	-1.6184361e-06 	0.0019836754 	-0.018778303
-0.0043783784 	-0.019532525 	-1.6340212e-06 	0.0020053913 	-0.018743767
-0.0043663664 	-0.019532646 	-1.6496064e-06 	0.0020271073 	-0.018709232
-0.0043543544 	-0.019532766 	-1.6651916e-06 	0.0020488232 	-0.018674696
-0.0043423423 	-0.019532887 	-1.6807768e-06 	0.0020705391 	-0.018640161
-0.0043303303 	-0.019533008 	-1.696362e-06 	0.0020922551 	-0.018605625
-0.0043183183 	-0.019533128 	-1.7119472e-06 	0.002113971 	-0.01857109
-0.0043063063 	-0.019533249 	-1.7275324e-06 	0.0021356869 	-0.018536554
-0.0042942943 	-0.01953337 	-1.7431176e-06 	0.0021574028 	-0.018502018
-0.0042822823 	-0.01953349 	-1.7587028e-06 	0.0021791188 	-0.018467483
-0.0042702703 	-0.019533611 	-1.7742879e-06 	0.0022008347 	-0.018432947
-0.0042582583 	-0.019533732 	-1.7898731e-06 	0.0022225506 	-0.018398412
-0.0042462462 	-0.019533852 	-1.8054583e-06 	0.0022442665 	-0.018363876
-0.0042342342 	-0.019533973 	-1.8210435e-06 	0.0022659825 	-0.018329341
-0.0042222222 	-0.019534094 	-1.8366287e-06 	0.0022876984 	-0.018294805
-0.0042102102 	-0.019534214 	-1.8522139e-06 	0.0023094143 	-0.01826027
-0.0041981982 	-0.019534335 	-1.8677991e-06 	0.0023311303 	-0.018225734
-0.0041861862 	-0.019534456 	-1.8833843e-06 	0.0023528462 	-0.018191199
-0.0041741742 	-0.019534576 	-1.8989695e-06 	0.0023745621 	-0.018156663
-0.0041621622 	-0.019534697 	-1.9145547e-06 	0.002396278 	-0.018122127
-0.0041501502 	-0.019534818 	-1.9301398e-06 	0.002417994 	-0.018087592
-0.0041381381 	-0.019534938 	-1.945725e-06 	0.0024397099 	-0.018053056
-0.0041261261 	-0.019535059 	-1.9613102e-06 	0.0024614258 	-0.018018521
-0.0041141141 	-0.01953518 	-1.9768954e-06 	0.0024831418 	-0.017983985
-0.0041021021 	-0.0195353 	-1.9924806e-06 	0.0025048577 	-0.01794945
-0.0040900901 	-0.019535464 	-2.01404e-06 	0.0025262414 	-0.017859367
-0.0040780781 	-0.019535657 	-2.0397325e-06 	0.0025473953 	-0.017730856
-0.0040660661 	-0.019535851 	-2.065425e-06 	0.0025685492 	-0.017602345
-0.0040540541 	-0.019536039 	-2.0906474e-06 	0.0025892064 	-0.017469472
-0.004042042 	-0.019536208 	-2.1137796e-06 	0.0026076547 	-0.0173172
-0.00403003 	-0.019536377 	-2.1369117e-06 	0.0026261031 	-0.017164927
-0.004018018 	-0.019536545 	-2.1600439e-06 	0.0026445514 	-0.017012655
-0.004006006 	-0.019536714 	-2.1831761e-06 	0.0026629997 	-0.016860383
-0.003993994 	-0.019536882 	-2.2063082e-06 	0.0026814481 	-0.016708111
-0.003981982 	-0.019537051 	-2.2294404e-06 	0.0026998964 	-0.016555839
-0.00396997 	-0.019537219 	-2.2525726e-06 	0.0027183448 	-0.016403566
-0.003957958 	-0.019537388 	-2.2757047e-06 	0.0027367931 	-0.016251294
-0.0039459459 	-0.019537557 	-2.2988369e-06 	0.0027552414 	-0.016099022
-0.0039339339 	-0.019537725 	-2.3219691e-06 	0.0027736898 	-0.01594675
-0.0039219219 	-0.019537894 	-2.3451012e-06 	0.0027921381 	-0.015794478
-0.0039099099 	-0.019538062 	-2.3682334e-06 	0.0028105865 	-0.015642205
-0.0038978979 	-0.019538231 	-2.3913655e-06 	0.0028290348 	-0.015489933
-0.0038858859 	-0.019538399 	-2.4144977e-06 	0.0028474831 	-0.015337661
-0.0038738739 	-0.019538568 	-2.4376299e-06 	0.0028659315 	-0.015185389
-0.0038618619 	-0.019538737 	-2.460762e-06 	0.0028843798 	-0.015033117
-0.0038498498 	-0.019538905 	-2.4838942e-06 	0.0029028281 	-0.014880844
-0.0038378378 	-0.019539074 	-2.5070264e-06 	0.0029212765 	-0.014728572
-0.0038258258 	-0.019539242 	-2.5301585e-06 	0.0029397248 	-0.0145763
-0.0038138138 	-0.019539411 	-2.5532907e-06 	0.0029581732 	-0.014424028
-0.0038018018 	-0.019539579 	-2.5764229e-06 	0.0029766215 	-0.014271756
-0.0037897898 	-0.019539748 	-2.599555e-06 	0.0029950698 	-0.014119483
-0.0037777778 	-0.019539917 	-2.6226872e-06 	0.0030135182 	-0.013967211
-0.0037657658 	-0.019540085 	-2.6458193e-06 	0.0030319665 	-0.013814939
-0.0037537538 	-0.019540254 	-2.6689515e-06 	0.0030504149 	-0.013662667
-0.0037417417 	-0.019540422 	-2.6920837e-06 	0.0030688632 	-0.013510395
-0.0037297297 	-0.019540591 	-2.7152158e-06 	0.0030873115 	-0.013358122
-0.0037177177 	-0.019540759 	-2.738348e-06 	0.0031057599 	-0.01320585
-0.0037057057 	-0.019540928 	-2.7614802e-06 	0.0031242082 	-0.013053578
-0.0036936937 	-0.0195411 	-2.7859385e-06 	0.0031421133 	-0.012886433
-0.0036816817 	-0.019541308 	-2.8234929e-06 	0.0031546538 	-0.012572415
-0.0036696697 	-0.019541517 	-2.8610474e-06 	0.0031671944 	-0.012258397
-0.0036576577 	-0.019541725 	-2.8986019e-06 	0.0031797349 	-0.011944378
-0.0036456456 	-0.019541926 	-2.9355707e-06 	0.0031917672 	-0.011621531
-0.0036336336 	-0.019542105 	-2.9705425e-06 	0.003202067 	-0.011268581
-0.0036216216 	-0.019542284 	-3.0055143e-06 	0.0032123667 	-0.010915631
-0.0036096096 	-0.019542463 	-3.0404862e-06 	0.0032226664 	-0.01056268
-0.0035975976 	-0.019542642 	-3.075458e-06 	0.0032329662 	-0.01020973
-0.0035855856 	-0.019542821 	-3.1104298e-06 	0.0032432659 	-0.0098567799
-0.0035735736 	-0.019543 	-3.1454017e-06 	0.0032535656 	-0.0095038297
-0.0035615616 	-0.019543178 	-3.1803735e-06 	0.0032638654 	-0.0091508794
-0.0035495495 	-0.019543357 	-3.2153453e-06 	0.0032741651 	-0.0087979291
-0.0035375375 	-0.019543536 	-3.2503172e-06 	0.0032844648 	-0.0084449789
-0.0035255255 	-0.019543715 	-3.285289e-06 	0.0032947645 	-0.0080920286
-0.0035135135 	-0.019543894 	-3.3202608e-06 	0.0033050643 	-0.0077390784
-0.0035015015 	-0.019544073 	-3.3552327e-06 	0.003315364 	-0.0073861281
-0.0034894895 	-0.019544252 	-3.3902045e-06 	0.0033256637 	-0.0070331779
-0.0034774775 	-0.019544431 	-3.4251763e-06 	0.0033359635 	-0.0066802276
-0.0034654655 	-0.019544609 	-3.4601482e-06 	0.0033462632 	-0.0063272773
-0.0034534535 	-0.019544788 	-3.49512e-06 	0.0033565629 	-0.0059743271
-0.0034414414 	-0.019544967 	-3.5300918e-06 	0.0033668627 	-0.0056213768
-0.0034294294 	-0.019545146 	-3.5650637e-06 	0.0033771624 	-0.0052684266
-0.0034174174 	-0.019545325 	-3.6000355e-06 	0.0033874621 	-0.0049154763
-0.0034054054 	-0.019545504 	-3.6350073e-06 	0.0033977619 	-0.004562526
-0.0033933934 	-0.019545683 	-3.6699792e-06 	0.0034080616 	-0.0042095758
-0.0033813814 	-0.019545861 	-3.704951e-06 	0.0034183613 	-0.0038566255
-0.0033693694 	-0.01954604 	-3.7399228e-06 	0.003428661 	-0.0035036753
-0.0033573574 	-0.019546219 	-3.7748947e-06 	0.0034389608 	-0.003150725
-0.0033453453 	-0.019546398 	-3.8098665e-06 	0.0034492605 	-0.0027977748
-0.0033333333 	-0.019546577 	-3.8448383e-06 	0.0034595602 	-0.0024448245
-0.0033213213 	-0.019546756 	-3.8798102e-06 	0.00346986 	-0.0020918742
-0.0033093093 	-0.019546935 	-3.914782e-06 	0.0034801597 	-0.001738924
-0.0032972973 	-0.019547114 	-3.9497538e-06 	0.0034904594 	-0.0013859737
-0.0032852853 	-0.019547292 	-3.9847257e-06 	0.0035007592 	-0.0010330235
-0.0032732733 	-0.019547471 	-4.0196975e-06 	0.0035110589 	-0.0006800732
-0.0032612613 	-0.01954765 	-4.0546693e-06 	0.0035213586 	-0.00032712294
-0.0032492492 	-0.019547829 	-4.0896412e-06 	0.0035316583 	2.5827318e-05
-0.0032372372 	-0.01954801 	-4.1254938e-06 	0.0035397011 	0.00041495159
-0.0032252252 	-0.019548216 	-4.1698889e-06 	0.0035258544 	0.0011549211
-0.0032132132 	-0.019548422 	-4.214284e-06 	0.0035120076 	0.0018948906
-0.0032012012 	-0.019548627 	-4.2586791e-06 	0.0034981609 	0.00263486
-0.0031891892 	-0.019548833 	-4.3030742e-06 	0.0034843141 	0.0033748295
-0.0031771772 	-0.019549021 	-4.3473001e-06 	0.0034707143 	0.0041491717
-0.0031651652 	-0.019549201 	-4.3914566e-06 	0.0034572157 	0.0049376111
-0.0031531532 	-0.01954938 	-4.4356131e-06 	0.0034437172 	0.0057260504
-0.0031411411 	-0.01954956 	-4.4797696e-06 	0.0034302186 	0.0065144898
-0.0031291291 	-0.01954974 	-4.5239261e-06 	0.0034167201 	0.0073029292
-0.0031171171 	-0.01954992 	-4.5680826e-06 	0.0034032215 	0.0080913686
-0.0031051051 	-0.0195501 	-4.6122392e-06 	0.0033897229 	0.0088798079
-0.0030930931 	-0.01955028 	-4.6563957e-06 	0.0033762244 	0.0096682473
-0.0030810811 	-0.01955046 	-4.7005522e-06 	0.0033627258 	0.010456687
-0.0030690691 	-0.01955064 	-4.7447087e-06 	0.0033492273 	0.011245126
-0.0030570571 	-0.01955082 	-4.7888652e-06 	0.0033357287 	0.012033565
-0.003045045 	-0.019551 	-4.8330217e-06 	0.0033222301 	0.012822005
-0.003033033 	-0.01955118 	-4.8771782e-06 	0.0033087316 	0.013610444
-0.003021021 	-0.01955136 	-4.9213347e-06 	0.003295233 	0.014398884
-0.003009009 	-0.01955154 	-4.9654913e-06 	0.0032817344 	0.015187323
-0.002996997 	-0.01955172 	-5.0096478e-06 	0.0032682359 	0.015975762
-0.002984985 	-0.0195519 	-5.0538043e-06 	0.0032547373 	0.016764202
-0.002972973 	-0.01955208 	-5.0979608e-06 	0.0032412388 	0.017552641
-0.002960961 	-0.01955226 	-5.1421173e-06 	0.0032277402 	0.01834108
-0.0029489489 	-0.01955244 	-5.1862738e-06 	0.0032142416 	0.01912952
-0.0029369369 	-0.01955262 	-5.2304303e-06 	0.0032007431 	0.019917959
-0.0029249249 	-0.0195528 	-5.2745868e-06 	0.0031872445 	0.020706398
-0.0029129129 	-0.01955298 	-5.3187434e-06 	0.0031737459 	0.021494838
-0.0029009009 	-0.01955316 	-5.3628999e-06 	0.0031602474 	0.022283277
-0.0028888889 	-0.01955334 	-5.4070564e-06 	0.0031467488 	0.023071717
-0.0028768769 	-0.01955352 	-5.4512129e-06 	0.0031332503 	0.023860156
-0.0028648649 	-0.0195537 	-5.4953694e-06 	0.0031197517 	0.024648595
-0.0028528529 	-0.01955388 	-5.5395259e-06 	0.0031062531 	0.025437035
-0.0028408408 	-0.01955406 	-5.5836824e-06 	0.0030927546 	0.026225474
-0.0028288288 	-0.01955424 	-5.6278389e-06 	0.003079256 	0.027013913
-0.0028168168 	-0.01955442 	-5.6719955e-06 	0.0030657574 	0.027802353
-0.0028048048 	-0.0195546 	-5.716152e-06 	0.0030522589 	0.028590792
-0.0027927928 	-0.01955478 	-5.7603085e-06 	0.0030387603 	0.029379232
-0.0027807808 	-0.01955496 	-5.804465e-06 	0.0030252618 	0.030167671
-0.0027687688 	-0.01955514 	-5.8486215e-06 	0.0030117632 	0.03095611
-0.0027567568 	-0.01955532 	-5.892778e-06 	0.0029982646 	0.03174455
-0.0027447447 	-0.0195555 	-5.9369345e-06 	0.0029847661 	0.032532989
-0.0027327327 	-0.01955568 	-5.981091e-06 	0.0029712675 	0.033321428
-0.0027207207 	-0.01955586 	-6.0252476e-06 	0.0029577689 	0.034109868
-0.0027087087 	-0.019555728 	-6.0374806e-06 	0.0029219059 	0.035432793
-0.0026966967 	-0.019555594 	-6.049434e-06 	0.002885847 	0.036760401
-0.0026846847 	-0.01955546 	-6.0613873e-06 	0.002849788 	0.03808801
-0.0026726727 	-0.019555326 	-6.0733407e-06 	0.002813729 	0.039415618
-0.0026606607 	-0.019555192 	-6.0854058e-06 	0.002777736 	0.040743335
-0.0026486486 	-0.019555083 	-6.1035235e-06 	0.0027453101 	0.042076905
-0.0026366366 	-0.019554975 	-6.1216412e-06 	0.0027128842 	0.043410476
-0.0026246246 	-0.019554866 	-6.139759e-06 	0.0026804583 	0.044744047
-0.0026126126 	-0.019554757 	-6.1578767e-06 	0.0026480324 	0.046077618
-0.0026006006 	-0.019554649 	-6.1759944e-06 	0.0026156065 	0.047411189
-0.0025885886 	-0.01955454 	-6.1941121e-06 	0.0025831806 	0.04874476
-0.0025765766 	-0.019554431 	-6.2122299e-06 	0.0025507547 	0.05007833
-0.0025645646 	-0.019554323 	-6.2303476e-06 	0.0025183288 	0.051411901
-0.0025525526 	-0.019554214 	-6.2484653e-06 	0.002485903 	0.052745472
-0.0025405405 	-0.019554105 	-6.2665831e-06 	0.0024534771 	0.054079043
-0.0025285285 	-0.019553997 	-6.2847008e-06 	0.0024210512 	0.055412614
-0.0025165165 	-0.019553888 	-6.3028185e-06 	0.0023886253 	0.056746185
-0.0025045045 	-0.019553779 	-6.3209362e-06 	0.0023561994 	0.058079755
-0.0024924925 	-0.019553671 	-6.339054e-06 	0.0023237735 	0.059413326
-0.0024804805 	-0.019553562 	-6.3571717e-06 	0.0022913476 	0.060746897
-0.0024684685 	-0.019553454 	-6.3752894e-06 	0.0022589217 	0.062080468
-0.0024564565 	-0.019553345 	-6.3934071e-06 	0.0022264959 	0.063414039
-0.0024444444 	-0.019553236 	-6.4115249e-06 	0.00219407 	0.06474761
-0.0024324324 	-0.019553128 	-6.4296426e-06 	0.0021616441 	0.06608118
-0.0024204204 	-0.019553019 	-6.4477603e-06 	0.0021292182 	0.067414751
-0.0024084084 	-0.01955291 	-6.465878e-06 	0.0020967923 	0.068748322
-0.0023963964 	-0.019552802 	-6.4839958e-06 	0.0020643664 	0.070081893
-0.0023843844 	-0.019552693 	-6.5021135e-06 	0.0020319405 	0.071415464
-0.0023723724 	-0.019552584 	-6.5202312e-06 	0.0019995146 	0.072749035
-0.0023603604 	-0.019552476 	-6.538349e-06 	0.0019670888 	0.074082606
-0.0023483483 	-0.019552367 	-6.5564667e-06 	0.0019346629 	0.075416176
-0.0023363363 	-0.019552258 	-6.5745844e-06 	0.001902237 	0.076749747
-0.0023243243 	-0.01955215 	-6.5927021e-06 	0.0018698111 	0.078083318
-0.0023123123 	-0.019552041 	-6.6108199e-06 	0.0018373852 	0.079416889
-0.0023003003 	-0.019551933 	-6.6289376e-06 	0.0018049593 	0.08075046
-0.0022882883 	-0.019551824 	-6.6470553e-06 	0.0017725334 	0.082084031
-0.0022762763 	-0.019551715 	-6.665173e-06 	0.0017401075 	0.083417601
-0.0022642643 	-0.019551607 	-6.6832908e-06 	0.0017076817 	0.084751172
-0.0022522523 	-0.019551498 	-6.7014085e-06 	0.0016752558 	0.086084743
-0.0022402402 	-0.019551389 	-6.7195262e-06 	0.0016428299 	0.087418314
-0.0022282282 	-0.019551281 	-6.7376439e-06 	0.001610404 	0.088751885
-0.0022162162 	-0.019551172 	-6.7557617e-06 	0.0015779781 	0.090085456
-0.0022042042 	-0.019551063 	-6.7738794e-06 	0.0015455522 	0.091419026
-0.0021921922 	-0.019550955 	-6.7919971e-06 	0.0015131263 	0.092752597
-0.0021801802 	-0.019550846 	-6.8101149e-06 	0.0014807004 	0.094086168
-0.0021681682 	-0.019550737 	-6.8282326e-06 	0.0014482745 	0.095419739
-0.0021561562 	-0.019550629 	-6.8463503e-06 	0.0014158487 	0.09675331
-0.0021441441 	-0.01955052 	-6.864468e-06 	0.0013834228 	0.098086881
-0.0021321321 	-0.019550151 	-6.8688941e-06 	0.0013303173 	0.10028763
-0.0021201201 	-0.01954771 	-6.7897705e-06 	0.0011103325 	0.11010922
-0.0021081081 	-0.019545435 	-6.7344416e-06 	0.00090188488 	0.11982062
-0.0020960961 	-0.01954316 	-6.6791127e-06 	0.00069343728 	0.12953202
-0.0020840841 	-0.019540885 	-6.6237837e-06 	0.00048498968 	0.13924342
-0.0020720721 	-0.019539242 	-6.5629993e-06 	0.0003299326 	0.14658595
-0.0020600601 	-0.019538711 	-6.5121128e-06 	0.00026783228 	0.15002106
-0.002048048 	-0.019538198 	-6.4646425e-06 	0.00020706303 	0.15343686
-0.002036036 	-0.019537685 	-6.4171723e-06 	0.00014629378 	0.15685265
-0.002024024 	-0.019537171 	-6.3697021e-06 	8.5524523e-05 	0.16026844
-0.002012012 	-0.019536661 	-6.3207685e-06 	2.451314e-05 	0.16370101
-0.002 	-0.019536261 	-6.2400353e-06 	-3.9859339e-05 	0.16753797
-0.001987988 	-0.019535907 	-6.1720479e-06 	-9.9533813e-05 	0.1712833
-0.001975976 	-0.019535554 	-6.1040606e-06 	-0.00015920829 	0.17502862
-0.001963964 	-0.019535201 	-6.0360732e-06 	-0.00021888276 	0.17877395
-0.001951952 	-0.019534847 	-5.9680858e-06 	-0.00027855723 	0.18251928
-0.0019399399 	-0.019534494 	-5.9000984e-06 	-0.00033823171 	0.1862646
-0.0019279279 	-0.019534077 	-5.8008514e-06 	-0.00040152401 	0.19050975
-0.0019159159 	-0.019533715 	-5.7150795e-06 	-0.00045959695 	0.19463147
-0.0019039039 	-0.019533354 	-5.6293076e-06 	-0.00051766989 	0.19875319
-0.0018918919 	-0.019532992 	-5.5435358e-06 	-0.00057574283 	0.2028749
-0.0018798799 	-0.01953263 	-5.4577639e-06 	-0.00063381578 	0.20699662
-0.0018678679 	-0.019532268 	-5.3719921e-06 	-0.00069188872 	0.21111834
-0.0018558559 	-0.019531899 	-5.2838485e-06 	-0.00075008083 	0.21529382
-0.0018438438 	-0.019531465 	-5.1743397e-06 	-0.00080781747 	0.21999252
-0.0018318318 	-0.019531087 	-5.0761174e-06 	-0.00086136792 	0.22452734
-0.0018198198 	-0.019530709 	-4.977895e-06 	-0.00091491837 	0.22906217
-0.0018078078 	-0.01953033 	-4.8796727e-06 	-0.00096846882 	0.23359699
-0.0017957958 	-0.019529952 	-4.7814504e-06 	-0.0010220193 	0.23813182
-0.0017837838 	-0.019529574 	-4.683228e-06 	-0.0010755697 	0.24266665
-0.0017717718 	-0.019529195 	-4.5850057e-06 	-0.0011291202 	0.24720147
-0.0017597598 	-0.019528801 	-4.4832588e-06 	-0.0011812371 	0.25192279
-0.0017477477 	-0.019528391 	-4.3757816e-06 	-0.0012282779 	0.25703464
-0.0017357357 	-0.019528024 	-4.2739732e-06 	-0.0012732175 	0.2619867
-0.0017237237 	-0.019527657 	-4.1721648e-06 	-0.0013181571 	0.26693876
-0.0017117117 	-0.01952729 	-4.0703564e-06 	-0.0013630967 	0.27189082
-0.0016996997 	-0.019526923 	-3.968548e-06 	-0.0014080364 	0.27684288
-0.0016876877 	-0.019526556 	-3.8667396e-06 	-0.001452976 	0.28179494
-0.0016756757 	-0.019526188 	-3.7649311e-06 	-0.0014979156 	0.28674701
-0.0016636637 	-0.019525821 	-3.6631227e-06 	-0.0015428552 	0.29169907
-0.0016516517 	-0.019525445 	-3.5644316e-06 	-0.0015821768 	0.29690753
-0.0016396396 	-0.019525079 	-3.4704535e-06 	-0.0016137215 	0.30236566
-0.0016276276 	-0.019524746 	-3.3770536e-06 	-0.0016452657 	0.307671
-0.0016156156 	-0.019524413 	-3.2836536e-06 	-0.0016768099 	0.31297635
-0.0016036036 	-0.019524079 	-3.1902537e-06 	-0.0017083541 	0.31828169
-0.0015915916 	-0.019523746 	-3.0968537e-06 	-0.0017398983 	0.32358703
-0.0015795796 	-0.019523413 	-3.0034538e-06 	-0.0017714425 	0.32889238
-0.0015675676 	-0.01952308 	-2.9100538e-06 	-0.0018029867 	0.33419772
-0.0015555556 	-0.019522747 	-2.8166539e-06 	-0.0018345309 	0.33950307
-0.0015435435 	-0.019522414 	-2.7232539e-06 	-0.0018660751 	0.34480841
-0.0015315315 	-0.019522084 	-2.6395606e-06 	-0.0018898994 	0.35025807
-0.0015195195 	-0.01952177 	-2.5708562e-06 	-0.0019014913 	0.35590206
-0.0015075075 	-0.019521487 	-2.4977837e-06 	-0.0019154934 	0.36138365
-0.0014954955 	-0.019521205 	-2.4247112e-06 	-0.0019294956 	0.36686524
-0.0014834835 	-0.019520922 	-2.3516387e-06 	-0.0019434977 	0.37234683
-0.0014714715 	-0.019520639 	-2.2785662e-06 	-0.0019574999 	0.37782842
-0.0014594595 	-0.019520356 	-2.2054937e-06 	-0.001971502 	0.38331
-0.0014474474 	-0.019520073 	-2.1324212e-06 	-0.0019855042 	0.38879159
-0.0014354354 	-0.01951979 	-2.0593487e-06 	-0.0019995063 	0.39427318
-0.0014234234 	-0.019519507 	-1.9862762e-06 	-0.0020135085 	0.39975477
-0.0014114114 	-0.019519224 	-1.9132037e-06 	-0.0020275106 	0.40523636
-0.0013993994 	-0.019518941 	-1.8401312e-06 	-0.0020415128 	0.41071795
-0.0013873874 	-0.019518692 	-1.8006153e-06 	-0.0020334606 	0.41617735
-0.0013753754 	-0.01951846 	-1.7565398e-06 	-0.0020277911 	0.42155822
-0.0013633634 	-0.019518237 	-1.7099433e-06 	-0.0020234857 	0.42690188
-0.0013513514 	-0.019518014 	-1.6633468e-06 	-0.0020191804 	0.43224554
-0.0013393393 	-0.019517791 	-1.6167503e-06 	-0.002014875 	0.4375892
-0.0013273273 	-0.019517568 	-1.5701538e-06 	-0.0020105697 	0.44293286
-0.0013153153 	-0.019517345 	-1.5235572e-06 	-0.0020062643 	0.44827652
-0.0013033033 	-0.019517122 	-1.4769607e-06 	-0.002001959 	0.45362018
-0.0012912913 	-0.019516899 	-1.4303642e-06 	-0.0019976536 	0.45896384
-0.0012792793 	-0.019516676 	-1.3837677e-06 	-0.0019933483 	0.4643075
-0.0012672673 	-0.019516453 	-1.3371712e-06 	-0.001989043 	0.46965116
-0.0012552553 	-0.01951623 	-1.2905746e-06 	-0.0019847376 	0.47499482
-0.0012432432 	-0.01951601 	-1.2455368e-06 	-0.0019795429 	0.48031034
-0.0012312312 	-0.019515837 	-1.2281998e-06 	-0.0019585419 	0.4851256
-0.0012192192 	-0.019515673 	-1.2075087e-06 	-0.0019392978 	0.48993482
-0.0012072072 	-0.019515518 	-1.1843577e-06 	-0.001921342 	0.49473959
-0.0011951952 	-0.019515362 	-1.1612068e-06 	-0.0019033861 	0.49954436
-0.0011831832 	-0.019515206 	-1.1380558e-06 	-0.0018854303 	0.50434913
-0.0011711712 	-0.019515051 	-1.1149048e-06 	-0.0018674745 	0.5091539
-0.0011591592 	-0.019514895 	-1.0917538e-06 	-0.0018495187 	0.51395867
-0.0011471471 	-0.019514739 	-1.0686028e-06 	-0.0018315629 	0.51876345
-0.0011351351 	-0.019514583 	-1.0454518e-06 	-0.0018136071 	0.52356822
-0.0011231231 	-0.019514428 	-1.0223009e-06 	-0.0017956513 	0.52837299
-0.0011111111 	-0.019514272 	-9.9914987e-07 	-0.0017776955 	0.53317776
-0.0010990991 	-0.019514116 	-9.7599889e-07 	-0.0017597397 	0.53798253
-0.0010870871 	-0.019513961 	-9.5284791e-07 	-0.0017417838 	0.5427873
-0.0010750751 	-0.019513805 	-9.2969693e-07 	-0.001723828 	0.54759208
-0.0010630631 	-0.019513648 	-9.1331022e-07 	-0.001702532 	0.55202173
-0.0010510511 	-0.019513488 	-9.074259e-07 	-0.00167605 	0.55586898
-0.001039039 	-0.019513344 	-8.9961438e-07 	-0.0016504563 	0.55975872
-0.001027027 	-0.019513205 	-8.9104257e-07 	-0.001625213 	0.56366522
-0.001015015 	-0.019513065 	-8.8247075e-07 	-0.0015999698 	0.56757172
-0.001003003 	-0.019512926 	-8.7389894e-07 	-0.0015747266 	0.57147822
-0.00099099099 	-0.019512787 	-8.6532712e-07 	-0.0015494834 	0.57538472
-0.00097897898 	-0.019512648 	-8.5675531e-07 	-0.0015242402 	0.57929123
-0.00096696697 	-0.019512509 	-8.4818349e-07 	-0.0014989969 	0.58319773
-0.00095495495 	-0.01951237 	-8.3961168e-07 	-0.0014737537 	0.58710423
-0.00094294294 	-0.019512231 	-8.3103986e-07 	-0.0014485105 	0.59101073
-0.00093093093 	-0.019512092 	-8.2246805e-07 	-0.0014232673 	0.59491723
-0.00091891892 	-0.019511953 	-8.1389623e-07 	-0.0013980241 	0.59882373
-0.00090690691 	-0.019511814 	-8.0532442e-07 	-0.0013727809 	0.60273024
-0.00089489489 	-0.019511675 	-7.967526e-07 	-0.0013475376 	0.60663674
-0.00088288288 	-0.019511536 	-7.8818079e-07 	-0.0013222944 	0.61054324
-0.00087087087 	-0.019511397 	-7.7960897e-07 	-0.0012970512 	0.61444974
-0.00085885886 	-0.019511371 	-7.7667832e-07 	-0.0012709983 	0.61760061
-0.00084684685 	-0.019511381 	-7.7551924e-07 	-0.0012446912 	0.62051418
-0.00083483483 	-0.019511408 	-7.737518e-07 	-0.0012181461 	0.62351131
-0.00082282282 	-0.019511438 	-7.7188651e-07 	-0.0011915628 	0.62652189
-0.00081081081 	-0.019511469 	-7.7002121e-07 	-0.0011649794 	0.62953247
-0.0007987988 	-0.019511499 	-7.6815591e-07 	-0.001138396 	0.63254304
-0.00078678679 	-0.019511529 	-7.6629062e-07 	-0.0011118126 	0.63555362
-0.00077477477 	-0.01951156 	-7.6442532e-07 	-0.0010852293 	0.6385642
-0.00076276276 	-0.01951159 	-7.6256003e-07 	-0.0010586459 	0.64157478
-0.00075075075 	-0.01951162 	-7.6069473e-07 	-0.0010320625 	0.64458535
-0.00073873874 	-0.019511651 	-7.5882943e-07 	-0.0010054792 	0.64759593
-0.00072672673 	-0.019511681 	-7.5696414e-07 	-0.00097889578 	0.65060651
-0.00071471471 	-0.019511711 	-7.5509884e-07 	-0.00095231241 	0.65361708
-0.0007027027 	-0.019511741 	-7.5323355e-07 	-0.00092572904 	0.65662766
-0.00069069069 	-0.019511772 	-7.5136825e-07 	-0.00089914566 	0.65963824
-0.00067867868 	-0.019511802 	-7.4950296e-07 	-0.00087256229 	0.66264882
-0.00066666667 	-0.019511832 	-7.4763766e-07 	-0.00084597892 	0.66565939
-0.00065465465 	-0.019511863 	-7.4577236e-07 	-0.00081939555 	0.66866997
-0.00064264264 	-0.019511893 	-7.4390707e-07 	-0.00079281217 	0.67168055
-0.00063063063 	-0.019511914 	-7.4301343e-07 	-0.00077572271 	0.6733775
-0.00061861862 	-0.019511934 	-7.422319e-07 	-0.00075972871 	0.67492288
-0.00060660661 	-0.019511954 	-7.4145038e-07 	-0.00074373472 	0.67646826
-0.00059459459 	-0.019511974 	-7.4066885e-07 	-0.00072774073 	0.67801364
-0.00058258258 	-0.019511995 	-7.3988733e-07 	-0.00071174673 	0.67955902
-0.00057057057 	-0.019512015 	-7.3910581e-07 	-0.00069575274 	0.6811044
-0.00055855856 	-0.019512035 	-7.3832428e-07 	-0.00067975874 	0.68264978
-0.00054654655 	-0.019512055 	-7.3754276e-07 	-0.00066376475 	0.68419516
-0.00053453453 	-0.019512075 	-7.3676123e-07 	-0.00064777075 	0.68574054
-0.00052252252 	-0.019512095 	-7.3597971e-07 	-0.00063177676 	0.68728592
-0.00051051051 	-0.019512115 	-7.3519819e-07 	-0.00061578276 	0.6888313
-0.0004984985 	-0.019512135 	-7.3441666e-07 	-0.00059978877 	0.69037668
-0.00048648649 	-0.019512155 	-7.3363514e-07 	-0.00058379478 	0.69192206
-0.00047447447 	-0.019512176 	-7.3285361e-07 	-0.00056780078 	0.69346744
-0.00046246246 	-0.019512196 	-7.3207209e-07 	-0.00055180679 	0.69501282
-0.00045045045 	-0.019512216 	-7.3129056e-07 	-0.00053581279 	0.6965582
-0.00043843844 	-0.019512236 	-7.3050904e-07 	-0.0005198188 	0.69810358
-0.00042642643 	-0.019512256 	-7.2972752e-07 	-0.0005038248 	0.69964896
-0.00041441441 	-0.019512276 	-7.2894599e-07 	-0.00048783081 	0.70119434
-0.0004024024 	-0.019512296 	-7.2816447e-07 	-0.00047183682 	0.70273972
-0.00039039039 	-0.019512316 	-7.2738294e-07 	-0.00045584282 	0.7042851
-0.00037837838 	-0.019512336 	-7.2660142e-07 	-0.00043984883 	0.70583048
-0.00036636637 	-0.019512357 	-7.2581989e-07 	-0.00042385483 	0.70737586
-0.00035435435 	-0.019512377 	-7.2503837e-07 	-0.00040786084 	0.70892124
-0.00034234234 	-0.019512387 	-7.244232e-07 	-0.00039235019 	0.7104205
-0.00033033033 	-0.019512396 	-7.2383571e-07 	-0.00037691994 	0.71191208
-0.00031831832 	-0.019512392 	-7.2322055e-07 	-0.00036183724 	0.71321426
-0.00030630631 	-0.019512339 	-7.224935e-07 	-0.00034815983 	0.71375052
-0.00029429429 	-0.019512286 	-7.2176646e-07 	-0.00033448242 	0.71428678
-0.00028228228 	-0.019512233 	-7.2103941e-07 	-0.00032080501 	0.71482305
-0.00027027027 	-0.01951218 	-7.2031236e-07 	-0.00030712759 	0.71535931
-0.00025825826 	-0.019512127 	-7.1958532e-07 	-0.00029345018 	0.71589558
-0.00024624625 	-0.019512074 	-7.1885827e-07 	-0.00027977277 	0.71643184
-0.00023423423 	-0.019512021 	-7.1813122e-07 	-0.00026609536 	0.71696811
-0.00022222222 	-0.019511968 	-7.1740418e-07 	-0.00025241795 	0.71750437
-0.00021021021 	-0.019511915 	-7.1667713e-07 	-0.00023874054 	0.71804064
-0.0001981982 	-0.019511862 	-7.1595009e-07 	-0.00022506312 	0.7185769
-0.00018618619 	-0.019511809 	-7.1522304e-07 	-0.00021138571 	0.71911317
-0.00017417417 	-0.019511756 	-7.1449599e-07 	-0.0001977083 	0.71964943
-0.00016216216 	-0.019511703 	-7.1376895e-07 	-0.00018403089 	0.7201857
-0.00015015015 	-0.01951165 	-7.130419e-07 	-0.00017035348 	0.72072196
-0.00013813814 	-0.019511597 	-7.1231486e-07 	-0.00015667606 	0.72125823
-0.00012612613 	-0.019511544 	-7.1158781e-07 	-0.00014299865 	0.72179449
-0.00011411411 	-0.019511491 	-7.1086076e-07 	-0.00012932124 	0.72233076
-0.0001021021 	-0.019511438 	-7.1013372e-07 	-0.00011564383 	0.72286702
-9.009009e-05 	-0.019511385 	-7.0940667e-07 	-0.00010196642 	0.72340329
-7.8078078e-05 	-0.019511332 	-7.0867962e-07 	-8.8289006e-05 	0.72393955
-6.6066066e-05 	-0.019511279 	-7.0795258e-07 	-7.4611594e-05 	0.72447582
-5.4054054e-05 	-0.019511225 	-7.0722553e-07 	-6.0934182e-05 	0.72501208
-4.2042042e-05 	-0.019511172 	-7.0649849e-07 	-4.725677e-05 	0.72554835
-3.003003e-05 	-0.019511119 	-7.0579289e-07 	-3.3656202e-05 	0.72608098
-1.8018018e-05 	-0.01951106 	-7.0520064e-07 	-2.0461764e-05 	0.72659442
-6.006006e-06 	-0.019511001 	-7.046084e-07 	-7.2673254e-06 	0.72710787
6.006006e-06 	-0.019510998 	-7.0476751e-07 	6.1691017e-06 	0.72709644
1.8018018e-05 	-0.019511051 	-7.0567797e-07 	1.9847518e-05 	0.72656013
3.003003e-05 	-0.019511104 	-7.0658843e-07 	3.3525934e-05 	0.72602382
4.2042042e-05 	-0.019511156 	-7.0749889e-07 	4.720435e-05 	0.72548751
5.4054054e-05 	-0.019511209 	-7.0840935e-07 	6.0882766e-05 	0.72495121
6.6066066e-05 	-0.019511262 	-7.0931981e-07 	7.4561182e-05 	0.7244149
7.8078078e-05 	-0.019511314 	-7.1023027e-07 	8.8239598e-05 	0.72387859
9.009009e-05 	-0.019511367 	-7.1114073e-07 	0.00010191801 	0.72334228
0.0001021021 	-0.01951142 	-7.1205119e-07 	0.00011559643 	0.72280598
0.00011411411 	-0.019511472 	-7.1296165e-07 	0.00012927485 	0.72226967
0.00012612613 	-0.019511525 	-7.1387211e-07 	0.00014295326 	0.72173336
0.00013813814 	-0.019511578 	-7.1478257e-07 	0.00015663168 	0.72119705
0.00015015015 	-0.01951163 	-7.1569303e-07 	0.0001703101 	0.72066075
0.00016216216 	-0.019511683 	-7.1660349e-07 	0.00018398851 	0.72012444
0.00017417417 	-0.019511736 	-7.1751395e-07 	0.00019766693 	0.71958813
0.00018618619 	-0.019511788 	-7.1842442e-07 	0.00021134534 	0.71905182
0.0001981982 	-0.019511841 	-7.1933488e-07 	0.00022502376 	0.71851552
0.00021021021 	-0.019511894 	-7.2024534e-07 	0.00023870218 	0.71797921
0.00022222222 	-0.019511946 	-7.211558e-07 	0.00025238059 	0.7174429
0.00023423423 	-0.019511999 	-7.2206626e-07 	0.00026605901 	0.71690659
0.00024624625 	-0.019512052 	-7.2297672e-07 	0.00027973742 	0.71637029
0.00025825826 	-0.019512104 	-7.2388718e-07 	0.00029341584 	0.71583398
0.00027027027 	-0.019512157 	-7.2479764e-07 	0.00030709426 	0.71529767
0.00028228228 	-0.01951221 	-7.257081e-07 	0.00032077267 	0.71476136
0.00029429429 	-0.019512265 	-7.2655338e-07 	0.00033422848 	0.71423558
0.00030630631 	-0.019512323 	-7.2732239e-07 	0.00034742385 	0.7137221
0.00031831832 	-0.019512381 	-7.280914e-07 	0.00036061921 	0.71320862
0.00033033033 	-0.019512376 	-7.2900986e-07 	0.0003760599 	0.71186781
0.00034234234 	-0.019512356 	-7.2996528e-07 	0.00039205587 	0.71032238
0.00035435435 	-0.019512335 	-7.3092071e-07 	0.00040805185 	0.70877695
0.00036636637 	-0.019512315 	-7.3187613e-07 	0.00042404783 	0.70723152
0.00037837838 	-0.019512295 	-7.3283155e-07 	0.0004400438 	0.7056861
0.00039039039 	-0.019512274 	-7.3378698e-07 	0.00045603978 	0.70414067
0.0004024024 	-0.019512254 	-7.347424e-07 	0.00047203575 	0.70259524
0.00041441441 	-0.019512234 	-7.3569782e-07 	0.00048803173 	0.70104981
0.00042642643 	-0.019512213 	-7.3665325e-07 	0.00050402771 	0.69950439
0.00043843844 	-0.019512193 	-7.3760867e-07 	0.00052002368 	0.69795896
0.00045045045 	-0.019512173 	-7.3856409e-07 	0.00053601966 	0.69641353
0.00046246246 	-0.019512152 	-7.3951951e-07 	0.00055201563 	0.6948681
0.00047447447 	-0.019512132 	-7.4047494e-07 	0.00056801161 	0.69332268
0.00048648649 	-0.019512112 	-7.4143036e-07 	0.00058400759 	0.69177725
0.0004984985 	-0.019512091 	-7.4238578e-07 	0.00060000356 	0.69023182
0.00051051051 	-0.019512071 	-7.4334121e-07 	0.00061599954 	0.6886864
0.00052252252 	-0.01951205 	-7.4429663e-07 	0.00063199551 	0.68714097
0.00053453453 	-0.01951203 	-7.4525205e-07 	0.00064799149 	0.68559554
0.00054654655 	-0.01951201 	-7.4620748e-07 	0.00066398747 	0.68405011
0.00055855856 	-0.019511989 	-7.471629e-07 	0.00067998344 	0.68250469
0.00057057057 	-0.019511969 	-7.4811832e-07 	0.00069597942 	0.68095926
0.00058258258 	-0.019511949 	-7.4907374e-07 	0.0007119754 	0.67941383
0.00059459459 	-0.019511928 	-7.5002917e-07 	0.00072797137 	0.6778684
0.00060660661 	-0.019511908 	-7.5098459e-07 	0.00074396735 	0.67632298
0.00061861862 	-0.019511896 	-7.5178744e-07 	0.00075953339 	0.67481858
0.00063063063 	-0.019511887 	-7.5254277e-07 	0.00077496555 	0.67332695
0.00064264264 	-0.019511876 	-7.534352e-07 	0.0007915516 	0.67167818
0.00065465465 	-0.019511845 	-7.5551575e-07 	0.00081813787 	0.66866754
0.00066666667 	-0.019511814 	-7.575963e-07 	0.00084472414 	0.66565689
0.00067867868 	-0.019511784 	-7.5967685e-07 	0.00087131041 	0.66264624
0.00069069069 	-0.019511753 	-7.6175741e-07 	0.00089789668 	0.65963559
0.0007027027 	-0.019511722 	-7.6383796e-07 	0.00092448295 	0.65662494
0.00071471471 	-0.019511692 	-7.6591851e-07 	0.00095106921 	0.65361429
0.00072672673 	-0.019511661 	-7.6799906e-07 	0.00097765548 	0.65060364
0.00073873874 	-0.01951163 	-7.7007961e-07 	0.0010042418 	0.647593
0.00075075075 	-0.0195116 	-7.7216016e-07 	0.001030828 	0.64458235
0.00076276276 	-0.019511569 	-7.7424071e-07 	0.0010574143 	0.6415717
0.00077477477 	-0.019511538 	-7.7632126e-07 	0.0010840006 	0.63856105
0.00078678679 	-0.019511508 	-7.7840181e-07 	0.0011105868 	0.6355504
0.0007987988 	-0.019511477 	-7.8048237e-07 	0.0011371731 	0.63253975
0.00081081081 	-0.019511446 	-7.8256292e-07 	0.0011637594 	0.6295291
0.00082282282 	-0.019511416 	-7.8464347e-07 	0.0011903456 	0.62651846
0.00083483483 	-0.019511385 	-7.8672402e-07 	0.0012169319 	0.62350781
0.00084684685 	-0.019511357 	-7.8870377e-07 	0.0012434799 	0.6205106
0.00085885886 	-0.019511347 	-7.9005687e-07 	0.0012697898 	0.61759698
0.00087087087 	-0.019511372 	-7.9320454e-07 	0.0012958455 	0.61444605
0.00088288288 	-0.019511511 	-8.0206657e-07 	0.0013210918 	0.61053945
0.00089489489 	-0.01951165 	-8.1092861e-07 	0.001346338 	0.60663286
0.00090690691 	-0.019511789 	-8.1979064e-07 	0.0013715843 	0.60272627
0.00091891892 	-0.019511927 	-8.2865268e-07 	0.0013968305 	0.59881967
0.00093093093 	-0.019512066 	-8.3751471e-07 	0.0014220767 	0.59491308
0.00094294294 	-0.019512205 	-8.4637675e-07 	0.001447323 	0.59100649
0.00095495495 	-0.019512344 	-8.5523878e-07 	0.0014725692 	0.58709989
0.00096696697 	-0.019512483 	-8.6410082e-07 	0.0014978155 	0.5831933
0.00097897898 	-0.019512621 	-8.7296285e-07 	0.0015230617 	0.5792867
0.00099099099 	-0.01951276 	-8.8182489e-07 	0.001548308 	0.57538011
0.001003003 	-0.019512899 	-8.9068692e-07 	0.0015735542 	0.57147352
0.001015015 	-0.019513038 	-8.9954896e-07 	0.0015988005 	0.56756692
0.001027027 	-0.019513177 	-9.0841099e-07 	0.0016240467 	0.56366033
0.001039039 	-0.019513315 	-9.1727303e-07 	0.001649293 	0.55975373
0.0010510511 	-0.01951346 	-9.2536372e-07 	0.0016748897 	0.55586391
0.0010630631 	-0.019513619 	-9.3149923e-07 	0.0017013751 	0.55201659
0.0010750751 	-0.019513776 	-9.4825668e-07 	0.0017226729 	0.54758684
0.0010870871 	-0.019513931 	-9.718554e-07 	0.0017406296 	0.54278195
0.0010990991 	-0.019514087 	-9.9545412e-07 	0.0017585862 	0.53797706
0.0011111111 	-0.019514242 	-1.0190528e-06 	0.0017765429 	0.53317217
0.0011231231 	-0.019514398 	-1.0426516e-06 	0.0017944995 	0.52836728
0.0011351351 	-0.019514553 	-1.0662503e-06 	0.0018124562 	0.52356239
0.0011471471 	-0.019514709 	-1.089849e-06 	0.0018304128 	0.5187575
0.0011591592 	-0.019514864 	-1.1134477e-06 	0.0018483695 	0.51395261
0.0011711712 	-0.01951502 	-1.1370464e-06 	0.0018663262 	0.50914772
0.0011831832 	-0.019515175 	-1.1606452e-06 	0.0018842828 	0.50434283
0.0011951952 	-0.019515331 	-1.1842439e-06 	0.0019022395 	0.49953794
0.0012072072 	-0.019515486 	-1.2078426e-06 	0.0019201961 	0.49473305
0.0012192192 	-0.019515642 	-1.2314413e-06 	0.0019381528 	0.48992816
0.0012312312 	-0.019515805 	-1.2525508e-06 	0.0019573984 	0.48511884
0.0012432432 	-0.019515978 	-1.270266e-06 	0.0019784014 	0.48030348
0.0012552553 	-0.019516198 	-1.315987e-06 	0.0019835921 	0.47498781
0.0012672673 	-0.019516421 	-1.3632838e-06 	0.001987893 	0.469644
0.0012792793 	-0.019516644 	-1.4105807e-06 	0.0019921939 	0.46430018
0.0012912913 	-0.019516866 	-1.4578775e-06 	0.0019964949 	0.45895636
0.0013033033 	-0.019517089 	-1.5051743e-06 	0.0020007958 	0.45361254
0.0013153153 	-0.019517312 	-1.5524712e-06 	0.0020050967 	0.44826872
0.0013273273 	-0.019517535 	-1.599768e-06 	0.0020093976 	0.44292491
0.0013393393 	-0.019517758 	-1.6470649e-06 	0.0020136985 	0.43758109
0.0013513514 	-0.019517981 	-1.6943617e-06 	0.0020179995 	0.43223727
0.0013633634 	-0.019518203 	-1.7416585e-06 	0.0020223004 	0.42689345
0.0013753754 	-0.019518426 	-1.7889554e-06 	0.0020266013 	0.42154963
0.0013873874 	-0.019518658 	-1.8337033e-06 	0.0020322671 	0.41616862
0.0013993994 	-0.019518907 	-1.8738409e-06 	0.002040317 	0.41070909
0.0014114114 	-0.01951919 	-1.9478884e-06 	0.0020263034 	0.40522728
0.0014234234 	-0.019519473 	-2.021936e-06 	0.0020122898 	0.39974548
0.0014354354 	-0.019519755 	-2.0959836e-06 	0.0019982763 	0.39426368
0.0014474474 	-0.019520038 	-2.1700311e-06 	0.0019842627 	0.38878187
0.0014594595 	-0.019520321 	-2.2440787e-06 	0.0019702492 	0.38330007
0.0014714715 	-0.019520604 	-2.3181263e-06 	0.0019562356 	0.37781826
0.0014834835 	-0.019520887 	-2.3921739e-06 	0.001942222 	0.37233646
0.0014954955 	-0.019521169 	-2.4662214e-06 	0.0019282085 	0.36685465
0.0015075075 	-0.019521452 	-2.540269e-06 	0.0019141949 	0.36137285
0.0015195195 	-0.019521735 	-2.6143166e-06 	0.0019001814 	0.35589104
0.0015315315 	-0.019522049 	-2.683951e-06 	0.00188858 	0.35024687
0.0015435435 	-0.019522378 	-2.7687197e-06 	0.001864741 	0.34479698
0.0015555556 	-0.019522711 	-2.8632895e-06 	0.0018331785 	0.33949136
0.0015675676 	-0.019523044 	-2.9578593e-06 	0.001801616 	0.33418573
0.0015795796 	-0.019523377 	-3.052429e-06 	0.0017700535 	0.32888011
0.0015915916 	-0.019523711 	-3.1469988e-06 	0.0017384911 	0.32357448
0.0016036036 	-0.019524044 	-3.2415686e-06 	0.0017069286 	0.31826886
0.0016156156 	-0.019524377 	-3.3361384e-06 	0.0016753661 	0.31296323
0.0016276276 	-0.01952471 	-3.4307081e-06 	0.0016438037 	0.30765761
0.0016396396 	-0.019525043 	-3.5252779e-06 	0.0016122412 	0.30235198
0.0016516517 	-0.019525409 	-3.6204377e-06 	0.0015806793 	0.2968936
0.0016636637 	-0.019525786 	-3.7203361e-06 	0.0015413371 	0.29168485
0.0016756757 	-0.019526153 	-3.823364e-06 	0.0014963738 	0.28673246
0.0016876877 	-0.01952652 	-3.926392e-06 	0.0014514106 	0.28178006
0.0016996997 	-0.019526887 	-4.02942e-06 	0.0014064473 	0.27682766
0.0017117117 	-0.019527255 	-4.1324479e-06 	0.0013614841 	0.27187526
0.0017237237 	-0.019527622 	-4.2354759e-06 	0.0013165209 	0.26692287
0.0017357357 	-0.019527989 	-4.3385039e-06 	0.0012715576 	0.26197047
0.0017477477 	-0.019528357 	-4.4415319e-06 	0.0012265944 	0.25701807
0.0017597598 	-0.019528767 	-4.5503024e-06 	0.0011795303 	0.25190592
0.0017717718 	-0.019529161 	-4.6532308e-06 	0.0011273875 	0.24718425
0.0017837838 	-0.01952954 	-4.7525748e-06 	0.0010738102 	0.24264906
0.0017957958 	-0.019529918 	-4.8519188e-06 	0.0010202328 	0.23811386
0.0018078078 	-0.019530296 	-4.9512628e-06 	0.0009666554 	0.23357866
0.0018198198 	-0.019530675 	-5.0506068e-06 	0.00091307802 	0.22904347
0.0018318318 	-0.019531053 	-5.1499507e-06 	0.00085950064 	0.22450827
0.0018438438 	-0.019531432 	-5.2492947e-06 	0.00080592327 	0.21997307
0.0018558559 	-0.019531866 	-5.3600694e-06 	0.00074815915 	0.21527403
0.0018678679 	-0.019532235 	-5.4491599e-06 	0.00068993892 	0.21109817
0.0018798799 	-0.019532597 	-5.5358444e-06 	0.00063183783 	0.20697608
0.0018918919 	-0.019532959 	-5.6225288e-06 	0.00057373674 	0.20285398
0.0019039039 	-0.019533321 	-5.7092132e-06 	0.00051563565 	0.19873188
0.0019159159 	-0.019533683 	-5.7958976e-06 	0.00045753456 	0.19460978
0.0019279279 	-0.019534045 	-5.882582e-06 	0.00039943347 	0.19048768
0.0019399399 	-0.019534463 	-5.9829105e-06 	0.00033611166 	0.18624217
0.001951952 	-0.019534816 	-6.0515331e-06 	0.00027640943 	0.18249647
0.001963964 	-0.01953517 	-6.1201558e-06 	0.0002167072 	0.17875078
0.001975976 	-0.019535523 	-6.1887784e-06 	0.00015700497 	0.17500508
0.001987988 	-0.019535877 	-6.257401e-06 	9.7302743e-05 	0.17125938
0.002 	-0.019536231 	-6.3260237e-06 	3.7600514e-05 	0.16751369
0.002012012 	-0.019536631 	-6.4075509e-06 	-2.680138e-05 	0.16367637
0.002024024 	-0.019537142 	-6.4568303e-06 	-8.7840243e-05 	0.16024346
0.002036036 	-0.019537655 	-6.5046262e-06 	-0.00014863687 	0.15682733
0.002048048 	-0.019538169 	-6.5524221e-06 	-0.00020943349 	0.1534112
0.0020600601 	-0.019538683 	-6.600218e-06 	-0.00027023011 	0.14999507
0.0020720721 	-0.019539214 	-6.651472e-06 	-0.00033235839 	0.14655962
0.0020840841 	-0.019540858 	-6.7123101e-06 	-0.00048747829 	0.13921661
0.0020960961 	-0.019543135 	-6.7673554e-06 	-0.00069600842 	0.12950463
0.0021081081 	-0.019545412 	-6.8224007e-06 	-0.00090453855 	0.11979266
0.0021201201 	-0.019547688 	-6.877446e-06 	-0.0011130687 	0.11008069
0.0021321321 	-0.01955013 	-6.9565494e-06 	-0.001333143 	0.10025851
0.0021441441 	-0.0195505 	-6.9518493e-06 	-0.0013862655 	0.098057639
0.0021561562 	-0.019550609 	-6.9333806e-06 	-0.001418699 	0.096723994
0.0021681682 	-0.019550717 	-6.9149119e-06 	-0.0014511325 	0.095390349
0.0021801802 	-0.019550826 	-6.8964432e-06 	-0.0014835661 	0.094056704
0.0021921922 	-0.019550935 	-6.8779745e-06 	-0.0015159996 	0.09272306
0.0022042042 	-0.019551043 	-6.8595058e-06 	-0.0015484331 	0.091389415
0.0022162162 	-0.019551152 	-6.8410371e-06 	-0.0015808666 	0.09005577
0.0022282282 	-0.019551261 	-6.8225684e-06 	-0.0016133001 	0.088722125
0.0022402402 	-0.019551369 	-6.8040998e-06 	-0.0016457336 	0.087388481
0.0022522523 	-0.019551478 	-6.7856311e-06 	-0.0016781671 	0.086054836
0.0022642643 	-0.019551587 	-6.7671624e-06 	-0.0017106007 	0.084721191
0.0022762763 	-0.019551696 	-6.7486937e-06 	-0.0017430342 	0.083387546
0.0022882883 	-0.019551804 	-6.730225e-06 	-0.0017754677 	0.082053902
0.0023003003 	-0.019551913 	-6.7117563e-06 	-0.0018079012 	0.080720257
0.0023123123 	-0.019552022 	-6.6932876e-06 	-0.0018403347 	0.079386612
0.0023243243 	-0.01955213 	-6.6748189e-06 	-0.0018727682 	0.078052967
0.0023363363 	-0.019552239 	-6.6563502e-06 	-0.0019052017 	0.076719323
0.0023483483 	-0.019552348 	-6.6378815e-06 	-0.0019376353 	0.075385678
0.0023603604 	-0.019552456 	-6.6194128e-06 	-0.0019700688 	0.074052033
0.0023723724 	-0.019552565 	-6.6009441e-06 	-0.0020025023 	0.072718388
0.0023843844 	-0.019552674 	-6.5824754e-06 	-0.0020349358 	0.071384744
0.0023963964 	-0.019552782 	-6.5640067e-06 	-0.0020673693 	0.070051099
0.0024084084 	-0.019552891 	-6.545538e-06 	-0.0020998028 	0.068717454
0.0024204204 	-0.019553 	-6.5270693e-06 	-0.0021322363 	0.067383809
0.0024324324 	-0.019553109 	-6.5086006e-06 	-0.0021646699 	0.066050165
0.0024444444 	-0.019553217 	-6.4901319e-06 	-0.0021971034 	0.06471652
0.0024564565 	-0.019553326 	-6.4716632e-06 	-0.0022295369 	0.063382875
0.0024684685 	-0.019553435 	-6.4531945e-06 	-0.0022619704 	0.062049231
0.0024804805 	-0.019553543 	-6.4347259e-06 	-0.0022944039 	0.060715586
0.0024924925 	-0.019553652 	-6.4162572e-06 	-0.0023268374 	0.059381941
0.0025045045 	-0.019553761 	-6.3977885e-06 	-0.0023592709 	0.058048296
0.0025165165 	-0.019553869 	-6.3793198e-06 	-0.0023917045 	0.056714652
0.0025285285 	-0.019553978 	-6.3608511e-06 	-0.002424138 	0.055381007
0.0025405405 	-0.019554087 	-6.3423824e-06 	-0.0024565715 	0.054047362
0.0025525526 	-0.019554195 	-6.3239137e-06 	-0.002489005 	0.052713717
0.0025645646 	-0.019554304 	-6.305445e-06 	-0.0025214385 	0.051380073
0.0025765766 	-0.019554413 	-6.2869763e-06 	-0.002553872 	0.050046428
0.0025885886 	-0.019554521 	-6.2685076e-06 	-0.0025863055 	0.048712783
0.0026006006 	-0.01955463 	-6.2500389e-06 	-0.0026187391 	0.047379138
0.0026126126 	-0.019554739 	-6.2315702e-06 	-0.0026511726 	0.046045494
0.0026246246 	-0.019554848 	-6.2131015e-06 	-0.0026836061 	0.044711849
0.0026366366 	-0.019554956 	-6.1946328e-06 	-0.0027160396 	0.043378204
0.0026486486 	-0.019555065 	-6.1761641e-06 	-0.0027484731 	0.042044559
0.0026606607 	-0.019555174 	-6.1576954e-06 	-0.0027809066 	0.040710915
0.0026726727 	-0.019555307 	-6.1452911e-06 	-0.0028169109 	0.039383115
0.0026846847 	-0.019555442 	-6.1329988e-06 	-0.0028529811 	0.038055422
0.0026966967 	-0.019555576 	-6.1207065e-06 	-0.0028890512 	0.03672773
0.0027087087 	-0.01955571 	-6.1084142e-06 	-0.0029251214 	0.035400038
0.0027207207 	-0.019555842 	-6.0958412e-06 	-0.0029609955 	0.03407703
0.0027327327 	-0.019555662 	-6.0512365e-06 	-0.0029744876 	0.033288571
0.0027447447 	-0.019555482 	-6.0066318e-06 	-0.0029879798 	0.032500112
0.0027567568 	-0.019555301 	-5.9620271e-06 	-0.0030014719 	0.031711653
0.0027687688 	-0.019555121 	-5.9174224e-06 	-0.003014964 	0.030923194
0.0027807808 	-0.019554941 	-5.8728177e-06 	-0.0030284562 	0.030134735
0.0027927928 	-0.019554761 	-5.828213e-06 	-0.0030419483 	0.029346276
0.0028048048 	-0.019554581 	-5.7836082e-06 	-0.0030554405 	0.028557817
0.0028168168 	-0.0195544 	-5.7390035e-06 	-0.0030689326 	0.027769358
0.0028288288 	-0.01955422 	-5.6943988e-06 	-0.0030824248 	0.026980899
0.0028408408 	-0.01955404 	-5.6497941e-06 	-0.0030959169 	0.02619244
0.0028528529 	-0.01955386 	-5.6051894e-06 	-0.0031094091 	0.025403981
0.0028648649 	-0.01955368 	-5.5605847e-06 	-0.0031229012 	0.024615522
0.0028768769 	-0.0195535 	-5.51598e-06 	-0.0031363934 	0.023827063
0.0028888889 	-0.019553319 	-5.4713753e-06 	-0.0031498855 	0.023038604
0.0029009009 	-0.019553139 	-5.4267705e-06 	-0.0031633776 	0.022250145
0.0029129129 	-0.019552959 	-5.3821658e-06 	-0.0031768698 	0.021461686
0.0029249249 	-0.019552779 	-5.3375611e-06 	-0.0031903619 	0.020673227
0.0029369369 	-0.019552599 	-5.2929564e-06 	-0.0032038541 	0.019884768
0.0029489489 	-0.019552418 	-5.2483517e-06 	-0.0032173462 	0.019096309
0.002960961 	-0.019552238 	-5.203747e-06 	-0.0032308384 	0.01830785
0.002972973 	-0.019552058 	-5.1591423e-06 	-0.0032443305 	0.017519391
0.002984985 	-0.019551878 	-5.1145376e-06 	-0.0032578227 	0.016730932
0.002996997 	-0.019551698 	-5.0699329e-06 	-0.0032713148 	0.015942473
0.003009009 	-0.019551518 	-5.0253281e-06 	-0.0032848069 	0.015154014
0.003021021 	-0.019551337 	-4.9807234e-06 	-0.0032982991 	0.014365555
0.003033033 	-0.019551157 	-4.9361187e-06 	-0.0033117912 	0.013577096
0.003045045 	-0.019550977 	-4.891514e-06 	-0.0033252834 	0.012788637
0.0030570571 	-0.019550797 	-4.8469093e-06 	-0.0033387755 	0.012000178
0.0030690691 	-0.019550617 	-4.8023046e-06 	-0.0033522677 	0.011211719
0.0030810811 	-0.019550436 	-4.7576999e-06 	-0.0033657598 	0.01042326
0.0030930931 	-0.019550256 	-4.7130952e-06 	-0.003379252 	0.0096348005
0.0031051051 	-0.019550076 	-4.6684905e-06 	-0.0033927441 	0.0088463415
0.0031171171 	-0.019549896 	-4.6238857e-06 	-0.0034062363 	0.0080578825
0.0031291291 	-0.019549716 	-4.579281e-06 	-0.0034197284 	0.0072694235
0.0031411411 	-0.019549536 	-4.5346763e-06 	-0.0034332205 	0.0064809645
0.0031531532 	-0.019549355 	-4.4900716e-06 	-0.0034467127 	0.0056925054
0.0031651652 	-0.019549175 	-4.4454669e-06 	-0.0034602048 	0.0049040464
0.0031771772 	-0.019548995 	-4.4008622e-06 	-0.003473697 	0.0041155874
0.0031891892 	-0.019548807 	-4.3561698e-06 	-0.003487291 	0.0033412218
0.0032012012 	-0.019548601 	-4.3112638e-06 	-0.0035011335 	0.0026012195
0.0032132132 	-0.019548396 	-4.2663578e-06 	-0.003514976 	0.0018612172
0.0032252252 	-0.01954819 	-4.2214518e-06 	-0.0035288185 	0.001121215
0.0032372372 	-0.019547984 	-4.1765457e-06 	-0.003542661 	0.00038121273
0.0032492492 	-0.019547802 	-4.1404783e-06 	-0.0035346028 	-7.856328e-06
0.0032612613 	-0.019547623 	-4.1053223e-06 	-0.0035242866 	-0.00036074229
0.0032732733 	-0.019547444 	-4.0701662e-06 	-0.0035139703 	-0.00071362825
0.0032852853 	-0.019547265 	-4.0350101e-06 	-0.0035036541 	-0.0010665142
0.0032972973 	-0.019547086 	-3.999854e-06 	-0.0034933378 	-0.0014194002
0.0033093093 	-0.019546907 	-3.9646979e-06 	-0.0034830216 	-0.0017722861
0.0033213213 	-0.019546728 	-3.9295418e-06 	-0.0034727053 	-0.0021251721
0.0033333333 	-0.019546548 	-3.8943857e-06 	-0.0034623891 	-0.0024780581
0.0033453453 	-0.019546369 	-3.8592296e-06 	-0.0034520728 	-0.002830944
0.0033573574 	-0.01954619 	-3.8240736e-06 	-0.0034417566 	-0.00318383
0.0033693694 	-0.019546011 	-3.7889175e-06 	-0.0034314403 	-0.003536716
0.0033813814 	-0.019545832 	-3.7537614e-06 	-0.003421124 	-0.0038896019
0.0033933934 	-0.019545653 	-3.7186053e-06 	-0.0034108078 	-0.0042424879
0.0034054054 	-0.019545474 	-3.6834492e-06 	-0.0034004915 	-0.0045953738
0.0034174174 	-0.019545295 	-3.6482931e-06 	-0.0033901753 	-0.0049482598
0.0034294294 	-0.019545116 	-3.613137e-06 	-0.003379859 	-0.0053011458
0.0034414414 	-0.019544936 	-3.5779809e-06 	-0.0033695428 	-0.0056540317
0.0034534535 	-0.019544757 	-3.5428249e-06 	-0.0033592265 	-0.0060069177
0.0034654655 	-0.019544578 	-3.5076688e-06 	-0.0033489103 	-0.0063598036
0.0034774775 	-0.019544399 	-3.4725127e-06 	-0.003338594 	-0.0067126896
0.0034894895 	-0.01954422 	-3.4373566e-06 	-0.0033282778 	-0.0070655756
0.0035015015 	-0.019544041 	-3.4022005e-06 	-0.0033179615 	-0.0074184615
0.0035135135 	-0.019543862 	-3.3670444e-06 	-0.0033076453 	-0.0077713475
0.0035255255 	-0.019543683 	-3.3318883e-06 	-0.003297329 	-0.0081242335
0.0035375375 	-0.019543504 	-3.2967322e-06 	-0.0032870128 	-0.0084771194
0.0035495495 	-0.019543325 	-3.2615761e-06 	-0.0032766965 	-0.0088300054
0.0035615616 	-0.019543145 	-3.2264201e-06 	-0.0032663802 	-0.0091828913
0.0035735736 	-0.019542966 	-3.191264e-06 	-0.003256064 	-0.0095357773
0.0035855856 	-0.019542787 	-3.1561079e-06 	-0.0032457477 	-0.0098886633
0.0035975976 	-0.019542608 	-3.1209518e-06 	-0.0032354315 	-0.010241549
0.0036096096 	-0.019542429 	-3.0857957e-06 	-0.0032251152 	-0.010594435
0.0036216216 	-0.01954225 	-3.0506396e-06 	-0.003214799 	-0.010947321
0.0036336336 	-0.019542071 	-3.0154835e-06 	-0.0032044827 	-0.011300207
0.0036456456 	-0.019541892 	-2.9803274e-06 	-0.0031941665 	-0.011653093
0.0036576577 	-0.01954169 	-2.9431636e-06 	-0.0031821172 	-0.011975885
0.0036696697 	-0.019541481 	-2.905411e-06 	-0.0031695596 	-0.012289849
0.0036816817 	-0.019541273 	-2.8676583e-06 	-0.003157002 	-0.012603814
0.0036936937 	-0.019541064 	-2.8299057e-06 	-0.0031444444 	-0.012917779
0.0037057057 	-0.019540892 	-2.8052815e-06 	-0.0031265211 	-0.013084811
0.0037177177 	-0.019540723 	-2.7819867e-06 	-0.0031080546 	-0.013236963
0.0037297297 	-0.019540554 	-2.7586919e-06 	-0.003089588 	-0.013389116
0.0037417417 	-0.019540386 	-2.7353971e-06 	-0.0030711214 	-0.013541268
0.0037537538 	-0.019540217 	-2.7121023e-06 	-0.0030526549 	-0.013693421
0.0037657658 	-0.019540048 	-2.6888075e-06 	-0.0030341883 	-0.013845573
0.0037777778 	-0.019539879 	-2.6655127e-06 	-0.0030157217 	-0.013997726
0.0037897898 	-0.019539711 	-2.6422179e-06 	-0.0029972551 	-0.014149878
0.0038018018 	-0.019539542 	-2.6189231e-06 	-0.0029787886 	-0.014302031
0.0038138138 	-0.019539373 	-2.5956283e-06 	-0.002960322 	-0.014454183
0.0038258258 	-0.019539204 	-2.5723335e-06 	-0.0029418554 	-0.014606335
0.0038378378 	-0.019539036 	-2.5490387e-06 	-0.0029233889 	-0.014758488
0.0038498498 	-0.019538867 	-2.5257439e-06 	-0.0029049223 	-0.01491064
0.0038618619 	-0.019538698 	-2.5024491e-06 	-0.0028864557 	-0.015062793
0.0038738739 	-0.019538529 	-2.4791543e-06 	-0.0028679891 	-0.015214945
0.0038858859 	-0.019538361 	-2.4558595e-06 	-0.0028495226 	-0.015367098
0.0038978979 	-0.019538192 	-2.4325647e-06 	-0.002831056 	-0.01551925
0.0039099099 	-0.019538023 	-2.4092699e-06 	-0.0028125894 	-0.015671403
0.0039219219 	-0.019537854 	-2.3859751e-06 	-0.0027941228 	-0.015823555
0.0039339339 	-0.019537686 	-2.3626803e-06 	-0.0027756563 	-0.015975708
0.0039459459 	-0.019537517 	-2.3393855e-06 	-0.0027571897 	-0.01612786
0.003957958 	-0.019537348 	-2.3160907e-06 	-0.0027387231 	-0.016280013
0.00396997 	-0.019537179 	-2.2927959e-06 	-0.0027202566 	-0.016432165
0.003981982 	-0.019537011 	-2.2695011e-06 	-0.00270179 	-0.016584318
0.003993994 	-0.019536842 	-2.2462063e-06 	-0.0026833234 	-0.01673647
0.004006006 	-0.019536673 	-2.2229115e-06 	-0.0026648568 	-0.016888623
0.004018018 	-0.019536504 	-2.1996167e-06 	-0.0026463903 	-0.017040775
0.00403003 	-0.019536335 	-2.1763219e-06 	-0.0026279237 	-0.017192928
0.004042042 	-0.019536167 	-2.1530271e-06 	-0.0026094571 	-0.01734508
0.0040540541 	-0.019535998 	-2.1297323e-06 	-0.0025909906 	-0.017497233
0.0040660661 	-0.019535809 	-2.1043449e-06 	-0.0025703141 	-0.017629995
0.0040780781 	-0.019535615 	-2.0784869e-06 	-0.0025491407 	-0.017758397
0.0040900901 	-0.019535422 	-2.0526289e-06 	-0.0025279673 	-0.017886799
0.0041021021 	-0.019535258 	-2.0309014e-06 	-0.002506565 	-0.017976754
0.0041141141 	-0.019535137 	-2.0151443e-06 	-0.0024848318 	-0.018011133
0.0041261261 	-0.019535016 	-1.9993872e-06 	-0.0024630986 	-0.018045513
0.0041381381 	-0.019534896 	-1.9836302e-06 	-0.0024413654 	-0.018079893
0.0041501502 	-0.019534775 	-1.9678731e-06 	-0.0024196322 	-0.018114272
0.0041621622 	-0.019534654 	-1.952116e-06 	-0.002397899 	-0.018148652
0.0041741742 	-0.019534533 	-1.936359e-06 	-0.0023761658 	-0.018183032
0.0041861862 	-0.019534413 	-1.9206019e-06 	-0.0023544326 	-0.018217411
0.0041981982 	-0.019534292 	-1.9048448e-06 	-0.0023326994 	-0.018251791
0.0042102102 	-0.019534171 	-1.8890878e-06 	-0.0023109662 	-0.018286171
0.0042222222 	-0.01953405 	-1.8733307e-06 	-0.002289233 	-0.01832055
0.0042342342 	-0.019533929 	-1.8575736e-06 	-0.0022674998 	-0.01835493
0.0042462462 	-0.019533809 	-1.8418166e-06 	-0.0022457666 	-0.018389309
0.0042582583 	-0.019533688 	-1.8260595e-06 	-0.0022240334 	-0.018423689
0.0042702703 	-0.019533567 	-1.8103024e-06 	-0.0022023002 	-0.018458069
0.0042822823 	-0.019533446 	-1.7945454e-06 	-0.002180567 	-0.018492448
0.0042942943 	-0.019533325 	-1.7787883e-06 	-0.0021588338 	-0.018526828
0.0043063063 	-0.019533205 	-1.7630312e-06 	-0.0021371006 	-0.018561208
0.0043183183 	-0.019533084 	-1.7472742e-06 	-0.0021153674 	-0.018595587
0.0043303303 	-0.019532963 	-1.7315171e-06 	-0.0020936342 	-0.018629967
0.0043423423 	-0.019532842 	-1.71576e-06 	-0.002071901 	-0.018664347
0.0043543544 	-0.019532722 	-1.700003e-06 	-0.0020501678 	-0.018698726
0.0043663664 	-0.019532601 	-1.6842459e-06 	-0.0020284346 	-0.018733106
0.0043783784 	-0.01953248 	-1.6684888e-06 	-0.0020067014 	-0.018767486
0.0043903904 	-0.019532359 	-1.6527318e-06 	-0.0019849682 	-0.018801865
0.0044024024 	-0.019532238 	-1.6369747e-06 	-0.001963235 	-0.018836245
0.0044144144 	-0.019532118 	-1.6212176e-06 	-0.0019415018 	-0.018870625
0.0044264264 	-0.019531983 	-1.603354e-06 	-0.001917423 	-0.01889531
0.0044384384 	-0.019531847 	-1.5852043e-06 	-0.0018930255 	-0.018918679
0.0044504505 	-0.019531711 	-1.5670545e-06 	-0.001868628 	-0.018942048
0.0044624625 	-0.019531637 	-1.5545417e-06 	-0.0018465547 	-0.018905107
0.0044744745 	-0.019531572 	-1.542824e-06 	-0.0018248092 	-0.018859657
0.0044864865 	-0.019531507 	-1.5311063e-06 	-0.0018030637 	-0.018814208
0.0044984985 	-0.019531442 	-1.5193887e-06 	-0.0017813183 	-0.018768759
0.0045105105 	-0.019531377 	-1.507671e-06 	-0.0017595728 	-0.01872331
0.0045225225 	-0.019531311 	-1.4959533e-06 	-0.0017378273 	-0.018677861
0.0045345345 	-0.019531246 	-1.4842356e-06 	-0.0017160818 	-0.018632411
0.0045465465 	-0.019531181 	-1.4725179e-06 	-0.0016943364 	-0.018586962
0.0045585586 	-0.019531116 	-1.4608002e-06 	-0.0016725909 	-0.018541513
0.0045705706 	-0.019531051 	-1.4490826e-06 	-0.0016508454 	-0.018496064
0.0045825826 	-0.019530985 	-1.4373649e-06 	-0.0016291 	-0.018450615
0.0045945946 	-0.01953092 	-1.4256472e-06 	-0.0016073545 	-0.018405166
0.0046066066 	-0.019530855 	-1.4139295e-06 	-0.001585609 	-0.018359716
0.0046186186 	-0.01953079 	-1.4022118e-06 	-0.0015638635 	-0.018314267
0.0046306306 	-0.019530725 	-1.3904941e-06 	-0.0015421181 	-0.018268818
0.0046426426 	-0.019530659 	-1.3787765e-06 	-0.0015203726 	-0.018223369
0.0046546547 	-0.019530594 	-1.3670588e-06 	-0.0014986271 	-0.01817792
0.0046666667 	-0.019530529 	-1.3553411e-06 	-0.0014768817 	-0.018132471
0.0046786787 	-0.019530464 	-1.3436234e-06 	-0.0014551362 	-0.018087021
0.0046906907 	-0.019530399 	-1.3319057e-06 	-0.0014333907 	-0.018041572
0.0047027027 	-0.019530334 	-1.3201881e-06 	-0.0014116452 	-0.017996123
0.0047147147 	-0.019530268 	-1.3084704e-06 	-0.0013898998 	-0.017950674
0.0047267267 	-0.019530203 	-1.2967527e-06 	-0.0013681543 	-0.017905225
0.0047387387 	-0.019530135 	-1.2838269e-06 	-0.0013452569 	-0.017859388
0.0047507508 	-0.019530062 	-1.2696389e-06 	-0.0013211562 	-0.017813146
0.0047627628 	-0.01952999 	-1.2554509e-06 	-0.0012970555 	-0.017766904
0.0047747748 	-0.019529964 	-1.2447637e-06 	-0.001276561 	-0.017672676
0.0047867868 	-0.019529946 	-1.2347395e-06 	-0.0012567496 	-0.017569359
0.0047987988 	-0.019529928 	-1.2247154e-06 	-0.0012369381 	-0.017466042
0.0048108108 	-0.01952991 	-1.2146913e-06 	-0.0012171267 	-0.017362724
0.0048228228 	-0.019529892 	-1.2046671e-06 	-0.0011973152 	-0.017259407
0.0048348348 	-0.019529874 	-1.194643e-06 	-0.0011775038 	-0.01715609
0.0048468468 	-0.019529856 	-1.1846189e-06 	-0.0011576924 	-0.017052772
0.0048588589 	-0.019529838 	-1.1745947e-06 	-0.0011378809 	-0.016949455
0.0048708709 	-0.01952982 	-1.1645706e-06 	-0.0011180695 	-0.016846138
0.0048828829 	-0.019529802 	-1.1545464e-06 	-0.001098258 	-0.016742821
0.0048948949 	-0.019529784 	-1.1445223e-06 	-0.0010784466 	-0.016639503
0.0049069069 	-0.019529766 	-1.1344982e-06 	-0.0010586351 	-0.016536186
0.0049189189 	-0.019529748 	-1.124474e-06 	-0.0010388237 	-0.016432869
0.0049309309 	-0.01952973 	-1.1144499e-06 	-0.0010190123 	-0.016329551
0.0049429429 	-0.019529712 	-1.1044258e-06 	-0.00099920081 	-0.016226234
0.004954955 	-0.019529694 	-1.0944016e-06 	-0.00097938937 	-0.016122917
0.004966967 	-0.019529676 	-1.0843775e-06 	-0.00095957793 	-0.016019599
0.004978979 	-0.019529659 	-1.0743534e-06 	-0.00093976649 	-0.015916282
0.004990991 	-0.019529641 	-1.0643292e-06 	-0.00091995504 	-0.015812965
0.005003003 	-0.019529623 	-1.0543051e-06 	-0.0009001436 	-0.015709648
0.005015015 	-0.019529604 	-1.0436491e-06 	-0.00087989797 	-0.015607994
0.005027027 	-0.019529585 	-1.0307878e-06 	-0.00085813689 	-0.015512147
0.005039039 	-0.019529566 	-1.0179266e-06 	-0.00083637582 	-0.015416301
0.0050510511 	-0.01952958 	-1.0076953e-06 	-0.00081902262 	-0.015275397
0.0050630631 	-0.019529597 	-9.9779581e-07 	-0.00080222556 	-0.015128807
0.0050750751 	-0.019529615 	-9.8789633e-07 	-0.0007854285 	-0.014982218
0.0050870871 	-0.019529633 	-9.7799685e-07 	-0.00076863143 	-0.014835629
0.0050990991 	-0.01952965 	-9.6809737e-07 	-0.00075183437 	-0.01468904
0.0051111111 	-0.019529668 	-9.5819788e-07 	-0.00073503731 	-0.014542451
0.0051231231 	-0.019529686 	-9.482984e-07 	-0.00071824024 	-0.014395861
0.0051351351 	-0.019529703 	-9.3839892e-07 	-0.00070144318 	-0.014249272
0.0051471471 	-0.019529721 	-9.2849944e-07 	-0.00068464612 	-0.014102683
0.0051591592 	-0.019529738 	-9.1859996e-07 	-0.00066784906 	-0.013956094
0.0051711712 	-0.019529756 	-9.0870048e-07 	-0.00065105199 	-0.013809504
0.0051831832 	-0.019529774 	-8.98801e-07 	-0.00063425493 	-0.013662915
0.0051951952 	-0.019529791 	-8.8890152e-07 	-0.00061745787 	-0.013516326
0.0052072072 	-0.019529809 	-8.7900204e-07 	-0.0006006608 	-0.013369737
0.0052192192 	-0.019529827 	-8.6910256e-07 	-0.00058386374 	-0.013223148
0.0052312312 	-0.019529844 	-8.5920308e-07 	-0.00056706668 	-0.013076558
0.0052432432 	-0.019529862 	-8.493036e-07 	-0.00055026961 	-0.012929969
0.0052552553 	-0.01952988 	-8.3940412e-07 	-0.00053347255 	-0.01278338
0.0052672673 	-0.019529899 	-8.2705699e-07 	-0.00051558937 	-0.012646903
0.0052792793 	-0.019529919 	-8.137163e-07 	-0.00049726532 	-0.01251453
0.0052912913 	-0.019529954 	-8.0203266e-07 	-0.00048226949 	-0.01235131
0.0053033033 	-0.019529998 	-7.9122957e-07 	-0.00046904229 	-0.012171698
0.0053153153 	-0.019530041 	-7.8042649e-07 	-0.0004558151 	-0.011992086
0.0053273273 	-0.019530085 	-7.696234e-07 	-0.00044258791 	-0.011812474
0.0053393393 	-0.019530128 	-7.5882031e-07 	-0.00042936072 	-0.011632862
0.0053513514 	-0.019530172 	-7.4801723e-07 	-0.00041613353 	-0.01145325
0.0053633634 	-0.019530215 	-7.3721414e-07 	-0.00040290634 	-0.011273638
0.0053753754 	-0.019530259 	-7.2641106e-07 	-0.00038967914 	-0.011094026
0.0053873874 	-0.019530302 	-7.1560797e-07 	-0.00037645195 	-0.010914414
0.0053993994 	-0.019530346 	-7.0480488e-07 	-0.00036322476 	-0.010734803
0.0054114114 	-0.019530389 	-6.940018e-07 	-0.00034999757 	-0.010555191
0.0054234234 	-0.019530433 	-6.8319871e-07 	-0.00033677038 	-0.010375579
0.0054354354 	-0.019530477 	-6.7239563e-07 	-0.00032354319 	-0.010195967
0.0054474474 	-0.01953052 	-6.6159254e-07 	-0.000310316 	-0.010016355
0.0054594595 	-0.019530564 	-6.5078945e-07 	-0.0002970888 	-0.0098367429
0.0054714715 	-0.019530607 	-6.3998637e-07 	-0.00028386161 	-0.009657131
0.0054834835 	-0.019530653 	-6.265444e-07 	-0.000269928 	-0.009489942
0.0054954955 	-0.019530701 	-6.1154317e-07 	-0.00025557698 	-0.0093300935
0.0055075075 	-0.019530761 	-5.9873939e-07 	-0.00024526702 	-0.0091331927
0.0055195195 	-0.019530824 	-5.8643766e-07 	-0.00023588033 	-0.0089278264
0.0055315315 	-0.019530888 	-5.7413593e-07 	-0.00022649364 	-0.0087224602
0.0055435435 	-0.019530951 	-5.618342e-07 	-0.00021710695 	-0.008517094
0.0055555556 	-0.019531014 	-5.4953247e-07 	-0.00020772025 	-0.0083117278
0.0055675676 	-0.019531077 	-5.3723074e-07 	-0.00019833356 	-0.0081063616
0.0055795796 	-0.01953114 	-5.2492901e-07 	-0.00018894687 	-0.0079009954
0.0055915916 	-0.019531203 	-5.1262728e-07 	-0.00017956017 	-0.0076956292
0.0056036036 	-0.019531266 	-5.0032555e-07 	-0.00017017348 	-0.0074902629
0.0056156156 	-0.019531329 	-4.8802382e-07 	-0.00016078679 	-0.0072848967
0.0056276276 	-0.019531393 	-4.7572209e-07 	-0.00015140009 	-0.0070795305
0.0056396396 	-0.019531456 	-4.6342036e-07 	-0.0001420134 	-0.0068741643
0.0056516517 	-0.019531519 	-4.5111863e-07 	-0.00013262671 	-0.0066687981
0.0056636637 	-0.019531582 	-4.388169e-07 	-0.00012324002 	-0.0064634319
0.0056756757 	-0.019531649 	-4.2306861e-07 	-0.00011333628 	-0.0062748025
0.0056876877 	-0.019531718 	-4.0603827e-07 	-0.0001035984 	-0.0060898667
0.0056996997 	-0.01953179 	-3.9201683e-07 	-9.805492e-05 	-0.0058638583
0.0057117117 	-0.019531863 	-3.7799538e-07 	-9.2511436e-05 	-0.00563785
0.0057237237 	-0.019531935 	-3.6397394e-07 	-8.6967953e-05 	-0.0054118416
0.0057357357 	-0.019532008 	-3.4995249e-07 	-8.142447e-05 	-0.0051858333
0.0057477477 	-0.019532081 	-3.3593104e-07 	-7.5880987e-05 	-0.0049598249
0.0057597598 	-0.019532153 	-3.219096e-07 	-7.0337504e-05 	-0.0047338166
0.0057717718 	-0.019532226 	-3.0788815e-07 	-6.479402e-05 	-0.0045078082
0.0057837838 	-0.019532298 	-2.9386671e-07 	-5.9250537e-05 	-0.0042817999
0.0057957958 	-0.019532371 	-2.7984526e-07 	-5.3707054e-05 	-0.0040557915
0.0058078078 	-0.019532444 	-2.6582382e-07 	-4.8163571e-05 	-0.0038297832
0.0058198198 	-0.019532516 	-2.5180237e-07 	-4.2620088e-05 	-0.0036037748
0.0058318318 	-0.019532589 	-2.3778093e-07 	-3.7076605e-05 	-0.0033777665
0.0058438438 	-0.019532665 	-2.2008093e-07 	-3.1266159e-05 	-0.0031696173
0.0058558559 	-0.019532735 	-2.0108844e-07 	-2.6148219e-05 	-0.0029601777
0.0058678679 	-0.019532774 	-1.8502291e-07 	-2.3985137e-05 	-0.0027101412
0.0058798799 	-0.019532813 	-1.6895739e-07 	-2.1822055e-05 	-0.0024601046
0.0058918919 	-0.019532852 	-1.5289187e-07 	-1.9658972e-05 	-0.002210068
0.0059039039 	-0.019532891 	-1.3682634e-07 	-1.749589e-05 	-0.0019600315
0.0059159159 	-0.01953293 	-1.2076082e-07 	-1.5332807e-05 	-0.0017099949
0.0059279279 	-0.019532969 	-1.046953e-07 	-1.3169725e-05 	-0.0014599583
0.0059399399 	-0.019533009 	-8.8629774e-08 	-1.1006642e-05 	-0.0012099218
0.005951952 	-0.019533048 	-7.2564251e-08 	-8.84356e-06 	-0.00095988519
0.005963964 	-0.019533087 	-5.6498728e-08 	-6.6804775e-06 	-0.00070984863
0.005975976 	-0.019533126 	-4.0433204e-08 	-4.5173951e-06 	-0.00045981206
0.005987988 	-0.019533166 	-2.2743067e-08 	-2.3168916e-06 	-0.00021765402
0.006 	-0.019533208 	-1.625806e-19 	-1.6562482e-17 	-1.5559168e-15
