/*--------------------------------*- C++ -*----------------------------------*\
| =========                 |                                                 |
| \\      /  F ield         | OpenFOAM: The Open Source CFD Toolbox           |
|  \\    /   O peration     | Version:  2506                                  |
|   \\  /    A nd           | Website:  www.openfoam.com                      |
|    \\/     M anipulation  |                                                 |
\*---------------------------------------------------------------------------*/
FoamFile
{
    version     2.0;
    format      ascii;
    arch        "LSB;label=32;scalar=64";
    class       volScalarField;
    location    "0";
    object      yPlus;
}
// * * * * * * * * * * * * * * * * * * * * * * * * * * * * * * * * * * * * * //

dimensions      [0 0 0 0 0 0 0];

internalField   uniform 0;

boundaryField
{
    inlet
    {
        type            calculated;
        value           uniform 0;
    }
    outlet
    {
        type            calculated;
        value           uniform 0;
    }
    wallInlet
    {
        type            calculated;
        value           nonuniform List<scalar> 
480
(
0.99521732
1.042581
1.042581
0.99521732
0.99521732
1.042581
1.042581
0.99521732
0.99521732
1.042581
1.042581
0.99521732
0.99521732
1.042581
1.042581
0.99521732
0.99521732
1.042581
1.042581
0.99521732
0.99521732
1.042581
1.042581
0.99521732
0.99521732
1.042581
1.042581
0.99521732
0.99521732
1.042581
1.042581
0.99521732
0.99521732
1.042581
1.042581
0.99521732
0.99521732
1.042581
1.042581
0.99521732
0.99521732
1.042581
1.042581
0.99521732
0.99521732
1.042581
1.042581
0.99521732
0.99521732
1.042581
1.042581
0.99521732
0.99521732
1.042581
1.042581
0.99521732
0.99521732
1.042581
1.042581
0.99521732
0.99521732
1.042581
1.042581
0.99521732
0.99521732
1.042581
1.042581
0.99521732
0.99521732
1.042581
1.042581
0.99521732
0.99521732
1.042581
1.042581
0.99521732
0.99521732
1.042581
1.042581
0.99521732
0.99521732
1.042581
1.042581
0.99521732
0.99521732
1.042581
1.042581
0.99521732
0.99521732
1.042581
1.042581
0.99521732
0.99521732
1.042581
1.042581
0.99521732
0.99521732
1.042581
1.042581
0.99521732
0.99521732
1.042581
1.042581
0.99521732
0.99521732
1.042581
1.042581
0.99521732
0.99521732
1.042581
1.042581
0.99521732
0.99521732
1.042581
1.042581
0.99521732
0.99521732
1.042581
1.042581
0.99521732
0.99521732
1.042581
1.042581
0.99521732
0.99521732
1.042581
1.042581
0.99521732
0.99521732
1.042581
1.042581
0.99521732
0.99521732
1.042581
1.042581
0.99521732
0.99521732
1.042581
1.042581
0.99521732
0.99521732
1.042581
1.042581
0.99521732
0.99521732
1.042581
1.042581
0.99521732
0.99521732
1.042581
1.042581
0.99521732
0.99521732
1.042581
1.042581
0.99521732
0.99521732
1.042581
1.042581
0.99521732
0.99521732
1.042581
1.042581
0.99521732
0.99521732
1.042581
1.042581
0.99521732
0.99521732
1.042581
1.042581
0.99521732
0.99521732
1.042581
1.042581
0.99521732
0.99521732
1.042581
1.042581
0.99521732
0.99521732
1.042581
1.042581
0.99521732
0.99521732
1.042581
1.042581
0.99521732
0.99521732
1.042581
1.042581
0.99521732
0.99521732
1.042581
1.042581
0.99521732
0.99521732
1.042581
1.042581
0.99521732
0.99521732
1.042581
1.042581
0.99521732
0.99521732
1.042581
1.042581
0.99521732
0.99521732
1.042581
1.042581
0.99521732
0.99521732
1.042581
1.042581
0.99521732
0.99521732
1.042581
1.042581
0.99521732
0.99521732
1.042581
1.042581
0.99521732
0.99521732
1.042581
1.042581
0.99521732
0.99521732
1.042581
1.042581
0.99521732
0.99521732
1.042581
1.042581
0.99521732
0.99521732
1.042581
1.042581
0.99521732
0.99521732
1.042581
1.042581
0.99521732
0.99521732
1.042581
1.042581
0.99521732
0.99521732
1.042581
1.042581
0.99521732
0.99521732
1.042581
1.042581
0.99521732
0.99521732
1.042581
1.042581
0.99521732
0.99521732
1.042581
1.042581
0.99521732
0.99521732
1.042581
1.042581
0.99521732
0.99521732
1.042581
1.042581
0.99521732
0.99521732
1.042581
1.042581
0.99521732
0.99521732
1.042581
1.042581
0.99521732
0.99521732
1.042581
1.042581
0.99521732
0.99521732
1.042581
1.042581
0.99521732
0.99521732
1.042581
1.042581
0.99521732
0.99521732
1.042581
1.042581
0.99521732
0.99521732
1.042581
1.042581
0.99521732
0.99521732
1.042581
1.042581
0.99521732
0.99521732
1.042581
1.042581
0.99521732
0.99521732
1.042581
1.042581
0.99521732
0.99521732
1.042581
1.042581
0.99521732
0.99521732
1.042581
1.042581
0.99521732
0.99521732
1.042581
1.042581
0.99521732
0.99521732
1.042581
1.042581
0.99521732
0.99521732
1.042581
1.042581
0.99521732
0.99521732
1.042581
1.042581
0.99521732
0.99521732
1.042581
1.042581
0.99521732
0.99521732
1.042581
1.042581
0.99521732
0.99521732
1.042581
1.042581
0.99521732
0.99521732
1.042581
1.042581
0.99521732
0.99521732
1.042581
1.042581
0.99521732
0.99521732
1.042581
1.042581
0.99521732
0.99521732
1.042581
1.042581
0.99521732
0.99521732
1.042581
1.042581
0.99521732
0.99521732
1.042581
1.042581
0.99521732
0.99521732
1.042581
1.042581
0.99521732
0.99521732
1.042581
1.042581
0.99521732
0.99521732
1.042581
1.042581
0.99521732
0.99521732
1.042581
1.042581
0.99521732
0.99521732
1.042581
1.042581
0.99521732
0.99521732
1.042581
1.042581
0.99521732
0.99521732
1.042581
1.042581
0.99521732
0.99521732
1.042581
1.042581
0.99521732
0.99521732
1.042581
1.042581
0.99521732
0.99521732
1.042581
1.042581
0.99521732
0.99521732
1.042581
1.042581
0.99521732
0.99521732
1.042581
1.042581
0.99521732
0.99521732
1.042581
1.042581
0.99521732
0.99521732
1.042581
1.042581
0.99521732
0.99521732
1.042581
1.042581
0.99521732
0.99521732
1.042581
1.042581
0.99521732
0.99521732
1.042581
1.042581
0.99521732
0.99521732
1.042581
1.042581
0.99521732
0.99521732
1.042581
1.042581
0.99521732
0.99521732
1.042581
1.042581
0.99521732
0.99521732
1.042581
1.042581
0.99521732
0.99521732
1.042581
1.042581
0.99521732
0.99521732
1.042581
1.042581
0.99521732
0.99521732
1.042581
1.042581
0.99521732
0.99521732
1.042581
1.042581
0.99521732
0.99521732
1.042581
1.042581
0.99521732
0.99521732
1.042581
1.042581
0.99521732
)
;
    }
    wallCollector
    {
        type            calculated;
        value           nonuniform List<scalar> 
400
(
0.98093959
1.0254528
1.0254528
0.98093959
0.96647443
1.0097265
1.0097265
0.96647443
0.95251866
0.99490126
0.99490126
0.95251866
0.93872162
0.98046733
0.98046733
0.93872162
0.92491724
0.96617389
0.96617389
0.92491724
0.91101081
0.95187702
0.95187702
0.91101081
0.89693901
0.93748154
0.93748154
0.89693901
0.88265328
0.92291467
0.92291467
0.88265328
0.86811207
0.90811192
0.90811192
0.86811207
0.85327639
0.89300719
0.89300719
0.85327639
0.83804191
0.87752323
0.87752323
0.83804191
0.82248933
0.86155874
0.86155874
0.82248933
0.80658912
0.84504099
0.84504099
0.80658912
0.79036746
0.82826188
0.82826188
0.79036746
0.77383733
0.81138609
0.81138609
0.77383733
0.75695319
0.79430832
0.79430832
0.75695319
0.73968674
0.776983
0.776983
0.73968674
0.72203509
0.75934328
0.75934328
0.72203509
0.70414303
0.74127464
0.74127464
0.70414303
0.68588213
0.72267201
0.72267201
0.68588213
0.66714626
0.70339808
0.70339808
0.66714626
0.64786721
0.68325233
0.68325233
0.64786721
0.62794018
0.66190581
0.66190581
0.62794018
0.60715423
0.63874078
0.63874078
0.60715423
0.58442816
0.61237867
0.61237867
0.58442816
0.98093959
1.0254528
1.0254528
0.98093959
0.96647443
1.0097265
1.0097265
0.96647443
0.95251866
0.99490126
0.99490126
0.95251866
0.93872162
0.98046733
0.98046733
0.93872162
0.92491724
0.96617389
0.96617389
0.92491724
0.91101081
0.95187702
0.95187702
0.91101081
0.89693901
0.93748154
0.93748154
0.89693901
0.88265328
0.92291467
0.92291467
0.88265328
0.86811207
0.90811192
0.90811192
0.86811207
0.85327639
0.89300719
0.89300719
0.85327639
0.83804191
0.87752323
0.87752323
0.83804191
0.82248933
0.86155874
0.86155874
0.82248933
0.80658912
0.84504099
0.84504099
0.80658912
0.79036746
0.82826188
0.82826188
0.79036746
0.77383733
0.81138609
0.81138609
0.77383733
0.75695319
0.79430832
0.79430832
0.75695319
0.73968674
0.776983
0.776983
0.73968674
0.72203509
0.75934328
0.75934328
0.72203509
0.70414303
0.74127464
0.74127464
0.70414303
0.68588213
0.72267201
0.72267201
0.68588213
0.66714626
0.70339808
0.70339808
0.66714626
0.64786721
0.68325233
0.68325233
0.64786721
0.62794018
0.66190581
0.66190581
0.62794018
0.60715423
0.63874078
0.63874078
0.60715423
0.58442816
0.61237867
0.61237867
0.58442816
0.98093959
1.0254528
1.0254528
0.98093959
0.96647443
1.0097265
1.0097265
0.96647443
0.95251866
0.99490126
0.99490126
0.95251866
0.93872162
0.98046733
0.98046733
0.93872162
0.92491724
0.96617389
0.96617389
0.92491724
0.91101081
0.95187702
0.95187702
0.91101081
0.89693901
0.93748154
0.93748154
0.89693901
0.88265328
0.92291467
0.92291467
0.88265328
0.86811207
0.90811192
0.90811192
0.86811207
0.85327639
0.89300719
0.89300719
0.85327639
0.83804191
0.87752323
0.87752323
0.83804191
0.82248933
0.86155874
0.86155874
0.82248933
0.80658912
0.84504099
0.84504099
0.80658912
0.79036746
0.82826188
0.82826188
0.79036746
0.77383733
0.81138609
0.81138609
0.77383733
0.75695319
0.79430832
0.79430832
0.75695319
0.73968674
0.776983
0.776983
0.73968674
0.72203509
0.75934328
0.75934328
0.72203509
0.70414303
0.74127464
0.74127464
0.70414303
0.68588213
0.72267201
0.72267201
0.68588213
0.66714626
0.70339808
0.70339808
0.66714626
0.64786721
0.68325233
0.68325233
0.64786721
0.62794018
0.66190581
0.66190581
0.62794018
0.60715423
0.63874078
0.63874078
0.60715423
0.58442816
0.61237867
0.61237867
0.58442816
0.98093959
1.0254528
1.0254528
0.98093959
0.96647443
1.0097265
1.0097265
0.96647443
0.95251866
0.99490126
0.99490126
0.95251866
0.93872162
0.98046733
0.98046733
0.93872162
0.92491724
0.96617389
0.96617389
0.92491724
0.91101081
0.95187702
0.95187702
0.91101081
0.89693901
0.93748154
0.93748154
0.89693901
0.88265328
0.92291467
0.92291467
0.88265328
0.86811207
0.90811192
0.90811192
0.86811207
0.85327639
0.89300719
0.89300719
0.85327639
0.83804191
0.87752323
0.87752323
0.83804191
0.82248933
0.86155874
0.86155874
0.82248933
0.80658912
0.84504099
0.84504099
0.80658912
0.79036746
0.82826188
0.82826188
0.79036746
0.77383733
0.81138609
0.81138609
0.77383733
0.75695319
0.79430832
0.79430832
0.75695319
0.73968674
0.776983
0.776983
0.73968674
0.72203509
0.75934328
0.75934328
0.72203509
0.70414303
0.74127464
0.74127464
0.70414303
0.68588213
0.72267201
0.72267201
0.68588213
0.66714626
0.70339808
0.70339808
0.66714626
0.64786721
0.68325233
0.68325233
0.64786721
0.62794018
0.66190581
0.66190581
0.62794018
0.60715423
0.63874078
0.63874078
0.60715423
0.58442816
0.61237867
0.61237867
0.58442816
)
;
    }
    wallThroat
    {
        type            calculated;
        value           nonuniform List<scalar> 
640
(
0.57442413
0.60184713
0.60184713
0.57442413
0.57442413
0.60184713
0.60184713
0.57442413
0.57442413
0.60184713
0.60184713
0.57442413
0.57442413
0.60184713
0.60184713
0.57442413
0.57442413
0.60184713
0.60184713
0.57442413
0.57442413
0.60184713
0.60184713
0.57442413
0.57442413
0.60184713
0.60184713
0.57442413
0.57442413
0.60184713
0.60184713
0.57442413
0.57442413
0.60184713
0.60184713
0.57442413
0.57442413
0.60184713
0.60184713
0.57442413
0.57442413
0.60184713
0.60184713
0.57442413
0.57442413
0.60184713
0.60184713
0.57442413
0.57442413
0.60184713
0.60184713
0.57442413
0.57442413
0.60184713
0.60184713
0.57442413
0.57442413
0.60184713
0.60184713
0.57442413
0.57442413
0.60184713
0.60184713
0.57442413
0.57442413
0.60184713
0.60184713
0.57442413
0.57442413
0.60184713
0.60184713
0.57442413
0.57442413
0.60184713
0.60184713
0.57442413
0.57442413
0.60184713
0.60184713
0.57442413
0.57442413
0.60184713
0.60184713
0.57442413
0.57442413
0.60184713
0.60184713
0.57442413
0.57442413
0.60184713
0.60184713
0.57442413
0.57442413
0.60184713
0.60184713
0.57442413
0.57442413
0.60184713
0.60184713
0.57442413
0.57442413
0.60184713
0.60184713
0.57442413
0.57442413
0.60184713
0.60184713
0.57442413
0.57442413
0.60184713
0.60184713
0.57442413
0.57442413
0.60184713
0.60184713
0.57442413
0.57442413
0.60184713
0.60184713
0.57442413
0.57442413
0.60184713
0.60184713
0.57442413
0.57442413
0.60184713
0.60184713
0.57442413
0.57442413
0.60184713
0.60184713
0.57442413
0.57442413
0.60184713
0.60184713
0.57442413
0.57442413
0.60184713
0.60184713
0.57442413
0.57442413
0.60184713
0.60184713
0.57442413
0.57442413
0.60184713
0.60184713
0.57442413
0.57442413
0.60184713
0.60184713
0.57442413
0.57442413
0.60184713
0.60184713
0.57442413
0.57442413
0.60184713
0.60184713
0.57442413
0.57442413
0.60184713
0.60184713
0.57442413
0.57442413
0.60184713
0.60184713
0.57442413
0.57442413
0.60184713
0.60184713
0.57442413
0.57442413
0.60184713
0.60184713
0.57442413
0.57442413
0.60184713
0.60184713
0.57442413
0.57442413
0.60184713
0.60184713
0.57442413
0.57442413
0.60184713
0.60184713
0.57442413
0.57442413
0.60184713
0.60184713
0.57442413
0.57442413
0.60184713
0.60184713
0.57442413
0.57442413
0.60184713
0.60184713
0.57442413
0.57442413
0.60184713
0.60184713
0.57442413
0.57442413
0.60184713
0.60184713
0.57442413
0.57442413
0.60184713
0.60184713
0.57442413
0.57442413
0.60184713
0.60184713
0.57442413
0.57442413
0.60184713
0.60184713
0.57442413
0.57442413
0.60184713
0.60184713
0.57442413
0.57442413
0.60184713
0.60184713
0.57442413
0.57442413
0.60184713
0.60184713
0.57442413
0.57442413
0.60184713
0.60184713
0.57442413
0.57442413
0.60184713
0.60184713
0.57442413
0.57442413
0.60184713
0.60184713
0.57442413
0.57442413
0.60184713
0.60184713
0.57442413
0.57442413
0.60184713
0.60184713
0.57442413
0.57442413
0.60184713
0.60184713
0.57442413
0.57442413
0.60184713
0.60184713
0.57442413
0.57442413
0.60184713
0.60184713
0.57442413
0.57442413
0.60184713
0.60184713
0.57442413
0.57442413
0.60184713
0.60184713
0.57442413
0.57442413
0.60184713
0.60184713
0.57442413
0.57442413
0.60184713
0.60184713
0.57442413
0.57442413
0.60184713
0.60184713
0.57442413
0.57442413
0.60184713
0.60184713
0.57442413
0.57442413
0.60184713
0.60184713
0.57442413
0.57442413
0.60184713
0.60184713
0.57442413
0.57442413
0.60184713
0.60184713
0.57442413
0.57442413
0.60184713
0.60184713
0.57442413
0.57442413
0.60184713
0.60184713
0.57442413
0.57442413
0.60184713
0.60184713
0.57442413
0.57442413
0.60184713
0.60184713
0.57442413
0.57442413
0.60184713
0.60184713
0.57442413
0.57442413
0.60184713
0.60184713
0.57442413
0.57442413
0.60184713
0.60184713
0.57442413
0.57442413
0.60184713
0.60184713
0.57442413
0.57442413
0.60184713
0.60184713
0.57442413
0.57442413
0.60184713
0.60184713
0.57442413
0.57442413
0.60184713
0.60184713
0.57442413
0.57442413
0.60184713
0.60184713
0.57442413
0.57442413
0.60184713
0.60184713
0.57442413
0.57442413
0.60184713
0.60184713
0.57442413
0.57442413
0.60184713
0.60184713
0.57442413
0.57442413
0.60184713
0.60184713
0.57442413
0.57442413
0.60184713
0.60184713
0.57442413
0.57442413
0.60184713
0.60184713
0.57442413
0.57442413
0.60184713
0.60184713
0.57442413
0.57442413
0.60184713
0.60184713
0.57442413
0.57442413
0.60184713
0.60184713
0.57442413
0.57442413
0.60184713
0.60184713
0.57442413
0.57442413
0.60184713
0.60184713
0.57442413
0.57442413
0.60184713
0.60184713
0.57442413
0.57442413
0.60184713
0.60184713
0.57442413
0.57442413
0.60184713
0.60184713
0.57442413
0.57442413
0.60184713
0.60184713
0.57442413
0.57442413
0.60184713
0.60184713
0.57442413
0.57442413
0.60184713
0.60184713
0.57442413
0.57442413
0.60184713
0.60184713
0.57442413
0.57442413
0.60184713
0.60184713
0.57442413
0.57442413
0.60184713
0.60184713
0.57442413
0.57442413
0.60184713
0.60184713
0.57442413
0.57442413
0.60184713
0.60184713
0.57442413
0.57442413
0.60184713
0.60184713
0.57442413
0.57442413
0.60184713
0.60184713
0.57442413
0.57442413
0.60184713
0.60184713
0.57442413
0.57442413
0.60184713
0.60184713
0.57442413
0.57442413
0.60184713
0.60184713
0.57442413
0.57442413
0.60184713
0.60184713
0.57442413
0.57442413
0.60184713
0.60184713
0.57442413
0.57442413
0.60184713
0.60184713
0.57442413
0.57442413
0.60184713
0.60184713
0.57442413
0.57442413
0.60184713
0.60184713
0.57442413
0.57442413
0.60184713
0.60184713
0.57442413
0.57442413
0.60184713
0.60184713
0.57442413
0.57442413
0.60184713
0.60184713
0.57442413
0.57442413
0.60184713
0.60184713
0.57442413
0.57442413
0.60184713
0.60184713
0.57442413
0.57442413
0.60184713
0.60184713
0.57442413
0.57442413
0.60184713
0.60184713
0.57442413
0.57442413
0.60184713
0.60184713
0.57442413
0.57442413
0.60184713
0.60184713
0.57442413
0.57442413
0.60184713
0.60184713
0.57442413
0.57442413
0.60184713
0.60184713
0.57442413
0.57442413
0.60184713
0.60184713
0.57442413
0.57442413
0.60184713
0.60184713
0.57442413
0.57442413
0.60184713
0.60184713
0.57442413
0.57442413
0.60184713
0.60184713
0.57442413
0.57442413
0.60184713
0.60184713
0.57442413
0.57442413
0.60184713
0.60184713
0.57442413
0.57442413
0.60184713
0.60184713
0.57442413
0.57442413
0.60184713
0.60184713
0.57442413
0.57442413
0.60184713
0.60184713
0.57442413
0.57442413
0.60184713
0.60184713
0.57442413
0.57442413
0.60184713
0.60184713
0.57442413
0.57442413
0.60184713
0.60184713
0.57442413
0.57442413
0.60184713
0.60184713
0.57442413
0.57442413
0.60184713
0.60184713
0.57442413
0.57442413
0.60184713
0.60184713
0.57442413
0.57442413
0.60184713
0.60184713
0.57442413
0.57442413
0.60184713
0.60184713
0.57442413
0.57442413
0.60184713
0.60184713
0.57442413
0.57442413
0.60184713
0.60184713
0.57442413
0.57442413
0.60184713
0.60184713
0.57442413
0.57442413
0.60184713
0.60184713
0.57442413
0.57442413
0.60184713
0.60184713
0.57442413
0.57442413
0.60184713
0.60184713
0.57442413
0.57442413
0.60184713
0.60184713
0.57442413
0.57442413
0.60184713
0.60184713
0.57442413
0.57442413
0.60184713
0.60184713
0.57442413
0.57442413
0.60184713
0.60184713
0.57442413
0.57442413
0.60184713
0.60184713
0.57442413
0.57442413
0.60184713
0.60184713
0.57442413
0.57442413
0.60184713
0.60184713
0.57442413
)
;
    }
    wallOutlet
    {
        type            calculated;
        value           nonuniform List<scalar> 
960
(
1.0136611
1.0136075
1.0136075
1.0136611
1.0107189
1.0106649
1.0106649
1.0107189
1.007733
1.0076786
1.0076786
1.007733
1.0047026
1.0046478
1.0046478
1.0047026
1.0016269
1.0015717
1.0015717
1.0016269
0.99850506
0.99844942
0.99844942
0.99850506
0.99533619
0.99528012
0.99528012
0.99533619
0.99211939
0.99206289
0.99206289
0.99211939
0.98885375
0.9887968
0.9887968
0.98885375
0.98553832
0.98548091
0.98548091
0.98553832
0.98217213
0.98211425
0.98211425
0.98217213
0.97875418
0.97869583
0.97869583
0.97875418
0.97528344
0.97522462
0.97522462
0.97528344
0.97175887
0.97169955
0.97169955
0.97175887
0.96817938
0.96811956
0.96811956
0.96817938
0.96454385
0.96448351
0.96448351
0.96454385
0.96085114
0.96079027
0.96079027
0.96085114
0.95710005
0.95703865
0.95703865
0.95710005
0.95328938
0.95322743
0.95322743
0.95328938
0.94941787
0.94935536
0.94935536
0.94941787
0.94548423
0.94542115
0.94542115
0.94548423
0.94148712
0.94142345
0.94142345
0.94148712
0.93742516
0.93736089
0.93736089
0.93742516
0.93329694
0.93323206
0.93323206
0.93329694
0.92910099
0.92903548
0.92903548
0.92910099
0.92483579
0.92476964
0.92476964
0.92483579
0.92049978
0.92043298
0.92043298
0.92049978
0.91609134
0.91602387
0.91602387
0.91609134
0.9116088
0.91154064
0.91154064
0.9116088
0.90705042
0.90698155
0.90698155
0.90705042
0.90241441
0.90234482
0.90234482
0.90241441
0.89769892
0.89762858
0.89762858
0.89769892
0.892902
0.89283091
0.89283091
0.892902
0.88802167
0.8879498
0.8879498
0.88802167
0.88305585
0.88298318
0.88298318
0.88305585
0.87800238
0.87792889
0.87792889
0.87800238
0.87285903
0.8727847
0.8727847
0.87285903
0.86762347
0.86754827
0.86754827
0.86762347
0.86229327
0.86221718
0.86221718
0.86229327
0.85686592
0.85678892
0.85678892
0.85686592
0.85133877
0.85126083
0.85126083
0.85133877
0.8457091
0.84563019
0.84563019
0.8457091
0.83997404
0.83989414
0.83989414
0.83997404
0.8341306
0.83404967
0.83404967
0.8341306
0.82817565
0.82809366
0.82809366
0.82817565
0.82210592
0.82202285
0.82202285
0.82210592
0.81591799
0.8158338
0.8158338
0.81591799
0.80960826
0.80952291
0.80952291
0.80960826
0.80317297
0.80308642
0.80308642
0.80317297
0.79660816
0.79652037
0.79652037
0.79660816
0.78990965
0.78982059
0.78982059
0.78990965
0.78307306
0.78298267
0.78298267
0.78307306
0.77609377
0.77600201
0.77600201
0.77609377
0.76896688
0.76887371
0.76887371
0.76896688
0.76168725
0.76159261
0.76159261
0.76168725
0.7542494
0.75415323
0.75415323
0.7542494
0.74664754
0.74654979
0.74654979
0.74664754
0.73887553
0.73877613
0.73877613
0.73887553
0.73092681
0.7308257
0.7308257
0.73092681
0.72279443
0.72269152
0.72269152
0.72279443
1.0136611
1.0136075
1.0136075
1.0136611
1.0107189
1.0106649
1.0106649
1.0107189
1.007733
1.0076786
1.0076786
1.007733
1.0047026
1.0046478
1.0046478
1.0047026
1.0016269
1.0015717
1.0015717
1.0016269
0.99850506
0.99844942
0.99844942
0.99850506
0.99533619
0.99528012
0.99528012
0.99533619
0.99211939
0.99206289
0.99206289
0.99211939
0.98885375
0.9887968
0.9887968
0.98885375
0.98553832
0.98548091
0.98548091
0.98553832
0.98217213
0.98211425
0.98211425
0.98217213
0.97875418
0.97869583
0.97869583
0.97875418
0.97528344
0.97522462
0.97522462
0.97528344
0.97175887
0.97169955
0.97169955
0.97175887
0.96817938
0.96811956
0.96811956
0.96817938
0.96454385
0.96448351
0.96448351
0.96454385
0.96085114
0.96079027
0.96079027
0.96085114
0.95710005
0.95703865
0.95703865
0.95710005
0.95328938
0.95322743
0.95322743
0.95328938
0.94941787
0.94935536
0.94935536
0.94941787
0.94548423
0.94542115
0.94542115
0.94548423
0.94148712
0.94142345
0.94142345
0.94148712
0.93742516
0.93736089
0.93736089
0.93742516
0.93329694
0.93323206
0.93323206
0.93329694
0.92910099
0.92903548
0.92903548
0.92910099
0.92483579
0.92476964
0.92476964
0.92483579
0.92049978
0.92043298
0.92043298
0.92049978
0.91609134
0.91602387
0.91602387
0.91609134
0.9116088
0.91154064
0.91154064
0.9116088
0.90705042
0.90698155
0.90698155
0.90705042
0.90241441
0.90234482
0.90234482
0.90241441
0.89769892
0.89762858
0.89762858
0.89769892
0.892902
0.89283091
0.89283091
0.892902
0.88802167
0.8879498
0.8879498
0.88802167
0.88305585
0.88298318
0.88298318
0.88305585
0.87800238
0.87792889
0.87792889
0.87800238
0.87285903
0.8727847
0.8727847
0.87285903
0.86762347
0.86754827
0.86754827
0.86762347
0.86229327
0.86221718
0.86221718
0.86229327
0.85686592
0.85678892
0.85678892
0.85686592
0.85133877
0.85126083
0.85126083
0.85133877
0.8457091
0.84563019
0.84563019
0.8457091
0.83997404
0.83989414
0.83989414
0.83997404
0.8341306
0.83404967
0.83404967
0.8341306
0.82817565
0.82809366
0.82809366
0.82817565
0.82210592
0.82202285
0.82202285
0.82210592
0.81591799
0.8158338
0.8158338
0.81591799
0.80960826
0.80952291
0.80952291
0.80960826
0.80317297
0.80308642
0.80308642
0.80317297
0.79660816
0.79652037
0.79652037
0.79660816
0.78990965
0.78982059
0.78982059
0.78990965
0.78307306
0.78298267
0.78298267
0.78307306
0.77609377
0.77600201
0.77600201
0.77609377
0.76896688
0.76887371
0.76887371
0.76896688
0.76168725
0.76159261
0.76159261
0.76168725
0.7542494
0.75415323
0.75415323
0.7542494
0.74664754
0.74654979
0.74654979
0.74664754
0.73887553
0.73877613
0.73877613
0.73887553
0.73092681
0.7308257
0.7308257
0.73092681
0.72279443
0.72269152
0.72269152
0.72279443
1.0136611
1.0136075
1.0136075
1.0136611
1.0107189
1.0106649
1.0106649
1.0107189
1.007733
1.0076786
1.0076786
1.007733
1.0047026
1.0046478
1.0046478
1.0047026
1.0016269
1.0015717
1.0015717
1.0016269
0.99850506
0.99844942
0.99844942
0.99850506
0.99533619
0.99528012
0.99528012
0.99533619
0.99211939
0.99206289
0.99206289
0.99211939
0.98885375
0.9887968
0.9887968
0.98885375
0.98553832
0.98548091
0.98548091
0.98553832
0.98217213
0.98211425
0.98211425
0.98217213
0.97875418
0.97869583
0.97869583
0.97875418
0.97528344
0.97522462
0.97522462
0.97528344
0.97175887
0.97169955
0.97169955
0.97175887
0.96817938
0.96811956
0.96811956
0.96817938
0.96454385
0.96448351
0.96448351
0.96454385
0.96085114
0.96079027
0.96079027
0.96085114
0.95710005
0.95703865
0.95703865
0.95710005
0.95328938
0.95322743
0.95322743
0.95328938
0.94941787
0.94935536
0.94935536
0.94941787
0.94548423
0.94542115
0.94542115
0.94548423
0.94148712
0.94142345
0.94142345
0.94148712
0.93742516
0.93736089
0.93736089
0.93742516
0.93329694
0.93323206
0.93323206
0.93329694
0.92910099
0.92903548
0.92903548
0.92910099
0.92483579
0.92476964
0.92476964
0.92483579
0.92049978
0.92043298
0.92043298
0.92049978
0.91609134
0.91602387
0.91602387
0.91609134
0.9116088
0.91154064
0.91154064
0.9116088
0.90705042
0.90698155
0.90698155
0.90705042
0.90241441
0.90234482
0.90234482
0.90241441
0.89769892
0.89762858
0.89762858
0.89769892
0.892902
0.89283091
0.89283091
0.892902
0.88802167
0.8879498
0.8879498
0.88802167
0.88305585
0.88298318
0.88298318
0.88305585
0.87800238
0.87792889
0.87792889
0.87800238
0.87285903
0.8727847
0.8727847
0.87285903
0.86762347
0.86754827
0.86754827
0.86762347
0.86229327
0.86221718
0.86221718
0.86229327
0.85686592
0.85678892
0.85678892
0.85686592
0.85133877
0.85126083
0.85126083
0.85133877
0.8457091
0.84563019
0.84563019
0.8457091
0.83997404
0.83989414
0.83989414
0.83997404
0.8341306
0.83404967
0.83404967
0.8341306
0.82817565
0.82809366
0.82809366
0.82817565
0.82210592
0.82202285
0.82202285
0.82210592
0.81591799
0.8158338
0.8158338
0.81591799
0.80960826
0.80952291
0.80952291
0.80960826
0.80317297
0.80308642
0.80308642
0.80317297
0.79660816
0.79652037
0.79652037
0.79660816
0.78990965
0.78982059
0.78982059
0.78990965
0.78307306
0.78298267
0.78298267
0.78307306
0.77609377
0.77600201
0.77600201
0.77609377
0.76896688
0.76887371
0.76887371
0.76896688
0.76168725
0.76159261
0.76159261
0.76168725
0.7542494
0.75415323
0.75415323
0.7542494
0.74664754
0.74654979
0.74654979
0.74664754
0.73887553
0.73877613
0.73877613
0.73887553
0.73092681
0.7308257
0.7308257
0.73092681
0.72279443
0.72269152
0.72269152
0.72279443
1.0136611
1.0136075
1.0136075
1.0136611
1.0107189
1.0106649
1.0106649
1.0107189
1.007733
1.0076786
1.0076786
1.007733
1.0047026
1.0046478
1.0046478
1.0047026
1.0016269
1.0015717
1.0015717
1.0016269
0.99850506
0.99844942
0.99844942
0.99850506
0.99533619
0.99528012
0.99528012
0.99533619
0.99211939
0.99206289
0.99206289
0.99211939
0.98885375
0.9887968
0.9887968
0.98885375
0.98553832
0.98548091
0.98548091
0.98553832
0.98217213
0.98211425
0.98211425
0.98217213
0.97875418
0.97869583
0.97869583
0.97875418
0.97528344
0.97522462
0.97522462
0.97528344
0.97175887
0.97169955
0.97169955
0.97175887
0.96817938
0.96811956
0.96811956
0.96817938
0.96454385
0.96448351
0.96448351
0.96454385
0.96085114
0.96079027
0.96079027
0.96085114
0.95710005
0.95703865
0.95703865
0.95710005
0.95328938
0.95322743
0.95322743
0.95328938
0.94941787
0.94935536
0.94935536
0.94941787
0.94548423
0.94542115
0.94542115
0.94548423
0.94148712
0.94142345
0.94142345
0.94148712
0.93742516
0.93736089
0.93736089
0.93742516
0.93329694
0.93323206
0.93323206
0.93329694
0.92910099
0.92903548
0.92903548
0.92910099
0.92483579
0.92476964
0.92476964
0.92483579
0.92049978
0.92043298
0.92043298
0.92049978
0.91609134
0.91602387
0.91602387
0.91609134
0.9116088
0.91154064
0.91154064
0.9116088
0.90705042
0.90698155
0.90698155
0.90705042
0.90241441
0.90234482
0.90234482
0.90241441
0.89769892
0.89762858
0.89762858
0.89769892
0.892902
0.89283091
0.89283091
0.892902
0.88802167
0.8879498
0.8879498
0.88802167
0.88305585
0.88298318
0.88298318
0.88305585
0.87800238
0.87792889
0.87792889
0.87800238
0.87285903
0.8727847
0.8727847
0.87285903
0.86762347
0.86754827
0.86754827
0.86762347
0.86229327
0.86221718
0.86221718
0.86229327
0.85686592
0.85678892
0.85678892
0.85686592
0.85133877
0.85126083
0.85126083
0.85133877
0.8457091
0.84563019
0.84563019
0.8457091
0.83997404
0.83989414
0.83989414
0.83997404
0.8341306
0.83404967
0.83404967
0.8341306
0.82817565
0.82809366
0.82809366
0.82817565
0.82210592
0.82202285
0.82202285
0.82210592
0.81591799
0.8158338
0.8158338
0.81591799
0.80960826
0.80952291
0.80952291
0.80960826
0.80317297
0.80308642
0.80308642
0.80317297
0.79660816
0.79652037
0.79652037
0.79660816
0.78990965
0.78982059
0.78982059
0.78990965
0.78307306
0.78298267
0.78298267
0.78307306
0.77609377
0.77600201
0.77600201
0.77609377
0.76896688
0.76887371
0.76887371
0.76896688
0.76168725
0.76159261
0.76159261
0.76168725
0.7542494
0.75415323
0.75415323
0.7542494
0.74664754
0.74654979
0.74654979
0.74664754
0.73887553
0.73877613
0.73877613
0.73887553
0.73092681
0.7308257
0.7308257
0.73092681
0.72279443
0.72269152
0.72269152
0.72279443
)
;
    }
    stepExpansion
    {
        type            calculated;
        value           nonuniform List<scalar> 
192
(
3.1030024
3.1030021
3.1030021
3.1030024
3.1022359
3.1022356
3.1022356
3.1022359
3.1017741
3.1017738
3.1017738
3.1017741
3.1014674
3.1014671
3.1014671
3.1014674
3.1012504
3.1012501
3.1012501
3.1012504
3.1010899
3.1010896
3.1010896
3.1010899
3.1009672
3.1009669
3.1009669
3.1009672
3.1008711
3.1008708
3.1008708
3.1008711
3.1007943
3.100794
3.100794
3.1007943
3.1007319
3.1007317
3.1007317
3.1007319
3.1006807
3.1006805
3.1006805
3.1006807
0.33138625
0.33135123
0.33135123
0.33138625
3.1030024
3.1030021
3.1030021
3.1030024
3.1022359
3.1022356
3.1022356
3.1022359
3.1017741
3.1017738
3.1017738
3.1017741
3.1014674
3.1014671
3.1014671
3.1014674
3.1012504
3.1012501
3.1012501
3.1012504
3.1010899
3.1010896
3.1010896
3.1010899
3.1009672
3.1009669
3.1009669
3.1009672
3.1008711
3.1008708
3.1008708
3.1008711
3.1007943
3.100794
3.100794
3.1007943
3.1007319
3.1007317
3.1007317
3.1007319
3.1006807
3.1006805
3.1006805
3.1006807
0.33138625
0.33135123
0.33135123
0.33138625
3.1030024
3.1030021
3.1030021
3.1030024
3.1022359
3.1022356
3.1022356
3.1022359
3.1017741
3.1017738
3.1017738
3.1017741
3.1014674
3.1014671
3.1014671
3.1014674
3.1012504
3.1012501
3.1012501
3.1012504
3.1010899
3.1010896
3.1010896
3.1010899
3.1009672
3.1009669
3.1009669
3.1009672
3.1008711
3.1008708
3.1008708
3.1008711
3.1007943
3.100794
3.100794
3.1007943
3.1007319
3.1007317
3.1007317
3.1007319
3.1006807
3.1006805
3.1006805
3.1006807
0.33138625
0.33135123
0.33135123
0.33138625
3.1030024
3.1030021
3.1030021
3.1030024
3.1022359
3.1022356
3.1022356
3.1022359
3.1017741
3.1017738
3.1017738
3.1017741
3.1014674
3.1014671
3.1014671
3.1014674
3.1012504
3.1012501
3.1012501
3.1012504
3.1010899
3.1010896
3.1010896
3.1010899
3.1009672
3.1009669
3.1009669
3.1009672
3.1008711
3.1008708
3.1008708
3.1008711
3.1007943
3.100794
3.100794
3.1007943
3.1007319
3.1007317
3.1007317
3.1007319
3.1006807
3.1006805
3.1006805
3.1006807
0.33138625
0.33135123
0.33135123
0.33138625
)
;
    }
}


// ************************************************************************* //
