/*--------------------------------*- C++ -*----------------------------------*\
| =========                 |                                                 |
| \\      /  F ield         | OpenFOAM: The Open Source CFD Toolbox           |
|  \\    /   O peration     | Version:  2506                                  |
|   \\  /    A nd           | Website:  www.openfoam.com                      |
|    \\/     M anipulation  |                                                 |
\*---------------------------------------------------------------------------*/
FoamFile
{
    version     2.0;
    format      ascii;
    arch        "LSB;label=32;scalar=64";
    class       volScalarField;
    location    "0";
    object      yPlus;
}
// * * * * * * * * * * * * * * * * * * * * * * * * * * * * * * * * * * * * * //

dimensions      [0 0 0 0 0 0 0];

internalField   uniform 0;

boundaryField
{
    inlet
    {
        type            calculated;
        value           uniform 0;
    }
    outlet
    {
        type            calculated;
        value           uniform 0;
    }
    wallInlet
    {
        type            calculated;
        value           nonuniform List<scalar> 
480
(
0.99521732
1.042581
1.042581
0.99521732
0.99521732
1.042581
1.042581
0.99521732
0.99521732
1.042581
1.042581
0.99521732
0.99521732
1.042581
1.042581
0.99521732
0.99521732
1.042581
1.042581
0.99521732
0.99521732
1.042581
1.042581
0.99521732
0.99521732
1.042581
1.042581
0.99521732
0.99521732
1.042581
1.042581
0.99521732
0.99521732
1.042581
1.042581
0.99521732
0.99521732
1.042581
1.042581
0.99521732
0.99521732
1.042581
1.042581
0.99521732
0.99521732
1.042581
1.042581
0.99521732
0.99521732
1.042581
1.042581
0.99521732
0.99521732
1.042581
1.042581
0.99521732
0.99521732
1.042581
1.042581
0.99521732
0.99521732
1.042581
1.042581
0.99521732
0.99521732
1.042581
1.042581
0.99521732
0.99521732
1.042581
1.042581
0.99521732
0.99521732
1.042581
1.042581
0.99521732
0.99521732
1.042581
1.042581
0.99521732
0.99521732
1.042581
1.042581
0.99521732
0.99521732
1.042581
1.042581
0.99521732
0.99521732
1.042581
1.042581
0.99521732
0.99521732
1.042581
1.042581
0.99521732
0.99521732
1.042581
1.042581
0.99521732
0.99521732
1.042581
1.042581
0.99521732
0.99521732
1.042581
1.042581
0.99521732
0.99521732
1.042581
1.042581
0.99521732
0.99521732
1.042581
1.042581
0.99521732
0.99521732
1.042581
1.042581
0.99521732
0.99521732
1.042581
1.042581
0.99521732
0.99521732
1.042581
1.042581
0.99521732
0.99521732
1.042581
1.042581
0.99521732
0.99521732
1.042581
1.042581
0.99521732
0.99521732
1.042581
1.042581
0.99521732
0.99521732
1.042581
1.042581
0.99521732
0.99521732
1.042581
1.042581
0.99521732
0.99521732
1.042581
1.042581
0.99521732
0.99521732
1.042581
1.042581
0.99521732
0.99521732
1.042581
1.042581
0.99521732
0.99521732
1.042581
1.042581
0.99521732
0.99521732
1.042581
1.042581
0.99521732
0.99521732
1.042581
1.042581
0.99521732
0.99521732
1.042581
1.042581
0.99521732
0.99521732
1.042581
1.042581
0.99521732
0.99521732
1.042581
1.042581
0.99521732
0.99521732
1.042581
1.042581
0.99521732
0.99521732
1.042581
1.042581
0.99521732
0.99521732
1.042581
1.042581
0.99521732
0.99521732
1.042581
1.042581
0.99521732
0.99521732
1.042581
1.042581
0.99521732
0.99521732
1.042581
1.042581
0.99521732
0.99521732
1.042581
1.042581
0.99521732
0.99521732
1.042581
1.042581
0.99521732
0.99521732
1.042581
1.042581
0.99521732
0.99521732
1.042581
1.042581
0.99521732
0.99521732
1.042581
1.042581
0.99521732
0.99521732
1.042581
1.042581
0.99521732
0.99521732
1.042581
1.042581
0.99521732
0.99521732
1.042581
1.042581
0.99521732
0.99521732
1.042581
1.042581
0.99521732
0.99521732
1.042581
1.042581
0.99521732
0.99521732
1.042581
1.042581
0.99521732
0.99521732
1.042581
1.042581
0.99521732
0.99521732
1.042581
1.042581
0.99521732
0.99521732
1.042581
1.042581
0.99521732
0.99521732
1.042581
1.042581
0.99521732
0.99521732
1.042581
1.042581
0.99521732
0.99521732
1.042581
1.042581
0.99521732
0.99521732
1.042581
1.042581
0.99521732
0.99521732
1.042581
1.042581
0.99521732
0.99521732
1.042581
1.042581
0.99521732
0.99521732
1.042581
1.042581
0.99521732
0.99521732
1.042581
1.042581
0.99521732
0.99521732
1.042581
1.042581
0.99521732
0.99521732
1.042581
1.042581
0.99521732
0.99521732
1.042581
1.042581
0.99521732
0.99521732
1.042581
1.042581
0.99521732
0.99521732
1.042581
1.042581
0.99521732
0.99521732
1.042581
1.042581
0.99521732
0.99521732
1.042581
1.042581
0.99521732
0.99521732
1.042581
1.042581
0.99521732
0.99521732
1.042581
1.042581
0.99521732
0.99521732
1.042581
1.042581
0.99521732
0.99521732
1.042581
1.042581
0.99521732
0.99521732
1.042581
1.042581
0.99521732
0.99521732
1.042581
1.042581
0.99521732
0.99521732
1.042581
1.042581
0.99521732
0.99521732
1.042581
1.042581
0.99521732
0.99521732
1.042581
1.042581
0.99521732
0.99521732
1.042581
1.042581
0.99521732
0.99521732
1.042581
1.042581
0.99521732
0.99521732
1.042581
1.042581
0.99521732
0.99521732
1.042581
1.042581
0.99521732
0.99521732
1.042581
1.042581
0.99521732
0.99521732
1.042581
1.042581
0.99521732
0.99521732
1.042581
1.042581
0.99521732
0.99521732
1.042581
1.042581
0.99521732
0.99521732
1.042581
1.042581
0.99521732
0.99521732
1.042581
1.042581
0.99521732
0.99521732
1.042581
1.042581
0.99521732
0.99521732
1.042581
1.042581
0.99521732
0.99521732
1.042581
1.042581
0.99521732
0.99521732
1.042581
1.042581
0.99521732
0.99521732
1.042581
1.042581
0.99521732
0.99521732
1.042581
1.042581
0.99521732
0.99521732
1.042581
1.042581
0.99521732
0.99521732
1.042581
1.042581
0.99521732
0.99521732
1.042581
1.042581
0.99521732
0.99521732
1.042581
1.042581
0.99521732
0.99521732
1.042581
1.042581
0.99521732
0.99521732
1.042581
1.042581
0.99521732
0.99521732
1.042581
1.042581
0.99521732
0.99521732
1.042581
1.042581
0.99521732
0.99521732
1.042581
1.042581
0.99521732
0.99521732
1.042581
1.042581
0.99521732
0.99521732
1.042581
1.042581
0.99521732
0.99521732
1.042581
1.042581
0.99521732
0.99521732
1.042581
1.042581
0.99521732
0.99521732
1.042581
1.042581
0.99521732
)
;
    }
    wallCollector
    {
        type            calculated;
        value           nonuniform List<scalar> 
400
(
0.98093959
1.0254528
1.0254528
0.98093959
0.96647443
1.0097265
1.0097265
0.96647443
0.95251866
0.99490126
0.99490126
0.95251866
0.93872162
0.98046733
0.98046733
0.93872162
0.92491724
0.96617389
0.96617389
0.92491724
0.91101081
0.95187702
0.95187702
0.91101081
0.89693901
0.93748154
0.93748154
0.89693901
0.88265328
0.92291467
0.92291467
0.88265328
0.86811207
0.90811192
0.90811192
0.86811207
0.85327639
0.89300719
0.89300719
0.85327639
0.83804191
0.87752323
0.87752323
0.83804191
0.82248933
0.86155874
0.86155874
0.82248933
0.80658912
0.84504099
0.84504099
0.80658912
0.79036746
0.82826188
0.82826188
0.79036746
0.77383733
0.81138609
0.81138609
0.77383733
0.75695319
0.79430832
0.79430832
0.75695319
0.73968674
0.776983
0.776983
0.73968674
0.72203509
0.75934328
0.75934328
0.72203509
0.70414303
0.74127464
0.74127464
0.70414303
0.68588213
0.72267201
0.72267201
0.68588213
0.66714626
0.70339808
0.70339808
0.66714626
0.64786721
0.68325233
0.68325233
0.64786721
0.62794018
0.66190581
0.66190581
0.62794018
0.60715423
0.63874078
0.63874078
0.60715423
0.58442816
0.61237867
0.61237867
0.58442816
0.98093959
1.0254528
1.0254528
0.98093959
0.96647443
1.0097265
1.0097265
0.96647443
0.95251866
0.99490126
0.99490126
0.95251866
0.93872162
0.98046733
0.98046733
0.93872162
0.92491724
0.96617389
0.96617389
0.92491724
0.91101081
0.95187702
0.95187702
0.91101081
0.89693901
0.93748154
0.93748154
0.89693901
0.88265328
0.92291467
0.92291467
0.88265328
0.86811207
0.90811192
0.90811192
0.86811207
0.85327639
0.89300719
0.89300719
0.85327639
0.83804191
0.87752323
0.87752323
0.83804191
0.82248933
0.86155874
0.86155874
0.82248933
0.80658912
0.84504099
0.84504099
0.80658912
0.79036746
0.82826188
0.82826188
0.79036746
0.77383733
0.81138609
0.81138609
0.77383733
0.75695319
0.79430832
0.79430832
0.75695319
0.73968674
0.776983
0.776983
0.73968674
0.72203509
0.75934328
0.75934328
0.72203509
0.70414303
0.74127464
0.74127464
0.70414303
0.68588213
0.72267201
0.72267201
0.68588213
0.66714626
0.70339808
0.70339808
0.66714626
0.64786721
0.68325233
0.68325233
0.64786721
0.62794018
0.66190581
0.66190581
0.62794018
0.60715423
0.63874078
0.63874078
0.60715423
0.58442816
0.61237867
0.61237867
0.58442816
0.98093959
1.0254528
1.0254528
0.98093959
0.96647443
1.0097265
1.0097265
0.96647443
0.95251866
0.99490126
0.99490126
0.95251866
0.93872162
0.98046733
0.98046733
0.93872162
0.92491724
0.96617389
0.96617389
0.92491724
0.91101081
0.95187702
0.95187702
0.91101081
0.89693901
0.93748154
0.93748154
0.89693901
0.88265328
0.92291467
0.92291467
0.88265328
0.86811207
0.90811192
0.90811192
0.86811207
0.85327639
0.89300719
0.89300719
0.85327639
0.83804191
0.87752323
0.87752323
0.83804191
0.82248933
0.86155874
0.86155874
0.82248933
0.80658912
0.84504099
0.84504099
0.80658912
0.79036746
0.82826188
0.82826188
0.79036746
0.77383733
0.81138609
0.81138609
0.77383733
0.75695319
0.79430832
0.79430832
0.75695319
0.73968674
0.776983
0.776983
0.73968674
0.72203509
0.75934328
0.75934328
0.72203509
0.70414303
0.74127464
0.74127464
0.70414303
0.68588213
0.72267201
0.72267201
0.68588213
0.66714626
0.70339808
0.70339808
0.66714626
0.64786721
0.68325233
0.68325233
0.64786721
0.62794018
0.66190581
0.66190581
0.62794018
0.60715423
0.63874078
0.63874078
0.60715423
0.58442816
0.61237867
0.61237867
0.58442816
0.98093959
1.0254528
1.0254528
0.98093959
0.96647443
1.0097265
1.0097265
0.96647443
0.95251866
0.99490126
0.99490126
0.95251866
0.93872162
0.98046733
0.98046733
0.93872162
0.92491724
0.96617389
0.96617389
0.92491724
0.91101081
0.95187702
0.95187702
0.91101081
0.89693901
0.93748154
0.93748154
0.89693901
0.88265328
0.92291467
0.92291467
0.88265328
0.86811207
0.90811192
0.90811192
0.86811207
0.85327639
0.89300719
0.89300719
0.85327639
0.83804191
0.87752323
0.87752323
0.83804191
0.82248933
0.86155874
0.86155874
0.82248933
0.80658912
0.84504099
0.84504099
0.80658912
0.79036746
0.82826188
0.82826188
0.79036746
0.77383733
0.81138609
0.81138609
0.77383733
0.75695319
0.79430832
0.79430832
0.75695319
0.73968674
0.776983
0.776983
0.73968674
0.72203509
0.75934328
0.75934328
0.72203509
0.70414303
0.74127464
0.74127464
0.70414303
0.68588213
0.72267201
0.72267201
0.68588213
0.66714626
0.70339808
0.70339808
0.66714626
0.64786721
0.68325233
0.68325233
0.64786721
0.62794018
0.66190581
0.66190581
0.62794018
0.60715423
0.63874078
0.63874078
0.60715423
0.58442816
0.61237867
0.61237867
0.58442816
)
;
    }
    wallThroat
    {
        type            calculated;
        value           nonuniform List<scalar> 
640
(
0.57442413
0.60184713
0.60184713
0.57442413
0.57442413
0.60184713
0.60184713
0.57442413
0.57442413
0.60184713
0.60184713
0.57442413
0.57442413
0.60184713
0.60184713
0.57442413
0.57442413
0.60184713
0.60184713
0.57442413
0.57442413
0.60184713
0.60184713
0.57442413
0.57442413
0.60184713
0.60184713
0.57442413
0.57442413
0.60184713
0.60184713
0.57442413
0.57442413
0.60184713
0.60184713
0.57442413
0.57442413
0.60184713
0.60184713
0.57442413
0.57442413
0.60184713
0.60184713
0.57442413
0.57442413
0.60184713
0.60184713
0.57442413
0.57442413
0.60184713
0.60184713
0.57442413
0.57442413
0.60184713
0.60184713
0.57442413
0.57442413
0.60184713
0.60184713
0.57442413
0.57442413
0.60184713
0.60184713
0.57442413
0.57442413
0.60184713
0.60184713
0.57442413
0.57442413
0.60184713
0.60184713
0.57442413
0.57442413
0.60184713
0.60184713
0.57442413
0.57442413
0.60184713
0.60184713
0.57442413
0.57442413
0.60184713
0.60184713
0.57442413
0.57442413
0.60184713
0.60184713
0.57442413
0.57442413
0.60184713
0.60184713
0.57442413
0.57442413
0.60184713
0.60184713
0.57442413
0.57442413
0.60184713
0.60184713
0.57442413
0.57442413
0.60184713
0.60184713
0.57442413
0.57442413
0.60184713
0.60184713
0.57442413
0.57442413
0.60184713
0.60184713
0.57442413
0.57442413
0.60184713
0.60184713
0.57442413
0.57442413
0.60184713
0.60184713
0.57442413
0.57442413
0.60184713
0.60184713
0.57442413
0.57442413
0.60184713
0.60184713
0.57442413
0.57442413
0.60184713
0.60184713
0.57442413
0.57442413
0.60184713
0.60184713
0.57442413
0.57442413
0.60184713
0.60184713
0.57442413
0.57442413
0.60184713
0.60184713
0.57442413
0.57442413
0.60184713
0.60184713
0.57442413
0.57442413
0.60184713
0.60184713
0.57442413
0.57442413
0.60184713
0.60184713
0.57442413
0.57442413
0.60184713
0.60184713
0.57442413
0.57442413
0.60184713
0.60184713
0.57442413
0.57442413
0.60184713
0.60184713
0.57442413
0.57442413
0.60184713
0.60184713
0.57442413
0.57442413
0.60184713
0.60184713
0.57442413
0.57442413
0.60184713
0.60184713
0.57442413
0.57442413
0.60184713
0.60184713
0.57442413
0.57442413
0.60184713
0.60184713
0.57442413
0.57442413
0.60184713
0.60184713
0.57442413
0.57442413
0.60184713
0.60184713
0.57442413
0.57442413
0.60184713
0.60184713
0.57442413
0.57442413
0.60184713
0.60184713
0.57442413
0.57442413
0.60184713
0.60184713
0.57442413
0.57442413
0.60184713
0.60184713
0.57442413
0.57442413
0.60184713
0.60184713
0.57442413
0.57442413
0.60184713
0.60184713
0.57442413
0.57442413
0.60184713
0.60184713
0.57442413
0.57442413
0.60184713
0.60184713
0.57442413
0.57442413
0.60184713
0.60184713
0.57442413
0.57442413
0.60184713
0.60184713
0.57442413
0.57442413
0.60184713
0.60184713
0.57442413
0.57442413
0.60184713
0.60184713
0.57442413
0.57442413
0.60184713
0.60184713
0.57442413
0.57442413
0.60184713
0.60184713
0.57442413
0.57442413
0.60184713
0.60184713
0.57442413
0.57442413
0.60184713
0.60184713
0.57442413
0.57442413
0.60184713
0.60184713
0.57442413
0.57442413
0.60184713
0.60184713
0.57442413
0.57442413
0.60184713
0.60184713
0.57442413
0.57442413
0.60184713
0.60184713
0.57442413
0.57442413
0.60184713
0.60184713
0.57442413
0.57442413
0.60184713
0.60184713
0.57442413
0.57442413
0.60184713
0.60184713
0.57442413
0.57442413
0.60184713
0.60184713
0.57442413
0.57442413
0.60184713
0.60184713
0.57442413
0.57442413
0.60184713
0.60184713
0.57442413
0.57442413
0.60184713
0.60184713
0.57442413
0.57442413
0.60184713
0.60184713
0.57442413
0.57442413
0.60184713
0.60184713
0.57442413
0.57442413
0.60184713
0.60184713
0.57442413
0.57442413
0.60184713
0.60184713
0.57442413
0.57442413
0.60184713
0.60184713
0.57442413
0.57442413
0.60184713
0.60184713
0.57442413
0.57442413
0.60184713
0.60184713
0.57442413
0.57442413
0.60184713
0.60184713
0.57442413
0.57442413
0.60184713
0.60184713
0.57442413
0.57442413
0.60184713
0.60184713
0.57442413
0.57442413
0.60184713
0.60184713
0.57442413
0.57442413
0.60184713
0.60184713
0.57442413
0.57442413
0.60184713
0.60184713
0.57442413
0.57442413
0.60184713
0.60184713
0.57442413
0.57442413
0.60184713
0.60184713
0.57442413
0.57442413
0.60184713
0.60184713
0.57442413
0.57442413
0.60184713
0.60184713
0.57442413
0.57442413
0.60184713
0.60184713
0.57442413
0.57442413
0.60184713
0.60184713
0.57442413
0.57442413
0.60184713
0.60184713
0.57442413
0.57442413
0.60184713
0.60184713
0.57442413
0.57442413
0.60184713
0.60184713
0.57442413
0.57442413
0.60184713
0.60184713
0.57442413
0.57442413
0.60184713
0.60184713
0.57442413
0.57442413
0.60184713
0.60184713
0.57442413
0.57442413
0.60184713
0.60184713
0.57442413
0.57442413
0.60184713
0.60184713
0.57442413
0.57442413
0.60184713
0.60184713
0.57442413
0.57442413
0.60184713
0.60184713
0.57442413
0.57442413
0.60184713
0.60184713
0.57442413
0.57442413
0.60184713
0.60184713
0.57442413
0.57442413
0.60184713
0.60184713
0.57442413
0.57442413
0.60184713
0.60184713
0.57442413
0.57442413
0.60184713
0.60184713
0.57442413
0.57442413
0.60184713
0.60184713
0.57442413
0.57442413
0.60184713
0.60184713
0.57442413
0.57442413
0.60184713
0.60184713
0.57442413
0.57442413
0.60184713
0.60184713
0.57442413
0.57442413
0.60184713
0.60184713
0.57442413
0.57442413
0.60184713
0.60184713
0.57442413
0.57442413
0.60184713
0.60184713
0.57442413
0.57442413
0.60184713
0.60184713
0.57442413
0.57442413
0.60184713
0.60184713
0.57442413
0.57442413
0.60184713
0.60184713
0.57442413
0.57442413
0.60184713
0.60184713
0.57442413
0.57442413
0.60184713
0.60184713
0.57442413
0.57442413
0.60184713
0.60184713
0.57442413
0.57442413
0.60184713
0.60184713
0.57442413
0.57442413
0.60184713
0.60184713
0.57442413
0.57442413
0.60184713
0.60184713
0.57442413
0.57442413
0.60184713
0.60184713
0.57442413
0.57442413
0.60184713
0.60184713
0.57442413
0.57442413
0.60184713
0.60184713
0.57442413
0.57442413
0.60184713
0.60184713
0.57442413
0.57442413
0.60184713
0.60184713
0.57442413
0.57442413
0.60184713
0.60184713
0.57442413
0.57442413
0.60184713
0.60184713
0.57442413
0.57442413
0.60184713
0.60184713
0.57442413
0.57442413
0.60184713
0.60184713
0.57442413
0.57442413
0.60184713
0.60184713
0.57442413
0.57442413
0.60184713
0.60184713
0.57442413
0.57442413
0.60184713
0.60184713
0.57442413
0.57442413
0.60184713
0.60184713
0.57442413
0.57442413
0.60184713
0.60184713
0.57442413
0.57442413
0.60184713
0.60184713
0.57442413
0.57442413
0.60184713
0.60184713
0.57442413
0.57442413
0.60184713
0.60184713
0.57442413
0.57442413
0.60184713
0.60184713
0.57442413
0.57442413
0.60184713
0.60184713
0.57442413
0.57442413
0.60184713
0.60184713
0.57442413
0.57442413
0.60184713
0.60184713
0.57442413
0.57442413
0.60184713
0.60184713
0.57442413
0.57442413
0.60184713
0.60184713
0.57442413
0.57442413
0.60184713
0.60184713
0.57442413
0.57442413
0.60184713
0.60184713
0.57442413
0.57442413
0.60184713
0.60184713
0.57442413
0.57442413
0.60184713
0.60184713
0.57442413
0.57442413
0.60184713
0.60184713
0.57442413
0.57442413
0.60184713
0.60184713
0.57442413
0.57442413
0.60184713
0.60184713
0.57442413
0.57442413
0.60184713
0.60184713
0.57442413
0.57442413
0.60184713
0.60184713
0.57442413
0.57442413
0.60184713
0.60184713
0.57442413
0.57442413
0.60184713
0.60184713
0.57442413
)
;
    }
    wallOutlet
    {
        type            calculated;
        value           nonuniform List<scalar> 
960
(
1.0139648
1.0139112
1.0139112
1.0139648
1.0116288
1.0115749
1.0115749
1.0116288
1.0092432
1.009189
1.009189
1.0092432
1.0068069
1.0067524
1.0067524
1.0068069
1.0043186
1.0042638
1.0042638
1.0043186
1.0017771
1.0017219
1.0017219
1.0017771
0.99918106
0.99912551
0.99912551
0.99918106
0.99652915
0.99647324
0.99647324
0.99652915
0.99382
0.99376372
0.99376372
0.99382
0.99105218
0.99099553
0.99099553
0.99105218
0.98822424
0.9881672
0.9881672
0.98822424
0.98533466
0.98527722
0.98527722
0.98533466
0.98238189
0.98232404
0.98232404
0.98238189
0.97936431
0.97930605
0.97930605
0.97936431
0.97628027
0.97622158
0.97622158
0.97628027
0.97312805
0.97306892
0.97306892
0.97312805
0.96990588
0.9698463
0.9698463
0.96990588
0.96661193
0.96655189
0.96655189
0.96661193
0.9632443
0.96318378
0.96318378
0.9632443
0.95980104
0.95974002
0.95974002
0.95980104
0.95628011
0.95621859
0.95621859
0.95628011
0.95267941
0.95261737
0.95261737
0.95267941
0.94899678
0.9489342
0.9489342
0.94899678
0.94522995
0.94516683
0.94516683
0.94522995
0.94137658
0.9413129
0.9413129
0.94137658
0.93743426
0.93737
0.93737
0.93743426
0.93340047
0.93333561
0.93333561
0.93340047
0.92927259
0.92920711
0.92920711
0.92927259
0.92504791
0.9249818
0.9249818
0.92504791
0.92072361
0.92065684
0.92065684
0.92072361
0.91629674
0.9162293
0.9162293
0.91629674
0.91176426
0.91169612
0.91169612
0.91176426
0.90712297
0.90705412
0.90705412
0.90712297
0.90236957
0.90229997
0.90229997
0.90236957
0.89750058
0.89743021
0.89743021
0.89750058
0.89251239
0.89244123
0.89244123
0.89251239
0.88740123
0.88732926
0.88732926
0.88740123
0.88216315
0.88209034
0.88209034
0.88216315
0.87679403
0.87672034
0.87672034
0.87679403
0.87128953
0.87121494
0.87121494
0.87128953
0.86564512
0.8655696
0.8655696
0.86564512
0.85985606
0.85977956
0.85977956
0.85985606
0.85391733
0.85383983
0.85383983
0.85391733
0.84782368
0.84774514
0.84774514
0.84782368
0.8415696
0.84148998
0.84148998
0.8415696
0.83514924
0.8350685
0.8350685
0.83514924
0.82855647
0.82847455
0.82847455
0.82855647
0.82178478
0.82170165
0.82170165
0.82178478
0.8148273
0.8147429
0.8147429
0.8148273
0.80767675
0.80759104
0.80759104
0.80767675
0.80032542
0.80023833
0.80023833
0.80032542
0.79276508
0.79267656
0.79267656
0.79276508
0.784987
0.78489699
0.78489699
0.784987
0.77698187
0.7768903
0.7768903
0.77698187
0.76873973
0.76864651
0.76864651
0.76873973
0.76024992
0.76015498
0.76015498
0.76024992
0.751501
0.75140426
0.75140426
0.751501
0.74248068
0.74238205
0.74238205
0.74248068
0.73317572
0.73307509
0.73307509
0.73317572
0.72357178
0.72346905
0.72346905
0.72357178
1.0139648
1.0139112
1.0139112
1.0139648
1.0116288
1.0115749
1.0115749
1.0116288
1.0092432
1.009189
1.009189
1.0092432
1.0068069
1.0067524
1.0067524
1.0068069
1.0043186
1.0042638
1.0042638
1.0043186
1.0017771
1.0017219
1.0017219
1.0017771
0.99918106
0.99912551
0.99912551
0.99918106
0.99652915
0.99647324
0.99647324
0.99652915
0.99382
0.99376372
0.99376372
0.99382
0.99105218
0.99099553
0.99099553
0.99105218
0.98822424
0.9881672
0.9881672
0.98822424
0.98533466
0.98527722
0.98527722
0.98533466
0.98238189
0.98232404
0.98232404
0.98238189
0.97936431
0.97930605
0.97930605
0.97936431
0.97628027
0.97622158
0.97622158
0.97628027
0.97312805
0.97306892
0.97306892
0.97312805
0.96990588
0.9698463
0.9698463
0.96990588
0.96661193
0.96655189
0.96655189
0.96661193
0.9632443
0.96318378
0.96318378
0.9632443
0.95980104
0.95974002
0.95974002
0.95980104
0.95628011
0.95621859
0.95621859
0.95628011
0.95267941
0.95261737
0.95261737
0.95267941
0.94899678
0.9489342
0.9489342
0.94899678
0.94522995
0.94516683
0.94516683
0.94522995
0.94137658
0.9413129
0.9413129
0.94137658
0.93743426
0.93737
0.93737
0.93743426
0.93340047
0.93333561
0.93333561
0.93340047
0.92927259
0.92920711
0.92920711
0.92927259
0.92504791
0.9249818
0.9249818
0.92504791
0.92072361
0.92065684
0.92065684
0.92072361
0.91629674
0.9162293
0.9162293
0.91629674
0.91176426
0.91169612
0.91169612
0.91176426
0.90712297
0.90705412
0.90705412
0.90712297
0.90236957
0.90229997
0.90229997
0.90236957
0.89750058
0.89743021
0.89743021
0.89750058
0.89251239
0.89244123
0.89244123
0.89251239
0.88740123
0.88732926
0.88732926
0.88740123
0.88216315
0.88209034
0.88209034
0.88216315
0.87679403
0.87672034
0.87672034
0.87679403
0.87128953
0.87121494
0.87121494
0.87128953
0.86564512
0.8655696
0.8655696
0.86564512
0.85985606
0.85977956
0.85977956
0.85985606
0.85391733
0.85383983
0.85383983
0.85391733
0.84782368
0.84774514
0.84774514
0.84782368
0.8415696
0.84148998
0.84148998
0.8415696
0.83514924
0.8350685
0.8350685
0.83514924
0.82855647
0.82847455
0.82847455
0.82855647
0.82178478
0.82170165
0.82170165
0.82178478
0.8148273
0.8147429
0.8147429
0.8148273
0.80767675
0.80759104
0.80759104
0.80767675
0.80032542
0.80023833
0.80023833
0.80032542
0.79276508
0.79267656
0.79267656
0.79276508
0.784987
0.78489699
0.78489699
0.784987
0.77698187
0.7768903
0.7768903
0.77698187
0.76873973
0.76864651
0.76864651
0.76873973
0.76024992
0.76015498
0.76015498
0.76024992
0.751501
0.75140426
0.75140426
0.751501
0.74248068
0.74238205
0.74238205
0.74248068
0.73317572
0.73307509
0.73307509
0.73317572
0.72357178
0.72346905
0.72346905
0.72357178
1.0139648
1.0139112
1.0139112
1.0139648
1.0116288
1.0115749
1.0115749
1.0116288
1.0092432
1.009189
1.009189
1.0092432
1.0068069
1.0067524
1.0067524
1.0068069
1.0043186
1.0042638
1.0042638
1.0043186
1.0017771
1.0017219
1.0017219
1.0017771
0.99918106
0.99912551
0.99912551
0.99918106
0.99652915
0.99647324
0.99647324
0.99652915
0.99382
0.99376372
0.99376372
0.99382
0.99105218
0.99099553
0.99099553
0.99105218
0.98822424
0.9881672
0.9881672
0.98822424
0.98533466
0.98527722
0.98527722
0.98533466
0.98238189
0.98232404
0.98232404
0.98238189
0.97936431
0.97930605
0.97930605
0.97936431
0.97628027
0.97622158
0.97622158
0.97628027
0.97312805
0.97306892
0.97306892
0.97312805
0.96990588
0.9698463
0.9698463
0.96990588
0.96661193
0.96655189
0.96655189
0.96661193
0.9632443
0.96318378
0.96318378
0.9632443
0.95980104
0.95974002
0.95974002
0.95980104
0.95628011
0.95621859
0.95621859
0.95628011
0.95267941
0.95261737
0.95261737
0.95267941
0.94899678
0.9489342
0.9489342
0.94899678
0.94522995
0.94516683
0.94516683
0.94522995
0.94137658
0.9413129
0.9413129
0.94137658
0.93743426
0.93737
0.93737
0.93743426
0.93340047
0.93333561
0.93333561
0.93340047
0.92927259
0.92920711
0.92920711
0.92927259
0.92504791
0.9249818
0.9249818
0.92504791
0.92072361
0.92065684
0.92065684
0.92072361
0.91629674
0.9162293
0.9162293
0.91629674
0.91176426
0.91169612
0.91169612
0.91176426
0.90712297
0.90705412
0.90705412
0.90712297
0.90236957
0.90229997
0.90229997
0.90236957
0.89750058
0.89743021
0.89743021
0.89750058
0.89251239
0.89244123
0.89244123
0.89251239
0.88740123
0.88732926
0.88732926
0.88740123
0.88216315
0.88209034
0.88209034
0.88216315
0.87679403
0.87672034
0.87672034
0.87679403
0.87128953
0.87121494
0.87121494
0.87128953
0.86564512
0.8655696
0.8655696
0.86564512
0.85985606
0.85977956
0.85977956
0.85985606
0.85391733
0.85383983
0.85383983
0.85391733
0.84782368
0.84774514
0.84774514
0.84782368
0.8415696
0.84148998
0.84148998
0.8415696
0.83514924
0.8350685
0.8350685
0.83514924
0.82855647
0.82847455
0.82847455
0.82855647
0.82178478
0.82170165
0.82170165
0.82178478
0.8148273
0.8147429
0.8147429
0.8148273
0.80767675
0.80759104
0.80759104
0.80767675
0.80032542
0.80023833
0.80023833
0.80032542
0.79276508
0.79267656
0.79267656
0.79276508
0.784987
0.78489699
0.78489699
0.784987
0.77698187
0.7768903
0.7768903
0.77698187
0.76873973
0.76864651
0.76864651
0.76873973
0.76024992
0.76015498
0.76015498
0.76024992
0.751501
0.75140426
0.75140426
0.751501
0.74248068
0.74238205
0.74238205
0.74248068
0.73317572
0.73307509
0.73307509
0.73317572
0.72357178
0.72346905
0.72346905
0.72357178
1.0139648
1.0139112
1.0139112
1.0139648
1.0116288
1.0115749
1.0115749
1.0116288
1.0092432
1.009189
1.009189
1.0092432
1.0068069
1.0067524
1.0067524
1.0068069
1.0043186
1.0042638
1.0042638
1.0043186
1.0017771
1.0017219
1.0017219
1.0017771
0.99918106
0.99912551
0.99912551
0.99918106
0.99652915
0.99647324
0.99647324
0.99652915
0.99382
0.99376372
0.99376372
0.99382
0.99105218
0.99099553
0.99099553
0.99105218
0.98822424
0.9881672
0.9881672
0.98822424
0.98533466
0.98527722
0.98527722
0.98533466
0.98238189
0.98232404
0.98232404
0.98238189
0.97936431
0.97930605
0.97930605
0.97936431
0.97628027
0.97622158
0.97622158
0.97628027
0.97312805
0.97306892
0.97306892
0.97312805
0.96990588
0.9698463
0.9698463
0.96990588
0.96661193
0.96655189
0.96655189
0.96661193
0.9632443
0.96318378
0.96318378
0.9632443
0.95980104
0.95974002
0.95974002
0.95980104
0.95628011
0.95621859
0.95621859
0.95628011
0.95267941
0.95261737
0.95261737
0.95267941
0.94899678
0.9489342
0.9489342
0.94899678
0.94522995
0.94516683
0.94516683
0.94522995
0.94137658
0.9413129
0.9413129
0.94137658
0.93743426
0.93737
0.93737
0.93743426
0.93340047
0.93333561
0.93333561
0.93340047
0.92927259
0.92920711
0.92920711
0.92927259
0.92504791
0.9249818
0.9249818
0.92504791
0.92072361
0.92065684
0.92065684
0.92072361
0.91629674
0.9162293
0.9162293
0.91629674
0.91176426
0.91169612
0.91169612
0.91176426
0.90712297
0.90705412
0.90705412
0.90712297
0.90236957
0.90229997
0.90229997
0.90236957
0.89750058
0.89743021
0.89743021
0.89750058
0.89251239
0.89244123
0.89244123
0.89251239
0.88740123
0.88732926
0.88732926
0.88740123
0.88216315
0.88209034
0.88209034
0.88216315
0.87679403
0.87672034
0.87672034
0.87679403
0.87128953
0.87121494
0.87121494
0.87128953
0.86564512
0.8655696
0.8655696
0.86564512
0.85985606
0.85977956
0.85977956
0.85985606
0.85391733
0.85383983
0.85383983
0.85391733
0.84782368
0.84774514
0.84774514
0.84782368
0.8415696
0.84148998
0.84148998
0.8415696
0.83514924
0.8350685
0.8350685
0.83514924
0.82855647
0.82847455
0.82847455
0.82855647
0.82178478
0.82170165
0.82170165
0.82178478
0.8148273
0.8147429
0.8147429
0.8148273
0.80767675
0.80759104
0.80759104
0.80767675
0.80032542
0.80023833
0.80023833
0.80032542
0.79276508
0.79267656
0.79267656
0.79276508
0.784987
0.78489699
0.78489699
0.784987
0.77698187
0.7768903
0.7768903
0.77698187
0.76873973
0.76864651
0.76864651
0.76873973
0.76024992
0.76015498
0.76015498
0.76024992
0.751501
0.75140426
0.75140426
0.751501
0.74248068
0.74238205
0.74238205
0.74248068
0.73317572
0.73307509
0.73307509
0.73317572
0.72357178
0.72346905
0.72346905
0.72357178
)
;
    }
    stepExpansion
    {
        type            calculated;
        value           nonuniform List<scalar> 
192
(
2.7607972
2.760797
2.760797
2.7607972
2.7602564
2.7602562
2.7602562
2.7602564
2.7599307
2.7599305
2.7599305
2.7599307
2.7597145
2.7597143
2.7597143
2.7597145
2.7595615
2.7595613
2.7595613
2.7595615
2.7594484
2.7594482
2.7594482
2.7594484
2.759362
2.7593618
2.7593618
2.759362
2.7592943
2.7592941
2.7592941
2.7592943
2.7592402
2.75924
2.75924
2.7592402
2.7591962
2.7591961
2.7591961
2.7591962
2.7591602
2.75916
2.75916
2.7591602
0.37262632
0.37258697
0.37258697
0.37262632
2.7607972
2.760797
2.760797
2.7607972
2.7602564
2.7602562
2.7602562
2.7602564
2.7599307
2.7599305
2.7599305
2.7599307
2.7597145
2.7597143
2.7597143
2.7597145
2.7595615
2.7595613
2.7595613
2.7595615
2.7594484
2.7594482
2.7594482
2.7594484
2.759362
2.7593618
2.7593618
2.759362
2.7592943
2.7592941
2.7592941
2.7592943
2.7592402
2.75924
2.75924
2.7592402
2.7591962
2.7591961
2.7591961
2.7591962
2.7591602
2.75916
2.75916
2.7591602
0.37262632
0.37258697
0.37258697
0.37262632
2.7607972
2.760797
2.760797
2.7607972
2.7602564
2.7602562
2.7602562
2.7602564
2.7599307
2.7599305
2.7599305
2.7599307
2.7597145
2.7597143
2.7597143
2.7597145
2.7595615
2.7595613
2.7595613
2.7595615
2.7594484
2.7594482
2.7594482
2.7594484
2.759362
2.7593618
2.7593618
2.759362
2.7592943
2.7592941
2.7592941
2.7592943
2.7592402
2.75924
2.75924
2.7592402
2.7591962
2.7591961
2.7591961
2.7591962
2.7591602
2.75916
2.75916
2.7591602
0.37262632
0.37258697
0.37258697
0.37262632
2.7607972
2.760797
2.760797
2.7607972
2.7602564
2.7602562
2.7602562
2.7602564
2.7599307
2.7599305
2.7599305
2.7599307
2.7597145
2.7597143
2.7597143
2.7597145
2.7595615
2.7595613
2.7595613
2.7595615
2.7594484
2.7594482
2.7594482
2.7594484
2.759362
2.7593618
2.7593618
2.759362
2.7592943
2.7592941
2.7592941
2.7592943
2.7592402
2.75924
2.75924
2.7592402
2.7591962
2.7591961
2.7591961
2.7591962
2.7591602
2.75916
2.75916
2.7591602
0.37262632
0.37258697
0.37258697
0.37262632
)
;
    }
}


// ************************************************************************* //
